week, cumTotOrders, cumCusOrders, cumStoreOrders, cumCost, curTotOrders, curCusOrders, curStoreOrders, curCost, currentCount
1, 51, 51, 0, 282.43451177837886, 51, 51, 0, 282.43451177837886, 51
1, 132, 92, 40, 599.7345117783789, 81, 41, 40, 317.3, 42
1, 201, 131, 70, 903.8466534885795, 69, 39, 30, 304.1121417102006, 40
51, 326, 166, 160, 1259.4168059767903, 125, 35, 90, 355.57015248821097, 37
1, 361, 201, 160, 1514.646733886569, 35, 35, 0, 255.22992790977875, 35
1, 409, 249, 160, 1792.4615364770675, 48, 48, 0, 277.8148025904985, 48
1, 449, 289, 160, 2056.9482224136545, 40, 40, 0, 264.4866859365871, 40
1, 493, 333, 160, 2328.2991801037942, 44, 44, 0, 271.35095769013947, 44
51, 656, 376, 280, 2711.5106035820213, 163, 43, 120, 383.21142347822723, 46
1, 697, 417, 280, 2977.7545570255456, 41, 41, 0, 266.24395344352433, 41
1, 739, 459, 280, 3245.727546527729, 42, 42, 0, 267.97298950218305, 42
1, 783, 503, 280, 3517.0785042178686, 44, 44, 0, 271.35095769013947, 44
51, 874, 544, 330, 3844.237566156635, 91, 41, 50, 327.1590619387661, 42
1, 947, 577, 370, 4152.238844725811, 73, 33, 40, 308.00127856917646, 34
1, 1020, 620, 400, 4461.240123294987, 73, 43, 30, 309.00127856917646, 44
1, 1063, 663, 400, 4730.915083498088, 43, 43, 0, 269.6749602031015, 43
1, 1113, 713, 400, 5011.829878345337, 50, 50, 0, 280.9147948472494, 50
51, 1204, 754, 450, 5338.988940284104, 91, 41, 50, 327.1590619387661, 42
1, 1281, 791, 490, 5651.714604050633, 77, 37, 40, 312.72566376652986, 38
1, 1320, 830, 490, 5914.414543994571, 39, 39, 0, 262.6999399439383, 39
1, 1379, 859, 520, 6205.463344242175, 59, 29, 30, 291.0488002476036, 30
1, 1453, 893, 560, 6514.660553009026, 74, 34, 40, 309.1972087668518, 35
51, 1550, 940, 610, 6847.989452280526, 97, 47, 50, 333.3288992714996, 48
1, 1620, 980, 640, 7153.340213132434, 70, 40, 30, 305.3507608519078, 41
1, 1658, 1018, 640, 7414.222592752272, 38, 38, 0, 260.88237961983884, 38
1, 1730, 1060, 670, 7722.017655776666, 72, 42, 30, 307.79506302439404, 43
51, 1861, 1101, 760, 8082.729983992172, 131, 41, 90, 360.7123282155055, 43
1, 1909, 1149, 760, 8360.54478658267, 48, 48, 0, 277.8148025904985, 48
1, 1948, 1188, 760, 8623.24472652661, 39, 39, 0, 262.6999399439383, 39
1, 2006, 1216, 790, 8912.9116286338, 58, 28, 30, 289.66690210718946, 29
51, 2089, 1249, 840, 9231.446576563032, 83, 33, 50, 318.5349479292333, 34
1, 2169, 1289, 880, 9547.616332807276, 80, 40, 40, 316.1697562442441, 41
1, 2213, 1333, 880, 9818.967290497416, 44, 44, 0, 271.35095769013947, 44
1, 2249, 1369, 880, 10076.116264775734, 36, 36, 0, 257.1489742783178, 36
51, 2334, 1404, 930, 10396.853292446815, 85, 35, 50, 320.73702767108114, 36
1, 2408, 1448, 960, 10707.050501213665, 74, 44, 30, 310.1972087668518, 45
1, 2492, 1492, 1000, 11027.690511617175, 84, 44, 40, 320.64001040350905, 45
1, 2536, 1536, 1000, 11299.041469307314, 44, 44, 0, 271.35095769013947, 44
1, 2575, 1575, 1000, 11561.741409251254, 39, 39, 0, 262.6999399439383, 39
51, 2665, 1615, 1050, 11887.848438075356, 90, 40, 50, 326.1070288241023, 41
1, 2766, 1646, 1120, 12223.263826047627, 101, 31, 70, 335.41538797227, 33
1, 2805, 1685, 1120, 12485.963765991566, 39, 39, 0, 262.6999399439383, 39
51, 2899, 1729, 1170, 12816.237491839343, 94, 44, 50, 330.273725847777, 45
1, 2936, 1766, 1170, 13075.27006329531, 37, 37, 0, 259.03257145596604, 37
1, 3000, 1800, 1200, 13373.012775769928, 64, 34, 30, 297.742712474619, 35
51, 3140, 1850, 1290, 13741.191838594968, 140, 50, 90, 368.1790628250393, 52
1, 3184, 1894, 1290, 14012.542796285108, 44, 44, 0, 271.35095769013947, 44
1, 3219, 1929, 1290, 14267.772724194887, 35, 35, 0, 255.22992790977875, 35
1, 3296, 1976, 1320, 14581.498387961417, 77, 47, 30, 313.72566376652986, 48
51, 3389, 2019, 1370, 14910.740667868566, 93, 43, 50, 329.24227990714814, 44
1, 3428, 2058, 1370, 15173.440607812505, 39, 39, 0, 262.6999399439383, 39
1, 3535, 2095, 1440, 15514.662753082208, 107, 37, 70, 341.2221452697031, 39
1, 3573, 2133, 1440, 15775.545132702047, 38, 38, 0, 260.88237961983884, 38
51, 3668, 2178, 1490, 16106.843696837263, 95, 45, 50, 331.2985641352145, 46
1, 3751, 2221, 1530, 16426.378644766497, 83, 43, 40, 319.5349479292333, 44
1, 3794, 2264, 1530, 16696.0536049696, 43, 43, 0, 269.6749602031015, 43
51, 3910, 2300, 1610, 17044.635408460726, 116, 36, 80, 348.5818034911291, 38
1, 3945, 2335, 1610, 17299.865336370505, 35, 35, 0, 255.22992790977875, 35
1, 3991, 2381, 1610, 17574.494405084526, 46, 46, 0, 274.6290687140218, 46
51, 4128, 2428, 1700, 17940.21572728938, 137, 47, 90, 365.72132220485213, 49
1, 4167, 2467, 1700, 18202.915667233316, 39, 39, 0, 262.6999399439383, 39
1, 4232, 2502, 1730, 18501.956818676685, 65, 35, 30, 299.04115144336777, 36
51, 4316, 2536, 1780, 18821.596829080194, 84, 34, 50, 319.64001040350905, 35
1, 4348, 2568, 1780, 19070.83825208074, 32, 32, 0, 249.24142300054422, 32
1, 4454, 2604, 1850, 19411.106295690366, 106, 36, 70, 340.2680436096278, 38
1, 4496, 2646, 1850, 19679.07928519255, 42, 42, 0, 267.97298950218305, 42
51, 4576, 2676, 1900, 19994.249041436793, 80, 30, 50, 315.1697562442441, 31
1, 4621, 2721, 1900, 20267.251047847927, 45, 45, 0, 273.00200641113514, 45
1, 4701, 2761, 1940, 20583.420804092173, 80, 40, 40, 316.1697562442441, 41
1, 4745, 2805, 1940, 20854.77176178231, 44, 44, 0, 271.35095769013947, 44
1, 4810, 2840, 1970, 21153.81291322568, 65, 35, 30, 299.04115144336777, 36
51, 4901, 2881, 2020, 21480.971975164444, 91, 41, 50, 327.1590619387661, 42
1, 4976, 2916, 2060, 21791.355070802714, 75, 35, 40, 310.38309563827124, 36
1, 5021, 2961, 2060, 22064.35707721385, 45, 45, 0, 273.00200641113514, 45
1, 5087, 2997, 2090, 22364.684065491027, 66, 36, 30, 300.32698827717985, 37
51, 5175, 3035, 2140, 22688.665496851907, 88, 38, 50, 323.98143136087856, 39
1, 5255, 3075, 2180, 23004.83525309615, 80, 40, 40, 316.1697562442441, 41
1, 5328, 3118, 2210, 23313.836531665325, 73, 43, 30, 309.00127856917646, 44
51, 5417, 3157, 2260, 23638.884397229398, 89, 39, 50, 325.0478655640733, 40
1, 5532, 3202, 2330, 23987.556614291603, 115, 45, 70, 348.6722170622053, 47
1, 5569, 3239, 2330, 24246.58918574757, 37, 37, 0, 259.03257145596604, 37
51, 5649, 3269, 2380, 24561.758941991815, 80, 30, 50, 315.1697562442441, 31
1, 5698, 3318, 2380, 24841.134073098274, 49, 49, 0, 279.3751311064591, 49
1, 5739, 3359, 2380, 25107.3780265418, 41, 41, 0, 266.24395344352433, 41
51, 5852, 3392, 2460, 25453.217070411312, 113, 33, 80, 345.83904386951343, 35
1, 5929, 3429, 2500, 25765.942734177843, 77, 37, 40, 312.72566376652986, 38
1, 5979, 3479, 2500, 26046.857529025092, 50, 50, 0, 280.9147948472494, 50
51, 6105, 3525, 2580, 26404.29442490854, 126, 46, 80, 357.43689588345075, 48
1, 6142, 3562, 2580, 26663.326996364507, 37, 37, 0, 259.03257145596604, 37
1, 6227, 3607, 2620, 26985.06402403559, 85, 45, 40, 321.73702767108114, 46
51, 6312, 3642, 2670, 27305.801051706672, 85, 35, 50, 320.73702767108114, 36
1, 6356, 3686, 2670, 27577.15200939681, 44, 44, 0, 271.35095769013947, 44
1, 6399, 3729, 2670, 27846.82696959991, 43, 43, 0, 269.6749602031015, 43
1, 6509, 3769, 2740, 28190.880153646347, 110, 40, 70, 344.0531840464366, 42
51, 6595, 3805, 2790, 28512.706318293913, 86, 36, 50, 321.82616464756694, 37
1, 6632, 3842, 2790, 28771.73888974988, 37, 37, 0, 259.03257145596604, 37
1, 6684, 3894, 2790, 29055.673851178144, 52, 52, 0, 283.93496142826496, 52
51, 6767, 3927, 2840, 29374.20879910738, 83, 33, 50, 318.5349479292333, 34
1, 6812, 3972, 2840, 29647.210805518513, 45, 45, 0, 273.00200641113514, 45
1, 6928, 4018, 2910, 29996.79260900964, 116, 46, 70, 349.5818034911291, 48
1, 6971, 4061, 2910, 30266.467569212742, 43, 43, 0, 269.6749602031015, 43
51, 7066, 4106, 2960, 30597.766133347955, 95, 45, 50, 331.2985641352145, 46
1, 7098, 4138, 2960, 30847.0075563485, 32, 32, 0, 249.24142300054422, 32
1, 7161, 4171, 2990, 31143.438881074628, 63, 33, 30, 296.43132472612575, 34
1, 7199, 4209, 2990, 31404.321260694465, 38, 38, 0, 260.88237961983884, 38
51, 7358, 4248, 3110, 31784.520123166854, 159, 39, 120, 380.1988624723894, 42
1, 7391, 4281, 3110, 32035.7982958597, 33, 33, 0, 251.27817269284301, 33
1, 7430, 4320, 3110, 32298.498235803636, 39, 39, 0, 262.6999399439383, 39
1, 7467, 4357, 3110, 32557.5308072596, 37, 37, 0, 259.03257145596604, 37
51, 7623, 4393, 3230, 32935.44269156454, 156, 36, 120, 377.9118843049396, 39
1, 7654, 4424, 3230, 33182.6037977416, 31, 31, 0, 247.1611061770567, 31
1, 7693, 4463, 3230, 33445.303737685535, 39, 39, 0, 262.6999399439383, 39
1, 7742, 4512, 3230, 33724.678868792, 49, 49, 0, 279.3751311064591, 49
1, 7778, 4548, 3230, 33981.827843070314, 36, 36, 0, 257.1489742783178, 36
51, 7906, 4586, 3320, 34339.9864091718, 128, 38, 90, 358.1585661014858, 40
1, 7982, 4632, 3350, 34652.54558154551, 76, 46, 30, 312.5591723737189, 47
1, 8016, 4666, 3350, 34905.81922182215, 34, 34, 0, 253.2736402766418, 34
1, 8061, 4711, 3350, 35178.82122823329, 45, 45, 0, 273.00200641113514, 45
1, 8137, 4747, 3390, 35490.380400607006, 76, 36, 40, 311.5591723737189, 37
51, 8262, 4792, 3470, 35846.950553095216, 125, 45, 80, 356.57015248821097, 47
1, 8304, 4834, 3470, 36114.9235425974, 42, 42, 0, 267.97298950218305, 42
1, 8422, 4882, 3540, 36466.31086776631, 118, 48, 70, 351.3873251689181, 50
1, 8468, 4928, 3540, 36740.93993648033, 46, 46, 0, 274.6290687140218, 46
51, 8558, 4968, 3590, 37067.046965304435, 90, 40, 50, 326.1070288241023, 41
1, 8622, 5002, 3620, 37364.78967777905, 64, 34, 30, 297.742712474619, 35
1, 8709, 5049, 3660, 37688.69725877679, 87, 47, 40, 323.9075809977351, 48
1, 8783, 5093, 3690, 37998.89446754364, 74, 44, 30, 310.1972087668518, 45
1, 8857, 5127, 3730, 38308.0916763105, 74, 34, 40, 309.1972087668518, 35
51, 8949, 5169, 3780, 38636.295777778745, 92, 42, 50, 328.20410146824725, 43
1, 8987, 5207, 3780, 38897.178157398586, 38, 38, 0, 260.88237961983884, 38
1, 9070, 5250, 3820, 39216.71310532782, 83, 43, 40, 319.5349479292333, 44
51, 9191, 5291, 3900, 39569.775584363364, 121, 41, 80, 353.06247903554, 43
1, 9225, 5325, 3900, 39823.04922464, 34, 34, 0, 253.2736402766418, 34
1, 9264, 5364, 3900, 40085.74916458394, 39, 39, 0, 262.6999399439383, 39
1, 9332, 5402, 3930, 40388.61133568653, 68, 38, 30, 302.86217110259, 39
51, 9469, 5449, 4020, 40754.332657891384, 137, 47, 90, 365.72132220485213, 49
1, 9512, 5492, 4020, 41024.00761809449, 43, 43, 0, 269.6749602031015, 43
1, 9551, 5531, 4020, 41286.707558038426, 39, 39, 0, 262.6999399439383, 39
1, 9620, 5570, 4050, 41590.81969974863, 69, 39, 30, 304.1121417102006, 40
1, 9655, 5605, 4050, 41846.04962765841, 35, 35, 0, 255.22992790977875, 35
51, 9784, 5644, 4140, 42205.06322814956, 129, 39, 90, 359.01360049114555, 41
1, 9822, 5682, 4140, 42465.9456077694, 38, 38, 0, 260.88237961983884, 38
1, 9901, 5721, 4180, 42780.97635789953, 79, 39, 40, 315.03075013013313, 40
1, 9936, 5756, 4180, 43036.20628580931, 35, 35, 0, 255.22992790977875, 35
51, 10057, 5797, 4260, 43389.268764844855, 121, 41, 80, 353.06247903554, 43
1, 10101, 5841, 4260, 43660.619722535, 44, 44, 0, 271.35095769013947, 44
1, 10181, 5891, 4290, 43977.78947877924, 80, 50, 30, 317.1697562442441, 51
1, 10270, 5940, 4330, 44303.837344343316, 89, 49, 40, 326.0478655640733, 50
51, 10347, 5967, 4380, 44615.56300810984, 77, 27, 50, 311.72566376652986, 28
1, 10390, 6010, 4380, 44885.23796831295, 43, 43, 0, 269.6749602031015, 43
1, 10431, 6051, 4380, 45151.48192175647, 41, 41, 0, 266.24395344352433, 41
1, 10516, 6096, 4420, 45473.21894942755, 85, 45, 40, 321.73702767108114, 46
51, 10640, 6140, 4500, 45828.918345975704, 124, 44, 80, 355.6993965481514, 46
1, 10709, 6169, 4540, 46132.03048768591, 69, 29, 40, 303.1121417102006, 30
1, 10779, 6209, 4570, 46437.381248537815, 70, 40, 30, 305.3507608519078, 41
1, 10813, 6243, 4570, 46690.65488881445, 34, 34, 0, 253.2736402766418, 34
51, 10904, 6284, 4620, 47017.81395075322, 91, 41, 50, 327.1590619387661, 42
1, 10980, 6320, 4660, 47329.373123126934, 76, 36, 40, 311.5591723737189, 37
1, 11027, 6367, 4660, 47605.60617299652, 47, 47, 0, 276.2330498695885, 47
1, 11138, 6408, 4730, 47950.59289103737, 111, 41, 70, 344.9867180408456, 43
51, 11232, 6452, 4780, 48280.86661688515, 94, 44, 50, 330.273725847777, 45
1, 11277, 6497, 4780, 48553.86862329629, 45, 45, 0, 273.00200641113514, 45
1, 11315, 6535, 4780, 48814.75100291613, 38, 38, 0, 260.88237961983884, 38
1, 11364, 6584, 4780, 49094.12613402259, 49, 49, 0, 279.3751311064591, 49
51, 11522, 6622, 4900, 49473.565343278446, 158, 38, 120, 379.43920925585275, 41
1, 11559, 6659, 4900, 49732.59791473441, 37, 37, 0, 259.03257145596604, 37
1, 11629, 6699, 4930, 50037.94867558632, 70, 40, 30, 305.3507608519078, 41
1, 11721, 6751, 4970, 50367.152777054565, 92, 52, 40, 329.20410146824725, 53
51, 11814, 6794, 5020, 50696.395056961715, 93, 43, 50, 329.24227990714814, 44
1, 11850, 6830, 5020, 50953.54403124003, 36, 36, 0, 257.1489742783178, 36
1, 11889, 6869, 5020, 51216.24397118397, 39, 39, 0, 262.6999399439383, 39
1, 11996, 6906, 5090, 51557.466116453674, 107, 37, 70, 341.2221452697031, 39
51, 12079, 6939, 5140, 51876.00106438291, 83, 33, 50, 318.5349479292333, 34
1, 12156, 6976, 5180, 52188.726728149435, 77, 37, 40, 312.72566376652986, 38
1, 12236, 7026, 5210, 52505.89648439368, 80, 50, 30, 317.1697562442441, 51
1, 12278, 7068, 5210, 52773.86947389586, 42, 42, 0, 267.97298950218305, 42
1, 12321, 7111, 5210, 53043.54443409896, 43, 43, 0, 269.6749602031015, 43
51, 12418, 7158, 5260, 53376.873333370466, 97, 47, 50, 333.3288992714996, 48
1, 12456, 7196, 5260, 53637.75571299031, 38, 38, 0, 260.88237961983884, 38
1, 12559, 7229, 5330, 53975.128963045805, 103, 33, 70, 337.37325005549695, 35
51, 12648, 7268, 5380, 54300.17682860988, 89, 39, 50, 325.0478655640733, 40
1, 12690, 7310, 5380, 54568.14981811206, 42, 42, 0, 267.97298950218305, 42
1, 12761, 7341, 5420, 54873.72812893077, 71, 31, 40, 305.57831081870995, 32
1, 12799, 7379, 5420, 55134.61050855061, 38, 38, 0, 260.88237961983884, 38
51, 12926, 7416, 5510, 55491.91019084991, 127, 37, 90, 357.2996822992933, 39
1, 12998, 7458, 5540, 55799.7052538743, 72, 42, 30, 307.79506302439404, 43
1, 13082, 7502, 5580, 56120.34526427781, 84, 44, 40, 320.64001040350905, 45
1, 13125, 7545, 5580, 56390.02022448091, 43, 43, 0, 269.6749602031015, 43
51, 13216, 7586, 5630, 56717.179286419676, 91, 41, 50, 327.1590619387661, 42
1, 13286, 7626, 5660, 57022.53004727158, 70, 40, 30, 305.3507608519078, 41
1, 13363, 7663, 5700, 57335.25571103811, 77, 37, 40, 312.72566376652986, 38
1, 13398, 7698, 5700, 57590.48563894789, 35, 35, 0, 255.22992790977875, 35
1, 13473, 7733, 5740, 57900.86873458616, 75, 35, 40, 310.38309563827124, 36
51, 13583, 7763, 5820, 58243.9219186326, 110, 30, 80, 343.0531840464366, 32
1, 13623, 7803, 5820, 58508.40860456919, 40, 40, 0, 264.4866859365871, 40
1, 13702, 7842, 5860, 58823.43935469932, 79, 39, 40, 315.03075013013313, 40
1, 13734, 7874, 5860, 59072.68077769987, 32, 32, 0, 249.24142300054422, 32
1, 13781, 7921, 5860, 59348.91382756946, 47, 47, 0, 276.2330498695885, 47
51, 13871, 7961, 5910, 59675.02085639356, 90, 40, 50, 326.1070288241023, 41
1, 13943, 8003, 5940, 59982.81591941795, 72, 42, 30, 307.79506302439404, 43
1, 14029, 8049, 5980, 60305.64208406552, 86, 46, 40, 322.82616464756694, 47
1, 14095, 8085, 6010, 60605.9690723427, 66, 36, 30, 300.32698827717985, 37
51, 14181, 8121, 6060, 60927.79523699026, 86, 36, 50, 321.82616464756694, 37
1, 14216, 8156, 6060, 61183.02516490004, 35, 35, 0, 255.22992790977875, 35
1, 14246, 8186, 6060, 61428.059896832114, 30, 30, 0, 245.0347319320716, 30
1, 14355, 8225, 6130, 61771.174528331685, 109, 39, 70, 343.114631499574, 41
1, 14401, 8271, 6130, 62045.803597045706, 46, 46, 0, 274.6290687140218, 46
51, 14486, 8306, 6180, 62366.540624716785, 85, 35, 50, 320.73702767108114, 36
1, 14568, 8348, 6220, 62684.96229456024, 82, 42, 40, 318.42166984345636, 43
1, 14611, 8391, 6220, 62954.637254763344, 43, 43, 0, 269.6749602031015, 43
51, 14736, 8436, 6300, 63311.20740725155, 125, 45, 80, 356.57015248821097, 47
1, 14782, 8482, 6300, 63585.836475965574, 46, 46, 0, 274.6290687140218, 46
1, 14864, 8524, 6340, 63904.25814580903, 82, 42, 40, 318.42166984345636, 43
1, 14908, 8568, 6340, 64175.60910349917, 44, 44, 0, 271.35095769013947, 44
51, 15028, 8598, 6430, 64526.78419546386, 120, 30, 90, 351.1750919646873, 32
1, 15103, 8643, 6460, 64838.16729110213, 75, 45, 30, 311.38309563827124, 46
1, 15148, 8688, 6460, 65111.16929751327, 45, 45, 0, 273.00200641113514, 45
51, 15241, 8731, 6510, 65440.41157742042, 93, 43, 50, 329.24227990714814, 44
1, 15317, 8777, 6540, 65752.97074979414, 76, 46, 30, 312.5591723737189, 47
1, 15397, 8817, 6580, 66069.14050603838, 80, 40, 40, 316.1697562442441, 41
1, 15429, 8849, 6580, 66318.38192903892, 32, 32, 0, 249.24142300054422, 32
1, 15474, 8894, 6580, 66591.38393545005, 45, 45, 0, 273.00200641113514, 45
51, 15574, 8944, 6630, 66927.71170146689, 100, 50, 50, 336.327766016838, 51
1, 15646, 8986, 6660, 67235.50676449129, 72, 42, 30, 307.79506302439404, 43
1, 15728, 9028, 6700, 67553.92843433475, 82, 42, 40, 318.42166984345636, 43
1, 15770, 9070, 6700, 67821.90142383694, 42, 42, 0, 267.97298950218305, 42
1, 15812, 9112, 6700, 68089.87441333913, 42, 42, 0, 267.97298950218305, 42
51, 15902, 9152, 6750, 68415.98144216323, 90, 40, 50, 326.1070288241023, 41
1, 16002, 9182, 6820, 68750.40920818008, 100, 30, 70, 334.42776601683795, 32
1, 16034, 9214, 6820, 68999.65063118062, 32, 32, 0, 249.24142300054422, 32
51, 16127, 9257, 6870, 69328.89291108777, 93, 43, 50, 329.24227990714814, 44
1, 16206, 9306, 6900, 69644.9236612179, 79, 49, 30, 316.03075013013313, 50
1, 16288, 9348, 6940, 69963.34533106135, 82, 42, 40, 318.42166984345636, 43
1, 16355, 9385, 6970, 70264.94588631898, 67, 37, 30, 301.6005552576305, 38
51, 16447, 9427, 7020, 70593.14998778723, 92, 42, 50, 328.20410146824725, 43
1, 16520, 9460, 7060, 70901.1512663564, 73, 33, 40, 308.00127856917646, 34
1, 16582, 9492, 7090, 71196.25789268607, 62, 32, 30, 295.1066263296683, 33
1, 16627, 9537, 7090, 71469.2598990972, 45, 45, 0, 273.00200641113514, 45
1, 16662, 9572, 7090, 71724.48982700698, 35, 35, 0, 255.22992790977875, 35
51, 16744, 9604, 7140, 72041.91149685044, 82, 32, 50, 317.42166984345636, 33
1, 16816, 9636, 7180, 72348.70655987484, 72, 32, 40, 306.79506302439404, 33
1, 16856, 9676, 7180, 72613.19324581143, 40, 40, 0, 264.4866859365871, 40
1, 16920, 9710, 7210, 72910.93595828605, 64, 34, 30, 297.742712474619, 35
51, 17044, 9744, 7300, 73265.6353548342, 124, 34, 90, 354.6993965481514, 36
1, 17121, 9791, 7330, 73579.36101860073, 77, 47, 30, 313.72566376652986, 48
1, 17157, 9827, 7330, 73836.50999287904, 36, 36, 0, 257.1489742783178, 36
1, 17197, 9867, 7330, 74100.99667881563, 40, 40, 0, 264.4866859365871, 40
1, 17239, 9909, 7330, 74368.96966831782, 42, 42, 0, 267.97298950218305, 42
51, 17362, 9942, 7420, 74722.7942395796, 123, 33, 90, 353.8245712617827, 35
1, 17405, 9985, 7420, 74992.4691997827, 43, 43, 0, 269.6749602031015, 43
1, 17481, 10031, 7450, 75305.02837215642, 76, 46, 30, 312.5591723737189, 47
1, 17515, 10065, 7450, 75558.30201243307, 34, 34, 0, 253.2736402766418, 34
1, 17556, 10106, 7450, 75824.54596587659, 41, 41, 0, 266.24395344352433, 41
51, 17711, 10141, 7570, 76201.69011841406, 155, 35, 120, 377.14415253747273, 38
1, 17757, 10187, 7570, 76476.31918712809, 46, 46, 0, 274.6290687140218, 46
1, 17832, 10232, 7600, 76787.70228276636, 75, 45, 30, 311.38309563827124, 46
51, 17963, 10273, 7690, 77148.41461098187, 131, 41, 90, 360.7123282155055, 43
1, 18006, 10316, 7690, 77418.08957118497, 43, 43, 0, 269.6749602031015, 43
1, 18083, 10363, 7720, 77731.8152349515, 77, 47, 30, 313.72566376652986, 48
1, 18171, 10411, 7760, 78056.79666631238, 88, 48, 40, 324.98143136087856, 49
51, 18283, 10443, 7840, 78401.71197865193, 112, 32, 80, 344.91531233955715, 34
1, 18314, 10474, 7840, 78648.87308482899, 31, 31, 0, 247.1611061770567, 31
1, 18421, 10511, 7910, 78990.09523009868, 107, 37, 70, 341.2221452697031, 39
1, 18452, 10542, 7910, 79237.25633627574, 31, 31, 0, 247.1611061770567, 31
51, 18548, 10588, 7960, 79569.5732522904, 96, 46, 50, 332.31691601465747, 47
1, 18652, 10622, 8030, 79907.91693904788, 104, 34, 70, 338.343686757474, 36
1, 18695, 10665, 8030, 80177.59189925098, 43, 43, 0, 269.6749602031015, 43
1, 18735, 10705, 8030, 80442.07858518757, 40, 40, 0, 264.4866859365871, 40
1, 18810, 10740, 8070, 80752.46168082584, 75, 35, 40, 310.38309563827124, 36
51, 18894, 10774, 8120, 81072.10169122936, 84, 34, 50, 319.64001040350905, 35
1, 18966, 10816, 8150, 81379.89675425374, 72, 42, 30, 307.79506302439404, 43
1, 19056, 10866, 8190, 81707.00378307785, 90, 50, 40, 327.1070288241023, 51
1, 19092, 10902, 8190, 81964.15275735616, 36, 36, 0, 257.1489742783178, 36
51, 19231, 10951, 8280, 82331.51591965741, 139, 49, 90, 367.36316230125203, 51
1, 19298, 10988, 8310, 82633.11647491503, 67, 37, 30, 301.6005552576305, 38
1, 19375, 11025, 8350, 82945.84213868156, 77, 37, 40, 312.72566376652986, 38
1, 19415, 11065, 8350, 83210.32882461815, 40, 40, 0, 264.4866859365871, 40
51, 19507, 11107, 8400, 83538.5329260864, 92, 42, 50, 328.20410146824725, 43
1, 19571, 11141, 8430, 83836.27563856101, 64, 34, 30, 297.742712474619, 35
1, 19656, 11186, 8470, 84158.0126662321, 85, 45, 40, 321.73702767108114, 46
1, 19726, 11226, 8500, 84463.36342708401, 70, 40, 30, 305.3507608519078, 41
51, 19820, 11270, 8550, 84793.63715293178, 94, 44, 50, 330.273725847777, 45
1, 19938, 11318, 8620, 85145.0244781007, 118, 48, 70, 351.3873251689181, 50
1, 19982, 11362, 8620, 85416.37543579085, 44, 44, 0, 271.35095769013947, 44
1, 20016, 11396, 8620, 85669.6490760675, 34, 34, 0, 253.2736402766418, 34
51, 20137, 11437, 8700, 86022.71155510303, 121, 41, 80, 353.06247903554, 43
1, 20214, 11474, 8740, 86335.43721886956, 77, 37, 40, 312.72566376652986, 38
1, 20251, 11511, 8740, 86594.46979032553, 37, 37, 0, 259.03257145596604, 37
1, 20326, 11556, 8770, 86905.8528859638, 75, 45, 30, 311.38309563827124, 46
1, 20367, 11597, 8770, 87172.09683940733, 41, 41, 0, 266.24395344352433, 41
51, 20467, 11647, 8820, 87508.42460542417, 100, 50, 50, 336.327766016838, 51
1, 20579, 11689, 8890, 87854.33991776372, 112, 42, 70, 345.91531233955715, 44
1, 20619, 11729, 8890, 88118.8266037003, 40, 40, 0, 264.4866859365871, 40
1, 20704, 11774, 8930, 88440.56363137139, 85, 45, 40, 321.73702767108114, 46
51, 20829, 11819, 9010, 88797.13378385961, 125, 45, 80, 356.57015248821097, 47
1, 20876, 11866, 9010, 89073.3668337292, 47, 47, 0, 276.2330498695885, 47
1, 20913, 11903, 9010, 89332.39940518518, 37, 37, 0, 259.03257145596604, 37
1, 20984, 11944, 9040, 89638.9777160039, 71, 41, 30, 306.57831081870995, 42
51, 21062, 11972, 9090, 89951.86050262398, 78, 28, 50, 312.8827866200841, 29
1, 21138, 12008, 9130, 90263.4196749977, 76, 36, 40, 311.5591723737189, 37
1, 21178, 12048, 9130, 90527.90636093428, 40, 40, 0, 264.4866859365871, 40
51, 21299, 12089, 9210, 90880.96883996982, 121, 41, 80, 353.06247903554, 43
1, 21381, 12131, 9250, 91199.39050981328, 82, 42, 40, 318.42166984345636, 43
1, 21415, 12165, 9250, 91452.66415008993, 34, 34, 0, 253.2736402766418, 34
1, 21487, 12207, 9280, 91760.45921311431, 72, 42, 30, 307.79506302439404, 43
1, 21532, 12252, 9280, 92033.46121952544, 45, 45, 0, 273.00200641113514, 45
51, 21669, 12299, 9370, 92399.18254173029, 137, 47, 90, 365.72132220485213, 49
1, 21711, 12341, 9370, 92667.15553123248, 42, 42, 0, 267.97298950218305, 42
1, 21744, 12374, 9370, 92918.43370392532, 33, 33, 0, 251.27817269284301, 33
1, 21780, 12410, 9370, 93175.58267820363, 36, 36, 0, 257.1489742783178, 36
51, 21897, 12447, 9450, 93525.06949500223, 117, 37, 80, 349.4868167986058, 39
1, 21987, 12497, 9490, 93852.17652382633, 90, 50, 40, 327.1070288241023, 51
1, 22028, 12538, 9490, 94118.42047726986, 41, 41, 0, 266.24395344352433, 41
1, 22080, 12590, 9490, 94402.35543869813, 52, 52, 0, 283.93496142826496, 52
51, 22250, 12640, 9610, 94790.74275238285, 170, 50, 120, 388.38731368472776, 53
1, 22279, 12669, 9610, 95033.60233109345, 29, 29, 0, 242.8595787106084, 29
1, 22326, 12716, 9610, 95309.83538096305, 47, 47, 0, 276.2330498695885, 47
1, 22367, 12757, 9610, 95576.07933440658, 41, 41, 0, 266.24395344352433, 41
51, 22490, 12790, 9700, 95929.90390566835, 123, 33, 90, 353.8245712617827, 35
1, 22552, 12822, 9730, 96225.01053199802, 62, 32, 30, 295.1066263296683, 33
1, 22591, 12861, 9730, 96487.71047194196, 39, 39, 0, 262.6999399439383, 39
51, 22679, 12899, 9780, 96811.69190330284, 88, 38, 50, 323.98143136087856, 39
1, 22759, 12939, 9820, 97127.86165954708, 80, 40, 40, 316.1697562442441, 41
1, 22800, 12980, 9820, 97394.1056129906, 41, 41, 0, 266.24395344352433, 41
51, 22883, 13013, 9870, 97712.64056091984, 83, 33, 50, 318.5349479292333, 34
1, 22949, 13049, 9900, 98012.96754919703, 66, 36, 30, 300.32698827717985, 37
1, 22995, 13095, 9900, 98287.59661791105, 46, 46, 0, 274.6290687140218, 46
51, 23128, 13138, 9990, 98649.99288695226, 133, 43, 90, 362.3962690412072, 45
1, 23203, 13183, 10020, 98961.37598259053, 75, 45, 30, 311.38309563827124, 46
1, 23234, 13214, 10020, 99208.53708876758, 31, 31, 0, 247.1611061770567, 31
51, 23319, 13249, 10070, 99529.27411643867, 85, 35, 50, 320.73702767108114, 36
1, 23399, 13289, 10110, 99845.44387268291, 80, 40, 40, 316.1697562442441, 41
1, 23440, 13330, 10110, 100111.68782612644, 41, 41, 0, 266.24395344352433, 41
51, 23557, 13367, 10190, 100461.17464292503, 117, 37, 80, 349.4868167986058, 39
1, 23628, 13398, 10230, 100766.75295374375, 71, 31, 40, 305.57831081870995, 32
1, 23670, 13440, 10230, 101034.72594324594, 42, 42, 0, 267.97298950218305, 42
1, 23712, 13482, 10230, 101302.69893274813, 42, 42, 0, 267.97298950218305, 42
51, 23870, 13520, 10350, 101682.13814200398, 158, 38, 120, 379.43920925585275, 41
1, 23909, 13559, 10350, 101944.83808194792, 39, 39, 0, 262.6999399439383, 39
1, 24029, 13609, 10420, 102298.01317391261, 120, 50, 70, 353.1750919646873, 52
1, 24068, 13648, 10420, 102560.71311385655, 39, 39, 0, 262.6999399439383, 39
51, 24163, 13693, 10470, 102892.01167799176, 95, 45, 50, 331.2985641352145, 46
1, 24229, 13729, 10500, 103192.33866626894, 66, 36, 30, 300.32698827717985, 37
1, 24302, 13762, 10540, 103500.33994483812, 73, 33, 40, 308.00127856917646, 34
51, 24390, 13800, 10590, 103824.321376199, 88, 38, 50, 323.98143136087856, 39
1, 24432, 13842, 10590, 104092.2943657012, 42, 42, 0, 267.97298950218305, 42
1, 24498, 13878, 10620, 104392.62135397838, 66, 36, 30, 300.32698827717985, 37
1, 24576, 13916, 10660, 104706.50414059847, 78, 38, 40, 313.8827866200841, 39
51, 24665, 13955, 10710, 105031.55200616254, 89, 39, 50, 325.0478655640733, 40
1, 24713, 14003, 10710, 105309.36680875304, 48, 48, 0, 277.8148025904985, 48
1, 24826, 14046, 10780, 105656.20585262256, 113, 43, 70, 346.83904386951343, 45
1, 24861, 14081, 10780, 105911.43578053234, 35, 35, 0, 255.22992790977875, 35
1, 24934, 14124, 10810, 106220.43705910152, 73, 43, 30, 309.00127856917646, 44
51, 25020, 14160, 10860, 106542.26322374909, 86, 36, 50, 321.82616464756694, 37
1, 25065, 14205, 10860, 106815.26523016022, 45, 45, 0, 273.00200641113514, 45
1, 25146, 14246, 10900, 107132.56523016022, 81, 41, 40, 317.3, 42
51, 25230, 14280, 10950, 107452.20524056374, 84, 34, 50, 319.64001040350905, 35
1, 25312, 14332, 10980, 107771.6269104072, 82, 52, 30, 319.42166984345636, 53
1, 25342, 14362, 10980, 108016.66164233927, 30, 30, 0, 245.0347319320716, 30
1, 25381, 14401, 10980, 108279.3615822832, 39, 39, 0, 262.6999399439383, 39
1, 25452, 14432, 11020, 108584.93989310192, 71, 31, 40, 305.57831081870995, 32
51, 25538, 14468, 11070, 108906.7660577495, 86, 36, 50, 321.82616464756694, 37
1, 25653, 14513, 11140, 109255.4382748117, 115, 45, 70, 348.6722170622053, 47
1, 25686, 14546, 11140, 109506.71644750454, 33, 33, 0, 251.27817269284301, 33
1, 25730, 14590, 11140, 109778.06740519468, 44, 44, 0, 271.35095769013947, 44
1, 25756, 14616, 11140, 110014.07749163, 26, 26, 0, 236.01008643532256, 26
51, 25834, 14644, 11190, 110326.96027825009, 78, 28, 50, 312.8827866200841, 29
1, 25946, 14686, 11260, 110672.87559058964, 112, 42, 70, 345.91531233955715, 44
1, 25989, 14729, 11260, 110942.55055079274, 43, 43, 0, 269.6749602031015, 43
1, 26030, 14770, 11260, 111208.79450423627, 41, 41, 0, 266.24395344352433, 41
51, 26113, 14803, 11310, 111527.3294521655, 83, 33, 50, 318.5349479292333, 34
1, 26161, 14851, 11310, 111805.144254756, 48, 48, 0, 277.8148025904985, 48
1, 26271, 14891, 11380, 112149.19743880244, 110, 40, 70, 344.0531840464366, 42
1, 26312, 14932, 11380, 112415.44139224596, 41, 41, 0, 266.24395344352433, 41
51, 26404, 14974, 11430, 112743.64549371421, 92, 42, 50, 328.20410146824725, 43
1, 26486, 15016, 11470, 113062.06716355767, 82, 42, 40, 318.42166984345636, 43
1, 26525, 15055, 11470, 113324.76710350161, 39, 39, 0, 262.6999399439383, 39
1, 26589, 15089, 11500, 113622.50981597623, 64, 34, 30, 297.742712474619, 35
1, 26619, 15119, 11500, 113867.5445479083, 30, 30, 0, 245.0347319320716, 30
51, 26707, 15157, 11550, 114191.52597926918, 88, 38, 50, 323.98143136087856, 39
1, 26747, 15197, 11550, 114456.01266520577, 40, 40, 0, 264.4866859365871, 40
1, 26826, 15236, 11590, 114771.0434153359, 79, 39, 40, 315.03075013013313, 40
1, 26902, 15282, 11620, 115083.60258770961, 76, 46, 30, 312.5591723737189, 47
51, 26992, 15322, 11670, 115409.70961653371, 90, 40, 50, 326.1070288241023, 41
1, 27107, 15367, 11740, 115758.38183359592, 115, 45, 70, 348.6722170622053, 47
1, 27156, 15416, 11740, 116037.75696470238, 49, 49, 0, 279.3751311064591, 49
1, 27194, 15454, 11740, 116298.63934432222, 38, 38, 0, 260.88237961983884, 38
1, 27274, 15494, 11780, 116614.80910056646, 80, 40, 40, 316.1697562442441, 41
51, 27395, 15535, 11860, 116967.871579602, 121, 41, 80, 353.06247903554, 43
1, 27428, 15568, 11860, 117219.14975229483, 33, 33, 0, 251.27817269284301, 33
1, 27467, 15607, 11860, 117481.84969223877, 39, 39, 0, 262.6999399439383, 39
51, 27585, 15645, 11940, 117832.2370174077, 118, 38, 80, 350.3873251689181, 40
1, 27619, 15679, 11940, 118085.51065768434, 34, 34, 0, 253.2736402766418, 34
1, 27702, 15722, 11980, 118405.04560561357, 83, 43, 40, 319.5349479292333, 44
51, 27802, 15772, 12030, 118741.37337163041, 100, 50, 50, 336.327766016838, 51
1, 27849, 15819, 12030, 119017.60642150001, 47, 47, 0, 276.2330498695885, 47
1, 27891, 15861, 12030, 119285.5794110022, 42, 42, 0, 267.97298950218305, 42
1, 27958, 15898, 12060, 119587.17996625982, 67, 37, 30, 301.6005552576305, 38
51, 28094, 15944, 12150, 119952.07526329465, 136, 46, 90, 364.89529703482884, 48
1, 28130, 15980, 12150, 120209.22423757297, 36, 36, 0, 257.1489742783178, 36
1, 28176, 16026, 12150, 120483.853306287, 46, 46, 0, 274.6290687140218, 46
1, 28213, 16063, 12150, 120742.88587774297, 37, 37, 0, 259.03257145596604, 37
51, 28333, 16103, 12230, 121095.06096970766, 120, 40, 80, 352.1750919646873, 42
1, 28412, 16142, 12270, 121410.09171983779, 79, 39, 40, 315.03075013013313, 40
1, 28455, 16185, 12270, 121679.76668004089, 43, 43, 0, 269.6749602031015, 43
1, 28522, 16222, 12300, 121981.36723529852, 67, 37, 30, 301.6005552576305, 38
51, 28617, 16267, 12350, 122312.66579943373, 95, 45, 50, 331.2985641352145, 46
1, 28649, 16299, 12350, 122561.90722243427, 32, 32, 0, 249.24142300054422, 32
1, 28735, 16345, 12390, 122884.73338708184, 86, 46, 40, 322.82616464756694, 47
1, 28780, 16390, 12390, 123157.73539349297, 45, 45, 0, 273.00200641113514, 45
51, 28863, 16423, 12440, 123476.2703414222, 83, 33, 50, 318.5349479292333, 34
1, 28933, 16463, 12470, 123781.62110227412, 70, 40, 30, 305.3507608519078, 41
1, 29007, 16497, 12510, 124090.81831104097, 74, 34, 40, 309.1972087668518, 35
51, 29102, 16542, 12560, 124422.11687517619, 95, 45, 50, 331.2985641352145, 46
1, 29141, 16581, 12560, 124684.81681512012, 39, 39, 0, 262.6999399439383, 39
1, 29218, 16628, 12590, 124998.54247888665, 77, 47, 30, 313.72566376652986, 48
1, 29289, 16659, 12630, 125304.12078970537, 71, 31, 40, 305.57831081870995, 32
51, 29379, 16699, 12680, 125630.22781852947, 90, 40, 50, 326.1070288241023, 41
1, 29410, 16730, 12680, 125877.38892470652, 31, 31, 0, 247.1611061770567, 31
1, 29515, 16765, 12750, 126216.69751200089, 105, 35, 70, 339.30858729436795, 37
1, 29550, 16800, 12750, 126471.92743991067, 35, 35, 0, 255.22992790977875, 35
51, 29653, 16853, 12800, 126811.20068996616, 103, 53, 50, 339.27325005549693, 54
1, 29688, 16888, 12800, 127066.43061787594, 35, 35, 0, 255.22992790977875, 35
1, 29727, 16927, 12800, 127329.13055781988, 39, 39, 0, 262.6999399439383, 39
1, 29806, 16966, 12840, 127644.16130795001, 79, 39, 40, 315.03075013013313, 40
1, 29875, 17005, 12870, 127948.2734496602, 69, 39, 30, 304.1121417102006, 40
51, 29969, 17049, 12920, 128278.54717550798, 94, 44, 50, 330.273725847777, 45
1, 30048, 17088, 12960, 128593.5779256381, 79, 39, 40, 315.03075013013313, 40
1, 30121, 17131, 12990, 128902.57920420729, 73, 43, 30, 309.00127856917646, 44
1, 30159, 17169, 12990, 129163.46158382713, 38, 38, 0, 260.88237961983884, 38
51, 30250, 17210, 13040, 129490.6206457659, 91, 41, 50, 327.1590619387661, 42
1, 30284, 17244, 13040, 129743.89428604254, 34, 34, 0, 253.2736402766418, 34
1, 30321, 17281, 13040, 130002.92685749852, 37, 37, 0, 259.03257145596604, 37
51, 30442, 17312, 13130, 130354.98933653405, 121, 31, 90, 352.06247903554, 33
1, 30514, 17354, 13160, 130662.78439955844, 72, 42, 30, 307.79506302439404, 43
1, 30545, 17385, 13160, 130909.9455057355, 31, 31, 0, 247.1611061770567, 31
1, 30580, 17420, 13160, 131165.17543364526, 35, 35, 0, 255.22992790977875, 35
51, 30744, 17464, 13280, 131549.1336244816, 164, 44, 120, 383.9581908363381, 47
1, 30784, 17504, 13280, 131813.6203104182, 40, 40, 0, 264.4866859365871, 40
1, 30862, 17552, 13310, 132128.50309703828, 78, 48, 30, 314.8827866200841, 49
1, 30938, 17588, 13350, 132440.062269412, 76, 36, 40, 311.5591723737189, 37
51, 31021, 17621, 13400, 132758.59721734124, 83, 33, 50, 318.5349479292333, 34
1, 31095, 17655, 13440, 133067.7944261081, 74, 34, 40, 309.1972087668518, 35
1, 31129, 17689, 13440, 133321.06806638473, 34, 34, 0, 253.2736402766418, 34
1, 31202, 17732, 13470, 133630.0693449539, 73, 43, 30, 309.00127856917646, 44
1, 31253, 17783, 13470, 133912.50385673228, 51, 51, 0, 282.43451177837886, 51
51, 31379, 17829, 13550, 134269.94075261572, 126, 46, 80, 357.43689588345075, 48
1, 31458, 17868, 13590, 134584.97150274584, 79, 39, 40, 315.03075013013313, 40
1, 31525, 17905, 13620, 134886.57205800348, 67, 37, 30, 301.6005552576305, 38
1, 31570, 17950, 13620, 135159.57406441463, 45, 45, 0, 273.00200641113514, 45
51, 31707, 17997, 13710, 135525.2953866195, 137, 47, 90, 365.72132220485213, 49
1, 31745, 18035, 13710, 135786.17776623933, 38, 38, 0, 260.88237961983884, 38
1, 31788, 18078, 13710, 136055.85272644242, 43, 43, 0, 269.6749602031015, 43
51, 31903, 18113, 13790, 136403.52494350463, 115, 35, 80, 347.6722170622053, 37
1, 31943, 18153, 13790, 136668.01162944123, 40, 40, 0, 264.4866859365871, 40
1, 32026, 18196, 13830, 136987.54657737046, 83, 43, 40, 319.5349479292333, 44
51, 32120, 18240, 13880, 137317.82030321824, 94, 44, 50, 330.273725847777, 45
1, 32193, 18283, 13910, 137626.8215817874, 73, 43, 30, 309.00127856917646, 44
1, 32283, 18333, 13950, 137953.9286106115, 90, 50, 40, 327.1070288241023, 51
1, 32353, 18373, 13980, 138259.2793714634, 70, 40, 30, 305.3507608519078, 41
51, 32439, 18409, 14030, 138581.10553611096, 86, 36, 50, 321.82616464756694, 37
1, 32522, 18452, 14070, 138900.6404840402, 83, 43, 40, 319.5349479292333, 44
1, 32561, 18491, 14070, 139163.34042398413, 39, 39, 0, 262.6999399439383, 39
1, 32601, 18531, 14070, 139427.82710992073, 40, 40, 0, 264.4866859365871, 40
51, 32688, 18568, 14120, 139750.73469091847, 87, 37, 50, 322.9075809977351, 38
1, 32756, 18606, 14150, 140053.59686202105, 68, 38, 30, 302.86217110259, 39
1, 32827, 18637, 14190, 140359.17517283975, 71, 31, 40, 305.57831081870995, 32
1, 32879, 18689, 14190, 140643.110134268, 52, 52, 0, 283.93496142826496, 52
51, 32959, 18719, 14240, 140958.27989051226, 80, 30, 50, 315.1697562442441, 31
1, 33007, 18767, 14240, 141236.09469310276, 48, 48, 0, 277.8148025904985, 48
1, 33112, 18802, 14310, 141575.40328039712, 105, 35, 70, 339.30858729436795, 37
51, 33201, 18841, 14360, 141900.45114596118, 89, 39, 50, 325.0478655640733, 40
1, 33238, 18878, 14360, 142159.48371741714, 37, 37, 0, 259.03257145596604, 37
1, 33269, 18909, 14360, 142406.6448235942, 31, 31, 0, 247.1611061770567, 31
51, 33371, 18961, 14410, 142744.94200637532, 102, 52, 50, 338.29718278112654, 53
1, 33485, 19005, 14480, 143092.699994067, 114, 44, 70, 347.75798769167545, 46
1, 33518, 19038, 14480, 143343.97816675983, 33, 33, 0, 251.27817269284301, 33
51, 33610, 19080, 14530, 143672.1822682281, 92, 42, 50, 328.20410146824725, 43
1, 33649, 19119, 14530, 143934.88220817203, 39, 39, 0, 262.6999399439383, 39
1, 33693, 19163, 14530, 144206.23316586216, 44, 44, 0, 271.35095769013947, 44
51, 33786, 19206, 14580, 144535.4754457693, 93, 43, 50, 329.24227990714814, 44
1, 33903, 19253, 14650, 144885.9622625679, 117, 47, 70, 350.4868167986058, 49
1, 33935, 19285, 14650, 145135.20368556844, 32, 32, 0, 249.24142300054422, 32
1, 33965, 19315, 14650, 145380.2384175005, 30, 30, 0, 245.0347319320716, 30
51, 34059, 19359, 14700, 145710.5121433483, 94, 44, 50, 330.273725847777, 45
1, 34174, 19404, 14770, 146059.1843604105, 115, 45, 70, 348.6722170622053, 47
1, 34209, 19439, 14770, 146314.41428832026, 35, 35, 0, 255.22992790977875, 35
1, 34237, 19467, 14770, 146555.0469516994, 28, 28, 0, 240.63266337912057, 28
51, 34326, 19506, 14820, 146880.09481726345, 89, 39, 50, 325.0478655640733, 40
1, 34398, 19538, 14860, 147186.88988028784, 72, 32, 40, 306.79506302439404, 33
1, 34468, 19578, 14890, 147492.24064113974, 70, 40, 30, 305.3507608519078, 41
51, 34561, 19621, 14940, 147821.48292104687, 93, 43, 50, 329.24227990714814, 44
1, 34604, 19664, 14940, 148091.15788124996, 43, 43, 0, 269.6749602031015, 43
1, 34642, 19702, 14940, 148352.0402608698, 38, 38, 0, 260.88237961983884, 38
1, 34726, 19746, 14980, 148672.6802712733, 84, 44, 40, 320.64001040350905, 45
51, 34820, 19790, 15030, 149002.95399712108, 94, 44, 50, 330.273725847777, 45
1, 34883, 19823, 15060, 149299.3853218472, 63, 33, 30, 296.43132472612575, 34
1, 34924, 19864, 15060, 149565.6292752907, 41, 41, 0, 266.24395344352433, 41
1, 34962, 19902, 15060, 149826.51165491054, 38, 38, 0, 260.88237961983884, 38
51, 35049, 19939, 15110, 150149.41923590828, 87, 37, 50, 322.9075809977351, 38
1, 35135, 19985, 15150, 150472.24540055584, 86, 46, 40, 322.82616464756694, 47
1, 35169, 20019, 15150, 150725.51904083247, 34, 34, 0, 253.2736402766418, 34
1, 35246, 20066, 15180, 151039.244704599, 77, 47, 30, 313.72566376652986, 48
51, 35335, 20105, 15230, 151364.29257016306, 89, 39, 50, 325.0478655640733, 40
1, 35380, 20150, 15230, 151637.2945765742, 45, 45, 0, 273.00200641113514, 45
1, 35420, 20190, 15230, 151901.7812625108, 40, 40, 0, 264.4866859365871, 40
1, 35492, 20222, 15270, 152208.5763255352, 72, 32, 40, 306.79506302439404, 33
51, 35586, 20266, 15320, 152538.85005138296, 94, 44, 50, 330.273725847777, 45
1, 35666, 20316, 15350, 152856.01980762722, 80, 50, 30, 317.1697562442441, 51
1, 35713, 20363, 15350, 153132.25285749682, 47, 47, 0, 276.2330498695885, 47
1, 35747, 20397, 15350, 153385.52649777345, 34, 34, 0, 253.2736402766418, 34
1, 35824, 20434, 15390, 153698.25216153997, 77, 37, 40, 312.72566376652986, 38
51, 35916, 20476, 15440, 154026.45626300824, 92, 42, 50, 328.20410146824725, 43
1, 35978, 20508, 15470, 154321.56288933792, 62, 32, 30, 295.1066263296683, 33
1, 36012, 20542, 15470, 154574.83652961455, 34, 34, 0, 253.2736402766418, 34
1, 36059, 20589, 15470, 154851.06957948414, 47, 47, 0, 276.2330498695885, 47
51, 36192, 20632, 15560, 155213.46584852535, 133, 43, 90, 362.3962690412072, 45
1, 36267, 20677, 15590, 155524.84894416362, 75, 45, 30, 311.38309563827124, 46
1, 36307, 20717, 15590, 155789.33563010022, 40, 40, 0, 264.4866859365871, 40
51, 36399, 20759, 15640, 156117.53973156848, 92, 42, 50, 328.20410146824725, 43
1, 36480, 20800, 15680, 156434.83973156847, 81, 41, 40, 317.3, 42
1, 36526, 20846, 15680, 156709.46880028248, 46, 46, 0, 274.6290687140218, 46
51, 36649, 20879, 15770, 157063.29337154428, 123, 33, 90, 353.8245712617827, 35
1, 36721, 20921, 15800, 157371.08843456866, 72, 42, 30, 307.79506302439404, 43
1, 36770, 20970, 15800, 157650.46356567513, 49, 49, 0, 279.3751311064591, 49
51, 36865, 21015, 15850, 157981.76212981035, 95, 45, 50, 331.2985641352145, 46
1, 36901, 21051, 15850, 158238.91110408868, 36, 36, 0, 257.1489742783178, 36
1, 36964, 21084, 15880, 158535.3424288148, 63, 33, 30, 296.43132472612575, 34
1, 37040, 21120, 15920, 158846.90160118853, 76, 36, 40, 311.5591723737189, 37
1, 37084, 21164, 15920, 159118.25255887865, 44, 44, 0, 271.35095769013947, 44
51, 37175, 21205, 15970, 159445.4116208174, 91, 41, 50, 327.1590619387661, 42
1, 37281, 21241, 16040, 159785.67966442704, 106, 36, 70, 340.2680436096278, 38
1, 37319, 21279, 16040, 160046.56204404688, 38, 38, 0, 260.88237961983884, 38
51, 37399, 21309, 16090, 160361.73180029113, 80, 30, 50, 315.1697562442441, 31
1, 37477, 21347, 16130, 160675.61458691122, 78, 38, 40, 313.8827866200841, 39
1, 37545, 21385, 16160, 160978.4767580138, 68, 38, 30, 302.86217110259, 39
1, 37590, 21430, 16160, 161251.47876442494, 45, 45, 0, 273.00200641113514, 45
1, 37637, 21477, 16160, 161527.71181429454, 47, 47, 0, 276.2330498695885, 47
51, 37733, 21523, 16210, 161860.0287303092, 96, 46, 50, 332.31691601465747, 47
1, 37781, 21571, 16210, 162137.8435328997, 48, 48, 0, 277.8148025904985, 48
1, 37863, 21613, 16250, 162456.26520274315, 82, 42, 40, 318.42166984345636, 43
1, 37927, 21647, 16280, 162754.00791521778, 64, 34, 30, 297.742712474619, 35
51, 38066, 21696, 16370, 163121.37107751903, 139, 49, 90, 367.36316230125203, 51
1, 38104, 21734, 16370, 163382.25345713887, 38, 38, 0, 260.88237961983884, 38
1, 38147, 21777, 16370, 163651.92841734196, 43, 43, 0, 269.6749602031015, 43
1, 38199, 21829, 16370, 163935.8633787702, 52, 52, 0, 283.93496142826496, 52
1, 38259, 21849, 16410, 164227.27914714158, 60, 20, 40, 291.41576837137404, 21
51, 38377, 21887, 16490, 164577.6664723105, 118, 38, 80, 350.3873251689181, 40
1, 38414, 21924, 16490, 164836.69904376645, 37, 37, 0, 259.03257145596604, 37
1, 38479, 21949, 16530, 165134.74019520983, 65, 25, 40, 298.04115144336777, 26
1, 38547, 21987, 16560, 165437.6023663124, 68, 38, 30, 302.86217110259, 39
51, 38679, 22029, 16650, 165799.15848873943, 132, 42, 90, 361.55612242701943, 44
1, 38710, 22060, 16650, 166046.31959491648, 31, 31, 0, 247.1611061770567, 31
1, 38744, 22094, 16650, 166299.5932351931, 34, 34, 0, 253.2736402766418, 34
1, 38809, 22129, 16680, 166598.6343866365, 65, 35, 30, 299.04115144336777, 36
51, 38894, 22164, 16730, 166919.37141430756, 85, 35, 50, 320.73702767108114, 36
1, 38979, 22209, 16770, 167241.10844197863, 85, 45, 40, 321.73702767108114, 46
1, 39009, 22239, 16770, 167486.1431739107, 30, 30, 0, 245.0347319320716, 30
1, 39085, 22285, 16800, 167798.70234628444, 76, 46, 30, 312.5591723737189, 47
51, 39213, 22323, 16890, 168156.86091238592, 128, 38, 90, 358.1585661014858, 40
1, 39243, 22353, 16890, 168401.895644318, 30, 30, 0, 245.0347319320716, 30
1, 39323, 22403, 16920, 168719.06540056225, 80, 50, 30, 317.1697562442441, 51
1, 39352, 22432, 16920, 168961.92497927285, 29, 29, 0, 242.8595787106084, 29
1, 39408, 22458, 16950, 169248.78145924633, 56, 26, 30, 286.8564799734761, 27
51, 39540, 22500, 17040, 169610.33758167335, 132, 42, 90, 361.55612242701943, 44
1, 39588, 22548, 17040, 169888.15238426384, 48, 48, 0, 277.8148025904985, 48
1, 39664, 22584, 17080, 170199.71155663757, 76, 36, 40, 311.5591723737189, 37
1, 39747, 22637, 17110, 170520.2465045668, 83, 53, 30, 320.5349479292333, 54
51, 39836, 22676, 17160, 170845.29437013087, 89, 39, 50, 325.0478655640733, 40
1, 39904, 22714, 17190, 171148.15654123345, 68, 38, 30, 302.86217110259, 39
1, 39988, 22758, 17230, 171468.79655163694, 84, 44, 40, 320.64001040350905, 45
1, 40055, 22795, 17260, 171770.39710689458, 67, 37, 30, 301.6005552576305, 38
1, 40092, 22832, 17260, 172029.42967835054, 37, 37, 0, 259.03257145596604, 37
51, 40215, 22875, 17340, 172384.25424961234, 123, 43, 80, 354.8245712617827, 45
1, 40257, 22917, 17340, 172652.22723911452, 42, 42, 0, 267.97298950218305, 42
1, 40336, 22956, 17380, 172967.25798924465, 79, 39, 40, 315.03075013013313, 40
1, 40416, 23006, 17410, 173284.4277454889, 80, 50, 30, 317.1697562442441, 51
51, 40543, 23043, 17500, 173641.7274277882, 127, 37, 90, 357.2996822992933, 39
1, 40607, 23077, 17530, 173939.47014026283, 64, 34, 30, 297.742712474619, 35
1, 40653, 23123, 17530, 174214.09920897684, 46, 46, 0, 274.6290687140218, 46
1, 40698, 23168, 17530, 174487.101215388, 45, 45, 0, 273.00200641113514, 45
51, 40789, 23209, 17580, 174814.26027732674, 91, 41, 50, 327.1590619387661, 42
1, 40830, 23250, 17580, 175080.50423077025, 41, 41, 0, 266.24395344352433, 41
1, 40949, 23299, 17650, 175432.78762597256, 119, 49, 70, 352.28339520229764, 51
1, 40989, 23339, 17650, 175697.27431190916, 40, 40, 0, 264.4866859365871, 40
51, 41087, 23387, 17700, 176031.60894027373, 98, 48, 50, 334.33462836457886, 49
1, 41163, 23423, 17740, 176343.16811264746, 76, 36, 40, 311.5591723737189, 37
1, 41199, 23459, 17740, 176600.3170869258, 36, 36, 0, 257.1489742783178, 36
1, 41317, 23507, 17810, 176951.7044120947, 118, 48, 70, 351.3873251689181, 50
51, 41401, 23541, 17860, 177271.3444224982, 84, 34, 50, 319.64001040350905, 35
1, 41438, 23578, 17860, 177530.37699395415, 37, 37, 0, 259.03257145596604, 37
1, 41483, 23623, 17860, 177803.3790003653, 45, 45, 0, 273.00200641113514, 45
1, 41523, 23663, 17860, 178067.8656863019, 40, 40, 0, 264.4866859365871, 40
51, 41657, 23707, 17950, 178431.0985022205, 134, 44, 90, 363.23281591860336, 46
1, 41721, 23741, 17980, 178728.84121469513, 64, 34, 30, 297.742712474619, 35
1, 41754, 23774, 17980, 178980.11938738797, 33, 33, 0, 251.27817269284301, 33
51, 41832, 23802, 18030, 179293.00217400806, 78, 28, 50, 312.8827866200841, 29
1, 41907, 23847, 18060, 179604.38526964633, 75, 45, 30, 311.38309563827124, 46
1, 41987, 23887, 18100, 179920.5550258906, 80, 40, 40, 316.1697562442441, 41
1, 42027, 23927, 18100, 180185.0417118272, 40, 40, 0, 264.4866859365871, 40
1, 42067, 23967, 18100, 180449.5283977638, 40, 40, 0, 264.4866859365871, 40
51, 42163, 24013, 18150, 180781.84531377844, 96, 46, 50, 332.31691601465747, 47
1, 42225, 24045, 18180, 181076.95194010812, 62, 32, 30, 295.1066263296683, 33
1, 42298, 24078, 18220, 181384.95321867728, 73, 33, 40, 308.00127856917646, 34
51, 42385, 24115, 18270, 181707.86079967502, 87, 37, 50, 322.9075809977351, 38
1, 42416, 24146, 18270, 181955.02190585207, 31, 31, 0, 247.1611061770567, 31
1, 42459, 24189, 18270, 182224.69686605516, 43, 43, 0, 269.6749602031015, 43
51, 42590, 24230, 18360, 182585.40919427067, 131, 41, 90, 360.7123282155055, 43
1, 42654, 24264, 18390, 182883.1519067453, 64, 34, 30, 297.742712474619, 35
1, 42732, 24302, 18430, 183197.0346933654, 78, 38, 40, 313.8827866200841, 39
1, 42774, 24344, 18430, 183465.00768286758, 42, 42, 0, 267.97298950218305, 42
51, 42864, 24384, 18480, 183791.11471169168, 90, 40, 50, 326.1070288241023, 41
1, 42947, 24427, 18520, 184110.64965962092, 83, 43, 40, 319.5349479292333, 44
1, 43011, 24461, 18550, 184408.39237209555, 64, 34, 30, 297.742712474619, 35
1, 43056, 24506, 18550, 184681.3943785067, 45, 45, 0, 273.00200641113514, 45
51, 43169, 24539, 18630, 185027.23342237622, 113, 33, 80, 345.83904386951343, 35
1, 43203, 24573, 18630, 185280.50706265285, 34, 34, 0, 253.2736402766418, 34
1, 43286, 24616, 18670, 185600.04201058208, 83, 43, 40, 319.5349479292333, 44
1, 43324, 24654, 18670, 185860.92439020192, 38, 38, 0, 260.88237961983884, 38
1, 43405, 24705, 18700, 186179.2243902019, 81, 51, 30, 318.3, 52
51, 43547, 24757, 18790, 186549.02542275848, 142, 52, 90, 369.8010325565812, 54
1, 43581, 24791, 18790, 186802.2990630351, 34, 34, 0, 253.2736402766418, 34
1, 43623, 24833, 18790, 187070.2720525373, 42, 42, 0, 267.97298950218305, 42
1, 43655, 24865, 18790, 187319.51347553785, 32, 32, 0, 249.24142300054422, 32
51, 43780, 24900, 18880, 187675.08362802607, 125, 35, 90, 355.57015248821097, 37
1, 43845, 24935, 18910, 187974.12477946945, 65, 35, 30, 299.04115144336777, 36
1, 43881, 24971, 18910, 188231.27375374778, 36, 36, 0, 257.1489742783178, 36
1, 43920, 25010, 18910, 188493.97369369172, 39, 39, 0, 262.6999399439383, 39
1, 43963, 25053, 18910, 188763.6486538948, 43, 43, 0, 269.6749602031015, 43
51, 44053, 25093, 18960, 189089.7556827189, 90, 40, 50, 326.1070288241023, 41
1, 44176, 25146, 19030, 189445.5802539807, 123, 53, 70, 355.8245712617827, 55
1, 44216, 25186, 19030, 189710.0669399173, 40, 40, 0, 264.4866859365871, 40
1, 44252, 25222, 19030, 189967.21591419564, 36, 36, 0, 257.1489742783178, 36
1, 44343, 25273, 19070, 190295.3749761344, 91, 51, 40, 328.1590619387661, 52
51, 44434, 25314, 19120, 190622.53403807315, 91, 41, 50, 327.1590619387661, 42
1, 44516, 25356, 19160, 190940.9557079166, 82, 42, 40, 318.42166984345636, 43
1, 44583, 25393, 19190, 191242.55626317425, 67, 37, 30, 301.6005552576305, 38
1, 44668, 25438, 19230, 191564.29329084532, 85, 45, 40, 321.73702767108114, 46
51, 44795, 25485, 19310, 191922.5929731446, 127, 47, 80, 358.2996822992933, 49
1, 44874, 25524, 19350, 192237.62372327474, 79, 39, 40, 315.03075013013313, 40
1, 44951, 25571, 19380, 192551.34938704126, 77, 47, 30, 313.72566376652986, 48
1, 44982, 25602, 19380, 192798.51049321832, 31, 31, 0, 247.1611061770567, 31
51, 45072, 25642, 19430, 193124.61752204242, 90, 40, 50, 326.1070288241023, 41
1, 45148, 25678, 19470, 193436.17669441615, 76, 36, 40, 311.5591723737189, 37
1, 45194, 25724, 19470, 193710.80576313016, 46, 46, 0, 274.6290687140218, 46
51, 45322, 25772, 19550, 194069.96432923165, 128, 48, 80, 359.1585661014858, 50
1, 45361, 25811, 19550, 194332.66426917558, 39, 39, 0, 262.6999399439383, 39
1, 45440, 25850, 19590, 194647.6950193057, 79, 39, 40, 315.03075013013313, 40
51, 45556, 25886, 19670, 194996.27682279685, 116, 36, 80, 348.5818034911291, 38
1, 45601, 25931, 19670, 195269.278829208, 45, 45, 0, 273.00200641113514, 45
1, 45711, 25971, 19740, 195613.33201325443, 110, 40, 70, 344.0531840464366, 42
1, 45744, 26004, 19740, 195864.61018594727, 33, 33, 0, 251.27817269284301, 33
51, 45867, 26047, 19820, 196219.43475720906, 123, 43, 80, 354.8245712617827, 45
1, 45904, 26084, 19820, 196478.46732866502, 37, 37, 0, 259.03257145596604, 37
1, 45974, 26114, 19860, 196782.81808951692, 70, 30, 40, 304.3507608519078, 31
1, 46024, 26164, 19860, 197063.73288436417, 50, 50, 0, 280.9147948472494, 50
51, 46113, 26203, 19910, 197388.78074992824, 89, 39, 50, 325.0478655640733, 40
1, 46146, 26236, 19910, 197640.05892262107, 33, 33, 0, 251.27817269284301, 33
1, 46213, 26273, 19940, 197941.6594778787, 67, 37, 30, 301.6005552576305, 38
1, 46292, 26312, 19980, 198256.69022800884, 79, 39, 40, 315.03075013013313, 40
51, 46413, 26353, 20060, 198609.7527070444, 121, 41, 80, 353.06247903554, 43
1, 46448, 26388, 20060, 198864.98263495415, 35, 35, 0, 255.22992790977875, 35
1, 46485, 26425, 20060, 199124.0152064101, 37, 37, 0, 259.03257145596604, 37
1, 46570, 26470, 20100, 199445.75223408118, 85, 45, 40, 321.73702767108114, 46
51, 46656, 26506, 20150, 199767.57839872874, 86, 36, 50, 321.82616464756694, 37
1, 46698, 26548, 20150, 200035.55138823093, 42, 42, 0, 267.97298950218305, 42
1, 46766, 26586, 20180, 200338.4135593335, 68, 38, 30, 302.86217110259, 39
1, 46846, 26626, 20220, 200654.58331557777, 80, 40, 40, 316.1697562442441, 41
51, 46943, 26673, 20270, 200987.91221484926, 97, 47, 50, 333.3288992714996, 48
1, 46994, 26724, 20270, 201270.34672662764, 51, 51, 0, 282.43451177837886, 51
1, 47029, 26759, 20270, 201525.5766545374, 35, 35, 0, 255.22992790977875, 35
1, 47101, 26801, 20300, 201833.3717175618, 72, 42, 30, 307.79506302439404, 43
1, 47181, 26841, 20340, 202149.54147380605, 80, 40, 40, 316.1697562442441, 41
51, 47274, 26884, 20390, 202478.78375371319, 93, 43, 50, 329.24227990714814, 44
1, 47314, 26924, 20390, 202743.2704396498, 40, 40, 0, 264.4866859365871, 40
1, 47358, 26968, 20390, 203014.6213973399, 44, 44, 0, 271.35095769013947, 44
1, 47397, 27007, 20390, 203277.32133728385, 39, 39, 0, 262.6999399439383, 39
51, 47513, 27043, 20470, 203625.903140775, 116, 36, 80, 348.5818034911291, 38
1, 47599, 27089, 20510, 203948.72930542254, 86, 46, 40, 322.82616464756694, 47
1, 47635, 27125, 20510, 204205.87827970088, 36, 36, 0, 257.1489742783178, 36
1, 47672, 27162, 20510, 204464.91085115683, 37, 37, 0, 259.03257145596604, 37
1, 47710, 27200, 20510, 204725.79323077668, 38, 38, 0, 260.88237961983884, 38
51, 47838, 27238, 20600, 205083.95179687816, 128, 38, 90, 358.1585661014858, 40
1, 47906, 27276, 20630, 205386.81396798074, 68, 38, 30, 302.86217110259, 39
1, 47945, 27315, 20630, 205649.51390792467, 39, 39, 0, 262.6999399439383, 39
1, 47990, 27360, 20630, 205922.51591433582, 45, 45, 0, 273.00200641113514, 45
51, 48114, 27404, 20710, 206278.21531088397, 124, 44, 80, 355.6993965481514, 46
1, 48148, 27438, 20710, 206531.4889511606, 34, 34, 0, 253.2736402766418, 34
1, 48253, 27473, 20780, 206870.79753845496, 105, 35, 70, 339.30858729436795, 37
1, 48289, 27509, 20780, 207127.9465127333, 36, 36, 0, 257.1489742783178, 36
51, 48382, 27552, 20830, 207457.18879264043, 93, 43, 50, 329.24227990714814, 44
1, 48428, 27598, 20830, 207731.81786135444, 46, 46, 0, 274.6290687140218, 46
1, 48508, 27638, 20870, 208047.9876175987, 80, 40, 40, 316.1697562442441, 41
51, 48609, 27689, 20920, 208385.30300557098, 101, 51, 50, 337.31538797227006, 52
1, 48674, 27724, 20950, 208684.34415701436, 65, 35, 30, 299.04115144336777, 36
1, 48721, 27771, 20950, 208960.57720688396, 47, 47, 0, 276.2330498695885, 47
1, 48802, 27812, 20990, 209277.87720688395, 81, 41, 40, 317.3, 42
51, 48928, 27858, 21070, 209635.31410276738, 126, 46, 80, 357.43689588345075, 48
1, 48961, 27891, 21070, 209886.59227546022, 33, 33, 0, 251.27817269284301, 33
1, 49026, 27926, 21100, 210185.6334269036, 65, 35, 30, 299.04115144336777, 36
51, 49106, 27956, 21150, 210500.80318314786, 80, 30, 50, 315.1697562442441, 31
1, 49148, 27998, 21150, 210768.77617265005, 42, 42, 0, 267.97298950218305, 42
1, 49219, 28029, 21190, 211074.35448346875, 71, 31, 40, 305.57831081870995, 32
1, 49288, 28068, 21220, 211378.46662517896, 69, 39, 30, 304.1121417102006, 40
51, 49390, 28120, 21270, 211716.7638079601, 102, 52, 50, 338.29718278112654, 53
1, 49474, 28164, 21310, 212037.4038183636, 84, 44, 40, 320.64001040350905, 45
1, 49503, 28193, 21310, 212280.2633970742, 29, 29, 0, 242.8595787106084, 29
1, 49570, 28230, 21340, 212581.86395233183, 67, 37, 30, 301.6005552576305, 38
1, 49611, 28271, 21340, 212848.10790577534, 41, 41, 0, 266.24395344352433, 41
51, 49745, 28315, 21430, 213211.34072169394, 134, 44, 90, 363.23281591860336, 46
1, 49814, 28354, 21460, 213515.45286340415, 69, 39, 30, 304.1121417102006, 40
1, 49849, 28389, 21460, 213770.6827913139, 35, 35, 0, 255.22992790977875, 35
1, 49914, 28424, 21490, 214069.7239427573, 65, 35, 30, 299.04115144336777, 36
1, 49963, 28473, 21490, 214349.09907386376, 49, 49, 0, 279.3751311064591, 49
51, 50063, 28523, 21540, 214685.4268398806, 100, 50, 50, 336.327766016838, 51
1, 50183, 28573, 21610, 215038.60193184527, 120, 50, 70, 353.1750919646873, 52
1, 50227, 28617, 21610, 215309.9528895354, 44, 44, 0, 271.35095769013947, 44
51, 50364, 28664, 21700, 215675.67421174026, 137, 47, 90, 365.72132220485213, 49
1, 50413, 28713, 21700, 215955.04934284673, 49, 49, 0, 279.3751311064591, 49
1, 50493, 28763, 21730, 216272.219099091, 80, 50, 30, 317.1697562442441, 51
1, 50571, 28801, 21770, 216586.10188571108, 78, 38, 40, 313.8827866200841, 39
51, 50660, 28840, 21820, 216911.14975127514, 89, 39, 50, 325.0478655640733, 40
1, 50703, 28883, 21820, 217180.82471147823, 43, 43, 0, 269.6749602031015, 43
1, 50765, 28915, 21850, 217475.9313378079, 62, 32, 30, 295.1066263296683, 33
51, 50850, 28950, 21900, 217796.66836547898, 85, 35, 50, 320.73702767108114, 36
1, 50923, 28983, 21940, 218104.66964404815, 73, 33, 40, 308.00127856917646, 34
1, 50963, 29023, 21940, 218369.15632998475, 40, 40, 0, 264.4866859365871, 40
1, 51007, 29067, 21940, 218640.50728767487, 44, 44, 0, 271.35095769013947, 44
51, 51175, 29115, 22060, 219027.42786204274, 168, 48, 120, 386.9205743678508, 51
1, 51220, 29160, 22060, 219300.42986845388, 45, 45, 0, 273.00200641113514, 45
1, 51261, 29201, 22060, 219566.6738218974, 41, 41, 0, 266.24395344352433, 41
1, 51304, 29244, 22060, 219836.34878210048, 43, 43, 0, 269.6749602031015, 43
51, 51407, 29297, 22110, 220175.62203215598, 103, 53, 50, 339.27325005549693, 54
1, 51483, 29333, 22150, 220487.1812045297, 76, 36, 40, 311.5591723737189, 37
1, 51551, 29371, 22180, 220790.0433756323, 68, 38, 30, 302.86217110259, 39
1, 51590, 29410, 22180, 221052.74331557623, 39, 39, 0, 262.6999399439383, 39
51, 51728, 29458, 22270, 221419.28724512816, 138, 48, 90, 366.54392955194305, 50
1, 51764, 29494, 22270, 221676.4362194065, 36, 36, 0, 257.1489742783178, 36
1, 51807, 29537, 22270, 221946.11117960958, 43, 43, 0, 269.6749602031015, 43
1, 51844, 29574, 22270, 222205.14375106554, 37, 37, 0, 259.03257145596604, 37
51, 52003, 29613, 22390, 222585.34261353794, 159, 39, 120, 380.1988624723894, 42
1, 52039, 29649, 22390, 222842.49158781627, 36, 36, 0, 257.1489742783178, 36
1, 52073, 29683, 22390, 223095.7652280929, 34, 34, 0, 253.2736402766418, 34
51, 52199, 29719, 22480, 223452.20212397634, 126, 36, 90, 356.43689588345075, 38
1, 52238, 29758, 22480, 223714.90206392028, 39, 39, 0, 262.6999399439383, 39
1, 52277, 29797, 22480, 223977.60200386422, 39, 39, 0, 262.6999399439383, 39
51, 52394, 29834, 22560, 224327.08882066282, 117, 37, 80, 349.4868167986058, 39
1, 52481, 29881, 22600, 224650.99640166055, 87, 47, 40, 323.9075809977351, 48
1, 52520, 29920, 22600, 224913.6963416045, 39, 39, 0, 262.6999399439383, 39
1, 52558, 29958, 22600, 225174.57872122433, 38, 38, 0, 260.88237961983884, 38
51, 52647, 29997, 22650, 225499.6265867884, 89, 39, 50, 325.0478655640733, 40
1, 52709, 30029, 22680, 225794.73321311807, 62, 32, 30, 295.1066263296683, 33
1, 52762, 30082, 22680, 226080.15000075888, 53, 53, 0, 285.4167876408086, 53
1, 52872, 30122, 22750, 226424.20318480532, 110, 40, 70, 344.0531840464366, 42
51, 52970, 30170, 22800, 226758.53781316988, 98, 48, 50, 334.33462836457886, 49
1, 53055, 30215, 22840, 227080.27484084095, 85, 45, 40, 321.73702767108114, 46
1, 53141, 30271, 22870, 227404.1010054885, 86, 56, 30, 323.82616464756694, 57
51, 53232, 30312, 22920, 227731.26006742727, 91, 41, 50, 327.1590619387661, 42
1, 53325, 30365, 22960, 228061.5023473344, 93, 53, 40, 330.24227990714814, 54
1, 53375, 30415, 22960, 228342.41714218166, 50, 50, 0, 280.9147948472494, 50
1, 53413, 30453, 22960, 228603.2995218015, 38, 38, 0, 260.88237961983884, 38
51, 53539, 30489, 23050, 228959.73641768494, 126, 36, 90, 356.43689588345075, 38
1, 53603, 30523, 23080, 229257.47913015957, 64, 34, 30, 297.742712474619, 35
1, 53633, 30553, 23080, 229502.51386209164, 30, 30, 0, 245.0347319320716, 30
1, 53685, 30605, 23080, 229786.4488235199, 52, 52, 0, 283.93496142826496, 52
1, 53725, 30645, 23080, 230050.9355094565, 40, 40, 0, 264.4866859365871, 40
51, 53853, 30683, 23170, 230409.09407555798, 128, 38, 90, 358.1585661014858, 40
1, 53896, 30726, 23170, 230678.76903576107, 43, 43, 0, 269.6749602031015, 43
1, 53964, 30764, 23200, 230981.63120686365, 68, 38, 30, 302.86217110259, 39
1, 54001, 30801, 23200, 231240.6637783196, 37, 37, 0, 259.03257145596604, 37
51, 54091, 30841, 23250, 231566.7708071437, 90, 40, 50, 326.1070288241023, 41
1, 54121, 30871, 23250, 231811.80553907578, 30, 30, 0, 245.0347319320716, 30
1, 54199, 30909, 23290, 232125.68832569587, 78, 38, 40, 313.8827866200841, 39
1, 54246, 30956, 23290, 232401.92137556546, 47, 47, 0, 276.2330498695885, 47
1, 54320, 31000, 23320, 232712.11858433232, 74, 44, 30, 310.1972087668518, 45
51, 54406, 31036, 23370, 233033.94474897988, 86, 36, 50, 321.82616464756694, 37
1, 54436, 31066, 23370, 233278.97948091195, 30, 30, 0, 245.0347319320716, 30
1, 54549, 31109, 23440, 233625.81852478147, 113, 43, 70, 346.83904386951343, 45
1, 54586, 31146, 23440, 233884.85109623743, 37, 37, 0, 259.03257145596604, 37
1, 54623, 31183, 23440, 234143.8836676934, 37, 37, 0, 259.03257145596604, 37
51, 54755, 31225, 23530, 234505.4397901204, 132, 42, 90, 361.55612242701943, 44
1, 54834, 31274, 23560, 234821.47054025054, 79, 49, 30, 316.03075013013313, 50
1, 54873, 31313, 23560, 235084.17048019447, 39, 39, 0, 262.6999399439383, 39
1, 54947, 31357, 23590, 235394.36768896133, 74, 44, 30, 310.1972087668518, 45
1, 55031, 31401, 23630, 235715.00769936483, 84, 44, 40, 320.64001040350905, 45
51, 55126, 31446, 23680, 236046.30626350004, 95, 45, 50, 331.2985641352145, 46
1, 55166, 31486, 23680, 236310.79294943664, 40, 40, 0, 264.4866859365871, 40
1, 55204, 31524, 23680, 236571.67532905648, 38, 38, 0, 260.88237961983884, 38
1, 55281, 31571, 23710, 236885.400992823, 77, 47, 30, 313.72566376652986, 48
1, 55323, 31613, 23710, 237153.3739823252, 42, 42, 0, 267.97298950218305, 42
51, 55447, 31647, 23800, 237508.07337887335, 124, 34, 90, 354.6993965481514, 36
1, 55488, 31688, 23800, 237774.31733231686, 41, 41, 0, 266.24395344352433, 41
1, 55545, 31715, 23830, 238062.5869528223, 57, 27, 30, 288.2696205054472, 28
1, 55625, 31755, 23870, 238378.75670906657, 80, 40, 40, 316.1697562442441, 41
51, 55710, 31790, 23920, 238699.49373673764, 85, 35, 50, 320.73702767108114, 36
1, 55791, 31831, 23960, 239016.79373673763, 81, 41, 40, 317.3, 42
1, 55833, 31873, 23960, 239284.76672623982, 42, 42, 0, 267.97298950218305, 42
1, 55871, 31911, 23960, 239545.64910585966, 38, 38, 0, 260.88237961983884, 38
1, 55979, 31949, 24030, 239887.8200854067, 108, 38, 70, 342.1709795470626, 40
51, 56068, 31988, 24080, 240212.86795097077, 89, 39, 50, 325.0478655640733, 40
1, 56099, 32019, 24080, 240460.02905714783, 31, 31, 0, 247.1611061770567, 31
1, 56126, 32046, 24080, 240698.3797628433, 27, 27, 0, 238.35070569547776, 27
1, 56195, 32085, 24110, 241002.49190455352, 69, 39, 30, 304.1121417102006, 40
51, 56333, 32133, 24200, 241369.03583410545, 138, 48, 90, 366.54392955194305, 50
1, 56377, 32177, 24200, 241640.38679179558, 44, 44, 0, 271.35095769013947, 44
1, 56419, 32219, 24200, 241908.35978129777, 42, 42, 0, 267.97298950218305, 42
1, 56479, 32249, 24230, 242200.77554966914, 60, 30, 30, 292.41576837137404, 31
1, 56551, 32281, 24270, 242507.57061269353, 72, 32, 40, 306.79506302439404, 33
51, 56645, 32325, 24320, 242837.8443385413, 94, 44, 50, 330.273725847777, 45
1, 56713, 32363, 24350, 243140.70650964387, 68, 38, 30, 302.86217110259, 39
1, 56772, 32422, 24350, 243434.65530989147, 59, 59, 0, 293.94880024760363, 59
1, 56809, 32459, 24350, 243693.68788134743, 37, 37, 0, 259.03257145596604, 37
1, 56874, 32494, 24380, 243992.7290327908, 65, 35, 30, 299.04115144336777, 36
51, 57002, 32532, 24470, 244350.8875988923, 128, 38, 90, 358.1585661014858, 40
1, 57039, 32569, 24470, 244609.92017034825, 37, 37, 0, 259.03257145596604, 37
1, 57082, 32612, 24470, 244879.59513055134, 43, 43, 0, 269.6749602031015, 43
1, 57147, 32647, 24500, 245178.63628199472, 65, 35, 30, 299.04115144336777, 36
1, 57226, 32686, 24540, 245493.66703212485, 79, 39, 40, 315.03075013013313, 40
51, 57347, 32727, 24620, 245846.7295111604, 121, 41, 80, 353.06247903554, 43
1, 57384, 32764, 24620, 246105.76208261636, 37, 37, 0, 259.03257145596604, 37
1, 57468, 32808, 24660, 246426.40209301986, 84, 44, 40, 320.64001040350905, 45
1, 57543, 32853, 24690, 246737.78518865813, 75, 45, 30, 311.38309563827124, 46
51, 57626, 32886, 24740, 247056.32013658737, 83, 33, 50, 318.5349479292333, 34
1, 57695, 32925, 24770, 247360.43227829758, 69, 39, 30, 304.1121417102006, 40
1, 57779, 32969, 24810, 247681.07228870108, 84, 44, 40, 320.64001040350905, 45
1, 57820, 33010, 24810, 247947.3162421446, 41, 41, 0, 266.24395344352433, 41
51, 57919, 33059, 24860, 248282.6504566976, 99, 49, 50, 335.33421455299043, 50
1, 57998, 33098, 24900, 248597.68120682772, 79, 39, 40, 315.03075013013313, 40
1, 58064, 33134, 24930, 248898.0081951049, 66, 36, 30, 300.32698827717985, 37
1, 58103, 33173, 24930, 249160.70813504883, 39, 39, 0, 262.6999399439383, 39
51, 58201, 33221, 24980, 249495.0427634134, 98, 48, 50, 334.33462836457886, 49
1, 58267, 33257, 25010, 249795.36975169057, 66, 36, 30, 300.32698827717985, 37
1, 58344, 33294, 25050, 250108.0954154571, 77, 37, 40, 312.72566376652986, 38
1, 58384, 33334, 25050, 250372.5821013937, 40, 40, 0, 264.4866859365871, 40
51, 58472, 33372, 25100, 250696.56353275458, 88, 38, 50, 323.98143136087856, 39
1, 58512, 33412, 25100, 250961.05021869118, 40, 40, 0, 264.4866859365871, 40
1, 58586, 33456, 25130, 251271.24742745803, 74, 44, 30, 310.1972087668518, 45
51, 58720, 33500, 25220, 251634.48024337663, 134, 44, 90, 363.23281591860336, 46
1, 58762, 33542, 25220, 251902.45323287882, 42, 42, 0, 267.97298950218305, 42
1, 58876, 33586, 25290, 252250.2112205705, 114, 44, 70, 347.75798769167545, 46
51, 58964, 33624, 25340, 252574.19265193137, 88, 38, 50, 323.98143136087856, 39
1, 59001, 33661, 25340, 252833.22522338733, 37, 37, 0, 259.03257145596604, 37
1, 59077, 33707, 25370, 253145.78439576106, 76, 46, 30, 312.5591723737189, 47
51, 59204, 33744, 25460, 253503.08407806035, 127, 37, 90, 357.2996822992933, 39
1, 59245, 33785, 25460, 253769.32803150386, 41, 41, 0, 266.24395344352433, 41
1, 59278, 33818, 25460, 254020.6062041967, 33, 33, 0, 251.27817269284301, 33
1, 59327, 33867, 25460, 254299.98133530316, 49, 49, 0, 279.3751311064591, 49
1, 59409, 33909, 25500, 254618.40300514663, 82, 42, 40, 318.42166984345636, 43
51, 59515, 33935, 25580, 254957.67104875625, 106, 26, 80, 339.2680436096278, 28
1, 59553, 33973, 25580, 255218.5534283761, 38, 38, 0, 260.88237961983884, 38
1, 59643, 34023, 25620, 255545.6604572002, 90, 50, 40, 327.1070288241023, 51
51, 59730, 34060, 25670, 255868.56803819793, 87, 37, 50, 322.9075809977351, 38
1, 59768, 34098, 25670, 256129.45041781777, 38, 38, 0, 260.88237961983884, 38
1, 59879, 34139, 25740, 256474.4371358586, 111, 41, 70, 344.9867180408456, 43
1, 59922, 34182, 25740, 256744.1120960617, 43, 43, 0, 269.6749602031015, 43
51, 60052, 34222, 25830, 257103.9769336002, 130, 40, 90, 359.86483753851803, 42
1, 60112, 34252, 25860, 257396.39270197158, 60, 30, 30, 292.41576837137404, 31
1, 60142, 34282, 25860, 257641.42743390365, 30, 30, 0, 245.0347319320716, 30
1, 60215, 34325, 25890, 257950.4287124728, 73, 43, 30, 309.00127856917646, 44
51, 60302, 34362, 25940, 258273.33629347055, 87, 37, 50, 322.9075809977351, 38
1, 60395, 34415, 25980, 258603.5785733777, 93, 53, 40, 330.24227990714814, 54
1, 60441, 34461, 25980, 258878.2076420917, 46, 46, 0, 274.6290687140218, 46
51, 60552, 34492, 26060, 259222.19436013253, 111, 31, 80, 343.9867180408456, 33
1, 60587, 34527, 26060, 259477.4242880423, 35, 35, 0, 255.22992790977875, 35
1, 60625, 34565, 26060, 259738.30666766214, 38, 38, 0, 260.88237961983884, 38
51, 60785, 34605, 26180, 260119.26254966992, 160, 40, 120, 380.95588200778457, 43
1, 60825, 34645, 26180, 260383.74923560652, 40, 40, 0, 264.4866859365871, 40
1, 60867, 34687, 26180, 260651.7222251087, 42, 42, 0, 267.97298950218305, 42
51, 60952, 34722, 26230, 260972.45925277978, 85, 35, 50, 320.73702767108114, 36
1, 61003, 34773, 26230, 261254.89376455816, 51, 51, 0, 282.43451177837886, 51
1, 61113, 34813, 26300, 261598.9469486046, 110, 40, 70, 344.0531840464366, 42
1, 61150, 34850, 26300, 261857.97952006056, 37, 37, 0, 259.03257145596604, 37
51, 61237, 34887, 26350, 262180.88710105827, 87, 37, 50, 322.9075809977351, 38
1, 61281, 34931, 26350, 262452.2380587484, 44, 44, 0, 271.35095769013947, 44
1, 61327, 34977, 26350, 262726.86712746246, 46, 46, 0, 274.6290687140218, 46
1, 61403, 35023, 26380, 263039.4262998362, 76, 46, 30, 312.5591723737189, 47
51, 61540, 35070, 26470, 263405.14762204106, 137, 47, 90, 365.72132220485213, 49
1, 61591, 35121, 26470, 263687.5821338194, 51, 51, 0, 282.43451177837886, 51
1, 61640, 35170, 26470, 263966.9572649259, 49, 49, 0, 279.3751311064591, 49
1, 61680, 35210, 26470, 264231.44395086245, 40, 40, 0, 264.4866859365871, 40
51, 61767, 35247, 26520, 264554.3515318602, 87, 37, 50, 322.9075809977351, 38
1, 61843, 35293, 26550, 264866.9107042339, 76, 46, 30, 312.5591723737189, 47
1, 61921, 35331, 26590, 265180.793490854, 78, 38, 40, 313.8827866200841, 39
51, 62005, 35365, 26640, 265500.4335012575, 84, 34, 50, 319.64001040350905, 35
1, 62042, 35402, 26640, 265759.4660727135, 37, 37, 0, 259.03257145596604, 37
1, 62081, 35441, 26640, 266022.16601265746, 39, 39, 0, 262.6999399439383, 39
1, 62139, 35469, 26670, 266311.83291476464, 58, 28, 30, 289.66690210718946, 29
51, 62220, 35500, 26720, 266628.13291476463, 81, 31, 50, 316.3, 32
1, 62295, 35535, 26760, 266938.5160104029, 75, 35, 40, 310.38309563827124, 36
1, 62323, 35563, 26760, 267179.148673782, 28, 28, 0, 240.63266337912057, 28
1, 62367, 35607, 26760, 267450.49963147216, 44, 44, 0, 271.35095769013947, 44
51, 62449, 35639, 26810, 267767.9213013156, 82, 32, 50, 317.42166984345636, 33
1, 62515, 35675, 26840, 268068.2482895928, 66, 36, 30, 300.32698827717985, 37
1, 62593, 35713, 26880, 268382.13107621286, 78, 38, 40, 313.8827866200841, 39
51, 62684, 35754, 26930, 268709.2901381516, 91, 41, 50, 327.1590619387661, 42
1, 62733, 35803, 26930, 268988.6652692581, 49, 49, 0, 279.3751311064591, 49
1, 62804, 35834, 26970, 269294.2435800768, 71, 31, 40, 305.57831081870995, 32
1, 62842, 35872, 26970, 269555.1259596966, 38, 38, 0, 260.88237961983884, 38
51, 62959, 35909, 27050, 269904.6127764952, 117, 37, 80, 349.4868167986058, 39
1, 63040, 35950, 27090, 270221.9127764952, 81, 41, 40, 317.3, 42
1, 63083, 35993, 27090, 270491.58773669833, 43, 43, 0, 269.6749602031015, 43
1, 63174, 36044, 27130, 270819.7467986371, 91, 51, 40, 328.1590619387661, 52
51, 63272, 36092, 27180, 271154.0814270017, 98, 48, 50, 334.33462836457886, 49
1, 63382, 36132, 27250, 271498.1346110481, 110, 40, 70, 344.0531840464366, 42
1, 63423, 36173, 27250, 271764.37856449164, 41, 41, 0, 266.24395344352433, 41
1, 63453, 36203, 27250, 272009.4132964237, 30, 30, 0, 245.0347319320716, 30
1, 63537, 36247, 27290, 272330.0533068272, 84, 44, 40, 320.64001040350905, 45
51, 63624, 36284, 27340, 272652.96088782494, 87, 37, 50, 322.9075809977351, 38
1, 63740, 36330, 27410, 273002.54269131605, 116, 46, 70, 349.5818034911291, 48
1, 63779, 36369, 27410, 273265.24263126, 39, 39, 0, 262.6999399439383, 39
51, 63903, 36413, 27490, 273620.94202780817, 124, 44, 80, 355.6993965481514, 46
1, 63940, 36450, 27490, 273879.97459926415, 37, 37, 0, 259.03257145596604, 37
1, 63981, 36491, 27490, 274146.2185527077, 41, 41, 0, 266.24395344352433, 41
1, 64056, 36526, 27530, 274456.60164834594, 75, 35, 40, 310.38309563827124, 36
1, 64121, 36561, 27560, 274755.6427997893, 65, 35, 30, 299.04115144336777, 36
51, 64250, 36600, 27650, 275114.6564002805, 129, 39, 90, 359.01360049114555, 41
1, 64324, 36644, 27680, 275424.8536090473, 74, 44, 30, 310.1972087668518, 45
1, 64361, 36681, 27680, 275683.8861805033, 37, 37, 0, 259.03257145596604, 37
1, 64392, 36712, 27680, 275931.0472866804, 31, 31, 0, 247.1611061770567, 31
1, 64472, 36762, 27710, 276248.2170429246, 80, 50, 30, 317.1697562442441, 51
51, 64595, 36795, 27800, 276602.04161418637, 123, 33, 90, 353.8245712617827, 35
1, 64630, 36830, 27800, 276857.27154209616, 35, 35, 0, 255.22992790977875, 35
1, 64670, 36870, 27800, 277121.75822803273, 40, 40, 0, 264.4866859365871, 40
1, 64755, 36915, 27840, 277443.4952557038, 85, 45, 40, 321.73702767108114, 46
51, 64873, 36953, 27920, 277793.88258087274, 118, 38, 80, 350.3873251689181, 40
1, 64916, 36996, 27920, 278063.55754107586, 43, 43, 0, 269.6749602031015, 43
1, 64982, 37032, 27950, 278363.88452935306, 66, 36, 30, 300.32698827717985, 37
1, 65056, 37066, 27990, 278673.0817381199, 74, 34, 40, 309.1972087668518, 35
51, 65147, 37107, 28040, 279000.24080005864, 91, 41, 50, 327.1590619387661, 42
1, 65192, 37152, 28040, 279273.2428064698, 45, 45, 0, 273.00200641113514, 45
1, 65279, 37199, 28080, 279597.1503874675, 87, 47, 40, 323.9075809977351, 48
1, 65349, 37239, 28110, 279902.50114831945, 70, 40, 30, 305.3507608519078, 41
51, 65440, 37280, 28160, 280229.6602102582, 91, 41, 50, 327.1590619387661, 42
1, 65514, 37314, 28200, 280538.85741902504, 74, 34, 40, 309.1972087668518, 35
1, 65557, 37357, 28200, 280808.53237922816, 43, 43, 0, 269.6749602031015, 43
1, 65665, 37395, 28270, 281150.70335877524, 108, 38, 70, 342.1709795470626, 40
1, 65711, 37441, 28270, 281425.3324274893, 46, 46, 0, 274.6290687140218, 46
51, 65823, 37473, 28350, 281770.24773982883, 112, 32, 80, 344.91531233955715, 34
1, 65897, 37507, 28390, 282079.44494859566, 74, 34, 40, 309.1972087668518, 35
1, 65932, 37542, 28390, 282334.67487650545, 35, 35, 0, 255.22992790977875, 35
1, 66004, 37584, 28420, 282642.46993952984, 72, 42, 30, 307.79506302439404, 43
1, 66042, 37622, 28420, 282903.35231914965, 38, 38, 0, 260.88237961983884, 38
51, 66138, 37668, 28470, 283235.6692351643, 96, 46, 50, 332.31691601465747, 47
1, 66173, 37703, 28470, 283490.8991630741, 35, 35, 0, 255.22992790977875, 35
1, 66251, 37741, 28510, 283804.78194969415, 78, 38, 40, 313.8827866200841, 39
1, 66318, 37778, 28540, 284106.3825049518, 67, 37, 30, 301.6005552576305, 38
51, 66416, 37826, 28590, 284440.7171333164, 98, 48, 50, 334.33462836457886, 49
1, 66465, 37875, 28590, 284720.09226442286, 49, 49, 0, 279.3751311064591, 49
1, 66506, 37916, 28590, 284986.3362178664, 41, 41, 0, 266.24395344352433, 41
1, 66537, 37947, 28590, 285233.4973240435, 31, 31, 0, 247.1611061770567, 31
1, 66619, 37989, 28630, 285551.9189938869, 82, 42, 40, 318.42166984345636, 43
51, 66746, 38036, 28710, 285910.2186761862, 127, 47, 80, 358.2996822992933, 49
1, 66835, 38085, 28750, 286236.2665417503, 89, 49, 40, 326.0478655640733, 50
1, 66875, 38125, 28750, 286500.75322768686, 40, 40, 0, 264.4866859365871, 40
1, 66943, 38163, 28780, 286803.61539878946, 68, 38, 30, 302.86217110259, 39
51, 67040, 38210, 28830, 287136.94429806096, 97, 47, 50, 333.3288992714996, 48
1, 67089, 38259, 28830, 287416.31942916743, 49, 49, 0, 279.3751311064591, 49
1, 67166, 38296, 28870, 287729.045092934, 77, 37, 40, 312.72566376652986, 38
1, 67205, 38335, 28870, 287991.74503287795, 39, 39, 0, 262.6999399439383, 39
1, 67250, 38380, 28870, 288264.7470392891, 45, 45, 0, 273.00200641113514, 45
51, 67414, 38424, 28990, 288648.70523012546, 164, 44, 120, 383.9581908363381, 47
1, 67454, 38464, 28990, 288913.19191606203, 40, 40, 0, 264.4866859365871, 40
1, 67493, 38503, 28990, 289175.891856006, 39, 39, 0, 262.6999399439383, 39
1, 67601, 38541, 29060, 289518.0628355531, 108, 38, 70, 342.1709795470626, 40
51, 67688, 38578, 29110, 289840.9704165508, 87, 37, 50, 322.9075809977351, 38
1, 67771, 38631, 29140, 290161.50536448, 83, 53, 30, 320.5349479292333, 54
1, 67818, 38678, 29140, 290437.7384143496, 47, 47, 0, 276.2330498695885, 47
1, 67864, 38724, 29140, 290712.36748306366, 46, 46, 0, 274.6290687140218, 46
51, 67978, 38758, 29220, 291059.12547075533, 114, 34, 80, 346.75798769167545, 36
1, 68053, 38793, 29260, 291369.5085663936, 75, 35, 40, 310.38309563827124, 36
1, 68088, 38828, 29260, 291624.73849430337, 35, 35, 0, 255.22992790977875, 35
1, 68122, 38862, 29260, 291878.01213458, 34, 34, 0, 253.2736402766418, 34
1, 68161, 38901, 29260, 292140.71207452397, 39, 39, 0, 262.6999399439383, 39
51, 68285, 38945, 29340, 292496.4114710721, 124, 44, 80, 355.6993965481514, 46
1, 68356, 38976, 29380, 292801.9897818908, 71, 31, 40, 305.57831081870995, 32
1, 68405, 39025, 29380, 293081.3649129973, 49, 49, 0, 279.3751311064591, 49
51, 68479, 39049, 29430, 293389.5621217641, 74, 24, 50, 308.1972087668518, 25
1, 68562, 39092, 29470, 293709.0970696933, 83, 43, 40, 319.5349479292333, 44
1, 68634, 39134, 29500, 294016.8921327177, 72, 42, 30, 307.79506302439404, 43
1, 68673, 39173, 29500, 294279.5920726617, 39, 39, 0, 262.6999399439383, 39
51, 68805, 39215, 29590, 294641.14819508867, 132, 42, 90, 361.55612242701943, 44
1, 68845, 39255, 29590, 294905.63488102524, 40, 40, 0, 264.4866859365871, 40
1, 68891, 39301, 29590, 295180.2639497393, 46, 46, 0, 274.6290687140218, 46
1, 68928, 39338, 29590, 295439.29652119527, 37, 37, 0, 259.03257145596604, 37
51, 69092, 39382, 29710, 295823.25471203163, 164, 44, 120, 383.9581908363381, 47
1, 69120, 39410, 29710, 296063.88737541076, 28, 28, 0, 240.63266337912057, 28
1, 69186, 39446, 29740, 296364.21436368796, 66, 36, 30, 300.32698827717985, 37
1, 69266, 39486, 29780, 296680.3841199322, 80, 40, 40, 316.1697562442441, 41
51, 69354, 39524, 29830, 297004.36555129307, 88, 38, 50, 323.98143136087856, 39
1, 69395, 39565, 29830, 297270.6095047366, 41, 41, 0, 266.24395344352433, 41
1, 69466, 39606, 29860, 297577.1878155553, 71, 41, 30, 306.57831081870995, 42
51, 69598, 39648, 29950, 297938.7439379823, 132, 42, 90, 361.55612242701943, 44
1, 69638, 39688, 29950, 298203.2306239189, 40, 40, 0, 264.4866859365871, 40
1, 69687, 39737, 29950, 298482.60575502535, 49, 49, 0, 279.3751311064591, 49
51, 69814, 39784, 30030, 298840.90543732466, 127, 47, 80, 358.2996822992933, 49
1, 69892, 39822, 30070, 299154.7882239447, 78, 38, 40, 313.8827866200841, 39
1, 69929, 39859, 30070, 299413.8207954007, 37, 37, 0, 259.03257145596604, 37
1, 69966, 39896, 30070, 299672.8533668567, 37, 37, 0, 259.03257145596604, 37
51, 70050, 39930, 30120, 299992.4933772602, 84, 34, 50, 319.64001040350905, 35
1, 70089, 39969, 30120, 300255.1933172042, 39, 39, 0, 262.6999399439383, 39
1, 70193, 40003, 30190, 300593.5370039617, 104, 34, 70, 338.343686757474, 36
1, 70230, 40040, 30190, 300852.56957541767, 37, 37, 0, 259.03257145596604, 37
51, 70315, 40075, 30240, 301173.30660308874, 85, 35, 50, 320.73702767108114, 36
1, 70409, 40129, 30280, 301504.5803289365, 94, 54, 40, 331.273725847777, 55
1, 70452, 40172, 30280, 301774.25528913963, 43, 43, 0, 269.6749602031015, 43
1, 70481, 40201, 30280, 302017.11486785027, 29, 29, 0, 242.8595787106084, 29
51, 70601, 40241, 30360, 302369.2899598149, 120, 40, 80, 352.1750919646873, 42
1, 70681, 40281, 30400, 302685.45971605915, 80, 40, 40, 316.1697562442441, 41
1, 70717, 40317, 30400, 302942.60869033745, 36, 36, 0, 257.1489742783178, 36
1, 70837, 40367, 30470, 303295.7837823021, 120, 50, 70, 353.1750919646873, 52
51, 70921, 40401, 30520, 303615.42379270564, 84, 34, 50, 319.64001040350905, 35
1, 70972, 40452, 30520, 303897.858304484, 51, 51, 0, 282.43451177837886, 51
1, 71053, 40493, 30560, 304215.158304484, 81, 41, 40, 317.3, 42
1, 71088, 40528, 30560, 304470.3882323938, 35, 35, 0, 255.22992790977875, 35
1, 71134, 40574, 30560, 304745.0173011078, 46, 46, 0, 274.6290687140218, 46
51, 71297, 40617, 30680, 305128.228724586, 163, 43, 120, 383.21142347822723, 46
1, 71342, 40662, 30680, 305401.23073099717, 45, 45, 0, 273.00200641113514, 45
1, 71382, 40702, 30680, 305665.71741693374, 40, 40, 0, 264.4866859365871, 40
1, 71502, 40752, 30750, 306018.8925088984, 120, 50, 70, 353.1750919646873, 52
51, 71591, 40791, 30800, 306343.94037446246, 89, 39, 50, 325.0478655640733, 40
1, 71631, 40831, 30800, 306608.42706039903, 40, 40, 0, 264.4866859365871, 40
1, 71696, 40866, 30830, 306907.4682118424, 65, 35, 30, 299.04115144336777, 36
1, 71773, 40903, 30870, 307220.19387560897, 77, 37, 40, 312.72566376652986, 38
51, 71866, 40946, 30920, 307549.43615551613, 93, 43, 50, 329.24227990714814, 44
1, 71899, 40979, 30920, 307800.714328209, 33, 33, 0, 251.27817269284301, 33
1, 71969, 41019, 30950, 308106.0650890609, 70, 40, 30, 305.3507608519078, 41
1, 72009, 41059, 30950, 308370.5517749975, 40, 40, 0, 264.4866859365871, 40
51, 72142, 41102, 31040, 308732.9480440387, 133, 43, 90, 362.3962690412072, 45
1, 72175, 41135, 31040, 308984.2262167316, 33, 33, 0, 251.27817269284301, 33
1, 72216, 41176, 31040, 309250.47017017513, 41, 41, 0, 266.24395344352433, 41
1, 72279, 41209, 31070, 309546.9014949013, 63, 33, 30, 296.43132472612575, 34
51, 72366, 41246, 31120, 309869.809075899, 87, 37, 50, 322.9075809977351, 38
1, 72453, 41293, 31160, 310193.71665689675, 87, 47, 40, 323.9075809977351, 48
1, 72490, 41330, 31160, 310452.74922835274, 37, 37, 0, 259.03257145596604, 37
1, 72562, 41362, 31200, 310759.5442913771, 72, 32, 40, 306.79506302439404, 33
1, 72611, 41411, 31200, 311038.9194224836, 49, 49, 0, 279.3751311064591, 49
51, 72723, 41443, 31280, 311383.83473482315, 112, 32, 80, 344.91531233955715, 34
1, 72810, 41490, 31320, 311707.7423158209, 87, 47, 40, 323.9075809977351, 48
1, 72857, 41537, 31320, 311983.9753656905, 47, 47, 0, 276.2330498695885, 47
1, 72901, 41581, 31320, 312255.32632338064, 44, 44, 0, 271.35095769013947, 44
1, 72980, 41620, 31360, 312570.35707351076, 79, 39, 40, 315.03075013013313, 40
51, 73104, 41664, 31440, 312926.0564700589, 124, 44, 80, 355.6993965481514, 46
1, 73150, 41710, 31440, 313200.68553877296, 46, 46, 0, 274.6290687140218, 46
1, 73199, 41759, 31440, 313480.0606698794, 49, 49, 0, 279.3751311064591, 49
51, 73317, 41797, 31520, 313830.44799504837, 118, 38, 80, 350.3873251689181, 40
1, 73403, 41843, 31560, 314153.27415969595, 86, 46, 40, 322.82616464756694, 47
1, 73435, 41875, 31560, 314402.5155826965, 32, 32, 0, 249.24142300054422, 32
1, 73473, 41913, 31560, 314663.3979623163, 38, 38, 0, 260.88237961983884, 38
51, 73559, 41949, 31610, 314985.2241269639, 86, 36, 50, 321.82616464756694, 37
1, 73603, 41993, 31610, 315256.57508465403, 44, 44, 0, 271.35095769013947, 44
1, 73723, 42043, 31680, 315609.7501766187, 120, 50, 70, 353.1750919646873, 52
51, 73812, 42082, 31730, 315934.79804218275, 89, 39, 50, 325.0478655640733, 40
1, 73851, 42121, 31730, 316197.4979821267, 39, 39, 0, 262.6999399439383, 39
1, 73881, 42151, 31730, 316442.53271405876, 30, 30, 0, 245.0347319320716, 30
1, 73955, 42195, 31760, 316752.7299228256, 74, 44, 30, 310.1972087668518, 45
51, 74080, 42230, 31850, 317108.3000753138, 125, 35, 90, 355.57015248821097, 37
1, 74119, 42269, 31850, 317371.00001525774, 39, 39, 0, 262.6999399439383, 39
1, 74156, 42306, 31850, 317630.0325867137, 37, 37, 0, 259.03257145596604, 37
1, 74195, 42345, 31850, 317892.7325266577, 39, 39, 0, 262.6999399439383, 39
51, 74319, 42389, 31930, 318248.43192320585, 124, 44, 80, 355.6993965481514, 46
1, 74355, 42425, 31930, 318505.58089748415, 36, 36, 0, 257.1489742783178, 36
1, 74463, 42463, 32000, 318847.75187703123, 108, 38, 70, 342.1709795470626, 40
51, 74545, 42495, 32050, 319165.17354687466, 82, 32, 50, 317.42166984345636, 33
1, 74609, 42529, 32080, 319462.91625934927, 64, 34, 30, 297.742712474619, 35
1, 74650, 42570, 32080, 319729.1602127928, 41, 41, 0, 266.24395344352433, 41
1, 74700, 42620, 32080, 320010.07500764006, 50, 50, 0, 280.9147948472494, 50
51, 74832, 42662, 32170, 320371.63113006705, 132, 42, 90, 361.55612242701943, 44
1, 74876, 42706, 32170, 320642.9820877572, 44, 44, 0, 271.35095769013947, 44
1, 74918, 42748, 32170, 320910.9550772594, 42, 42, 0, 267.97298950218305, 42
1, 74994, 42794, 32200, 321223.5142496331, 76, 46, 30, 312.5591723737189, 47
51, 75122, 42832, 32290, 321581.67281573464, 128, 38, 90, 358.1585661014858, 40
1, 75157, 42867, 32290, 321836.90274364443, 35, 35, 0, 255.22992790977875, 35
1, 75249, 42919, 32330, 322166.1068451127, 92, 52, 40, 329.20410146824725, 53
51, 75342, 42962, 32380, 322495.34912501986, 93, 43, 50, 329.24227990714814, 44
1, 75385, 43005, 32380, 322765.024085223, 43, 43, 0, 269.6749602031015, 43
1, 75457, 43047, 32410, 323072.81914824736, 72, 42, 30, 307.79506302439404, 43
1, 75504, 43094, 32410, 323349.05219811696, 47, 47, 0, 276.2330498695885, 47
51, 75631, 43131, 32500, 323706.3518804163, 127, 37, 90, 357.2996822992933, 39
1, 75668, 43168, 32500, 323965.38445187226, 37, 37, 0, 259.03257145596604, 37
1, 75747, 43207, 32540, 324280.4152020024, 79, 39, 40, 315.03075013013313, 40
1, 75788, 43248, 32540, 324546.65915544593, 41, 41, 0, 266.24395344352433, 41
51, 75913, 43293, 32620, 324903.2293079341, 125, 45, 80, 356.57015248821097, 47
1, 75989, 43329, 32660, 325214.78848030785, 76, 36, 40, 311.5591723737189, 37
1, 76023, 43363, 32660, 325468.0621205845, 34, 34, 0, 253.2736402766418, 34
1, 76082, 43392, 32690, 325759.1109208321, 59, 29, 30, 291.0488002476036, 30
51, 76184, 43444, 32740, 326097.4081036132, 102, 52, 50, 338.29718278112654, 53
1, 76227, 43487, 32740, 326367.0830638163, 43, 43, 0, 269.6749602031015, 43
1, 76266, 43526, 32740, 326629.78300376027, 39, 39, 0, 262.6999399439383, 39
1, 76341, 43561, 32780, 326940.1660993985, 75, 35, 40, 310.38309563827124, 36
1, 76383, 43603, 32780, 327208.1390889007, 42, 42, 0, 267.97298950218305, 42
51, 76500, 43640, 32860, 327557.62590569933, 117, 37, 80, 349.4868167986058, 39
1, 76545, 43685, 32860, 327830.6279121105, 45, 45, 0, 273.00200641113514, 45
1, 76617, 43717, 32900, 328137.42297513486, 72, 32, 40, 306.79506302439404, 33
1, 76664, 43764, 32900, 328413.65602500446, 47, 47, 0, 276.2330498695885, 47
51, 76788, 43808, 32980, 328769.3554215526, 124, 44, 80, 355.6993965481514, 46
1, 76828, 43848, 32980, 329033.8421074892, 40, 40, 0, 264.4866859365871, 40
1, 76860, 43880, 32980, 329283.0835304897, 32, 32, 0, 249.24142300054422, 32
1, 76932, 43912, 33020, 329589.8785935141, 72, 32, 40, 306.79506302439404, 33
51, 77060, 43960, 33100, 329949.0371596156, 128, 48, 80, 359.1585661014858, 50
1, 77139, 43999, 33140, 330264.06790974573, 79, 39, 40, 315.03075013013313, 40
1, 77181, 44041, 33140, 330532.0408992479, 42, 42, 0, 267.97298950218305, 42
1, 77221, 44081, 33140, 330796.5275851845, 40, 40, 0, 264.4866859365871, 40
51, 77384, 44124, 33260, 331179.7390086627, 163, 43, 120, 383.21142347822723, 46
1, 77418, 44158, 33260, 331433.01264893933, 34, 34, 0, 253.2736402766418, 34
1, 77497, 44207, 33290, 331749.04339906946, 79, 49, 30, 316.03075013013313, 50
51, 77589, 44249, 33340, 332077.2475005377, 92, 42, 50, 328.20410146824725, 43
1, 77673, 44293, 33380, 332397.88751094125, 84, 44, 40, 320.64001040350905, 45
1, 77715, 44335, 33380, 332665.86050044344, 42, 42, 0, 267.97298950218305, 42
1, 77752, 44372, 33380, 332924.8930718994, 37, 37, 0, 259.03257145596604, 37
1, 77786, 44406, 33380, 333178.16671217605, 34, 34, 0, 253.2736402766418, 34
51, 77941, 44441, 33500, 333555.3108647135, 155, 35, 120, 377.14415253747273, 38
1, 77992, 44492, 33500, 333837.74537649186, 51, 51, 0, 282.43451177837886, 51
1, 78031, 44531, 33500, 334100.4453164358, 39, 39, 0, 262.6999399439383, 39
1, 78072, 44572, 33500, 334366.68926987937, 41, 41, 0, 266.24395344352433, 41
51, 78197, 44607, 33590, 334722.25942236756, 125, 35, 90, 355.57015248821097, 37
1, 78269, 44649, 33620, 335030.05448539194, 72, 42, 30, 307.79506302439404, 43
1, 78317, 44697, 33620, 335307.86928798247, 48, 48, 0, 277.8148025904985, 48
51, 78452, 44742, 33710, 335671.9350979227, 135, 45, 90, 364.06580994024984, 47
1, 78526, 44786, 33740, 335982.1323066895, 74, 44, 30, 310.1972087668518, 45
1, 78572, 44832, 33740, 336256.76137540356, 46, 46, 0, 274.6290687140218, 46
51, 78656, 44866, 33790, 336576.4013858071, 84, 34, 50, 319.64001040350905, 35
1, 78697, 44907, 33790, 336842.6453392506, 41, 41, 0, 266.24395344352433, 41
1, 78743, 44953, 33790, 337117.27440796467, 46, 46, 0, 274.6290687140218, 46
1, 78820, 44990, 33830, 337430.0000717312, 77, 37, 40, 312.72566376652986, 38
1, 78894, 45034, 33860, 337740.19728049805, 74, 44, 30, 310.1972087668518, 45
51, 79000, 45090, 33910, 338082.3653241077, 106, 56, 50, 342.16804360962783, 57
1, 79037, 45127, 33910, 338341.3978955637, 37, 37, 0, 259.03257145596604, 37
1, 79093, 45183, 33910, 338631.1543755372, 56, 56, 0, 289.7564799734761, 56
1, 79167, 45217, 33950, 338940.351584304, 74, 34, 40, 309.1972087668518, 35
51, 79286, 45256, 34030, 339291.6349795063, 119, 39, 80, 351.28339520229764, 41
1, 79330, 45300, 34030, 339562.98593719647, 44, 44, 0, 271.35095769013947, 44
1, 79377, 45347, 34030, 339839.21898706607, 47, 47, 0, 276.2330498695885, 47
1, 79407, 45377, 34030, 340084.2537189981, 30, 30, 0, 245.0347319320716, 30
1, 79447, 45417, 34030, 340348.7404049347, 40, 40, 0, 264.4866859365871, 40
51, 79581, 45461, 34120, 340711.9732208533, 134, 44, 90, 363.23281591860336, 46
1, 79652, 45502, 34150, 341018.551531672, 71, 41, 30, 306.57831081870995, 42
1, 79691, 45541, 34150, 341281.251471616, 39, 39, 0, 262.6999399439383, 39
1, 79732, 45582, 34150, 341547.4954250595, 41, 41, 0, 266.24395344352433, 41
51, 79866, 45626, 34240, 341910.72824097815, 134, 44, 90, 363.23281591860336, 46
1, 79891, 45651, 34240, 342144.33503872814, 25, 25, 0, 233.60679774997897, 25
1, 79960, 45690, 34270, 342448.4471804383, 69, 39, 30, 304.1121417102006, 40
51, 80054, 45734, 34320, 342778.7209062861, 94, 44, 50, 330.273725847777, 45
1, 80128, 45768, 34360, 343087.9181150529, 74, 34, 40, 309.1972087668518, 35
1, 80196, 45806, 34390, 343390.7802861555, 68, 38, 30, 302.86217110259, 39
1, 80238, 45848, 34390, 343658.7532756577, 42, 42, 0, 267.97298950218305, 42
1, 80315, 45885, 34430, 343971.47893942427, 77, 37, 40, 312.72566376652986, 38
51, 80403, 45923, 34480, 344295.46037078515, 88, 38, 50, 323.98143136087856, 39
1, 80441, 45961, 34480, 344556.34275040496, 38, 38, 0, 260.88237961983884, 38
1, 80511, 46001, 34510, 344861.6935112569, 70, 40, 30, 305.3507608519078, 41
1, 80588, 46038, 34550, 345174.41917502345, 77, 37, 40, 312.72566376652986, 38
51, 80679, 46079, 34600, 345501.5782369622, 91, 41, 50, 327.1590619387661, 42
1, 80722, 46122, 34600, 345771.2531971653, 43, 43, 0, 269.6749602031015, 43
1, 80799, 46159, 34640, 346083.9788609319, 77, 37, 40, 312.72566376652986, 38
1, 80836, 46196, 34640, 346343.01143238787, 37, 37, 0, 259.03257145596604, 37
51, 80961, 46241, 34720, 346699.58158487605, 125, 45, 80, 356.57015248821097, 47
1, 81010, 46290, 34720, 346978.9567159825, 49, 49, 0, 279.3751311064591, 49
1, 81092, 46332, 34760, 347297.37838582596, 82, 42, 40, 318.42166984345636, 43
1, 81137, 46377, 34760, 347570.3803922371, 45, 45, 0, 273.00200641113514, 45
51, 81264, 46424, 34840, 347928.6800745364, 127, 47, 80, 358.2996822992933, 49
1, 81347, 46467, 34880, 348248.2150224656, 83, 43, 40, 319.5349479292333, 44
1, 81414, 46504, 34910, 348549.81557772326, 67, 37, 30, 301.6005552576305, 38
1, 81449, 46539, 34910, 348805.04550563305, 35, 35, 0, 255.22992790977875, 35
51, 81534, 46574, 34960, 349125.7825333041, 85, 35, 50, 320.73702767108114, 36
1, 81640, 46610, 35030, 349466.05057691375, 106, 36, 70, 340.2680436096278, 38
1, 81687, 46657, 35030, 349742.28362678335, 47, 47, 0, 276.2330498695885, 47
1, 81711, 46681, 35030, 349973.4200107234, 24, 24, 0, 231.13638394006432, 24
51, 81852, 46732, 35120, 350342.41168338887, 141, 51, 90, 368.9916726654594, 53
1, 81934, 46784, 35150, 350661.8333532323, 82, 52, 30, 319.42166984345636, 53
1, 82016, 46826, 35190, 350980.25502307573, 82, 42, 40, 318.42166984345636, 43
1, 82065, 46875, 35190, 351259.6301541822, 49, 49, 0, 279.3751311064591, 49
1, 82106, 46916, 35190, 351525.87410762574, 41, 41, 0, 266.24395344352433, 41
51, 82226, 46956, 35270, 351878.0491995904, 120, 40, 80, 352.1750919646873, 42
1, 82267, 46997, 35270, 352144.29315303394, 41, 41, 0, 266.24395344352433, 41
1, 82346, 47046, 35300, 352460.32390316407, 79, 49, 30, 316.03075013013313, 50
1, 82421, 47081, 35340, 352770.7069988023, 75, 35, 40, 310.38309563827124, 36
1, 82466, 47126, 35340, 353043.70900521346, 45, 45, 0, 273.00200641113514, 45
51, 82593, 47163, 35430, 353401.0086875128, 127, 37, 90, 357.2996822992933, 39
1, 82664, 47204, 35460, 353707.5869983315, 71, 41, 30, 306.57831081870995, 42
1, 82714, 47254, 35460, 353988.50179317873, 50, 50, 0, 280.9147948472494, 50
1, 82764, 47304, 35460, 354269.416588026, 50, 50, 0, 280.9147948472494, 50
1, 82838, 47338, 35500, 354578.6137967928, 74, 34, 40, 309.1972087668518, 35
51, 82932, 47382, 35550, 354908.8875226406, 94, 44, 50, 330.273725847777, 45
1, 83004, 47424, 35580, 355216.68258566497, 72, 42, 30, 307.79506302439404, 43
1, 83039, 47459, 35580, 355471.91251357476, 35, 35, 0, 255.22992790977875, 35
51, 83197, 47497, 35700, 355851.3517228306, 158, 38, 120, 379.43920925585275, 41
1, 83238, 47538, 35700, 356117.59567627416, 41, 41, 0, 266.24395344352433, 41
1, 83310, 47580, 35730, 356425.39073929854, 72, 42, 30, 307.79506302439404, 43
1, 83353, 47623, 35730, 356695.06569950166, 43, 43, 0, 269.6749602031015, 43
51, 83441, 47661, 35780, 357019.04713086254, 88, 38, 50, 323.98143136087856, 39
1, 83509, 47689, 35820, 357320.90930196515, 68, 28, 40, 301.86217110259, 29
1, 83541, 47721, 35820, 357570.1507249657, 32, 32, 0, 249.24142300054422, 32
1, 83584, 47764, 35820, 357839.8256851688, 43, 43, 0, 269.6749602031015, 43
51, 83700, 47800, 35900, 358188.4074886599, 116, 36, 80, 348.5818034911291, 38
1, 83783, 47843, 35940, 358507.9424365891, 83, 43, 40, 319.5349479292333, 44
1, 83817, 47877, 35940, 358761.21607686573, 34, 34, 0, 253.2736402766418, 34
1, 83930, 47920, 36010, 359108.05512073525, 113, 43, 70, 346.83904386951343, 45
51, 84030, 47970, 36060, 359444.3828867521, 100, 50, 50, 336.327766016838, 51
1, 84079, 48019, 36060, 359723.75801785855, 49, 49, 0, 279.3751311064591, 49
1, 84162, 48062, 36100, 360043.29296578775, 83, 43, 40, 319.5349479292333, 44
51, 84246, 48096, 36150, 360362.9329761913, 84, 34, 50, 319.64001040350905, 35
1, 84282, 48132, 36150, 360620.0819504696, 36, 36, 0, 257.1489742783178, 36
1, 84355, 48175, 36180, 360929.08322903875, 73, 43, 30, 309.00127856917646, 44
1, 84401, 48221, 36180, 361203.7122977528, 46, 46, 0, 274.6290687140218, 46
1, 84434, 48254, 36180, 361454.99047044566, 33, 33, 0, 251.27817269284301, 33
51, 84560, 48290, 36270, 361811.4273663291, 126, 36, 90, 356.43689588345075, 38
1, 84611, 48341, 36270, 362093.8618781075, 51, 51, 0, 282.43451177837886, 51
1, 84652, 48382, 36270, 362360.105831551, 41, 41, 0, 266.24395344352433, 41
1, 84720, 48420, 36300, 362662.9680026536, 68, 38, 30, 302.86217110259, 39
1, 84759, 48459, 36300, 362925.6679425976, 39, 39, 0, 262.6999399439383, 39
51, 84847, 48497, 36350, 363249.64937395847, 88, 38, 50, 323.98143136087856, 39
1, 84927, 48537, 36390, 363565.8191302027, 80, 40, 40, 316.1697562442441, 41
1, 84971, 48581, 36390, 363837.17008789285, 44, 44, 0, 271.35095769013947, 44
1, 85043, 48623, 36420, 364144.96515091724, 72, 42, 30, 307.79506302439404, 43
1, 85135, 48675, 36460, 364474.1692523855, 92, 52, 40, 329.20410146824725, 53
51, 85219, 48709, 36510, 364793.80926278903, 84, 34, 50, 319.64001040350905, 35
1, 85296, 48746, 36550, 365106.5349265556, 77, 37, 40, 312.72566376652986, 38
1, 85330, 48780, 36550, 365359.8085668322, 34, 34, 0, 253.2736402766418, 34
1, 85367, 48817, 36550, 365618.8411382882, 37, 37, 0, 259.03257145596604, 37
51, 85494, 48864, 36630, 365977.1408205875, 127, 47, 80, 358.2996822992933, 49
1, 85532, 48902, 36630, 366238.02320020733, 38, 38, 0, 260.88237961983884, 38
1, 85619, 48949, 36670, 366561.93078120507, 87, 47, 40, 323.9075809977351, 48
1, 85665, 48995, 36670, 366836.5598499191, 46, 46, 0, 274.6290687140218, 46
1, 85738, 49038, 36700, 367145.5611284883, 73, 43, 30, 309.00127856917646, 44
51, 85818, 49068, 36750, 367460.7308847325, 80, 30, 50, 315.1697562442441, 31
1, 85859, 49109, 36750, 367726.97483817604, 41, 41, 0, 266.24395344352433, 41
1, 85906, 49156, 36750, 368003.20788804564, 47, 47, 0, 276.2330498695885, 47
51, 86036, 49196, 36840, 368363.07272558415, 130, 40, 90, 359.86483753851803, 42
1, 86103, 49233, 36870, 368664.6732808418, 67, 37, 30, 301.6005552576305, 38
1, 86145, 49275, 36870, 368932.646270344, 42, 42, 0, 267.97298950218305, 42
51, 86245, 49325, 36920, 369268.9740363608, 100, 50, 50, 336.327766016838, 51
1, 86319, 49369, 36950, 369579.1712451276, 74, 44, 30, 310.1972087668518, 45
1, 86402, 49412, 36990, 369898.70619305683, 83, 43, 40, 319.5349479292333, 44
1, 86430, 49440, 36990, 370139.33885643596, 28, 28, 0, 240.63266337912057, 28
1, 86479, 49489, 36990, 370418.71398754243, 49, 49, 0, 279.3751311064591, 49
51, 86569, 49529, 37040, 370744.82101636654, 90, 40, 50, 326.1070288241023, 41
1, 86646, 49566, 37080, 371057.5466801331, 77, 37, 40, 312.72566376652986, 38
1, 86714, 49604, 37110, 371360.4088512357, 68, 38, 30, 302.86217110259, 39
1, 86749, 49639, 37110, 371615.6387791455, 35, 35, 0, 255.22992790977875, 35
1, 86818, 49678, 37140, 371919.7509208557, 69, 39, 30, 304.1121417102006, 40
51, 86901, 49711, 37190, 372238.2858687849, 83, 33, 50, 318.5349479292333, 34
1, 86985, 49755, 37230, 372558.9258791884, 84, 44, 40, 320.64001040350905, 45
1, 87022, 49792, 37230, 372817.9584506444, 37, 37, 0, 259.03257145596604, 37
1, 87065, 49835, 37230, 373087.6334108475, 43, 43, 0, 269.6749602031015, 43
51, 87150, 49870, 37280, 373408.3704385186, 85, 35, 50, 320.73702767108114, 36
1, 87231, 49921, 37310, 373726.6704385186, 81, 51, 30, 318.3, 52
1, 87262, 49952, 37310, 373973.83154469565, 31, 31, 0, 247.1611061770567, 31
1, 87344, 49994, 37350, 374292.2532145391, 82, 42, 40, 318.42166984345636, 43
51, 87435, 50035, 37400, 374619.41227647784, 91, 41, 50, 327.1590619387661, 42
1, 87502, 50072, 37430, 374921.0128317355, 67, 37, 30, 301.6005552576305, 38
1, 87547, 50117, 37430, 375194.0148381466, 45, 45, 0, 273.00200641113514, 45
1, 87584, 50154, 37430, 375453.0474096026, 37, 37, 0, 259.03257145596604, 37
51, 87741, 50191, 37550, 375831.7243027205, 157, 37, 120, 378.67689311792185, 40
1, 87786, 50236, 37550, 376104.72630913166, 45, 45, 0, 273.00200641113514, 45
1, 87827, 50277, 37550, 376370.9702625752, 41, 41, 0, 266.24395344352433, 41
1, 87909, 50319, 37590, 376689.3919324186, 82, 42, 40, 318.42166984345636, 43
51, 87995, 50355, 37640, 377011.2180970662, 86, 36, 50, 321.82616464756694, 37
1, 88039, 50399, 37640, 377282.5690547564, 44, 44, 0, 271.35095769013947, 44
1, 88109, 50439, 37670, 377587.9198156083, 70, 40, 30, 305.3507608519078, 41
1, 88141, 50471, 37670, 377837.1612386088, 32, 32, 0, 249.24142300054422, 32
51, 88269, 50509, 37760, 378195.31980471034, 128, 38, 90, 358.1585661014858, 40
1, 88300, 50540, 37760, 378442.4809108874, 31, 31, 0, 247.1611061770567, 31
1, 88336, 50576, 37760, 378699.6298851657, 36, 36, 0, 257.1489742783178, 36
1, 88382, 50622, 37760, 378974.25895387976, 46, 46, 0, 274.6290687140218, 46
51, 88544, 50664, 37880, 379356.72108838055, 162, 42, 120, 382.4621345008163, 45
1, 88573, 50693, 37880, 379599.5806670912, 29, 29, 0, 242.8595787106084, 29
1, 88620, 50740, 37880, 379875.8137169608, 47, 47, 0, 276.2330498695885, 47
1, 88665, 50785, 37880, 380148.8157233719, 45, 45, 0, 273.00200641113514, 45
51, 88755, 50825, 37930, 380474.922752196, 90, 40, 50, 326.1070288241023, 41
1, 88823, 50863, 37960, 380777.78492329863, 68, 38, 30, 302.86217110259, 39
1, 88902, 50902, 38000, 381092.81567342876, 79, 39, 40, 315.03075013013313, 40
1, 88940, 50940, 38000, 381353.6980530486, 38, 38, 0, 260.88237961983884, 38
51, 89024, 50974, 38050, 381673.3380634521, 84, 34, 50, 319.64001040350905, 35
1, 89095, 51015, 38080, 381979.9163742708, 71, 41, 30, 306.57831081870995, 42
1, 89169, 51049, 38120, 382289.11358303763, 74, 34, 40, 309.1972087668518, 35
1, 89214, 51094, 38120, 382562.1155894488, 45, 45, 0, 273.00200641113514, 45
51, 89309, 51139, 38170, 382893.414153584, 95, 45, 50, 331.2985641352145, 46
1, 89357, 51187, 38170, 383171.2289561745, 48, 48, 0, 277.8148025904985, 48
1, 89397, 51227, 38170, 383435.7156421111, 40, 40, 0, 264.4866859365871, 40
1, 89470, 51270, 38200, 383744.71692068025, 73, 43, 30, 309.00127856917646, 44
51, 89591, 51301, 38290, 384096.7793997158, 121, 31, 90, 352.06247903554, 33
1, 89631, 51341, 38290, 384361.26608565234, 40, 40, 0, 264.4866859365871, 40
1, 89664, 51374, 38290, 384612.5442583452, 33, 33, 0, 251.27817269284301, 33
1, 89706, 51416, 38290, 384880.5172478474, 42, 42, 0, 267.97298950218305, 42
51, 89799, 51459, 38340, 385209.75952775456, 93, 43, 50, 329.24227990714814, 44
1, 89876, 51506, 38370, 385523.4851915211, 77, 47, 30, 313.72566376652986, 48
1, 89955, 51545, 38410, 385838.51594165125, 79, 39, 40, 315.03075013013313, 40
1, 89999, 51589, 38410, 386109.8668993414, 44, 44, 0, 271.35095769013947, 44
1, 90082, 51632, 38450, 386429.4018472706, 83, 43, 40, 319.5349479292333, 44
51, 90200, 51670, 38530, 386779.78917243954, 118, 38, 80, 350.3873251689181, 40
1, 90244, 51714, 38530, 387051.1401301297, 44, 44, 0, 271.35095769013947, 44
1, 90281, 51751, 38530, 387310.1727015857, 37, 37, 0, 259.03257145596604, 37
1, 90322, 51792, 38530, 387576.4166550292, 41, 41, 0, 266.24395344352433, 41
51, 90478, 51828, 38650, 387954.3285393342, 156, 36, 120, 377.9118843049396, 39
1, 90522, 51872, 38650, 388225.67949702434, 44, 44, 0, 271.35095769013947, 44
1, 90570, 51920, 38650, 388503.49429961486, 48, 48, 0, 277.8148025904985, 48
51, 90660, 51960, 38700, 388829.60132843896, 90, 40, 50, 326.1070288241023, 41
1, 90736, 52006, 38730, 389142.1605008127, 76, 46, 30, 312.5591723737189, 47
1, 90814, 52044, 38770, 389456.04328743275, 78, 38, 40, 313.8827866200841, 39
51, 90911, 52091, 38820, 389789.37218670425, 97, 47, 50, 333.3288992714996, 48
1, 90953, 52133, 38820, 390057.34517620644, 42, 42, 0, 267.97298950218305, 42
1, 90996, 52176, 38820, 390327.02013640956, 43, 43, 0, 269.6749602031015, 43
1, 91061, 52211, 38850, 390626.06128785294, 65, 35, 30, 299.04115144336777, 36
51, 91190, 52250, 38940, 390985.0748883441, 129, 39, 90, 359.01360049114555, 41
1, 91235, 52295, 38940, 391258.07689475524, 45, 45, 0, 273.00200641113514, 45
1, 91304, 52334, 38970, 391562.1890364654, 69, 39, 30, 304.1121417102006, 40
1, 91345, 52375, 38970, 391828.43298990896, 41, 41, 0, 266.24395344352433, 41
51, 91475, 52415, 39060, 392188.2978274475, 130, 40, 90, 359.86483753851803, 42
1, 91541, 52451, 39090, 392488.6248157247, 66, 36, 30, 300.32698827717985, 37
1, 91586, 52496, 39090, 392761.6268221358, 45, 45, 0, 273.00200641113514, 45
51, 91667, 52527, 39140, 393077.9268221358, 81, 31, 50, 316.3, 32
1, 91737, 52557, 39180, 393382.27758298774, 70, 30, 40, 304.3507608519078, 31
1, 91774, 52594, 39180, 393641.3101544437, 37, 37, 0, 259.03257145596604, 37
1, 91886, 52636, 39250, 393987.2254667833, 112, 42, 70, 345.91531233955715, 44
51, 91974, 52674, 39300, 394311.20689814416, 88, 38, 50, 323.98143136087856, 39
1, 92010, 52710, 39300, 394568.35587242246, 36, 36, 0, 257.1489742783178, 36
1, 92089, 52749, 39340, 394883.3866225526, 79, 39, 40, 315.03075013013313, 40
51, 92184, 52794, 39390, 395214.6851866878, 95, 45, 50, 331.2985641352145, 46
1, 92227, 52837, 39390, 395484.3601468909, 43, 43, 0, 269.6749602031015, 43
1, 92296, 52876, 39420, 395788.4722886011, 69, 39, 30, 304.1121417102006, 40
51, 92390, 52920, 39470, 396118.7460144489, 94, 44, 50, 330.273725847777, 45
1, 92475, 52965, 39510, 396440.48304211994, 85, 45, 40, 321.73702767108114, 46
1, 92522, 53012, 39510, 396716.71609198954, 47, 47, 0, 276.2330498695885, 47
1, 92570, 53060, 39510, 396994.53089458006, 48, 48, 0, 277.8148025904985, 48
51, 92659, 53099, 39560, 397319.5787601441, 89, 39, 50, 325.0478655640733, 40
1, 92731, 53141, 39590, 397627.3738231685, 72, 42, 30, 307.79506302439404, 43
1, 92768, 53178, 39590, 397886.4063946245, 37, 37, 0, 259.03257145596604, 37
51, 92925, 53215, 39710, 398265.0832877424, 157, 37, 120, 378.67689311792185, 40
1, 92962, 53252, 39710, 398524.1158591984, 37, 37, 0, 259.03257145596604, 37
1, 93013, 53303, 39710, 398806.55037097674, 51, 51, 0, 282.43451177837886, 51
1, 93054, 53344, 39710, 399072.7943244203, 41, 41, 0, 266.24395344352433, 41
1, 93096, 53386, 39710, 399340.76731392246, 42, 42, 0, 267.97298950218305, 42
51, 93260, 53430, 39830, 399724.7255047588, 164, 44, 120, 383.9581908363381, 47
1, 93293, 53463, 39830, 399976.0036774517, 33, 33, 0, 251.27817269284301, 33
1, 93325, 53495, 39830, 400225.2451004522, 32, 32, 0, 249.24142300054422, 32
1, 93438, 53538, 39900, 400572.08414432174, 113, 43, 70, 346.83904386951343, 45
51, 93524, 53574, 39950, 400893.9103089693, 86, 36, 50, 321.82616464756694, 37
1, 93602, 53612, 39990, 401207.7930955894, 78, 38, 40, 313.8827866200841, 39
1, 93680, 53660, 40020, 401522.67588220944, 78, 48, 30, 314.8827866200841, 49
1, 93719, 53699, 40020, 401785.3758221534, 39, 39, 0, 262.6999399439383, 39
51, 93814, 53744, 40070, 402116.6743862886, 95, 45, 50, 331.2985641352145, 46
1, 93854, 53784, 40070, 402381.1610722252, 40, 40, 0, 264.4866859365871, 40
1, 93935, 53825, 40110, 402698.4610722252, 81, 41, 40, 317.3, 42
1, 93968, 53858, 40110, 402949.73924491805, 33, 33, 0, 251.27817269284301, 33
51, 94123, 53893, 40230, 403326.8833974555, 155, 35, 120, 377.14415253747273, 38
1, 94154, 53924, 40230, 403574.0445036326, 31, 31, 0, 247.1611061770567, 31
1, 94191, 53961, 40230, 403833.0770750886, 37, 37, 0, 259.03257145596604, 37
51, 94278, 53998, 40280, 404155.9846560863, 87, 37, 50, 322.9075809977351, 38
1, 94317, 54037, 40280, 404418.6845960303, 39, 39, 0, 262.6999399439383, 39
1, 94355, 54075, 40280, 404679.5669756501, 38, 38, 0, 260.88237961983884, 38
1, 94464, 54114, 40350, 405022.68160714966, 109, 39, 70, 343.114631499574, 41
1, 94502, 54152, 40350, 405283.56398676947, 38, 38, 0, 260.88237961983884, 38
51, 94632, 54192, 40440, 405643.428824308, 130, 40, 90, 359.86483753851803, 42
1, 94667, 54227, 40440, 405898.6587522178, 35, 35, 0, 255.22992790977875, 35
1, 94699, 54259, 40440, 406147.9001752183, 32, 32, 0, 249.24142300054422, 32
1, 94736, 54296, 40440, 406406.9327466743, 37, 37, 0, 259.03257145596604, 37
51, 94899, 54339, 40560, 406790.1441701525, 163, 43, 120, 383.21142347822723, 46
1, 94940, 54380, 40560, 407056.388123596, 41, 41, 0, 266.24395344352433, 41
1, 95010, 54420, 40590, 407361.73888444796, 70, 40, 30, 305.3507608519078, 41
1, 95056, 54466, 40590, 407636.367953162, 46, 46, 0, 274.6290687140218, 46
51, 95144, 54504, 40640, 407960.3493845229, 88, 38, 50, 323.98143136087856, 39
1, 95245, 54535, 40710, 408295.76477249514, 101, 31, 70, 335.41538797227, 33
1, 95280, 54570, 40710, 408550.99470040493, 35, 35, 0, 255.22992790977875, 35
51, 95398, 54608, 40790, 408901.38202557387, 118, 38, 80, 350.3873251689181, 40
1, 95443, 54653, 40790, 409174.384031985, 45, 45, 0, 273.00200641113514, 45
1, 95512, 54692, 40820, 409478.4961736952, 69, 39, 30, 304.1121417102006, 40
1, 95591, 54731, 40860, 409793.5269238253, 79, 39, 40, 315.03075013013313, 40
51, 95686, 54776, 40910, 410124.82548796054, 95, 45, 50, 331.2985641352145, 46
1, 95749, 54809, 40940, 410421.2568126867, 63, 33, 30, 296.43132472612575, 34
1, 95781, 54841, 40940, 410670.4982356872, 32, 32, 0, 249.24142300054422, 32
1, 95815, 54875, 40940, 410923.77187596384, 34, 34, 0, 253.2736402766418, 34
51, 95982, 54922, 41060, 411309.95550540084, 167, 47, 120, 386.1836294370035, 50
1, 96024, 54964, 41060, 411577.928494903, 42, 42, 0, 267.97298950218305, 42
1, 96066, 55006, 41060, 411845.9014844052, 42, 42, 0, 267.97298950218305, 42
1, 96131, 55041, 41090, 412144.9426358486, 65, 35, 30, 299.04115144336777, 36
1, 96211, 55081, 41130, 412461.1123920928, 80, 40, 40, 316.1697562442441, 41
51, 96334, 55124, 41210, 412815.9369633546, 123, 43, 80, 354.8245712617827, 45
1, 96372, 55162, 41210, 413076.8193429744, 38, 38, 0, 260.88237961983884, 38
1, 96411, 55201, 41210, 413339.51928291837, 39, 39, 0, 262.6999399439383, 39
1, 96447, 55237, 41210, 413596.66825719667, 36, 36, 0, 257.1489742783178, 36
51, 96543, 55283, 41260, 413928.9851732113, 96, 46, 50, 332.31691601465747, 47
1, 96621, 55321, 41300, 414242.8679598314, 78, 38, 40, 313.8827866200841, 39
1, 96697, 55367, 41330, 414555.4271322051, 76, 46, 30, 312.5591723737189, 47
1, 96735, 55405, 41330, 414816.3095118249, 38, 38, 0, 260.88237961983884, 38
51, 96869, 55449, 41420, 415179.54232774355, 134, 44, 90, 363.23281591860336, 46
1, 96941, 55491, 41450, 415487.33739076793, 72, 42, 30, 307.79506302439404, 43
1, 96981, 55531, 41450, 415751.8240767045, 40, 40, 0, 264.4866859365871, 40
1, 97034, 55584, 41450, 416037.24086434534, 53, 53, 0, 285.4167876408086, 53
51, 97133, 55633, 41500, 416372.57507889834, 99, 49, 50, 335.33421455299043, 50
1, 97242, 55672, 41570, 416715.6897103979, 109, 39, 70, 343.114631499574, 41
1, 97282, 55712, 41570, 416980.1763963345, 40, 40, 0, 264.4866859365871, 40
51, 97377, 55757, 41620, 417311.4749604697, 95, 45, 50, 331.2985641352145, 46
1, 97441, 55791, 41650, 417609.2176729443, 64, 34, 30, 297.742712474619, 35
1, 97482, 55832, 41650, 417875.46162638784, 41, 41, 0, 266.24395344352433, 41
1, 97564, 55874, 41690, 418193.8832962313, 82, 42, 40, 318.42166984345636, 43
1, 97606, 55916, 41690, 418461.85628573346, 42, 42, 0, 267.97298950218305, 42
51, 97704, 55964, 41740, 418796.19091409806, 98, 48, 50, 334.33462836457886, 49
1, 97736, 55996, 41740, 419045.4323370986, 32, 32, 0, 249.24142300054422, 32
1, 97847, 56037, 41810, 419390.4190551394, 111, 41, 70, 344.9867180408456, 43
1, 97890, 56080, 41810, 419660.09401534253, 43, 43, 0, 269.6749602031015, 43
51, 98024, 56124, 41900, 420023.32683126116, 134, 44, 90, 363.23281591860336, 46
1, 98057, 56157, 41900, 420274.605003954, 33, 33, 0, 251.27817269284301, 33
1, 98101, 56201, 41900, 420545.9559616442, 44, 44, 0, 271.35095769013947, 44
1, 98171, 56231, 41940, 420850.3067224961, 70, 30, 40, 304.3507608519078, 31
51, 98286, 56266, 42020, 421197.9789395583, 115, 35, 80, 347.6722170622053, 37
1, 98326, 56306, 42020, 421462.4656254949, 40, 40, 0, 264.4866859365871, 40
1, 98388, 56338, 42050, 421757.57225182455, 62, 32, 30, 295.1066263296683, 33
51, 98471, 56371, 42100, 422076.10719975375, 83, 33, 50, 318.5349479292333, 34
1, 98554, 56414, 42140, 422395.64214768296, 83, 43, 40, 319.5349479292333, 44
1, 98592, 56452, 42140, 422656.52452730277, 38, 38, 0, 260.88237961983884, 38
51, 98708, 56488, 42220, 423005.1063307939, 116, 36, 80, 348.5818034911291, 38
1, 98743, 56523, 42220, 423260.33625870367, 35, 35, 0, 255.22992790977875, 35
1, 98820, 56560, 42260, 423573.0619224702, 77, 37, 40, 312.72566376652986, 38
1, 98863, 56603, 42260, 423842.73688267334, 43, 43, 0, 269.6749602031015, 43
51, 98966, 56656, 42310, 424182.01013272884, 103, 53, 50, 339.27325005549693, 54
1, 99018, 56708, 42310, 424465.9450941571, 52, 52, 0, 283.93496142826496, 52
1, 99130, 56750, 42380, 424811.8604064967, 112, 42, 70, 345.91531233955715, 44
1, 99167, 56787, 42380, 425070.89297795267, 37, 37, 0, 259.03257145596604, 37
1, 99217, 56837, 42380, 425351.8077727999, 50, 50, 0, 280.9147948472494, 50
51, 99342, 56872, 42470, 425707.3779252881, 125, 35, 90, 355.57015248821097, 37
1, 99387, 56917, 42470, 425980.37993169925, 45, 45, 0, 273.00200641113514, 45
1, 99453, 56953, 42500, 426280.70691997645, 66, 36, 30, 300.32698827717985, 37
1, 99494, 56994, 42500, 426546.95087342, 41, 41, 0, 266.24395344352433, 41
1, 99529, 57029, 42500, 426802.1808013298, 35, 35, 0, 255.22992790977875, 35
51, 99668, 57078, 42590, 427169.54396363103, 139, 49, 90, 367.36316230125203, 51
1, 99742, 57122, 42620, 427479.74117239786, 74, 44, 30, 310.1972087668518, 45
1, 99784, 57164, 42620, 427747.71416190005, 42, 42, 0, 267.97298950218305, 42
1, 99828, 57208, 42620, 428019.0651195902, 44, 44, 0, 271.35095769013947, 44
1, 99907, 57247, 42660, 428334.09586972033, 79, 39, 40, 315.03075013013313, 40
51, 100030, 57290, 42740, 428688.9204409821, 123, 43, 80, 354.8245712617827, 45
1, 100081, 57341, 42740, 428971.35495276045, 51, 51, 0, 282.43451177837886, 51
1, 100127, 57387, 42740, 429245.9840214745, 46, 46, 0, 274.6290687140218, 46
1, 100161, 57421, 42740, 429499.2576617511, 34, 34, 0, 253.2736402766418, 34
51, 100281, 57451, 42830, 429850.4327537158, 120, 30, 90, 351.1750919646873, 32
1, 100332, 57502, 42830, 430132.86726549413, 51, 51, 0, 282.43451177837886, 51
1, 100441, 57541, 42900, 430475.9818969937, 109, 39, 70, 343.114631499574, 41
1, 100483, 57583, 42900, 430743.9548864959, 42, 42, 0, 267.97298950218305, 42
51, 100603, 57623, 42980, 431096.12997846055, 120, 40, 80, 352.1750919646873, 42
1, 100652, 57672, 42980, 431375.505109567, 49, 49, 0, 279.3751311064591, 49
1, 100695, 57715, 42980, 431645.18006977014, 43, 43, 0, 269.6749602031015, 43
51, 100821, 57751, 43070, 432001.6169656536, 126, 36, 90, 356.43689588345075, 38
1, 100855, 57785, 43070, 432254.89060593024, 34, 34, 0, 253.2736402766418, 34
1, 100899, 57829, 43070, 432526.2415636204, 44, 44, 0, 271.35095769013947, 44
1, 101005, 57865, 43140, 432866.50960723, 106, 36, 70, 340.2680436096278, 38
1, 101044, 57904, 43140, 433129.209547174, 39, 39, 0, 262.6999399439383, 39
51, 101130, 57940, 43190, 433451.0357118216, 86, 36, 50, 321.82616464756694, 37
1, 101173, 57983, 43190, 433720.7106720247, 43, 43, 0, 269.6749602031015, 43
1, 101240, 58020, 43220, 434022.31122728233, 67, 37, 30, 301.6005552576305, 38
1, 101273, 58053, 43220, 434273.5893999752, 33, 33, 0, 251.27817269284301, 33
51, 101433, 58093, 43340, 434654.545281983, 160, 40, 120, 380.95588200778457, 43
1, 101476, 58136, 43340, 434924.2202421861, 43, 43, 0, 269.6749602031015, 43
1, 101553, 58173, 43380, 435236.94590595266, 77, 37, 40, 312.72566376652986, 38
1, 101586, 58206, 43380, 435488.2240786455, 33, 33, 0, 251.27817269284301, 33
1, 101631, 58251, 43380, 435761.22608505667, 45, 45, 0, 273.00200641113514, 45
51, 101723, 58293, 43430, 436089.4301865249, 92, 42, 50, 328.20410146824725, 43
1, 101823, 58323, 43500, 436423.8579525418, 100, 30, 70, 334.42776601683795, 32
1, 101860, 58360, 43500, 436682.8905239978, 37, 37, 0, 259.03257145596604, 37
51, 101947, 58397, 43550, 437005.7981049955, 87, 37, 50, 322.9075809977351, 38
1, 102019, 58429, 43590, 437312.5931680199, 72, 32, 40, 306.79506302439404, 33
1, 102096, 58476, 43620, 437626.31883178646, 77, 47, 30, 313.72566376652986, 48
51, 102197, 58527, 43670, 437963.63421975874, 101, 51, 50, 337.31538797227006, 52
1, 102273, 58563, 43710, 438275.19339213247, 76, 36, 40, 311.5591723737189, 37
1, 102314, 58604, 43710, 438541.437345576, 41, 41, 0, 266.24395344352433, 41
1, 102360, 58650, 43710, 438816.06641429005, 46, 46, 0, 274.6290687140218, 46
51, 102481, 58691, 43790, 439169.1288933256, 121, 41, 80, 353.06247903554, 43
1, 102522, 58732, 43790, 439435.3728467691, 41, 41, 0, 266.24395344352433, 41
1, 102590, 58760, 43830, 439737.2350178717, 68, 28, 40, 301.86217110259, 29
51, 102714, 58804, 43910, 440092.93441441987, 124, 44, 80, 355.6993965481514, 46
1, 102760, 58850, 43910, 440367.5634831339, 46, 46, 0, 274.6290687140218, 46
1, 102800, 58890, 43910, 440632.0501690705, 40, 40, 0, 264.4866859365871, 40
1, 102876, 58926, 43950, 440943.6093414442, 76, 36, 40, 311.5591723737189, 37
51, 102967, 58967, 44000, 441270.768403383, 91, 41, 50, 327.1590619387661, 42
1, 103039, 59009, 44030, 441578.56346640736, 72, 42, 30, 307.79506302439404, 43
1, 103076, 59046, 44030, 441837.59603786335, 37, 37, 0, 259.03257145596604, 37
1, 103154, 59084, 44070, 442151.4788244834, 78, 38, 40, 313.8827866200841, 39
51, 103277, 59127, 44150, 442506.30339574517, 123, 43, 80, 354.8245712617827, 45
1, 103365, 59175, 44190, 442831.28482710605, 88, 48, 40, 324.98143136087856, 49
1, 103404, 59214, 44190, 443093.98476705, 39, 39, 0, 262.6999399439383, 39
51, 103499, 59259, 44240, 443425.28333118523, 95, 45, 50, 331.2985641352145, 46
1, 103534, 59294, 44240, 443680.513259095, 35, 35, 0, 255.22992790977875, 35
1, 103625, 59345, 44280, 444008.6723210338, 91, 51, 40, 328.1590619387661, 52
51, 103743, 59383, 44360, 444359.0596462027, 118, 38, 80, 350.3873251689181, 40
1, 103786, 59426, 44360, 444628.73460640584, 43, 43, 0, 269.6749602031015, 43
1, 103870, 59470, 44400, 444949.37461680936, 84, 44, 40, 320.64001040350905, 45
1, 103934, 59504, 44430, 445247.11732928397, 64, 34, 30, 297.742712474619, 35
51, 104028, 59548, 44480, 445577.39105513174, 94, 44, 50, 330.273725847777, 45
1, 104098, 59588, 44510, 445882.74181598367, 70, 40, 30, 305.3507608519078, 41
1, 104134, 59624, 44510, 446139.89079026197, 36, 36, 0, 257.1489742783178, 36
1, 104163, 59653, 44510, 446382.7503689726, 29, 29, 0, 242.8595787106084, 29
51, 104297, 59697, 44600, 446745.9831848912, 134, 44, 90, 363.23281591860336, 46
1, 104336, 59736, 44600, 447008.6831248352, 39, 39, 0, 262.6999399439383, 39
1, 104373, 59773, 44600, 447267.7156962912, 37, 37, 0, 259.03257145596604, 37
1, 104478, 59808, 44670, 447607.02428358555, 105, 35, 70, 339.30858729436795, 37
51, 104565, 59845, 44720, 447929.9318645833, 87, 37, 50, 322.9075809977351, 38
1, 104607, 59887, 44720, 448197.9048540855, 42, 42, 0, 267.97298950218305, 42
1, 104651, 59931, 44720, 448469.2558117756, 44, 44, 0, 271.35095769013947, 44
51, 104774, 59964, 44810, 448823.0803830374, 123, 33, 90, 353.8245712617827, 35
1, 104817, 60007, 44810, 449092.7553432405, 43, 43, 0, 269.6749602031015, 43
1, 104895, 60055, 44840, 449407.63812986057, 78, 48, 30, 314.8827866200841, 49
51, 105025, 60095, 44930, 449767.5029673991, 130, 40, 90, 359.86483753851803, 42
1, 105095, 60135, 44960, 450072.853728251, 70, 40, 30, 305.3507608519078, 41
1, 105137, 60177, 44960, 450340.8267177532, 42, 42, 0, 267.97298950218305, 42
1, 105209, 60219, 44990, 450648.6217807776, 72, 42, 30, 307.79506302439404, 43
1, 105250, 60260, 44990, 450914.8657342211, 41, 41, 0, 266.24395344352433, 41
51, 105347, 60307, 45040, 451248.1946334926, 97, 47, 50, 333.3288992714996, 48
1, 105411, 60331, 45080, 451544.9373459672, 64, 24, 40, 296.742712474619, 25
1, 105483, 60373, 45110, 451852.7324089916, 72, 42, 30, 307.79506302439404, 43
1, 105527, 60417, 45110, 452124.08336668176, 44, 44, 0, 271.35095769013947, 44
51, 105617, 60457, 45160, 452450.19039550587, 90, 40, 50, 326.1070288241023, 41
1, 105689, 60499, 45190, 452757.98545853025, 72, 42, 30, 307.79506302439404, 43
1, 105728, 60538, 45190, 453020.6853984742, 39, 39, 0, 262.6999399439383, 39
1, 105808, 60578, 45230, 453336.85515471845, 80, 40, 40, 316.1697562442441, 41
1, 105849, 60619, 45230, 453603.099108162, 41, 41, 0, 266.24395344352433, 41
51, 105932, 60652, 45280, 453921.6340560912, 83, 33, 50, 318.5349479292333, 34
1, 106000, 60690, 45310, 454224.4962271938, 68, 38, 30, 302.86217110259, 39
1, 106038, 60728, 45310, 454485.3786068136, 38, 38, 0, 260.88237961983884, 38
1, 106122, 60772, 45350, 454806.01861721714, 84, 44, 40, 320.64001040350905, 45
51, 106223, 60823, 45400, 455143.3340051894, 101, 51, 50, 337.31538797227006, 52
1, 106263, 60863, 45400, 455407.820691126, 40, 40, 0, 264.4866859365871, 40
1, 106324, 60894, 45430, 455701.5889303931, 61, 31, 30, 293.7682392671241, 32
1, 106407, 60937, 45470, 456021.1238783223, 83, 43, 40, 319.5349479292333, 44
51, 106490, 60970, 45520, 456339.6588262515, 83, 33, 50, 318.5349479292333, 34
1, 106529, 61009, 45520, 456602.3587661955, 39, 39, 0, 262.6999399439383, 39
1, 106598, 61048, 45550, 456906.47090790566, 69, 39, 30, 304.1121417102006, 40
1, 106636, 61086, 45550, 457167.3532875255, 38, 38, 0, 260.88237961983884, 38
51, 106755, 61125, 45630, 457518.6366827278, 119, 39, 80, 351.28339520229764, 41
1, 106827, 61157, 45670, 457825.43174575217, 72, 32, 40, 306.79506302439404, 33
1, 106867, 61197, 45670, 458089.91843168874, 40, 40, 0, 264.4866859365871, 40
1, 106939, 61239, 45700, 458397.7134947131, 72, 42, 30, 307.79506302439404, 43
51, 107029, 61279, 45750, 458723.82052353723, 90, 40, 50, 326.1070288241023, 41
1, 107110, 61320, 45790, 459041.1205235372, 81, 41, 40, 317.3, 42
1, 107174, 61354, 45820, 459338.8632360118, 64, 34, 30, 297.742712474619, 35
1, 107209, 61389, 45820, 459594.0931639216, 35, 35, 0, 255.22992790977875, 35
1, 107245, 61425, 45820, 459851.2421381999, 36, 36, 0, 257.1489742783178, 36
51, 107371, 61461, 45910, 460207.6790340834, 126, 36, 90, 356.43689588345075, 38
1, 107445, 61505, 45940, 460517.8762428502, 74, 44, 30, 310.1972087668518, 45
1, 107494, 61554, 45940, 460797.2513739567, 49, 49, 0, 279.3751311064591, 49
51, 107581, 61591, 45990, 461120.1589549544, 87, 37, 50, 322.9075809977351, 38
1, 107614, 61624, 45990, 461371.4371276473, 33, 33, 0, 251.27817269284301, 33
1, 107698, 61668, 46030, 461692.0771380508, 84, 44, 40, 320.64001040350905, 45
1, 107732, 61702, 46030, 461945.35077832744, 34, 34, 0, 253.2736402766418, 34
51, 107854, 61744, 46110, 462299.29639688117, 122, 42, 80, 353.9456185537469, 44
1, 107885, 61775, 46110, 462546.45750305825, 31, 31, 0, 247.1611061770567, 31
1, 107915, 61805, 46110, 462791.4922349903, 30, 30, 0, 245.0347319320716, 30
1, 107992, 61842, 46150, 463104.21789875685, 77, 37, 40, 312.72566376652986, 38
51, 108112, 61882, 46230, 463456.3929907215, 120, 40, 80, 352.1750919646873, 42
1, 108155, 61925, 46230, 463726.0679509246, 43, 43, 0, 269.6749602031015, 43
1, 108187, 61957, 46230, 463975.30937392515, 32, 32, 0, 249.24142300054422, 32
1, 108229, 61999, 46230, 464243.28236342734, 42, 42, 0, 267.97298950218305, 42
51, 108358, 62038, 46320, 464602.2959639185, 129, 39, 90, 359.01360049114555, 41
1, 108393, 62073, 46320, 464857.5258918283, 35, 35, 0, 255.22992790977875, 35
1, 108464, 62114, 46350, 465164.104202647, 71, 41, 30, 306.57831081870995, 42
1, 108553, 62163, 46390, 465490.15206821106, 89, 49, 40, 326.0478655640733, 50
51, 108641, 62201, 46440, 465814.13349957194, 88, 38, 50, 323.98143136087856, 39
1, 108706, 62236, 46470, 466113.1746510153, 65, 35, 30, 299.04115144336777, 36
1, 108749, 62279, 46470, 466382.84961121844, 43, 43, 0, 269.6749602031015, 43
1, 108824, 62324, 46500, 466694.2327068567, 75, 45, 30, 311.38309563827124, 46
1, 108868, 62368, 46500, 466965.58366454684, 44, 44, 0, 271.35095769013947, 44
51, 109030, 62410, 46620, 467348.0457990476, 162, 42, 120, 382.4621345008163, 45
1, 109057, 62437, 46620, 467586.3965047431, 27, 27, 0, 238.35070569547776, 27
1, 109095, 62475, 46620, 467847.2788843629, 38, 38, 0, 260.88237961983884, 38
1, 109186, 62526, 46660, 468175.43794630165, 91, 51, 40, 328.1590619387661, 52
51, 109304, 62564, 46740, 468525.8252714706, 118, 38, 80, 350.3873251689181, 40
1, 109378, 62598, 46780, 468835.0224802374, 74, 34, 40, 309.1972087668518, 35
1, 109447, 62637, 46810, 469139.1346219476, 69, 39, 30, 304.1121417102006, 40
1, 109488, 62678, 46810, 469405.37857539114, 41, 41, 0, 266.24395344352433, 41
51, 109620, 62720, 46900, 469766.9346978181, 132, 42, 90, 361.55612242701943, 44
1, 109678, 62778, 46900, 470059.50159992534, 58, 58, 0, 292.5669021071895, 58
1, 109743, 62813, 46930, 470358.5427513687, 65, 35, 30, 299.04115144336777, 36
51, 109831, 62851, 46980, 470682.5241827296, 88, 38, 50, 323.98143136087856, 39
1, 109890, 62880, 47010, 470973.5729829772, 59, 29, 30, 291.0488002476036, 30
1, 109974, 62924, 47050, 471294.21299338073, 84, 44, 40, 320.64001040350905, 45
51, 110066, 62966, 47100, 471622.417094849, 92, 42, 50, 328.20410146824725, 43
1, 110108, 63008, 47100, 471890.3900843512, 42, 42, 0, 267.97298950218305, 42
1, 110180, 63050, 47130, 472198.18514737557, 72, 42, 30, 307.79506302439404, 43
51, 110277, 63097, 47180, 472531.51404664706, 97, 47, 50, 333.3288992714996, 48
1, 110320, 63140, 47180, 472801.1890068502, 43, 43, 0, 269.6749602031015, 43
1, 110400, 63180, 47220, 473117.3587630944, 80, 40, 40, 316.1697562442441, 41
1, 110475, 63225, 47250, 473428.74185873265, 75, 45, 30, 311.38309563827124, 46
51, 110573, 63273, 47300, 473763.07648709725, 98, 48, 50, 334.33462836457886, 49
1, 110641, 63301, 47340, 474064.93865819986, 68, 28, 40, 301.86217110259, 29
1, 110719, 63349, 47370, 474379.8214448199, 78, 48, 30, 314.8827866200841, 49
1, 110761, 63391, 47370, 474647.7944343221, 42, 42, 0, 267.97298950218305, 42
51, 110851, 63431, 47420, 474973.9014631462, 90, 40, 50, 326.1070288241023, 41
1, 110934, 63474, 47460, 475293.4364110754, 83, 43, 40, 319.5349479292333, 44
1, 110999, 63509, 47490, 475592.4775625188, 65, 35, 30, 299.04115144336777, 36
1, 111036, 63546, 47490, 475851.5101339748, 37, 37, 0, 259.03257145596604, 37
1, 111110, 63590, 47520, 476161.7073427416, 74, 44, 30, 310.1972087668518, 45
51, 111247, 63637, 47610, 476527.42866494646, 137, 47, 90, 365.72132220485213, 49
1, 111290, 63680, 47610, 476797.1036251496, 43, 43, 0, 269.6749602031015, 43
1, 111324, 63714, 47610, 477050.3772654262, 34, 34, 0, 253.2736402766418, 34
51, 111411, 63751, 47660, 477373.28484642395, 87, 37, 50, 322.9075809977351, 38
1, 111534, 63804, 47730, 477729.1094176857, 123, 53, 70, 355.8245712617827, 55
1, 111578, 63848, 47730, 478000.4603753759, 44, 44, 0, 271.35095769013947, 44
1, 111612, 63882, 47730, 478253.7340156525, 34, 34, 0, 253.2736402766418, 34
51, 111736, 63916, 47820, 478608.43341220065, 124, 34, 90, 354.6993965481514, 36
1, 111776, 63956, 47820, 478872.9200981372, 40, 40, 0, 264.4866859365871, 40
1, 111826, 64006, 47820, 479153.8348929845, 50, 50, 0, 280.9147948472494, 50
1, 111935, 64045, 47890, 479496.94952448405, 109, 39, 70, 343.114631499574, 41
51, 112019, 64079, 47940, 479816.5895348876, 84, 34, 50, 319.64001040350905, 35
1, 112105, 64125, 47980, 480139.41569953517, 86, 46, 40, 322.82616464756694, 47
1, 112149, 64169, 47980, 480410.7666572253, 44, 44, 0, 271.35095769013947, 44
1, 112187, 64207, 47980, 480671.64903684513, 38, 38, 0, 260.88237961983884, 38
51, 112303, 64243, 48060, 481020.23084033624, 116, 36, 80, 348.5818034911291, 38
1, 112378, 64278, 48100, 481330.6139359745, 75, 35, 40, 310.38309563827124, 36
1, 112415, 64315, 48100, 481589.6465074305, 37, 37, 0, 259.03257145596604, 37
51, 112500, 64350, 48150, 481910.38353510154, 85, 35, 50, 320.73702767108114, 36
1, 112540, 64390, 48150, 482174.8702210381, 40, 40, 0, 264.4866859365871, 40
1, 112609, 64429, 48180, 482478.9823627483, 69, 39, 30, 304.1121417102006, 40
1, 112686, 64466, 48220, 482791.70802651485, 77, 37, 40, 312.72566376652986, 38
51, 112778, 64508, 48270, 483119.9121279831, 92, 42, 50, 328.20410146824725, 43
1, 112816, 64546, 48270, 483380.7945076029, 38, 38, 0, 260.88237961983884, 38
1, 112844, 64574, 48270, 483621.42717098206, 28, 28, 0, 240.63266337912057, 28
1, 112921, 64611, 48310, 483934.1528347486, 77, 37, 40, 312.72566376652986, 38
51, 113038, 64648, 48390, 484283.63965154724, 117, 37, 80, 349.4868167986058, 39
1, 113071, 64681, 48390, 484534.9178242401, 33, 33, 0, 251.27817269284301, 33
1, 113135, 64715, 48420, 484832.6605367147, 64, 34, 30, 297.742712474619, 35
51, 113231, 64761, 48470, 485164.97745272936, 96, 46, 50, 332.31691601465747, 47
1, 113267, 64797, 48470, 485422.12642700766, 36, 36, 0, 257.1489742783178, 36
1, 113348, 64838, 48510, 485739.42642700765, 81, 41, 40, 317.3, 42
1, 113385, 64875, 48510, 485998.45899846364, 37, 37, 0, 259.03257145596604, 37
51, 113515, 64915, 48600, 486358.32383600215, 130, 40, 90, 359.86483753851803, 42
1, 113590, 64960, 48630, 486669.7069316404, 75, 45, 30, 311.38309563827124, 46
1, 113639, 65009, 48630, 486949.08206274686, 49, 49, 0, 279.3751311064591, 49
1, 113719, 65049, 48670, 487265.2518189911, 80, 40, 40, 316.1697562442441, 41
1, 113794, 65094, 48700, 487576.63491462934, 75, 45, 30, 311.38309563827124, 46
51, 113884, 65134, 48750, 487902.74194345344, 90, 40, 50, 326.1070288241023, 41
1, 113928, 65178, 48750, 488174.0929011436, 44, 44, 0, 271.35095769013947, 44
1, 114034, 65214, 48820, 488514.3609447532, 106, 36, 70, 340.2680436096278, 38
1, 114073, 65253, 48820, 488777.0608846972, 39, 39, 0, 262.6999399439383, 39
1, 114109, 65289, 48820, 489034.2098589755, 36, 36, 0, 257.1489742783178, 36
51, 114189, 65319, 48870, 489349.3796152197, 80, 30, 50, 315.1697562442441, 31
1, 114295, 65355, 48940, 489689.64765882934, 106, 36, 70, 340.2680436096278, 38
1, 114344, 65404, 48940, 489969.0227899358, 49, 49, 0, 279.3751311064591, 49
1, 114379, 65439, 48940, 490224.2527178456, 35, 35, 0, 255.22992790977875, 35
1, 114449, 65469, 48980, 490528.60347869754, 70, 30, 40, 304.3507608519078, 31
51, 114545, 65515, 49030, 490860.9203947122, 96, 46, 50, 332.31691601465747, 47
1, 114617, 65557, 49060, 491168.7154577366, 72, 42, 30, 307.79506302439404, 43
1, 114652, 65592, 49060, 491423.94538564637, 35, 35, 0, 255.22992790977875, 35
51, 114733, 65623, 49110, 491740.24538564635, 81, 31, 50, 316.3, 32
1, 114807, 65657, 49150, 492049.4425944132, 74, 34, 40, 309.1972087668518, 35
1, 114848, 65698, 49150, 492315.6865478567, 41, 41, 0, 266.24395344352433, 41
1, 114919, 65739, 49180, 492622.2648586754, 71, 41, 30, 306.57831081870995, 42
51, 115006, 65776, 49230, 492945.17243967316, 87, 37, 50, 322.9075809977351, 38
1, 115049, 65819, 49230, 493214.8473998763, 43, 43, 0, 269.6749602031015, 43
1, 115133, 65863, 49270, 493535.4874102798, 84, 44, 40, 320.64001040350905, 45
1, 115176, 65906, 49270, 493805.1623704829, 43, 43, 0, 269.6749602031015, 43
51, 115264, 65944, 49320, 494129.1438018438, 88, 38, 50, 323.98143136087856, 39
1, 115334, 65984, 49350, 494434.49456269573, 70, 40, 30, 305.3507608519078, 41
1, 115371, 66021, 49350, 494693.5271341517, 37, 37, 0, 259.03257145596604, 37
1, 115452, 66062, 49390, 495010.8271341517, 81, 41, 40, 317.3, 42
51, 115553, 66113, 49440, 495348.142522124, 101, 51, 50, 337.31538797227006, 52
1, 115593, 66153, 49440, 495612.62920806056, 40, 40, 0, 264.4866859365871, 40
1, 115625, 66185, 49440, 495861.8706310611, 32, 32, 0, 249.24142300054422, 32
1, 115690, 66220, 49470, 496160.91178250447, 65, 35, 30, 299.04115144336777, 36
51, 115818, 66258, 49560, 496519.070348606, 128, 38, 90, 358.1585661014858, 40
1, 115858, 66298, 49560, 496783.55703454255, 40, 40, 0, 264.4866859365871, 40
1, 115892, 66332, 49560, 497036.8306748192, 34, 34, 0, 253.2736402766418, 34
51, 115981, 66371, 49610, 497361.87854038324, 89, 39, 50, 325.0478655640733, 40
1, 116089, 66409, 49680, 497704.0495199303, 108, 38, 70, 342.1709795470626, 40
1, 116129, 66449, 49680, 497968.5362058669, 40, 40, 0, 264.4866859365871, 40
1, 116164, 66484, 49680, 498223.7661337767, 35, 35, 0, 255.22992790977875, 35
51, 116255, 66525, 49730, 498550.92519571545, 91, 41, 50, 327.1590619387661, 42
1, 116356, 66556, 49800, 498886.3405836877, 101, 31, 70, 335.41538797227, 33
1, 116390, 66590, 49800, 499139.61422396434, 34, 34, 0, 253.2736402766418, 34
51, 116484, 66634, 49850, 499469.8879498121, 94, 44, 50, 330.273725847777, 45
1, 116528, 66678, 49850, 499741.23890750227, 44, 44, 0, 271.35095769013947, 44
1, 116571, 66721, 49850, 500010.9138677054, 43, 43, 0, 269.6749602031015, 43
1, 116673, 66753, 49920, 500347.3110504865, 102, 32, 70, 336.39718278112656, 34
1, 116705, 66785, 49920, 500596.55247348704, 32, 32, 0, 249.24142300054422, 32
51, 116787, 66817, 49970, 500913.9741433305, 82, 32, 50, 317.42166984345636, 33
1, 116858, 66848, 50010, 501219.5524541492, 71, 31, 40, 305.57831081870995, 32
1, 116933, 66893, 50040, 501530.9355497874, 75, 45, 30, 311.38309563827124, 46
1, 116979, 66939, 50040, 501805.56461850146, 46, 46, 0, 274.6290687140218, 46
51, 117141, 66981, 50160, 502188.02675300225, 162, 42, 120, 382.4621345008163, 45
1, 117194, 67034, 50160, 502473.4435406431, 53, 53, 0, 285.4167876408086, 53
1, 117237, 67077, 50160, 502743.1185008462, 43, 43, 0, 269.6749602031015, 43
1, 117279, 67119, 50160, 503011.0914903484, 42, 42, 0, 267.97298950218305, 42
51, 117370, 67160, 50210, 503338.25055228715, 91, 41, 50, 327.1590619387661, 42
1, 117442, 67202, 50240, 503646.04561531154, 72, 42, 30, 307.79506302439404, 43
1, 117525, 67245, 50280, 503965.58056324074, 83, 43, 40, 319.5349479292333, 44
51, 117616, 67286, 50330, 504292.7396251795, 91, 41, 50, 327.1590619387661, 42
1, 117653, 67323, 50330, 504551.7721966355, 37, 37, 0, 259.03257145596604, 37
1, 117705, 67375, 50330, 504835.7071580638, 52, 52, 0, 283.93496142826496, 52
51, 117790, 67410, 50380, 505156.44418573484, 85, 35, 50, 320.73702767108114, 36
1, 117893, 67443, 50450, 505493.8174357903, 103, 33, 70, 337.37325005549695, 35
1, 117931, 67481, 50450, 505754.69981541013, 38, 38, 0, 260.88237961983884, 38
1, 117975, 67525, 50450, 506026.0507731003, 44, 44, 0, 271.35095769013947, 44
51, 118066, 67566, 50500, 506353.20983503904, 91, 41, 50, 327.1590619387661, 42
1, 118154, 67614, 50540, 506678.1912663999, 88, 48, 40, 324.98143136087856, 49
1, 118195, 67655, 50540, 506944.43521984346, 41, 41, 0, 266.24395344352433, 41
51, 118312, 67692, 50620, 507293.9220366421, 117, 37, 80, 349.4868167986058, 39
1, 118351, 67731, 50620, 507556.62197658606, 39, 39, 0, 262.6999399439383, 39
1, 118420, 67770, 50650, 507860.73411829624, 69, 39, 30, 304.1121417102006, 40
1, 118487, 67797, 50690, 508161.3346735539, 67, 27, 40, 300.6005552576305, 28
51, 118608, 67838, 50770, 508514.3971525894, 121, 41, 80, 353.06247903554, 43
1, 118642, 67872, 50770, 508767.67079286603, 34, 34, 0, 253.2736402766418, 34
1, 118670, 67900, 50770, 509008.30345624516, 28, 28, 0, 240.63266337912057, 28
1, 118752, 67942, 50810, 509326.7251260886, 82, 42, 40, 318.42166984345636, 43
51, 118844, 67984, 50860, 509654.92922755686, 92, 42, 50, 328.20410146824725, 43
1, 118909, 68019, 50890, 509953.97037900024, 65, 35, 30, 299.04115144336777, 36
1, 118983, 68053, 50930, 510263.16758776706, 74, 34, 40, 309.1972087668518, 35
51, 119073, 68093, 50980, 510589.27461659117, 90, 40, 50, 326.1070288241023, 41
1, 119112, 68132, 50980, 510851.97455653513, 39, 39, 0, 262.6999399439383, 39
1, 119185, 68175, 51010, 511160.9758351043, 73, 43, 30, 309.00127856917646, 44
1, 119230, 68220, 51010, 511433.97784151544, 45, 45, 0, 273.00200641113514, 45
1, 119309, 68259, 51050, 511749.0085916456, 79, 39, 40, 315.03075013013313, 40
51, 119398, 68298, 51100, 512074.05645720963, 89, 39, 50, 325.0478655640733, 40
1, 119466, 68336, 51130, 512376.91862831224, 68, 38, 30, 302.86217110259, 39
1, 119504, 68374, 51130, 512637.80100793205, 38, 38, 0, 260.88237961983884, 38
51, 119631, 68411, 51220, 512995.10069023137, 127, 37, 90, 357.2996822992933, 39
1, 119679, 68459, 51220, 513272.9154928219, 48, 48, 0, 277.8148025904985, 48
1, 119749, 68499, 51250, 513578.2662536738, 70, 40, 30, 305.3507608519078, 41
51, 119831, 68531, 51300, 513895.68792351725, 82, 32, 50, 317.42166984345636, 33
1, 119925, 68585, 51340, 514226.961649365, 94, 54, 40, 331.273725847777, 55
1, 119967, 68627, 51340, 514494.9346388672, 42, 42, 0, 267.97298950218305, 42
1, 120000, 68660, 51340, 514746.2128115601, 33, 33, 0, 251.27817269284301, 33
51, 120104, 68714, 51390, 515086.45649831754, 104, 54, 50, 340.243686757474, 55
1, 120217, 68757, 51460, 515433.29554218706, 113, 43, 70, 346.83904386951343, 45
1, 120257, 68797, 51460, 515697.78222812363, 40, 40, 0, 264.4866859365871, 40
1, 120335, 68835, 51500, 516011.6650147437, 78, 38, 40, 313.8827866200841, 39
1, 120377, 68877, 51500, 516279.6380042459, 42, 42, 0, 267.97298950218305, 42
51, 120493, 68913, 51580, 516628.219807737, 116, 36, 80, 348.5818034911291, 38
1, 120530, 68950, 51580, 516887.25237919297, 37, 37, 0, 259.03257145596604, 37
1, 120605, 68985, 51620, 517197.6354748312, 75, 35, 40, 310.38309563827124, 36
51, 120718, 69018, 51700, 517543.47451870074, 113, 33, 80, 345.83904386951343, 35
1, 120762, 69062, 51700, 517814.8254763909, 44, 44, 0, 271.35095769013947, 44
1, 120795, 69095, 51700, 518066.10364908376, 33, 33, 0, 251.27817269284301, 33
1, 120864, 69134, 51730, 518370.21579079394, 69, 39, 30, 304.1121417102006, 40
1, 120946, 69176, 51770, 518688.6374606374, 82, 42, 40, 318.42166984345636, 43
51, 121031, 69211, 51820, 519009.37448830844, 85, 35, 50, 320.73702767108114, 36
1, 121074, 69254, 51820, 519279.04944851156, 43, 43, 0, 269.6749602031015, 43
1, 121186, 69296, 51890, 519624.9647608511, 112, 42, 70, 345.91531233955715, 44
1, 121226, 69336, 51890, 519889.4514467877, 40, 40, 0, 264.4866859365871, 40
1, 121261, 69371, 51890, 520144.6813746975, 35, 35, 0, 255.22992790977875, 35
51, 121345, 69405, 51940, 520464.321385101, 84, 34, 50, 319.64001040350905, 35
1, 121380, 69440, 51940, 520719.5513130108, 35, 35, 0, 255.22992790977875, 35
1, 121454, 69474, 51980, 521028.7485217776, 74, 34, 40, 309.1972087668518, 35
1, 121518, 69508, 52010, 521326.49123425223, 64, 34, 30, 297.742712474619, 35
1, 121593, 69543, 52050, 521636.8743298905, 75, 35, 40, 310.38309563827124, 36
51, 121717, 69587, 52130, 521992.5737264386, 124, 44, 80, 355.6993965481514, 46
1, 121758, 69628, 52130, 522258.81767988217, 41, 41, 0, 266.24395344352433, 41
1, 121798, 69668, 52130, 522523.30436581874, 40, 40, 0, 264.4866859365871, 40
51, 121949, 69699, 52250, 522897.34973702545, 151, 31, 120, 374.04537120670284, 34
1, 121989, 69739, 52250, 523161.836422962, 40, 40, 0, 264.4866859365871, 40
1, 122039, 69789, 52250, 523442.7512178093, 50, 50, 0, 280.9147948472494, 50
1, 122145, 69825, 52320, 523783.0192614189, 106, 36, 70, 340.2680436096278, 38
51, 122241, 69871, 52370, 524115.33617743355, 96, 46, 50, 332.31691601465747, 47
1, 122283, 69913, 52370, 524383.3091669357, 42, 42, 0, 267.97298950218305, 42
1, 122354, 69954, 52400, 524689.8874777545, 71, 41, 30, 306.57831081870995, 42
51, 122452, 70002, 52450, 525024.222106119, 98, 48, 50, 334.33462836457886, 49
1, 122529, 70039, 52490, 525336.9477698855, 77, 37, 40, 312.72566376652986, 38
1, 122570, 70080, 52490, 525603.191723329, 41, 41, 0, 266.24395344352433, 41
51, 122697, 70127, 52570, 525961.4914056283, 127, 47, 80, 358.2996822992933, 49
1, 122739, 70169, 52570, 526229.4643951304, 42, 42, 0, 267.97298950218305, 42
1, 122806, 70206, 52600, 526531.064950388, 67, 37, 30, 301.6005552576305, 38
1, 122887, 70247, 52640, 526848.3649503881, 81, 41, 40, 317.3, 42
1, 122954, 70284, 52670, 527149.9655056457, 67, 37, 30, 301.6005552576305, 38
51, 123049, 70329, 52720, 527481.2640697809, 95, 45, 50, 331.2985641352145, 46
1, 123089, 70369, 52720, 527745.7507557175, 40, 40, 0, 264.4866859365871, 40
1, 123121, 70401, 52720, 527994.9921787181, 32, 32, 0, 249.24142300054422, 32
1, 123168, 70448, 52720, 528271.2252285876, 47, 47, 0, 276.2330498695885, 47
51, 123327, 70487, 52840, 528651.4240910601, 159, 39, 120, 380.1988624723894, 42
1, 123370, 70530, 52840, 528921.0990512632, 43, 43, 0, 269.6749602031015, 43
1, 123410, 70570, 52840, 529185.5857371998, 40, 40, 0, 264.4866859365871, 40
1, 123493, 70623, 52870, 529506.120685129, 83, 53, 30, 320.5349479292333, 54
51, 123618, 70658, 52960, 529861.6908376171, 125, 35, 90, 355.57015248821097, 37
1, 123684, 70694, 52990, 530162.0178258943, 66, 36, 30, 300.32698827717985, 37
1, 123720, 70730, 52990, 530419.1668001727, 36, 36, 0, 257.1489742783178, 36
1, 123770, 70780, 52990, 530700.0815950199, 50, 50, 0, 280.9147948472494, 50
51, 123854, 70814, 53040, 531019.7216054234, 84, 34, 50, 319.64001040350905, 35
1, 123920, 70850, 53070, 531320.0485937005, 66, 36, 30, 300.32698827717985, 37
1, 123999, 70889, 53110, 531635.0793438307, 79, 39, 40, 315.03075013013313, 40
1, 124040, 70930, 53110, 531901.3232972742, 41, 41, 0, 266.24395344352433, 41
51, 124131, 70971, 53160, 532228.4823592129, 91, 41, 50, 327.1590619387661, 42
1, 124210, 71020, 53190, 532544.5131093431, 79, 49, 30, 316.03075013013313, 50
1, 124293, 71063, 53230, 532864.0480572723, 83, 43, 40, 319.5349479292333, 44
1, 124361, 71101, 53260, 533166.9102283749, 68, 38, 30, 302.86217110259, 39
51, 124453, 71143, 53310, 533495.1143298431, 92, 42, 50, 328.20410146824725, 43
1, 124498, 71188, 53310, 533768.1163362542, 45, 45, 0, 273.00200641113514, 45
1, 124573, 71233, 53340, 534079.4994318924, 75, 45, 30, 311.38309563827124, 46
51, 124697, 71267, 53430, 534434.1988284405, 124, 34, 90, 354.6993965481514, 36
1, 124739, 71309, 53430, 534702.1718179426, 42, 42, 0, 267.97298950218305, 42
1, 124783, 71353, 53430, 534973.5227756328, 44, 44, 0, 271.35095769013947, 44
1, 124819, 71389, 53430, 535230.6717499112, 36, 36, 0, 257.1489742783178, 36
51, 124943, 71433, 53510, 535586.3711464592, 124, 44, 80, 355.6993965481514, 46
1, 125026, 71476, 53550, 535905.9060943885, 83, 43, 40, 319.5349479292333, 44
1, 125071, 71521, 53550, 536178.9081007995, 45, 45, 0, 273.00200641113514, 45
1, 125130, 71550, 53580, 536469.9569010471, 59, 29, 30, 291.0488002476036, 30
1, 125176, 71596, 53580, 536744.5859697611, 46, 46, 0, 274.6290687140218, 46
51, 125286, 71626, 53660, 537087.6391538075, 110, 30, 80, 343.0531840464366, 32
1, 125360, 71660, 53700, 537396.8363625744, 74, 34, 40, 309.1972087668518, 35
1, 125403, 71703, 53700, 537666.5113227775, 43, 43, 0, 269.6749602031015, 43
1, 125431, 71731, 53700, 537907.1439861566, 28, 28, 0, 240.63266337912057, 28
51, 125535, 71785, 53750, 538247.3876729141, 104, 54, 50, 340.243686757474, 55
1, 125621, 71831, 53790, 538570.2138375617, 86, 46, 40, 322.82616464756694, 47
1, 125688, 71868, 53820, 538871.8143928193, 67, 37, 30, 301.6005552576305, 38
1, 125727, 71907, 53820, 539134.5143327633, 39, 39, 0, 262.6999399439383, 39
51, 125847, 71947, 53900, 539486.6894247279, 120, 40, 80, 352.1750919646873, 42
1, 125887, 71987, 53900, 539751.1761106645, 40, 40, 0, 264.4866859365871, 40
1, 125935, 72035, 53900, 540028.990913255, 48, 48, 0, 277.8148025904985, 48
1, 126007, 72067, 53940, 540335.7859762794, 72, 32, 40, 306.79506302439404, 33
1, 126043, 72103, 53940, 540592.9349505578, 36, 36, 0, 257.1489742783178, 36
51, 126172, 72152, 54020, 540952.9485510489, 129, 49, 80, 360.01360049114555, 51
1, 126210, 72190, 54020, 541213.8309306687, 38, 38, 0, 260.88237961983884, 38
1, 126265, 72245, 54020, 541502.157912202, 55, 55, 0, 288.32698153315005, 55
1, 126373, 72283, 54090, 541844.328891749, 108, 38, 70, 342.1709795470626, 40
51, 126466, 72326, 54140, 542173.5711716561, 93, 43, 50, 329.24227990714814, 44
1, 126546, 72366, 54180, 542489.7409279004, 80, 40, 40, 316.1697562442441, 41
1, 126587, 72407, 54180, 542755.9848813439, 41, 41, 0, 266.24395344352433, 41
1, 126628, 72448, 54180, 543022.2288347874, 41, 41, 0, 266.24395344352433, 41
51, 126724, 72494, 54230, 543354.545750802, 96, 46, 50, 332.31691601465747, 47
1, 126785, 72525, 54260, 543648.3139900692, 61, 31, 30, 293.7682392671241, 32
1, 126855, 72555, 54300, 543952.6647509211, 70, 30, 40, 304.3507608519078, 31
1, 126894, 72594, 54300, 544215.364690865, 39, 39, 0, 262.6999399439383, 39
51, 126988, 72638, 54350, 544545.6384167129, 94, 44, 50, 330.273725847777, 45
1, 127068, 72678, 54390, 544861.8081729572, 80, 40, 40, 316.1697562442441, 41
1, 127105, 72715, 54390, 545120.8407444131, 37, 37, 0, 259.03257145596604, 37
1, 127225, 72765, 54460, 545474.0158363777, 120, 50, 70, 353.1750919646873, 52
51, 127324, 72814, 54510, 545809.3500509307, 99, 49, 50, 335.33421455299043, 50
1, 127368, 72858, 54510, 546080.7010086209, 44, 44, 0, 271.35095769013947, 44
1, 127410, 72900, 54510, 546348.673998123, 42, 42, 0, 267.97298950218305, 42
51, 127531, 72931, 54600, 546700.7364771586, 121, 31, 90, 352.06247903554, 33
1, 127578, 72978, 54600, 546976.9695270282, 47, 47, 0, 276.2330498695885, 47
1, 127655, 73025, 54630, 547290.6951907946, 77, 47, 30, 313.72566376652986, 48
1, 127702, 73072, 54630, 547566.9282406642, 47, 47, 0, 276.2330498695885, 47
1, 127776, 73106, 54670, 547876.125449431, 74, 34, 40, 309.1972087668518, 35
51, 127897, 73147, 54750, 548229.1879284666, 121, 41, 80, 353.06247903554, 43
1, 127968, 73178, 54790, 548534.7662392854, 71, 31, 40, 305.57831081870995, 32
1, 128049, 73229, 54820, 548853.0662392854, 81, 51, 30, 318.3, 52
1, 128089, 73269, 54820, 549117.552925222, 40, 40, 0, 264.4866859365871, 40
1, 128132, 73312, 54820, 549387.2278854251, 43, 43, 0, 269.6749602031015, 43
51, 128227, 73357, 54870, 549718.5264495603, 95, 45, 50, 331.2985641352145, 46
1, 128301, 73391, 54910, 550027.7236583271, 74, 34, 40, 309.1972087668518, 35
1, 128376, 73436, 54940, 550339.1067539654, 75, 45, 30, 311.38309563827124, 46
1, 128416, 73476, 54940, 550603.593439902, 40, 40, 0, 264.4866859365871, 40
1, 128496, 73516, 54980, 550919.7631961462, 80, 40, 40, 316.1697562442441, 41
51, 128591, 73561, 55030, 551251.0617602814, 95, 45, 50, 331.2985641352145, 46
1, 128664, 73604, 55060, 551560.0630388507, 73, 43, 30, 309.00127856917646, 44
1, 128701, 73641, 55060, 551819.0956103066, 37, 37, 0, 259.03257145596604, 37
51, 128791, 73681, 55110, 552145.2026391306, 90, 40, 50, 326.1070288241023, 41
1, 128816, 73706, 55110, 552378.8094368806, 25, 25, 0, 233.60679774997897, 25
1, 128928, 73748, 55180, 552724.7247492202, 112, 42, 70, 345.91531233955715, 44
51, 129018, 73788, 55230, 553050.8317780442, 90, 40, 50, 326.1070288241023, 41
1, 129064, 73834, 55230, 553325.4608467582, 46, 46, 0, 274.6290687140218, 46
1, 129136, 73876, 55260, 553633.2559097826, 72, 42, 30, 307.79506302439404, 43
1, 129176, 73916, 55260, 553897.7425957192, 40, 40, 0, 264.4866859365871, 40
51, 129308, 73958, 55350, 554259.2987181462, 132, 42, 90, 361.55612242701943, 44
1, 129346, 73996, 55350, 554520.181097766, 38, 38, 0, 260.88237961983884, 38
1, 129413, 74033, 55380, 554821.7816530237, 67, 37, 30, 301.6005552576305, 38
1, 129489, 74069, 55420, 555133.3408253974, 76, 36, 40, 311.5591723737189, 37
51, 129589, 74119, 55470, 555469.6685914142, 100, 50, 50, 336.327766016838, 51
1, 129628, 74158, 55470, 555732.3685313582, 39, 39, 0, 262.6999399439383, 39
1, 129669, 74199, 55470, 555998.6124848017, 41, 41, 0, 266.24395344352433, 41
51, 129790, 74240, 55550, 556351.6749638373, 121, 41, 80, 353.06247903554, 43
1, 129867, 74277, 55590, 556664.4006276038, 77, 37, 40, 312.72566376652986, 38
1, 129907, 74317, 55590, 556928.8873135403, 40, 40, 0, 264.4866859365871, 40
1, 129954, 74364, 55590, 557205.1203634099, 47, 47, 0, 276.2330498695885, 47
1, 130029, 74409, 55620, 557516.5034590481, 75, 45, 30, 311.38309563827124, 46
51, 130115, 74445, 55670, 557838.3296236957, 86, 36, 50, 321.82616464756694, 37
1, 130181, 74481, 55700, 558138.6566119728, 66, 36, 30, 300.32698827717985, 37
1, 130263, 74523, 55740, 558457.0782818163, 82, 42, 40, 318.42166984345636, 43
51, 130351, 74561, 55790, 558781.0597131772, 88, 38, 50, 323.98143136087856, 39
1, 130463, 74603, 55860, 559126.9750255167, 112, 42, 70, 345.91531233955715, 44
1, 130508, 74648, 55860, 559399.9770319278, 45, 45, 0, 273.00200641113514, 45
51, 130596, 74686, 55910, 559723.9584632886, 88, 38, 50, 323.98143136087856, 39
1, 130655, 74715, 55940, 560015.0072635362, 59, 29, 30, 291.0488002476036, 30
1, 130742, 74762, 55980, 560338.9148445339, 87, 47, 40, 323.9075809977351, 48
1, 130778, 74798, 55980, 560596.0638188123, 36, 36, 0, 257.1489742783178, 36
51, 130903, 74833, 56070, 560951.6339713004, 125, 35, 90, 355.57015248821097, 37
1, 130973, 74873, 56100, 561256.9847321523, 70, 40, 30, 305.3507608519078, 41
1, 131011, 74911, 56100, 561517.8671117722, 38, 38, 0, 260.88237961983884, 38
1, 131080, 74950, 56130, 561821.9792534824, 69, 39, 30, 304.1121417102006, 40
51, 131170, 74990, 56180, 562148.0862823065, 90, 40, 50, 326.1070288241023, 41
1, 131280, 75030, 56250, 562492.1394663529, 110, 40, 70, 344.0531840464366, 42
1, 131328, 75078, 56250, 562769.9542689434, 48, 48, 0, 277.8148025904985, 48
51, 131484, 75114, 56370, 563147.8661532484, 156, 36, 120, 377.9118843049396, 39
1, 131520, 75150, 56370, 563405.0151275267, 36, 36, 0, 257.1489742783178, 36
1, 131606, 75196, 56410, 563727.8412921743, 86, 46, 40, 322.82616464756694, 47
1, 131682, 75242, 56440, 564040.400464548, 76, 46, 30, 312.5591723737189, 47
1, 131717, 75277, 56440, 564295.6303924578, 35, 35, 0, 255.22992790977875, 35
51, 131803, 75313, 56490, 564617.4565571054, 86, 36, 50, 321.82616464756694, 37
1, 131880, 75350, 56530, 564930.1822208719, 77, 37, 40, 312.72566376652986, 38
1, 131953, 75393, 56560, 565239.1834994411, 73, 43, 30, 309.00127856917646, 44
51, 132042, 75432, 56610, 565564.2313650053, 89, 39, 50, 325.0478655640733, 40
1, 132130, 75480, 56650, 565889.2127963661, 88, 48, 40, 324.98143136087856, 49
1, 132171, 75521, 56650, 566155.4567498096, 41, 41, 0, 266.24395344352433, 41
1, 132242, 75562, 56680, 566462.0350606283, 71, 41, 30, 306.57831081870995, 42
1, 132281, 75601, 56680, 566724.7350005723, 39, 39, 0, 262.6999399439383, 39
51, 132385, 75655, 56730, 567064.9786873298, 104, 54, 50, 340.243686757474, 55
1, 132460, 75690, 56770, 567375.361782968, 75, 35, 40, 310.38309563827124, 36
1, 132534, 75734, 56800, 567685.5589917349, 74, 44, 30, 310.1972087668518, 45
1, 132613, 75773, 56840, 568000.589741865, 79, 39, 40, 315.03075013013313, 40
51, 132702, 75812, 56890, 568325.6376074292, 89, 39, 50, 325.0478655640733, 40
1, 132771, 75851, 56920, 568629.7497491394, 69, 39, 30, 304.1121417102006, 40
1, 132808, 75888, 56920, 568888.7823205953, 37, 37, 0, 259.03257145596604, 37
1, 132853, 75933, 56920, 569161.7843270064, 45, 45, 0, 273.00200641113514, 45
51, 132956, 75986, 56970, 569501.0575770619, 103, 53, 50, 339.27325005549693, 54
1, 133033, 76023, 57010, 569813.7832408284, 77, 37, 40, 312.72566376652986, 38
1, 133099, 76059, 57040, 570114.1102291056, 66, 36, 30, 300.32698827717985, 37
1, 133136, 76096, 57040, 570373.1428005615, 37, 37, 0, 259.03257145596604, 37
51, 133256, 76136, 57120, 570725.3178925262, 120, 40, 80, 352.1750919646873, 42
1, 133333, 76173, 57160, 571038.0435562927, 77, 37, 40, 312.72566376652986, 38
1, 133376, 76216, 57160, 571307.7185164958, 43, 43, 0, 269.6749602031015, 43
1, 133453, 76263, 57190, 571621.4441802623, 77, 47, 30, 313.72566376652986, 48
1, 133495, 76305, 57190, 571889.4171697644, 42, 42, 0, 267.97298950218305, 42
51, 133587, 76347, 57240, 572217.6212712326, 92, 42, 50, 328.20410146824725, 43
1, 133686, 76376, 57310, 572551.0554857856, 99, 29, 70, 333.43421455299045, 31
1, 133728, 76418, 57310, 572819.0284752877, 42, 42, 0, 267.97298950218305, 42
1, 133767, 76457, 57310, 573081.7284152317, 39, 39, 0, 262.6999399439383, 39
51, 133893, 76493, 57400, 573438.1653111151, 126, 36, 90, 356.43689588345075, 38
1, 133931, 76531, 57400, 573699.047690735, 38, 38, 0, 260.88237961983884, 38
1, 133966, 76566, 57400, 573954.2776186448, 35, 35, 0, 255.22992790977875, 35
1, 134033, 76603, 57430, 574255.8781739024, 67, 37, 30, 301.6005552576305, 38
1, 134074, 76644, 57430, 574522.1221273459, 41, 41, 0, 266.24395344352433, 41
51, 134160, 76680, 57480, 574843.9482919935, 86, 36, 50, 321.82616464756694, 37
1, 134235, 76715, 57520, 575154.3313876317, 75, 35, 40, 310.38309563827124, 36
1, 134274, 76754, 57520, 575417.0313275757, 39, 39, 0, 262.6999399439383, 39
1, 134315, 76795, 57520, 575683.2752810192, 41, 41, 0, 266.24395344352433, 41
1, 134375, 76825, 57550, 575975.6910493906, 60, 30, 30, 292.41576837137404, 31
51, 134463, 76863, 57600, 576299.6724807514, 88, 38, 50, 323.98143136087856, 39
1, 134577, 76907, 57670, 576647.4304684431, 114, 44, 70, 347.75798769167545, 46
1, 134602, 76932, 57670, 576881.0372661931, 25, 25, 0, 233.60679774997897, 25
1, 134636, 76966, 57670, 577134.3109064697, 34, 34, 0, 253.2736402766418, 34
1, 134711, 77011, 57700, 577445.694002108, 75, 45, 30, 311.38309563827124, 46
51, 134803, 77053, 57750, 577773.8981035762, 92, 42, 50, 328.20410146824725, 43
1, 134901, 77081, 57820, 578106.3327319408, 98, 28, 70, 332.4346283645789, 30
1, 134940, 77120, 57820, 578369.0326718848, 39, 39, 0, 262.6999399439383, 39
51, 135038, 77168, 57870, 578703.3673002493, 98, 48, 50, 334.33462836457886, 49
1, 135110, 77210, 57900, 579011.1623632737, 72, 42, 30, 307.79506302439404, 43
1, 135200, 77260, 57940, 579338.2693920977, 90, 50, 40, 327.1070288241023, 51
1, 135266, 77296, 57970, 579638.5963803749, 66, 36, 30, 300.32698827717985, 37
1, 135295, 77325, 57970, 579881.4559590855, 29, 29, 0, 242.8595787106084, 29
51, 135470, 77380, 58090, 580273.469535342, 175, 55, 120, 392.013576256413, 58
1, 135507, 77417, 58090, 580532.5021067979, 37, 37, 0, 259.03257145596604, 37
1, 135582, 77462, 58120, 580843.8852024361, 75, 45, 30, 311.38309563827124, 46
1, 135661, 77501, 58160, 581158.9159525663, 79, 39, 40, 315.03075013013313, 40
51, 135744, 77534, 58210, 581477.4509004955, 83, 33, 50, 318.5349479292333, 34
1, 135776, 77566, 58210, 581726.6923234961, 32, 32, 0, 249.24142300054422, 32
1, 135816, 77606, 58210, 581991.1790094327, 40, 40, 0, 264.4866859365871, 40
51, 135907, 77647, 58260, 582318.3380713714, 91, 41, 50, 327.1590619387661, 42
1, 136015, 77685, 58330, 582660.5090509185, 108, 38, 70, 342.1709795470626, 40
1, 136061, 77731, 58330, 582935.1381196325, 46, 46, 0, 274.6290687140218, 46
51, 136153, 77773, 58380, 583263.3422211007, 92, 42, 50, 328.20410146824725, 43
1, 136237, 77817, 58420, 583583.9822315042, 84, 44, 40, 320.64001040350905, 45
1, 136315, 77865, 58450, 583898.8650181242, 78, 48, 30, 314.8827866200841, 49
1, 136352, 77902, 58450, 584157.8975895802, 37, 37, 0, 259.03257145596604, 37
51, 136446, 77946, 58500, 584488.171315428, 94, 44, 50, 330.273725847777, 45
1, 136483, 77983, 58500, 584747.2038868839, 37, 37, 0, 259.03257145596604, 37
1, 136522, 78022, 58500, 585009.9038268279, 39, 39, 0, 262.6999399439383, 39
51, 136684, 78064, 58620, 585392.3659613287, 162, 42, 120, 382.4621345008163, 45
1, 136720, 78100, 58620, 585649.5149356071, 36, 36, 0, 257.1489742783178, 36
1, 136756, 78136, 58620, 585906.6639098855, 36, 36, 0, 257.1489742783178, 36
1, 136861, 78171, 58690, 586245.9724971799, 105, 35, 70, 339.30858729436795, 37
1, 136908, 78218, 58690, 586522.2055470494, 47, 47, 0, 276.2330498695885, 47
51, 137025, 78255, 58770, 586871.692363848, 117, 37, 80, 349.4868167986058, 39
1, 137110, 78300, 58810, 587193.429391519, 85, 45, 40, 321.73702767108114, 46
1, 137149, 78339, 58810, 587456.129331463, 39, 39, 0, 262.6999399439383, 39
1, 137185, 78375, 58810, 587713.2783057414, 36, 36, 0, 257.1489742783178, 36
51, 137277, 78417, 58860, 588041.4824072096, 92, 42, 50, 328.20410146824725, 43
1, 137369, 78469, 58900, 588370.6865086778, 92, 52, 40, 329.20410146824725, 53
1, 137441, 78511, 58930, 588678.4815717022, 72, 42, 30, 307.79506302439404, 43
1, 137480, 78550, 58930, 588941.1815116461, 39, 39, 0, 262.6999399439383, 39
51, 137570, 78590, 58980, 589267.2885404702, 90, 40, 50, 326.1070288241023, 41
1, 137604, 78624, 58980, 589520.5621807468, 34, 34, 0, 253.2736402766418, 34
1, 137675, 78665, 59010, 589827.1404915656, 71, 41, 30, 306.57831081870995, 42
51, 137812, 78712, 59100, 590192.8618137704, 137, 47, 90, 365.72132220485213, 49
1, 137880, 78750, 59130, 590495.7239848729, 68, 38, 30, 302.86217110259, 39
1, 137918, 78788, 59130, 590756.6063644928, 38, 38, 0, 260.88237961983884, 38
1, 137954, 78824, 59130, 591013.7553387712, 36, 36, 0, 257.1489742783178, 36
1, 138037, 78867, 59170, 591333.2902867004, 83, 43, 40, 319.5349479292333, 44
51, 138125, 78905, 59220, 591657.2717180612, 88, 38, 50, 323.98143136087856, 39
1, 138158, 78938, 59220, 591908.549890754, 33, 33, 0, 251.27817269284301, 33
1, 138232, 78982, 59250, 592218.7470995209, 74, 44, 30, 310.1972087668518, 45
51, 138366, 79026, 59340, 592581.9799154395, 134, 44, 90, 363.23281591860336, 46
1, 138401, 79061, 59340, 592837.2098433493, 35, 35, 0, 255.22992790977875, 35
1, 138472, 79102, 59370, 593143.788154168, 71, 41, 30, 306.57831081870995, 42
1, 138505, 79135, 59370, 593395.0663268609, 33, 33, 0, 251.27817269284301, 33
51, 138629, 79169, 59460, 593749.765723409, 124, 34, 90, 354.6993965481514, 36
1, 138668, 79208, 59460, 594012.465663353, 39, 39, 0, 262.6999399439383, 39
1, 138739, 79239, 59500, 594318.0439741717, 71, 31, 40, 305.57831081870995, 32
1, 138818, 79288, 59530, 594634.0747243019, 79, 49, 30, 316.03075013013313, 50
51, 138917, 79337, 59580, 594969.4089388549, 99, 49, 50, 335.33421455299043, 50
1, 138960, 79380, 59580, 595239.083899058, 43, 43, 0, 269.6749602031015, 43
1, 139031, 79411, 59620, 595544.6622098768, 71, 31, 40, 305.57831081870995, 32
1, 139075, 79455, 59620, 595816.013167567, 44, 44, 0, 271.35095769013947, 44
1, 139145, 79495, 59650, 596121.3639284188, 70, 40, 30, 305.3507608519078, 41
51, 139272, 79532, 59740, 596478.6636107181, 127, 37, 90, 357.2996822992933, 39
1, 139311, 79571, 59740, 596741.3635506621, 39, 39, 0, 262.6999399439383, 39
1, 139345, 79605, 59740, 596994.6371909387, 34, 34, 0, 253.2736402766418, 34
1, 139407, 79637, 59770, 597289.7438172684, 62, 32, 30, 295.1066263296683, 33
1, 139454, 79684, 59770, 597565.976867138, 47, 47, 0, 276.2330498695885, 47
51, 139588, 79728, 59860, 597929.2096830566, 134, 44, 90, 363.23281591860336, 46
1, 139660, 79770, 59890, 598237.004746081, 72, 42, 30, 307.79506302439404, 43
1, 139702, 79812, 59890, 598504.9777355831, 42, 42, 0, 267.97298950218305, 42
51, 139854, 79844, 60010, 598879.8020441397, 152, 32, 120, 374.8243085566414, 35
1, 139896, 79886, 60010, 599147.7750336418, 42, 42, 0, 267.97298950218305, 42
1, 139965, 79925, 60040, 599451.8871753521, 69, 39, 30, 304.1121417102006, 40
51, 140056, 79966, 60090, 599779.0462372908, 91, 41, 50, 327.1590619387661, 42
1, 140132, 80002, 60130, 600090.6054096646, 76, 36, 40, 311.5591723737189, 37
1, 140166, 80036, 60130, 600343.8790499412, 34, 34, 0, 253.2736402766418, 34
1, 140242, 80082, 60160, 600656.4382223149, 76, 46, 30, 312.5591723737189, 47
51, 140331, 80121, 60210, 600981.486087879, 89, 39, 50, 325.0478655640733, 40
1, 140423, 80173, 60250, 601310.6901893473, 92, 52, 40, 329.20410146824725, 53
1, 140459, 80209, 60250, 601567.8391636256, 36, 36, 0, 257.1489742783178, 36
1, 140526, 80246, 60280, 601869.4397188833, 67, 37, 30, 301.6005552576305, 38
51, 140608, 80278, 60330, 602186.8613887267, 82, 32, 50, 317.42166984345636, 33
1, 140643, 80313, 60330, 602442.0913166365, 35, 35, 0, 255.22992790977875, 35
1, 140725, 80355, 60370, 602760.51298648, 82, 42, 40, 318.42166984345636, 43
1, 140760, 80390, 60370, 603015.7429143898, 35, 35, 0, 255.22992790977875, 35
51, 140916, 80426, 60490, 603393.6547986948, 156, 36, 120, 377.9118843049396, 39
1, 140954, 80464, 60490, 603654.5371783146, 38, 38, 0, 260.88237961983884, 38
1, 141027, 80507, 60520, 603963.5384568839, 73, 43, 30, 309.00127856917646, 44
1, 141060, 80540, 60520, 604214.8166295767, 33, 33, 0, 251.27817269284301, 33
1, 141139, 80579, 60560, 604529.8473797069, 79, 39, 40, 315.03075013013313, 40
51, 141238, 80628, 60610, 604865.1815942599, 99, 49, 50, 335.33421455299043, 50
1, 141327, 80677, 60650, 605191.229459824, 89, 49, 40, 326.0478655640733, 50
1, 141394, 80714, 60680, 605492.8300150817, 67, 37, 30, 301.6005552576305, 38
1, 141432, 80752, 60680, 605753.7123947015, 38, 38, 0, 260.88237961983884, 38
51, 141558, 80798, 60760, 606111.149290585, 126, 46, 80, 357.43689588345075, 48
1, 141636, 80836, 60800, 606425.032077205, 78, 38, 40, 313.8827866200841, 39
1, 141671, 80871, 60800, 606680.2620051148, 35, 35, 0, 255.22992790977875, 35
1, 141750, 80910, 60840, 606995.292755245, 79, 39, 40, 315.03075013013313, 40
51, 141835, 80945, 60890, 607316.0297829161, 85, 35, 50, 320.73702767108114, 36
1, 141871, 80981, 60890, 607573.1787571944, 36, 36, 0, 257.1489742783178, 36
1, 141936, 81016, 60920, 607872.2199086378, 65, 35, 30, 299.04115144336777, 36
1, 142020, 81060, 60960, 608192.8599190413, 84, 44, 40, 320.64001040350905, 45
51, 142101, 81091, 61010, 608509.1599190413, 81, 31, 50, 316.3, 32
1, 142143, 81133, 61010, 608777.1329085435, 42, 42, 0, 267.97298950218305, 42
1, 142196, 81186, 61010, 609062.5496961842, 53, 53, 0, 285.4167876408086, 53
1, 142237, 81227, 61010, 609328.7936496277, 41, 41, 0, 266.24395344352433, 41
51, 142398, 81268, 61130, 609710.5039462287, 161, 41, 120, 381.7102966008917, 44
1, 142433, 81303, 61130, 609965.7338741384, 35, 35, 0, 255.22992790977875, 35
1, 142475, 81345, 61130, 610233.7068636406, 42, 42, 0, 267.97298950218305, 42
1, 142513, 81383, 61130, 610494.5892432604, 38, 38, 0, 260.88237961983884, 38
51, 142641, 81421, 61220, 610852.7478093619, 128, 38, 90, 358.1585661014858, 40
1, 142715, 81465, 61250, 611162.9450181287, 74, 44, 30, 310.1972087668518, 45
1, 142761, 81511, 61250, 611437.5740868427, 46, 46, 0, 274.6290687140218, 46
51, 142925, 81555, 61370, 611821.5322776791, 164, 44, 120, 383.9581908363381, 47
1, 142967, 81597, 61370, 612089.5052671812, 42, 42, 0, 267.97298950218305, 42
1, 143009, 81639, 61370, 612357.4782566833, 42, 42, 0, 267.97298950218305, 42
1, 143050, 81680, 61370, 612623.7222101268, 41, 41, 0, 266.24395344352433, 41
51, 143143, 81723, 61420, 612952.9644900339, 93, 43, 50, 329.24227990714814, 44
1, 143256, 81766, 61490, 613299.8035339034, 113, 43, 70, 346.83904386951343, 45
1, 143305, 81815, 61490, 613579.1786650099, 49, 49, 0, 279.3751311064591, 49
1, 143355, 81865, 61490, 613860.0934598572, 50, 50, 0, 280.9147948472494, 50
1, 143392, 81902, 61490, 614119.1260313131, 37, 37, 0, 259.03257145596604, 37
51, 143506, 81936, 61570, 614465.8840190048, 114, 34, 80, 346.75798769167545, 36
1, 143582, 81972, 61610, 614777.4431913785, 76, 36, 40, 311.5591723737189, 37
1, 143652, 82012, 61640, 615082.7939522304, 70, 40, 30, 305.3507608519078, 41
1, 143692, 82052, 61640, 615347.2806381669, 40, 40, 0, 264.4866859365871, 40
51, 143777, 82087, 61690, 615668.017665838, 85, 35, 50, 320.73702767108114, 36
1, 143855, 82135, 61720, 615982.9004524581, 78, 48, 30, 314.8827866200841, 49
1, 143897, 82177, 61720, 616250.8734419602, 42, 42, 0, 267.97298950218305, 42
1, 144003, 82213, 61790, 616591.1414855699, 106, 36, 70, 340.2680436096278, 38
51, 144091, 82251, 61840, 616915.1229169307, 88, 38, 50, 323.98143136087856, 39
1, 144137, 82297, 61840, 617189.7519856447, 46, 46, 0, 274.6290687140218, 46
1, 144178, 82338, 61840, 617455.9959390882, 41, 41, 0, 266.24395344352433, 41
1, 144254, 82384, 61870, 617768.5551114619, 76, 46, 30, 312.5591723737189, 47
51, 144388, 82428, 61960, 618131.7879273805, 134, 44, 90, 363.23281591860336, 46
1, 144430, 82470, 61960, 618399.7609168827, 42, 42, 0, 267.97298950218305, 42
1, 144471, 82511, 61960, 618666.0048703261, 41, 41, 0, 266.24395344352433, 41
1, 144544, 82554, 61990, 618975.0061488954, 73, 43, 30, 309.00127856917646, 44
1, 144582, 82592, 61990, 619235.8885285152, 38, 38, 0, 260.88237961983884, 38
51, 144698, 82628, 62070, 619584.4703320063, 116, 36, 80, 348.5818034911291, 38
1, 144771, 82661, 62110, 619892.4716105756, 73, 33, 40, 308.00127856917646, 34
1, 144818, 82708, 62110, 620168.7046604451, 47, 47, 0, 276.2330498695885, 47
1, 144860, 82750, 62110, 620436.6776499472, 42, 42, 0, 267.97298950218305, 42
51, 144945, 82785, 62160, 620757.4146776183, 85, 35, 50, 320.73702767108114, 36
1, 144981, 82821, 62160, 621014.5636518967, 36, 36, 0, 257.1489742783178, 36
1, 145094, 82864, 62230, 621361.4026957662, 113, 43, 70, 346.83904386951343, 45
1, 145128, 82898, 62230, 621614.6763360428, 34, 34, 0, 253.2736402766418, 34
51, 145241, 82931, 62310, 621960.5153799123, 113, 33, 80, 345.83904386951343, 35
1, 145277, 82967, 62310, 622217.6643541907, 36, 36, 0, 257.1489742783178, 36
1, 145345, 83005, 62340, 622520.5265252932, 68, 38, 30, 302.86217110259, 39
1, 145373, 83033, 62340, 622761.1591886723, 28, 28, 0, 240.63266337912057, 28
51, 145503, 83073, 62430, 623121.0240262109, 130, 40, 90, 359.86483753851803, 42
1, 145549, 83119, 62430, 623395.6530949249, 46, 46, 0, 274.6290687140218, 46
1, 145586, 83156, 62430, 623654.6856663808, 37, 37, 0, 259.03257145596604, 37
51, 145707, 83197, 62510, 624007.7481454164, 121, 41, 80, 353.06247903554, 43
1, 145789, 83239, 62550, 624326.1698152599, 82, 42, 40, 318.42166984345636, 43
1, 145827, 83277, 62550, 624587.0521948797, 38, 38, 0, 260.88237961983884, 38
1, 145861, 83311, 62550, 624840.3258351564, 34, 34, 0, 253.2736402766418, 34
51, 145952, 83352, 62600, 625167.4848970951, 91, 41, 50, 327.1590619387661, 42
1, 145990, 83390, 62600, 625428.367276715, 38, 38, 0, 260.88237961983884, 38
1, 146061, 83431, 62630, 625734.9455875338, 71, 41, 30, 306.57831081870995, 42
1, 146136, 83466, 62670, 626045.328683172, 75, 35, 40, 310.38309563827124, 36
51, 146223, 83503, 62720, 626368.2362641697, 87, 37, 50, 322.9075809977351, 38
1, 146270, 83550, 62720, 626644.4693140392, 47, 47, 0, 276.2330498695885, 47
1, 146383, 83593, 62790, 626991.3083579087, 113, 43, 70, 346.83904386951343, 45
1, 146423, 83633, 62790, 627255.7950438453, 40, 40, 0, 264.4866859365871, 40
1, 146504, 83674, 62830, 627573.0950438454, 81, 41, 40, 317.3, 42
51, 146589, 83709, 62880, 627893.8320715164, 85, 35, 50, 320.73702767108114, 36
1, 146645, 83765, 62880, 628183.5885514899, 56, 56, 0, 289.7564799734761, 56
1, 146757, 83807, 62950, 628529.5038638294, 112, 42, 70, 345.91531233955715, 44
1, 146787, 83837, 62950, 628774.5385957615, 30, 30, 0, 245.0347319320716, 30
51, 146874, 83874, 63000, 629097.4461767592, 87, 37, 50, 322.9075809977351, 38
1, 146909, 83909, 63000, 629352.676104669, 35, 35, 0, 255.22992790977875, 35
1, 146987, 83947, 63040, 629666.558891289, 78, 38, 40, 313.8827866200841, 39
1, 147049, 83979, 63070, 629961.6655176188, 62, 32, 30, 295.1066263296683, 33
1, 147079, 84009, 63070, 630206.7002495509, 30, 30, 0, 245.0347319320716, 30
51, 147239, 84049, 63190, 630587.6561315587, 160, 40, 120, 380.95588200778457, 43
1, 147281, 84091, 63190, 630855.6291210608, 42, 42, 0, 267.97298950218305, 42
1, 147343, 84123, 63220, 631150.7357473905, 62, 32, 30, 295.1066263296683, 33
1, 147384, 84164, 63220, 631416.979700834, 41, 41, 0, 266.24395344352433, 41
51, 147468, 84198, 63270, 631736.6197112375, 84, 34, 50, 319.64001040350905, 35
1, 147547, 84237, 63310, 632051.6504613677, 79, 39, 40, 315.03075013013313, 40
1, 147589, 84279, 63310, 632319.6234508698, 42, 42, 0, 267.97298950218305, 42
51, 147672, 84312, 63360, 632638.158398799, 83, 33, 50, 318.5349479292333, 34
1, 147739, 84349, 63390, 632939.7589540567, 67, 37, 30, 301.6005552576305, 38
1, 147775, 84385, 63390, 633196.907928335, 36, 36, 0, 257.1489742783178, 36
51, 147908, 84428, 63480, 633559.3041973762, 133, 43, 90, 362.3962690412072, 45
1, 147949, 84469, 63480, 633825.5481508197, 41, 41, 0, 266.24395344352433, 41
1, 148017, 84507, 63510, 634128.4103219223, 68, 38, 30, 302.86217110259, 39
1, 148056, 84546, 63510, 634391.1102618662, 39, 39, 0, 262.6999399439383, 39
51, 148149, 84589, 63560, 634720.3525417733, 93, 43, 50, 329.24227990714814, 44
1, 148182, 84622, 63560, 634971.6307144662, 33, 33, 0, 251.27817269284301, 33
1, 148286, 84656, 63630, 635309.9744012237, 104, 34, 70, 338.343686757474, 36
1, 148325, 84695, 63630, 635572.6743411677, 39, 39, 0, 262.6999399439383, 39
51, 148417, 84737, 63680, 635900.8784426359, 92, 42, 50, 328.20410146824725, 43
1, 148452, 84772, 63680, 636156.1083705457, 35, 35, 0, 255.22992790977875, 35
1, 148493, 84813, 63680, 636422.3523239892, 41, 41, 0, 266.24395344352433, 41
1, 148560, 84850, 63710, 636723.9528792468, 67, 37, 30, 301.6005552576305, 38
1, 148639, 84889, 63750, 637038.983629377, 79, 39, 40, 315.03075013013313, 40
51, 148726, 84926, 63800, 637361.8912103747, 87, 37, 50, 322.9075809977351, 38
1, 148756, 84956, 63800, 637606.9259423068, 30, 30, 0, 245.0347319320716, 30
1, 148801, 85001, 63800, 637879.9279487178, 45, 45, 0, 273.00200641113514, 45
51, 148927, 85047, 63880, 638237.3648446013, 126, 46, 80, 357.43689588345075, 48
1, 148971, 85091, 63880, 638508.7158022914, 44, 44, 0, 271.35095769013947, 44
1, 149043, 85123, 63920, 638815.5108653158, 72, 32, 40, 306.79506302439404, 33
1, 149078, 85158, 63920, 639070.7407932256, 35, 35, 0, 255.22992790977875, 35
1, 149154, 85194, 63960, 639382.2999655993, 76, 36, 40, 311.5591723737189, 37
51, 149272, 85232, 64040, 639732.6872907683, 118, 38, 80, 350.3873251689181, 40
1, 149350, 85270, 64080, 640046.5700773883, 78, 38, 40, 313.8827866200841, 39
1, 149388, 85308, 64080, 640307.4524570082, 38, 38, 0, 260.88237961983884, 38
1, 149422, 85342, 64080, 640560.7260972848, 34, 34, 0, 253.2736402766418, 34
51, 149584, 85384, 64200, 640943.1882317857, 162, 42, 120, 382.4621345008163, 45
1, 149618, 85418, 64200, 641196.4618720623, 34, 34, 0, 253.2736402766418, 34
1, 149663, 85463, 64200, 641469.4638784734, 45, 45, 0, 273.00200641113514, 45
1, 149706, 85506, 64200, 641739.1388386765, 43, 43, 0, 269.6749602031015, 43
1, 149763, 85533, 64230, 642027.4084591819, 57, 27, 30, 288.2696205054472, 28
51, 149846, 85566, 64280, 642345.9434071111, 83, 33, 50, 318.5349479292333, 34
1, 149930, 85610, 64320, 642666.5834175146, 84, 44, 40, 320.64001040350905, 45
1, 149969, 85649, 64320, 642929.2833574585, 39, 39, 0, 262.6999399439383, 39
1, 150006, 85686, 64320, 643188.3159289145, 37, 37, 0, 259.03257145596604, 37
51, 150103, 85733, 64370, 643521.644828186, 97, 47, 50, 333.3288992714996, 48
1, 150177, 85777, 64400, 643831.8420369528, 74, 44, 30, 310.1972087668518, 45
1, 150262, 85822, 64440, 644153.5790646239, 85, 45, 40, 321.73702767108114, 46
1, 150298, 85858, 64440, 644410.7280389023, 36, 36, 0, 257.1489742783178, 36
1, 150343, 85903, 64440, 644683.7300453134, 45, 45, 0, 273.00200641113514, 45
51, 150436, 85946, 64490, 645012.9723252205, 93, 43, 50, 329.24227990714814, 44
1, 150505, 85985, 64520, 645317.0844669307, 69, 39, 30, 304.1121417102006, 40
1, 150588, 86028, 64560, 645636.6194148599, 83, 43, 40, 319.5349479292333, 44
51, 150697, 86057, 64640, 645978.7340463595, 109, 29, 80, 342.114631499574, 31
1, 150733, 86093, 64640, 646235.8830206379, 36, 36, 0, 257.1489742783178, 36
1, 150778, 86138, 64640, 646508.885027049, 45, 45, 0, 273.00200641113514, 45
51, 150915, 86185, 64730, 646874.6063492538, 137, 47, 90, 365.72132220485213, 49
1, 150950, 86220, 64730, 647129.8362771636, 35, 35, 0, 255.22992790977875, 35
1, 151024, 86254, 64770, 647439.0334859304, 74, 34, 40, 309.1972087668518, 35
1, 151097, 86297, 64800, 647748.0347644996, 73, 43, 30, 309.00127856917646, 44
51, 151190, 86340, 64850, 648077.2770444067, 93, 43, 50, 329.24227990714814, 44
1, 151229, 86379, 64850, 648339.9769843507, 39, 39, 0, 262.6999399439383, 39
1, 151270, 86420, 64850, 648606.2209377942, 41, 41, 0, 266.24395344352433, 41
51, 151396, 86456, 64940, 648962.6578336776, 126, 36, 90, 356.43689588345075, 38
1, 151439, 86499, 64940, 649232.3327938807, 43, 43, 0, 269.6749602031015, 43
1, 151510, 86540, 64970, 649538.9111046995, 71, 41, 30, 306.57831081870995, 42
1, 151590, 86580, 65010, 649855.0808609438, 80, 40, 40, 316.1697562442441, 41
51, 151680, 86620, 65060, 650181.1878897678, 90, 40, 50, 326.1070288241023, 41
1, 151718, 86658, 65060, 650442.0702693877, 38, 38, 0, 260.88237961983884, 38
1, 151751, 86691, 65060, 650693.3484420805, 33, 33, 0, 251.27817269284301, 33
1, 151795, 86735, 65060, 650964.6993997707, 44, 44, 0, 271.35095769013947, 44
51, 151954, 86774, 65180, 651344.8982622431, 159, 39, 120, 380.1988624723894, 42
1, 151989, 86809, 65180, 651600.1281901529, 35, 35, 0, 255.22992790977875, 35
1, 152060, 86850, 65210, 651906.7065009717, 71, 41, 30, 306.57831081870995, 42
51, 152151, 86891, 65260, 652233.8655629104, 91, 41, 50, 327.1590619387661, 42
1, 152223, 86923, 65300, 652540.6606259348, 72, 32, 40, 306.79506302439404, 33
1, 152267, 86967, 65300, 652812.011583625, 44, 44, 0, 271.35095769013947, 44
1, 152310, 87010, 65300, 653081.6865438281, 43, 43, 0, 269.6749602031015, 43
1, 152413, 87043, 65370, 653419.0597938836, 103, 33, 70, 337.37325005549695, 35
51, 152502, 87082, 65420, 653744.1076594477, 89, 39, 50, 325.0478655640733, 40
1, 152575, 87115, 65460, 654052.1089380169, 73, 33, 40, 308.00127856917646, 34
1, 152628, 87168, 65460, 654337.5257256577, 53, 53, 0, 285.4167876408086, 53
1, 152670, 87210, 65460, 654605.4987151598, 42, 42, 0, 267.97298950218305, 42
51, 152797, 87247, 65550, 654962.7983974591, 127, 37, 90, 357.2996822992933, 39
1, 152860, 87280, 65580, 655259.2297221852, 63, 33, 30, 296.43132472612575, 34
1, 152909, 87329, 65580, 655538.6048532916, 49, 49, 0, 279.3751311064591, 49
1, 152942, 87362, 65580, 655789.8830259845, 33, 33, 0, 251.27817269284301, 33
51, 153023, 87393, 65630, 656106.1830259846, 81, 31, 50, 316.3, 32
1, 153067, 87437, 65630, 656377.5339836747, 44, 44, 0, 271.35095769013947, 44
1, 153173, 87473, 65700, 656717.8020272844, 106, 36, 70, 340.2680436096278, 38
51, 153252, 87502, 65750, 657031.8327774146, 79, 29, 50, 314.03075013013313, 30
1, 153287, 87537, 65750, 657287.0627053244, 35, 35, 0, 255.22992790977875, 35
1, 153354, 87574, 65780, 657588.663260582, 67, 37, 30, 301.6005552576305, 38
1, 153398, 87618, 65780, 657860.0142182722, 44, 44, 0, 271.35095769013947, 44
51, 153539, 87669, 65870, 658229.0058909376, 141, 51, 90, 368.9916726654594, 53
1, 153591, 87721, 65870, 658512.9408523659, 52, 52, 0, 283.93496142826496, 52
1, 153624, 87754, 65870, 658764.2190250588, 33, 33, 0, 251.27817269284301, 33
51, 153749, 87789, 65960, 659119.789177547, 125, 35, 90, 355.57015248821097, 37
1, 153824, 87834, 65990, 659431.1722731852, 75, 45, 30, 311.38309563827124, 46
1, 153858, 87868, 65990, 659684.4459134619, 34, 34, 0, 253.2736402766418, 34
51, 153948, 87908, 66040, 660010.5529422859, 90, 40, 50, 326.1070288241023, 41
1, 154062, 87952, 66110, 660358.3109299776, 114, 44, 70, 347.75798769167545, 46
1, 154106, 87996, 66110, 660629.6618876677, 44, 44, 0, 271.35095769013947, 44
1, 154146, 88036, 66110, 660894.1485736043, 40, 40, 0, 264.4866859365871, 40
51, 154301, 88071, 66230, 661271.2927261417, 155, 35, 120, 377.14415253747273, 38
1, 154348, 88118, 66230, 661547.5257760113, 47, 47, 0, 276.2330498695885, 47
1, 154394, 88164, 66230, 661822.1548447253, 46, 46, 0, 274.6290687140218, 46
51, 154476, 88196, 66280, 662139.5765145688, 82, 32, 50, 317.42166984345636, 33
1, 154555, 88235, 66320, 662454.607264699, 79, 39, 40, 315.03075013013313, 40
1, 154588, 88268, 66320, 662705.8854373918, 33, 33, 0, 251.27817269284301, 33
1, 154648, 88298, 66350, 662998.3012057632, 60, 30, 30, 292.41576837137404, 31
51, 154745, 88345, 66400, 663331.6301050348, 97, 47, 50, 333.3288992714996, 48
1, 154790, 88390, 66400, 663604.6321114459, 45, 45, 0, 273.00200641113514, 45
1, 154887, 88447, 66440, 663938.9610107174, 97, 57, 40, 334.3288992714996, 58
1, 154926, 88486, 66440, 664201.6609506614, 39, 39, 0, 262.6999399439383, 39
1, 154996, 88526, 66470, 664507.0117115133, 70, 40, 30, 305.3507608519078, 41
51, 155084, 88564, 66520, 664830.9931428741, 88, 38, 50, 323.98143136087856, 39
1, 155129, 88609, 66520, 665103.9951492852, 45, 45, 0, 273.00200641113514, 45
1, 155206, 88646, 66560, 665416.7208130517, 77, 37, 40, 312.72566376652986, 38
51, 155328, 88688, 66640, 665770.6664316055, 122, 42, 80, 353.9456185537469, 44
1, 155363, 88723, 66640, 666025.8963595153, 35, 35, 0, 255.22992790977875, 35
1, 155466, 88756, 66710, 666363.2696095707, 103, 33, 70, 337.37325005549695, 35
1, 155510, 88800, 66710, 666634.6205672609, 44, 44, 0, 271.35095769013947, 44
51, 155609, 88849, 66760, 666969.9547818139, 99, 49, 50, 335.33421455299043, 50
1, 155682, 88882, 66800, 667277.9560603831, 73, 33, 40, 308.00127856917646, 34
1, 155723, 88923, 66800, 667544.2000138266, 41, 41, 0, 266.24395344352433, 41
1, 155763, 88963, 66800, 667808.6866997632, 40, 40, 0, 264.4866859365871, 40
51, 155875, 88995, 66880, 668153.6020121027, 112, 32, 80, 344.91531233955715, 34
1, 155928, 89048, 66880, 668439.0187997435, 53, 53, 0, 285.4167876408086, 53
1, 155963, 89083, 66880, 668694.2487276533, 35, 35, 0, 255.22992790977875, 35
1, 156048, 89128, 66920, 669015.9857553244, 85, 45, 40, 321.73702767108114, 46
51, 156175, 89175, 67000, 669374.2854376236, 127, 47, 80, 358.2996822992933, 49
1, 156228, 89228, 67000, 669659.7022252644, 53, 53, 0, 285.4167876408086, 53
1, 156282, 89282, 67000, 669946.5828263473, 54, 54, 0, 286.88060108295343, 54
1, 156328, 89328, 67000, 670221.2118950613, 46, 46, 0, 274.6290687140218, 46
51, 156423, 89373, 67050, 670552.5104591965, 95, 45, 50, 331.2985641352145, 46
1, 156504, 89414, 67090, 670869.8104591966, 81, 41, 40, 317.3, 42
1, 156572, 89452, 67120, 671172.6726302991, 68, 38, 30, 302.86217110259, 39
1, 156618, 89498, 67120, 671447.3016990131, 46, 46, 0, 274.6290687140218, 46
51, 156744, 89544, 67200, 671804.7385948965, 126, 46, 80, 357.43689588345075, 48
1, 156779, 89579, 67200, 672059.9685228063, 35, 35, 0, 255.22992790977875, 35
1, 156859, 89619, 67240, 672376.1382790506, 80, 40, 40, 316.1697562442441, 41
1, 156891, 89651, 67240, 672625.3797020512, 32, 32, 0, 249.24142300054422, 32
51, 157026, 89706, 67320, 672990.4455119914, 135, 55, 80, 365.06580994024984, 57
1, 157065, 89745, 67320, 673253.1454519354, 39, 39, 0, 262.6999399439383, 39
1, 157106, 89786, 67320, 673519.3894053788, 41, 41, 0, 266.24395344352433, 41
1, 157186, 89826, 67360, 673835.5591616231, 80, 40, 40, 316.1697562442441, 41
51, 157271, 89861, 67410, 674156.2961892942, 85, 35, 50, 320.73702767108114, 36
1, 157301, 89891, 67410, 674401.3309212263, 30, 30, 0, 245.0347319320716, 30
1, 157369, 89929, 67440, 674704.1930923288, 68, 38, 30, 302.86217110259, 39
1, 157409, 89969, 67440, 674968.6797782654, 40, 40, 0, 264.4866859365871, 40
51, 157540, 90010, 67530, 675329.3921064809, 131, 41, 90, 360.7123282155055, 43
1, 157586, 90056, 67530, 675604.0211751949, 46, 46, 0, 274.6290687140218, 46
1, 157667, 90097, 67570, 675921.3211751949, 81, 41, 40, 317.3, 42
1, 157736, 90136, 67600, 676225.4333169052, 69, 39, 30, 304.1121417102006, 40
1, 157780, 90180, 67600, 676496.7842745953, 44, 44, 0, 271.35095769013947, 44
51, 157915, 90225, 67690, 676860.8500845355, 135, 45, 90, 364.06580994024984, 47
1, 157955, 90265, 67690, 677125.3367704721, 40, 40, 0, 264.4866859365871, 40
1, 157992, 90302, 67690, 677384.369341928, 37, 37, 0, 259.03257145596604, 37
1, 158061, 90341, 67720, 677688.4814836383, 69, 39, 30, 304.1121417102006, 40
1, 158139, 90379, 67760, 678002.3642702583, 78, 38, 40, 313.8827866200841, 39
51, 158233, 90423, 67810, 678332.6379961062, 94, 44, 50, 330.273725847777, 45
1, 158265, 90455, 67810, 678581.8794191068, 32, 32, 0, 249.24142300054422, 32
1, 158307, 90497, 67810, 678849.8524086089, 42, 42, 0, 267.97298950218305, 42
51, 158432, 90542, 67890, 679206.4225610971, 125, 45, 80, 356.57015248821097, 47
1, 158473, 90583, 67890, 679472.6665145406, 41, 41, 0, 266.24395344352433, 41
1, 158553, 90623, 67930, 679788.8362707848, 80, 40, 40, 316.1697562442441, 41
1, 158595, 90665, 67930, 680056.809260287, 42, 42, 0, 267.97298950218305, 42
51, 158684, 90704, 67980, 680381.8571258511, 89, 39, 50, 325.0478655640733, 40
1, 158752, 90742, 68010, 680684.7192969536, 68, 38, 30, 302.86217110259, 39
1, 158801, 90791, 68010, 680964.0944280601, 49, 49, 0, 279.3751311064591, 49
1, 158884, 90834, 68050, 681283.6293759893, 83, 43, 40, 319.5349479292333, 44
51, 158978, 90878, 68100, 681613.9031018371, 94, 44, 50, 330.273725847777, 45
1, 159019, 90919, 68100, 681880.1470552806, 41, 41, 0, 266.24395344352433, 41
1, 159123, 90953, 68170, 682218.4907420381, 104, 34, 70, 338.343686757474, 36
51, 159213, 90993, 68220, 682544.5977708622, 90, 40, 50, 326.1070288241023, 41
1, 159333, 91043, 68290, 682897.7728628268, 120, 50, 70, 353.1750919646873, 52
1, 159362, 91072, 68290, 683140.6324415375, 29, 29, 0, 242.8595787106084, 29
51, 159456, 91116, 68340, 683470.9061673853, 94, 44, 50, 330.273725847777, 45
1, 159523, 91153, 68370, 683772.5067226429, 67, 37, 30, 301.6005552576305, 38
1, 159571, 91201, 68370, 684050.3215252334, 48, 48, 0, 277.8148025904985, 48
51, 159660, 91240, 68420, 684375.3693907976, 89, 39, 50, 325.0478655640733, 40
1, 159759, 91269, 68490, 684708.8036053505, 99, 29, 70, 333.43421455299045, 31
1, 159807, 91317, 68490, 684986.6184079411, 48, 48, 0, 277.8148025904985, 48
1, 159871, 91351, 68520, 685284.3611204157, 64, 34, 30, 297.742712474619, 35
51, 159953, 91383, 68570, 685601.7827902592, 82, 32, 50, 317.42166984345636, 33
1, 160064, 91424, 68640, 685946.7695083001, 111, 41, 70, 344.9867180408456, 43
1, 160104, 91464, 68640, 686211.2561942367, 40, 40, 0, 264.4866859365871, 40
51, 160188, 91498, 68690, 686530.8962046402, 84, 34, 50, 319.64001040350905, 35
1, 160229, 91539, 68690, 686797.1401580836, 41, 41, 0, 266.24395344352433, 41
1, 160271, 91581, 68690, 687065.1131475858, 42, 42, 0, 267.97298950218305, 42
1, 160354, 91624, 68730, 687384.648095515, 83, 43, 40, 319.5349479292333, 44
51, 160471, 91661, 68810, 687734.1349123135, 117, 37, 80, 349.4868167986058, 39
1, 160507, 91697, 68810, 687991.2838865919, 36, 36, 0, 257.1489742783178, 36
1, 160555, 91745, 68810, 688269.0986891824, 48, 48, 0, 277.8148025904985, 48
51, 160673, 91773, 68900, 688618.4860143514, 118, 28, 90, 349.3873251689181, 30
1, 160719, 91819, 68900, 688893.1150830653, 46, 46, 0, 274.6290687140218, 46
1, 160761, 91861, 68900, 689161.0880725675, 42, 42, 0, 267.97298950218305, 42
1, 160826, 91896, 68930, 689460.1292240109, 65, 35, 30, 299.04115144336777, 36
51, 160952, 91932, 69020, 689816.5661198943, 126, 36, 90, 356.43689588345075, 38
1, 160981, 91961, 69020, 690059.4256986049, 29, 29, 0, 242.8595787106084, 29
1, 161035, 92015, 69020, 690346.3062996878, 54, 54, 0, 286.88060108295343, 54
51, 161163, 92053, 69110, 690704.4648657893, 128, 38, 90, 358.1585661014858, 40
1, 161206, 92096, 69110, 690974.1398259924, 43, 43, 0, 269.6749602031015, 43
1, 161278, 92138, 69140, 691281.9348890168, 72, 42, 30, 307.79506302439404, 43
1, 161318, 92178, 69140, 691546.4215749534, 40, 40, 0, 264.4866859365871, 40
51, 161408, 92218, 69190, 691872.5286037774, 90, 40, 50, 326.1070288241023, 41
1, 161512, 92252, 69260, 692210.8722905349, 104, 34, 70, 338.343686757474, 36
1, 161560, 92300, 69260, 692488.6870931254, 48, 48, 0, 277.8148025904985, 48
51, 161647, 92337, 69310, 692811.5946741231, 87, 37, 50, 322.9075809977351, 38
1, 161722, 92382, 69340, 693122.9777697613, 75, 45, 30, 311.38309563827124, 46
1, 161757, 92417, 69340, 693378.2076976711, 35, 35, 0, 255.22992790977875, 35
1, 161836, 92456, 69380, 693693.2384478013, 79, 39, 40, 315.03075013013313, 40
51, 161928, 92498, 69430, 694021.4425492695, 92, 42, 50, 328.20410146824725, 43
1, 161965, 92535, 69430, 694280.4751207255, 37, 37, 0, 259.03257145596604, 37
1, 162067, 92567, 69500, 694616.8723035066, 102, 32, 70, 336.39718278112656, 34
51, 162161, 92611, 69550, 694947.1460293544, 94, 44, 50, 330.273725847777, 45
1, 162214, 92664, 69550, 695232.5628169952, 53, 53, 0, 285.4167876408086, 53
1, 162254, 92704, 69550, 695497.0495029318, 40, 40, 0, 264.4866859365871, 40
1, 162334, 92744, 69590, 695813.219259176, 80, 40, 40, 316.1697562442441, 41
51, 162460, 92790, 69670, 696170.6561550595, 126, 46, 80, 357.43689588345075, 48
1, 162501, 92831, 69670, 696436.900108503, 41, 41, 0, 266.24395344352433, 41
1, 162572, 92872, 69700, 696743.4784193217, 71, 41, 30, 306.57831081870995, 42
1, 162618, 92918, 69700, 697018.1074880357, 46, 46, 0, 274.6290687140218, 46
51, 162743, 92953, 69790, 697373.6776405239, 125, 35, 90, 355.57015248821097, 37
1, 162783, 92993, 69790, 697638.1643264604, 40, 40, 0, 264.4866859365871, 40
1, 162852, 93032, 69820, 697942.2764681707, 69, 39, 30, 304.1121417102006, 40
1, 162890, 93070, 69820, 698203.1588477906, 38, 38, 0, 260.88237961983884, 38
1, 163005, 93115, 69890, 698551.8310648528, 115, 45, 70, 348.6722170622053, 47
51, 163092, 93152, 69940, 698874.7386458504, 87, 37, 50, 322.9075809977351, 38
1, 163152, 93182, 69970, 699167.1544142219, 60, 30, 30, 292.41576837137404, 31
1, 163229, 93219, 70010, 699479.8800779884, 77, 37, 40, 312.72566376652986, 38
51, 163323, 93263, 70060, 699810.1538038362, 94, 44, 50, 330.273725847777, 45
1, 163372, 93312, 70060, 700089.5289349427, 49, 49, 0, 279.3751311064591, 49
1, 163482, 93352, 70130, 700433.5821189891, 110, 40, 70, 344.0531840464366, 42
1, 163519, 93389, 70130, 700692.614690445, 37, 37, 0, 259.03257145596604, 37
1, 163596, 93426, 70170, 701005.3403542115, 77, 37, 40, 312.72566376652986, 38
51, 163688, 93468, 70220, 701333.5444556797, 92, 42, 50, 328.20410146824725, 43
1, 163756, 93506, 70250, 701636.4066267823, 68, 38, 30, 302.86217110259, 39
1, 163840, 93550, 70290, 701957.0466371857, 84, 44, 40, 320.64001040350905, 45
1, 163905, 93585, 70320, 702256.0877886291, 65, 35, 30, 299.04115144336777, 36
1, 163944, 93624, 70320, 702518.7877285731, 39, 39, 0, 262.6999399439383, 39
51, 164063, 93663, 70400, 702870.0711237753, 119, 39, 80, 351.28339520229764, 41
1, 164149, 93709, 70440, 703192.8972884229, 86, 46, 40, 322.82616464756694, 47
1, 164194, 93754, 70440, 703465.899294834, 45, 45, 0, 273.00200641113514, 45
51, 164292, 93802, 70490, 703800.2339231985, 98, 48, 50, 334.33462836457886, 49
1, 164365, 93845, 70520, 704109.2352017678, 73, 43, 30, 309.00127856917646, 44
1, 164404, 93884, 70520, 704371.9351417117, 39, 39, 0, 262.6999399439383, 39
51, 164539, 93929, 70610, 704736.000951652, 135, 45, 90, 364.06580994024984, 47
1, 164574, 93964, 70610, 704991.2308795617, 35, 35, 0, 255.22992790977875, 35
1, 164617, 94007, 70610, 705260.9058397649, 43, 43, 0, 269.6749602031015, 43
1, 164718, 94038, 70680, 705596.3212277371, 101, 31, 70, 335.41538797227, 33
51, 164805, 94075, 70730, 705919.2288087348, 87, 37, 50, 322.9075809977351, 38
1, 164847, 94117, 70730, 706187.2017982369, 42, 42, 0, 267.97298950218305, 42
1, 164908, 94148, 70760, 706480.9700375041, 61, 31, 30, 293.7682392671241, 32
1, 164954, 94194, 70760, 706755.5991062181, 46, 46, 0, 274.6290687140218, 46
51, 165113, 94233, 70880, 707135.7979686905, 159, 39, 120, 380.1988624723894, 42
1, 165156, 94276, 70880, 707405.4729288936, 43, 43, 0, 269.6749602031015, 43
1, 165198, 94318, 70880, 707673.4459183958, 42, 42, 0, 267.97298950218305, 42
1, 165238, 94358, 70880, 707937.9326043323, 40, 40, 0, 264.4866859365871, 40
1, 165269, 94389, 70880, 708185.0937105094, 31, 31, 0, 247.1611061770567, 31
51, 165354, 94424, 70930, 708505.8307381804, 85, 35, 50, 320.73702767108114, 36
1, 165468, 94468, 71000, 708853.5887258721, 114, 44, 70, 347.75798769167545, 46
1, 165504, 94504, 71000, 709110.7377001505, 36, 36, 0, 257.1489742783178, 36
1, 165562, 94532, 71030, 709400.4046022577, 58, 28, 30, 289.66690210718946, 29
1, 165608, 94578, 71030, 709675.0336709716, 46, 46, 0, 274.6290687140218, 46
51, 165693, 94613, 71080, 709995.7706986427, 85, 35, 50, 320.73702767108114, 36
1, 165764, 94644, 71120, 710301.3490094615, 71, 31, 40, 305.57831081870995, 32
1, 165838, 94688, 71150, 710611.5462182283, 74, 44, 30, 310.1972087668518, 45
1, 165873, 94723, 71150, 710866.7761461381, 35, 35, 0, 255.22992790977875, 35
1, 165913, 94763, 71150, 711131.2628320747, 40, 40, 0, 264.4866859365871, 40
51, 166004, 94804, 71200, 711458.4218940134, 91, 41, 50, 327.1590619387661, 42
1, 166080, 94840, 71240, 711769.9810663871, 76, 36, 40, 311.5591723737189, 37
1, 166119, 94879, 71240, 712032.6810063311, 39, 39, 0, 262.6999399439383, 39
1, 166179, 94909, 71270, 712325.0967747025, 60, 30, 30, 292.41576837137404, 31
51, 166267, 94947, 71320, 712649.0782060634, 88, 38, 50, 323.98143136087856, 39
1, 166377, 94987, 71390, 712993.1313901098, 110, 40, 70, 344.0531840464366, 42
1, 166419, 95029, 71390, 713261.1043796119, 42, 42, 0, 267.97298950218305, 42
51, 166513, 95073, 71440, 713591.3781054597, 94, 44, 50, 330.273725847777, 45
1, 166552, 95112, 71440, 713854.0780454037, 39, 39, 0, 262.6999399439383, 39
1, 166591, 95151, 71440, 714116.7779853477, 39, 39, 0, 262.6999399439383, 39
1, 166708, 95198, 71510, 714467.2648021462, 117, 47, 70, 350.4868167986058, 49
1, 166747, 95237, 71510, 714729.9647420902, 39, 39, 0, 262.6999399439383, 39
51, 166829, 95269, 71560, 715047.3864119337, 82, 32, 50, 317.42166984345636, 33
1, 166858, 95298, 71560, 715290.2459906443, 29, 29, 0, 242.8595787106084, 29
1, 166898, 95338, 71560, 715554.7326765809, 40, 40, 0, 264.4866859365871, 40
1, 167017, 95387, 71630, 715907.0160717831, 119, 49, 70, 352.28339520229764, 51
51, 167099, 95419, 71680, 716224.4377416266, 82, 32, 50, 317.42166984345636, 33
1, 167183, 95473, 71710, 716546.0777520301, 84, 54, 30, 321.64001040350905, 55
1, 167262, 95512, 71750, 716861.1085021603, 79, 39, 40, 315.03075013013313, 40
51, 167344, 95544, 71800, 717178.5301720038, 82, 32, 50, 317.42166984345636, 33
1, 167377, 95577, 71800, 717429.8083446966, 33, 33, 0, 251.27817269284301, 33
1, 167444, 95614, 71830, 717731.4088999543, 67, 37, 30, 301.6005552576305, 38
1, 167492, 95662, 71830, 718009.2237025448, 48, 48, 0, 277.8148025904985, 48
51, 167619, 95699, 71920, 718366.5233848441, 127, 37, 90, 357.2996822992933, 39
1, 167687, 95737, 71950, 718669.3855559466, 68, 38, 30, 302.86217110259, 39
1, 167726, 95776, 71950, 718932.0854958906, 39, 39, 0, 262.6999399439383, 39
1, 167792, 95812, 71980, 719232.4124841677, 66, 36, 30, 300.32698827717985, 37
51, 167872, 95842, 72030, 719547.582240412, 80, 30, 50, 315.1697562442441, 31
1, 167915, 95885, 72030, 719817.2572006151, 43, 43, 0, 269.6749602031015, 43
1, 167994, 95924, 72070, 720132.2879507453, 79, 39, 40, 315.03075013013313, 40
1, 168029, 95959, 72070, 720387.5178786551, 35, 35, 0, 255.22992790977875, 35
51, 168162, 96002, 72160, 720749.9141476963, 133, 43, 90, 362.3962690412072, 45
1, 168235, 96045, 72190, 721058.9154262656, 73, 43, 30, 309.00127856917646, 44
1, 168278, 96088, 72190, 721328.5903864687, 43, 43, 0, 269.6749602031015, 43
1, 168325, 96135, 72190, 721604.8234363382, 47, 47, 0, 276.2330498695885, 47
51, 168420, 96180, 72240, 721936.1220004734, 95, 45, 50, 331.2985641352145, 46
1, 168532, 96222, 72310, 722282.037312813, 112, 42, 70, 345.91531233955715, 44
1, 168579, 96269, 72310, 722558.2703626825, 47, 47, 0, 276.2330498695885, 47
1, 168651, 96311, 72340, 722866.0654257069, 72, 42, 30, 307.79506302439404, 43
51, 168740, 96350, 72390, 723191.113291271, 89, 39, 50, 325.0478655640733, 40
1, 168817, 96387, 72430, 723503.8389550375, 77, 37, 40, 312.72566376652986, 38
1, 168855, 96425, 72430, 723764.7213346574, 38, 38, 0, 260.88237961983884, 38
1, 168889, 96459, 72430, 724017.994974934, 34, 34, 0, 253.2736402766418, 34
51, 169005, 96495, 72510, 724366.5767784251, 116, 36, 80, 348.5818034911291, 38
1, 169045, 96535, 72510, 724631.0634643617, 40, 40, 0, 264.4866859365871, 40
1, 169124, 96574, 72550, 724946.0942144919, 79, 39, 40, 315.03075013013313, 40
1, 169158, 96608, 72550, 725199.3678547685, 34, 34, 0, 253.2736402766418, 34
1, 169244, 96654, 72590, 725522.1940194161, 86, 46, 40, 322.82616464756694, 47
51, 169361, 96691, 72670, 725871.6808362147, 117, 37, 80, 349.4868167986058, 39
1, 169392, 96722, 72670, 726118.8419423917, 31, 31, 0, 247.1611061770567, 31
1, 169474, 96774, 72700, 726438.2636122352, 82, 52, 30, 319.42166984345636, 53
1, 169547, 96807, 72740, 726746.2648908044, 73, 33, 40, 308.00127856917646, 34
51, 169639, 96849, 72790, 727074.4689922726, 92, 42, 50, 328.20410146824725, 43
1, 169714, 96894, 72820, 727385.8520879109, 75, 45, 30, 311.38309563827124, 46
1, 169756, 96936, 72820, 727653.825077413, 42, 42, 0, 267.97298950218305, 42
1, 169819, 96969, 72850, 727950.2564021391, 63, 33, 30, 296.43132472612575, 34
1, 169895, 97005, 72890, 728261.8155745128, 76, 36, 40, 311.5591723737189, 37
51, 169991, 97051, 72940, 728594.1324905275, 96, 46, 50, 332.31691601465747, 47
1, 170040, 97100, 72940, 728873.5076216339, 49, 49, 0, 279.3751311064591, 49
1, 170112, 97142, 72970, 729181.3026846583, 72, 42, 30, 307.79506302439404, 43
1, 170159, 97189, 72970, 729457.5357345279, 47, 47, 0, 276.2330498695885, 47
51, 170286, 97226, 73060, 729814.8354168271, 127, 37, 90, 357.2996822992933, 39
1, 170324, 97264, 73060, 730075.717796447, 38, 38, 0, 260.88237961983884, 38
1, 170362, 97302, 73060, 730336.6001760669, 38, 38, 0, 260.88237961983884, 38
51, 170492, 97342, 73150, 730696.4650136054, 130, 40, 90, 359.86483753851803, 42
1, 170556, 97376, 73180, 730994.2077260801, 64, 34, 30, 297.742712474619, 35
1, 170611, 97431, 73180, 731282.5347076133, 55, 55, 0, 288.32698153315005, 55
51, 170696, 97466, 73230, 731603.2717352844, 85, 35, 50, 320.73702767108114, 36
1, 170737, 97507, 73230, 731869.5156887278, 41, 41, 0, 266.24395344352433, 41
1, 170818, 97548, 73270, 732186.8156887279, 81, 41, 40, 317.3, 42
1, 170858, 97588, 73270, 732451.3023746645, 40, 40, 0, 264.4866859365871, 40
51, 170977, 97627, 73350, 732802.5857698667, 119, 39, 80, 351.28339520229764, 41
1, 171013, 97663, 73350, 733059.7347441451, 36, 36, 0, 257.1489742783178, 36
1, 171058, 97708, 73350, 733332.7367505562, 45, 45, 0, 273.00200641113514, 45
1, 171145, 97755, 73390, 733656.6443315538, 87, 47, 40, 323.9075809977351, 48
1, 171184, 97794, 73390, 733919.3442714978, 39, 39, 0, 262.6999399439383, 39
51, 171302, 97832, 73470, 734269.7315966667, 118, 38, 80, 350.3873251689181, 40
1, 171349, 97879, 73470, 734545.9646465363, 47, 47, 0, 276.2330498695885, 47
1, 171390, 97920, 73470, 734812.2085999798, 41, 41, 0, 266.24395344352433, 41
51, 171485, 97965, 73520, 735143.507164115, 95, 45, 50, 331.2985641352145, 46
1, 171572, 98012, 73560, 735467.4147451126, 87, 47, 40, 323.9075809977351, 48
1, 171598, 98038, 73560, 735703.424831548, 26, 26, 0, 236.01008643532256, 26
1, 171665, 98075, 73590, 736005.0253868056, 67, 37, 30, 301.6005552576305, 38
1, 171705, 98115, 73590, 736269.5120727422, 40, 40, 0, 264.4866859365871, 40
51, 171828, 98158, 73670, 736624.336644004, 123, 43, 80, 354.8245712617827, 45
1, 171867, 98197, 73670, 736887.036583948, 39, 39, 0, 262.6999399439383, 39
1, 171948, 98238, 73710, 737204.336583948, 81, 41, 40, 317.3, 42
1, 171994, 98284, 73710, 737478.965652662, 46, 46, 0, 274.6290687140218, 46
51, 172078, 98318, 73760, 737798.6056630654, 84, 34, 50, 319.64001040350905, 35
1, 172116, 98356, 73760, 738059.4880426853, 38, 38, 0, 260.88237961983884, 38
1, 172227, 98397, 73830, 738404.4747607262, 111, 41, 70, 344.9867180408456, 43
1, 172273, 98443, 73830, 738679.1038294402, 46, 46, 0, 274.6290687140218, 46
51, 172396, 98476, 73920, 739032.928400702, 123, 33, 90, 353.8245712617827, 35
1, 172448, 98528, 73920, 739316.8633621302, 52, 52, 0, 283.93496142826496, 52
1, 172489, 98569, 73920, 739583.1073155737, 41, 41, 0, 266.24395344352433, 41
1, 172599, 98609, 73990, 739927.1604996201, 110, 40, 70, 344.0531840464366, 42
51, 172687, 98647, 74040, 740251.141930981, 88, 38, 50, 323.98143136087856, 39
1, 172730, 98690, 74040, 740520.8168911841, 43, 43, 0, 269.6749602031015, 43
1, 172800, 98730, 74070, 740826.167652036, 70, 40, 30, 305.3507608519078, 41
51, 172893, 98773, 74120, 741155.409931943, 93, 43, 50, 329.24227990714814, 44
1, 173013, 98823, 74190, 741508.5850239077, 120, 50, 70, 353.1750919646873, 52
1, 173054, 98864, 74190, 741774.8289773512, 41, 41, 0, 266.24395344352433, 41
1, 173092, 98902, 74190, 742035.7113569711, 38, 38, 0, 260.88237961983884, 38
51, 173186, 98946, 74240, 742365.9850828189, 94, 44, 50, 330.273725847777, 45
1, 173261, 98981, 74280, 742676.3681784571, 75, 35, 40, 310.38309563827124, 36
1, 173329, 99019, 74310, 742979.2303495597, 68, 38, 30, 302.86217110259, 39
1, 173372, 99062, 74310, 743248.9053097628, 43, 43, 0, 269.6749602031015, 43
51, 173454, 99094, 74360, 743566.3269796063, 82, 32, 50, 317.42166984345636, 33
1, 173501, 99141, 74360, 743842.5600294758, 47, 47, 0, 276.2330498695885, 47
1, 173533, 99173, 74360, 744091.8014524764, 32, 32, 0, 249.24142300054422, 32
51, 173661, 99211, 74450, 744449.9600185779, 128, 38, 90, 358.1585661014858, 40
1, 173730, 99250, 74480, 744754.0721602881, 69, 39, 30, 304.1121417102006, 40
1, 173777, 99297, 74480, 745030.3052101576, 47, 47, 0, 276.2330498695885, 47
1, 173813, 99333, 74480, 745287.454184436, 36, 36, 0, 257.1489742783178, 36
51, 173896, 99366, 74530, 745605.9891323652, 83, 33, 50, 318.5349479292333, 34
1, 173976, 99406, 74570, 745922.1588886095, 80, 40, 40, 316.1697562442441, 41
1, 174021, 99451, 74570, 746195.1608950206, 45, 45, 0, 273.00200641113514, 45
1, 174087, 99487, 74600, 746495.4878832977, 66, 36, 30, 300.32698827717985, 37
51, 174189, 99539, 74650, 746833.7850660789, 102, 52, 50, 338.29718278112654, 53
1, 174270, 99580, 74690, 747151.0850660789, 81, 41, 40, 317.3, 42
1, 174311, 99621, 74690, 747417.3290195224, 41, 41, 0, 266.24395344352433, 41
1, 174376, 99656, 74720, 747716.3701709658, 65, 35, 30, 299.04115144336777, 36
1, 174417, 99697, 74720, 747982.6141244093, 41, 41, 0, 266.24395344352433, 41
51, 174497, 99727, 74770, 748297.7838806536, 80, 30, 50, 315.1697562442441, 31
1, 174605, 99765, 74840, 748639.9548602006, 108, 38, 70, 342.1709795470626, 40
1, 174651, 99811, 74840, 748914.5839289146, 46, 46, 0, 274.6290687140218, 46
51, 174734, 99844, 74890, 749233.1188768438, 83, 33, 50, 318.5349479292333, 34
1, 174809, 99879, 74930, 749543.5019724821, 75, 35, 40, 310.38309563827124, 36
1, 174846, 99916, 74930, 749802.534543938, 37, 37, 0, 259.03257145596604, 37
1, 174922, 99962, 74960, 750115.0937163117, 76, 46, 30, 312.5591723737189, 47
1, 174970, 100010, 74960, 750392.9085189023, 48, 48, 0, 277.8148025904985, 48
51, 175057, 100047, 75010, 750715.8160998999, 87, 37, 50, 322.9075809977351, 38
1, 175143, 100093, 75050, 751038.6422645475, 86, 46, 40, 322.82616464756694, 47
1, 175191, 100141, 75050, 751316.457067138, 48, 48, 0, 277.8148025904985, 48
1, 175222, 100172, 75050, 751563.6181733151, 31, 31, 0, 247.1611061770567, 31
1, 175328, 100208, 75120, 751903.8862169248, 106, 36, 70, 340.2680436096278, 38
51, 175419, 100249, 75170, 752231.0452788635, 91, 41, 50, 327.1590619387661, 42
1, 175466, 100296, 75170, 752507.278328733, 47, 47, 0, 276.2330498695885, 47
1, 175583, 100343, 75240, 752857.7651455316, 117, 47, 70, 350.4868167986058, 49
1, 175618, 100378, 75240, 753112.9950734414, 35, 35, 0, 255.22992790977875, 35
51, 175700, 100410, 75290, 753430.4167432849, 82, 32, 50, 317.42166984345636, 33
1, 175809, 100449, 75360, 753773.5313747845, 109, 39, 70, 343.114631499574, 41
1, 175858, 100498, 75360, 754052.906505891, 49, 49, 0, 279.3751311064591, 49
1, 175932, 100542, 75390, 754363.1037146578, 74, 44, 30, 310.1972087668518, 45
51, 176028, 100588, 75440, 754695.4206306725, 96, 46, 50, 332.31691601465747, 47
1, 176076, 100636, 75440, 754973.235433263, 48, 48, 0, 277.8148025904985, 48
1, 176183, 100673, 75510, 755314.4575785327, 107, 37, 70, 341.2221452697031, 39
51, 176277, 100717, 75560, 755644.7313043806, 94, 44, 50, 330.273725847777, 45
1, 176322, 100762, 75560, 755917.7333107917, 45, 45, 0, 273.00200641113514, 45
1, 176359, 100799, 75560, 756176.7658822476, 37, 37, 0, 259.03257145596604, 37
1, 176439, 100839, 75600, 756492.9356384919, 80, 40, 40, 316.1697562442441, 41
51, 176563, 100883, 75680, 756848.63503504, 124, 44, 80, 355.6993965481514, 46
1, 176605, 100925, 75680, 757116.6080245421, 42, 42, 0, 267.97298950218305, 42
1, 176646, 100966, 75680, 757382.8519779856, 41, 41, 0, 266.24395344352433, 41
51, 176743, 101013, 75730, 757716.1808772571, 97, 47, 50, 333.3288992714996, 48
1, 176827, 101057, 75770, 758036.8208876606, 84, 44, 40, 320.64001040350905, 45
1, 176866, 101096, 75770, 758299.5208276046, 39, 39, 0, 262.6999399439383, 39
1, 176939, 101139, 75800, 758608.5221061738, 73, 43, 30, 309.00127856917646, 44
51, 177029, 101179, 75850, 758934.6291349978, 90, 40, 50, 326.1070288241023, 41
1, 177067, 101217, 75850, 759195.5115146177, 38, 38, 0, 260.88237961983884, 38
1, 177137, 101247, 75890, 759499.8622754696, 70, 30, 40, 304.3507608519078, 31
1, 177213, 101293, 75920, 759812.4214478433, 76, 46, 30, 312.5591723737189, 47
51, 177305, 101335, 75970, 760140.6255493115, 92, 42, 50, 328.20410146824725, 43
1, 177381, 101371, 76010, 760452.1847216852, 76, 36, 40, 311.5591723737189, 37
1, 177420, 101410, 76010, 760714.8846616292, 39, 39, 0, 262.6999399439383, 39
1, 177455, 101445, 76010, 760970.114589539, 35, 35, 0, 255.22992790977875, 35
51, 177580, 101490, 76090, 761326.6847420272, 125, 45, 80, 356.57015248821097, 47
1, 177614, 101524, 76090, 761579.9583823038, 34, 34, 0, 253.2736402766418, 34
1, 177688, 101568, 76120, 761890.1555910707, 74, 44, 30, 310.1972087668518, 45
1, 177763, 101603, 76160, 762200.5386867089, 75, 35, 40, 310.38309563827124, 36
1, 177806, 101646, 76160, 762470.213646912, 43, 43, 0, 269.6749602031015, 43
51, 177893, 101683, 76210, 762793.1212279097, 87, 37, 50, 322.9075809977351, 38
1, 177962, 101722, 76240, 763097.2333696199, 69, 39, 30, 304.1121417102006, 40
1, 178006, 101766, 76240, 763368.5843273101, 44, 44, 0, 271.35095769013947, 44
1, 178096, 101816, 76280, 763695.6913561341, 90, 50, 40, 327.1070288241023, 51
1, 178137, 101857, 76280, 763961.9353095776, 41, 41, 0, 266.24395344352433, 41
51, 178272, 101902, 76370, 764326.0011195178, 135, 45, 90, 364.06580994024984, 47
1, 178332, 101932, 76400, 764618.4168878893, 60, 30, 30, 292.41576837137404, 31
1, 178374, 101974, 76400, 764886.3898773914, 42, 42, 0, 267.97298950218305, 42
1, 178452, 102012, 76440, 765200.2726640115, 78, 38, 40, 313.8827866200841, 39
51, 178577, 102057, 76520, 765556.8428164996, 125, 45, 80, 356.57015248821097, 47
1, 178609, 102089, 76520, 765806.0842395002, 32, 32, 0, 249.24142300054422, 32
1, 178637, 102117, 76520, 766046.7169028793, 28, 28, 0, 240.63266337912057, 28
1, 178684, 102164, 76520, 766322.9499527488, 47, 47, 0, 276.2330498695885, 47
1, 178728, 102208, 76520, 766594.300910439, 44, 44, 0, 271.35095769013947, 44
51, 178891, 102251, 76640, 766977.5123339172, 163, 43, 120, 383.21142347822723, 46
1, 178942, 102302, 76640, 767259.9468456956, 51, 51, 0, 282.43451177837886, 51
1, 178978, 102338, 76640, 767517.095819974, 36, 36, 0, 257.1489742783178, 36
51, 179100, 102380, 76720, 767871.0414385278, 122, 42, 80, 353.9456185537469, 44
1, 179133, 102413, 76720, 768122.3196112206, 33, 33, 0, 251.27817269284301, 33
1, 179175, 102455, 76720, 768390.2926007228, 42, 42, 0, 267.97298950218305, 42
1, 179258, 102498, 76760, 768709.827548652, 83, 43, 40, 319.5349479292333, 44
51, 179381, 102541, 76840, 769064.6521199137, 123, 43, 80, 354.8245712617827, 45
1, 179411, 102571, 76840, 769309.6868518458, 30, 30, 0, 245.0347319320716, 30
1, 179447, 102607, 76840, 769566.8358261242, 36, 36, 0, 257.1489742783178, 36
1, 179531, 102651, 76880, 769887.4758365277, 84, 44, 40, 320.64001040350905, 45
1, 179571, 102691, 76880, 770151.9625224642, 40, 40, 0, 264.4866859365871, 40
51, 179666, 102736, 76930, 770483.2610865994, 95, 45, 50, 331.2985641352145, 46
1, 179742, 102782, 76960, 770795.8202589732, 76, 46, 30, 312.5591723737189, 47
1, 179788, 102828, 76960, 771070.4493276872, 46, 46, 0, 274.6290687140218, 46
51, 179940, 102860, 77080, 771445.2736362438, 152, 32, 120, 374.8243085566414, 35
1, 179978, 102898, 77080, 771706.1560158636, 38, 38, 0, 260.88237961983884, 38
1, 180011, 102931, 77080, 771957.4341885565, 33, 33, 0, 251.27817269284301, 33
1, 180065, 102985, 77080, 772244.3147896394, 54, 54, 0, 286.88060108295343, 54
1, 180171, 103021, 77150, 772584.5828332491, 106, 36, 70, 340.2680436096278, 38
51, 180267, 103067, 77200, 772916.8997492638, 96, 46, 50, 332.31691601465747, 47
1, 180304, 103104, 77200, 773175.9323207197, 37, 37, 0, 259.03257145596604, 37
1, 180380, 103140, 77240, 773487.4914930934, 76, 36, 40, 311.5591723737189, 37
1, 180418, 103178, 77240, 773748.3738727133, 38, 38, 0, 260.88237961983884, 38
51, 180508, 103218, 77290, 774074.4809015373, 90, 40, 50, 326.1070288241023, 41
1, 180586, 103266, 77320, 774389.3636881574, 78, 48, 30, 314.8827866200841, 49
1, 180616, 103296, 77320, 774634.3984200895, 30, 30, 0, 245.0347319320716, 30
1, 180692, 103332, 77360, 774945.9575924632, 76, 36, 40, 311.5591723737189, 37
51, 180809, 103369, 77440, 775295.4444092618, 117, 37, 80, 349.4868167986058, 39
1, 180847, 103407, 77440, 775556.3267888817, 38, 38, 0, 260.88237961983884, 38
1, 180887, 103447, 77440, 775820.8134748182, 40, 40, 0, 264.4866859365871, 40
1, 180971, 103491, 77480, 776141.4534852217, 84, 44, 40, 320.64001040350905, 45
51, 181059, 103529, 77530, 776465.4349165825, 88, 38, 50, 323.98143136087856, 39
1, 181124, 103564, 77560, 776764.4760680259, 65, 35, 30, 299.04115144336777, 36
1, 181200, 103600, 77600, 777076.0352403997, 76, 36, 40, 311.5591723737189, 37
51, 181298, 103648, 77650, 777410.3698687642, 98, 48, 50, 334.33462836457886, 49
1, 181335, 103685, 77650, 777669.4024402201, 37, 37, 0, 259.03257145596604, 37
1, 181447, 103727, 77720, 778015.3177525597, 112, 42, 70, 345.91531233955715, 44
51, 181542, 103772, 77770, 778346.6163166949, 95, 45, 50, 331.2985641352145, 46
1, 181629, 103819, 77810, 778670.5238976926, 87, 47, 40, 323.9075809977351, 48
1, 181692, 103852, 77840, 778966.9552224186, 63, 33, 30, 296.43132472612575, 34
1, 181717, 103877, 77840, 779200.5620201686, 25, 25, 0, 233.60679774997897, 25
51, 181844, 103914, 77930, 779557.8617024679, 127, 37, 90, 357.2996822992933, 39
1, 181884, 103954, 77930, 779822.3483884045, 40, 40, 0, 264.4866859365871, 40
1, 181957, 103987, 77970, 780130.3496669737, 73, 33, 40, 308.00127856917646, 34
1, 182003, 104033, 77970, 780404.9787356877, 46, 46, 0, 274.6290687140218, 46
1, 182071, 104071, 78000, 780707.8409067902, 68, 38, 30, 302.86217110259, 39
51, 182158, 104108, 78050, 781030.7484877879, 87, 37, 50, 322.9075809977351, 38
1, 182196, 104146, 78050, 781291.6308674078, 38, 38, 0, 260.88237961983884, 38
1, 182278, 104188, 78090, 781610.0525372513, 82, 42, 40, 318.42166984345636, 43
51, 182374, 104234, 78140, 781942.3694532659, 96, 46, 50, 332.31691601465747, 47
1, 182445, 104275, 78170, 782248.9477640847, 71, 41, 30, 306.57831081870995, 42
1, 182490, 104320, 78170, 782521.9497704958, 45, 45, 0, 273.00200641113514, 45
1, 182531, 104361, 78170, 782788.1937239392, 41, 41, 0, 266.24395344352433, 41
51, 182674, 104414, 78260, 783158.800906385, 143, 53, 90, 370.6071824456716, 55
1, 182722, 104462, 78260, 783436.6157089755, 48, 48, 0, 277.8148025904985, 48
1, 182757, 104497, 78260, 783691.8456368853, 35, 35, 0, 255.22992790977875, 35
1, 182822, 104532, 78290, 783990.8867883286, 65, 35, 30, 299.04115144336777, 36
51, 182952, 104572, 78380, 784350.7516258672, 130, 40, 90, 359.86483753851803, 42
1, 183015, 104605, 78410, 784647.1829505933, 63, 33, 30, 296.43132472612575, 34
1, 183057, 104647, 78410, 784915.1559400954, 42, 42, 0, 267.97298950218305, 42
1, 183135, 104685, 78450, 785229.0387267155, 78, 38, 40, 313.8827866200841, 39
51, 183225, 104725, 78500, 785555.1457555395, 90, 40, 50, 326.1070288241023, 41
1, 183260, 104760, 78500, 785810.3756834493, 35, 35, 0, 255.22992790977875, 35
1, 183336, 104796, 78540, 786121.934855823, 76, 36, 40, 311.5591723737189, 37
1, 183401, 104831, 78570, 786420.9760072664, 65, 35, 30, 299.04115144336777, 36
1, 183483, 104873, 78610, 786739.3976771099, 82, 42, 40, 318.42166984345636, 43
51, 183609, 104919, 78690, 787096.8345729933, 126, 46, 80, 357.43689588345075, 48
1, 183690, 104960, 78730, 787414.1345729934, 81, 41, 40, 317.3, 42
1, 183764, 105004, 78760, 787724.3317817602, 74, 44, 30, 310.1972087668518, 45
1, 183803, 105043, 78760, 787987.0317217042, 39, 39, 0, 262.6999399439383, 39
51, 183887, 105077, 78810, 788306.6717321076, 84, 34, 50, 319.64001040350905, 35
1, 183974, 105124, 78850, 788630.5793131053, 87, 47, 40, 323.9075809977351, 48
1, 184012, 105162, 78850, 788891.4616927252, 38, 38, 0, 260.88237961983884, 38
1, 184092, 105212, 78880, 789208.6314489695, 80, 50, 30, 317.1697562442441, 51
1, 184166, 105246, 78920, 789517.8286577363, 74, 34, 40, 309.1972087668518, 35
51, 184256, 105286, 78970, 789843.9356865603, 90, 40, 50, 326.1070288241023, 41
1, 184294, 105324, 78970, 790104.8180661802, 38, 38, 0, 260.88237961983884, 38
1, 184332, 105362, 78970, 790365.7004458001, 38, 38, 0, 260.88237961983884, 38
1, 184372, 105402, 78970, 790630.1871317367, 40, 40, 0, 264.4866859365871, 40
51, 184535, 105445, 79090, 791013.3985552149, 163, 43, 120, 383.21142347822723, 46
1, 184576, 105486, 79090, 791279.6425086583, 41, 41, 0, 266.24395344352433, 41
1, 184609, 105519, 79090, 791530.9206813512, 33, 33, 0, 251.27817269284301, 33
1, 184679, 105559, 79120, 791836.2714422031, 70, 40, 30, 305.3507608519078, 41
51, 184773, 105603, 79170, 792166.5451680509, 94, 44, 50, 330.273725847777, 45
1, 184810, 105640, 79170, 792425.5777395068, 37, 37, 0, 259.03257145596604, 37
1, 184919, 105679, 79240, 792768.6923710065, 109, 39, 70, 343.114631499574, 41
51, 185018, 105728, 79290, 793104.0265855595, 99, 49, 50, 335.33421455299043, 50
1, 185090, 105770, 79320, 793411.8216485839, 72, 42, 30, 307.79506302439404, 43
1, 185127, 105807, 79320, 793670.8542200398, 37, 37, 0, 259.03257145596604, 37
51, 185242, 105842, 79400, 794018.526437102, 115, 35, 80, 347.6722170622053, 37
1, 185322, 105882, 79440, 794334.6961933463, 80, 40, 40, 316.1697562442441, 41
1, 185354, 105914, 79440, 794583.9376163469, 32, 32, 0, 249.24142300054422, 32
1, 185398, 105958, 79440, 794855.288574037, 44, 44, 0, 271.35095769013947, 44
51, 185494, 106004, 79490, 795187.6054900517, 96, 46, 50, 332.31691601465747, 47
1, 185607, 106047, 79560, 795534.4445339212, 113, 43, 70, 346.83904386951343, 45
1, 185644, 106084, 79560, 795793.4771053771, 37, 37, 0, 259.03257145596604, 37
51, 185757, 106117, 79640, 796139.3161492466, 113, 33, 80, 345.83904386951343, 35
1, 185833, 106153, 79680, 796450.8753216204, 76, 36, 40, 311.5591723737189, 37
1, 185868, 106188, 79680, 796706.1052495302, 35, 35, 0, 255.22992790977875, 35
1, 185954, 106234, 79720, 797028.9314141778, 86, 46, 40, 322.82616464756694, 47
51, 186049, 106279, 79770, 797360.229978313, 95, 45, 50, 331.2985641352145, 46
1, 186114, 106314, 79800, 797659.2711297564, 65, 35, 30, 299.04115144336777, 36
1, 186143, 106343, 79800, 797902.130708467, 29, 29, 0, 242.8595787106084, 29
1, 186182, 106382, 79800, 798164.830648411, 39, 39, 0, 262.6999399439383, 39
1, 186257, 106417, 79840, 798475.2137440492, 75, 35, 40, 310.38309563827124, 36
51, 186348, 106458, 79890, 798802.372805988, 91, 41, 50, 327.1590619387661, 42
1, 186390, 106500, 79890, 799070.3457954901, 42, 42, 0, 267.97298950218305, 42
1, 186462, 106542, 79920, 799378.1408585145, 72, 42, 30, 307.79506302439404, 43
1, 186501, 106581, 79920, 799640.8407984584, 39, 39, 0, 262.6999399439383, 39
1, 186569, 106619, 79950, 799943.702969561, 68, 38, 30, 302.86217110259, 39
51, 186694, 106654, 80040, 800299.2731220492, 125, 35, 90, 355.57015248821097, 37
1, 186763, 106693, 80070, 800603.3852637594, 69, 39, 30, 304.1121417102006, 40
1, 186801, 106731, 80070, 800864.2676433793, 38, 38, 0, 260.88237961983884, 38
1, 186839, 106769, 80070, 801125.1500229992, 38, 38, 0, 260.88237961983884, 38
1, 186908, 106798, 80110, 801428.2621647094, 69, 29, 40, 303.1121417102006, 30
51, 186990, 106830, 80160, 801745.6838345529, 82, 32, 50, 317.42166984345636, 33
1, 187063, 106873, 80190, 802054.6851131221, 73, 43, 30, 309.00127856917646, 44
1, 187100, 106910, 80190, 802313.717684578, 37, 37, 0, 259.03257145596604, 37
1, 187167, 106947, 80220, 802615.3182398357, 67, 37, 30, 301.6005552576305, 38
51, 187302, 106992, 80310, 802979.3840497759, 135, 45, 90, 364.06580994024984, 47
1, 187372, 107032, 80340, 803284.7348106278, 70, 40, 30, 305.3507608519078, 41
1, 187417, 107077, 80340, 803557.7368170389, 45, 45, 0, 273.00200641113514, 45
1, 187446, 107106, 80340, 803800.5963957495, 29, 29, 0, 242.8595787106084, 29
51, 187535, 107145, 80390, 804125.6442613136, 89, 39, 50, 325.0478655640733, 40
1, 187605, 107185, 80420, 804430.9950221655, 70, 40, 30, 305.3507608519078, 41
1, 187680, 107220, 80460, 804741.3781178037, 75, 35, 40, 310.38309563827124, 36
1, 187716, 107256, 80460, 804998.5270920821, 36, 36, 0, 257.1489742783178, 36
51, 187835, 107295, 80540, 805349.8104872843, 119, 39, 80, 351.28339520229764, 41
1, 187882, 107342, 80540, 805626.0435371539, 47, 47, 0, 276.2330498695885, 47
1, 187925, 107385, 80540, 805895.718497357, 43, 43, 0, 269.6749602031015, 43
1, 187960, 107420, 80540, 806150.9484252668, 35, 35, 0, 255.22992790977875, 35
1, 188043, 107463, 80580, 806470.483373196, 83, 43, 40, 319.5349479292333, 44
51, 188178, 107518, 80660, 806835.5491831362, 135, 55, 80, 365.06580994024984, 57
1, 188210, 107550, 80660, 807084.7906061368, 32, 32, 0, 249.24142300054422, 32
1, 188281, 107591, 80690, 807391.3689169555, 71, 41, 30, 306.57831081870995, 42
1, 188327, 107637, 80690, 807665.9979856695, 46, 46, 0, 274.6290687140218, 46
1, 188413, 107683, 80730, 807988.8241503171, 86, 46, 40, 322.82616464756694, 47
51, 188508, 107728, 80780, 808320.1227144523, 95, 45, 50, 331.2985641352145, 46
1, 188547, 107767, 80780, 808582.8226543963, 39, 39, 0, 262.6999399439383, 39
1, 188611, 107801, 80810, 808880.565366871, 64, 34, 30, 297.742712474619, 35
1, 188655, 107845, 80810, 809151.9163245611, 44, 44, 0, 271.35095769013947, 44
51, 188743, 107883, 80860, 809475.8977559219, 88, 38, 50, 323.98143136087856, 39
1, 188827, 107927, 80900, 809796.5377663254, 84, 44, 40, 320.64001040350905, 45
1, 188881, 107981, 80900, 810083.4183674083, 54, 54, 0, 286.88060108295343, 54
1, 188908, 108008, 80900, 810321.7690731038, 27, 27, 0, 238.35070569547776, 27
51, 189026, 108046, 80980, 810672.1563982727, 118, 38, 80, 350.3873251689181, 40
1, 189067, 108087, 80980, 810938.4003517162, 41, 41, 0, 266.24395344352433, 41
1, 189149, 108129, 81020, 811256.8220215597, 82, 42, 40, 318.42166984345636, 43
1, 189182, 108162, 81020, 811508.1001942526, 33, 33, 0, 251.27817269284301, 33
1, 189227, 108207, 81020, 811781.1022006636, 45, 45, 0, 273.00200641113514, 45
51, 189318, 108248, 81070, 812108.2612626024, 91, 41, 50, 327.1590619387661, 42
1, 189424, 108284, 81140, 812448.5293062121, 106, 36, 70, 340.2680436096278, 38
1, 189465, 108325, 81140, 812714.7732596556, 41, 41, 0, 266.24395344352433, 41
1, 189504, 108364, 81140, 812977.4731995995, 39, 39, 0, 262.6999399439383, 39
51, 189596, 108406, 81190, 813305.6773010677, 92, 42, 50, 328.20410146824725, 43
1, 189635, 108445, 81190, 813568.3772410117, 39, 39, 0, 262.6999399439383, 39
1, 189717, 108497, 81220, 813887.7989108552, 82, 52, 30, 319.42166984345636, 53
1, 189802, 108542, 81260, 814209.5359385263, 85, 45, 40, 321.73702767108114, 46
51, 189909, 108599, 81310, 814552.6580837959, 107, 57, 50, 343.1221452697031, 58
1, 189980, 108640, 81340, 814859.2363946147, 71, 41, 30, 306.57831081870995, 42
1, 190024, 108684, 81340, 815130.5873523048, 44, 44, 0, 271.35095769013947, 44
51, 190142, 108722, 81420, 815480.9746774738, 118, 38, 80, 350.3873251689181, 40
1, 190218, 108758, 81460, 815792.5338498475, 76, 36, 40, 311.5591723737189, 37
1, 190287, 108797, 81490, 816096.6459915577, 69, 39, 30, 304.1121417102006, 40
1, 190326, 108836, 81490, 816359.3459315017, 39, 39, 0, 262.6999399439383, 39
1, 190362, 108872, 81490, 816616.4949057801, 36, 36, 0, 257.1489742783178, 36
51, 190484, 108904, 81580, 816969.4405243339, 122, 32, 90, 352.9456185537469, 34
1, 190530, 108950, 81580, 817244.0695930478, 46, 46, 0, 274.6290687140218, 46
1, 190573, 108993, 81580, 817513.744553251, 43, 43, 0, 269.6749602031015, 43
51, 190697, 109037, 81660, 817869.443949799, 124, 44, 80, 355.6993965481514, 46
1, 190735, 109075, 81660, 818130.3263294189, 38, 38, 0, 260.88237961983884, 38
1, 190806, 109116, 81690, 818436.9046402377, 71, 41, 30, 306.57831081870995, 42
51, 190932, 109152, 81780, 818793.3415361211, 126, 36, 90, 356.43689588345075, 38
1, 190974, 109194, 81780, 819061.3145256232, 42, 42, 0, 267.97298950218305, 42
1, 191006, 109226, 81780, 819310.5559486238, 32, 32, 0, 249.24142300054422, 32
1, 191083, 109263, 81820, 819623.2816123903, 77, 37, 40, 312.72566376652986, 38
51, 191177, 109307, 81870, 819953.5553382381, 94, 44, 50, 330.273725847777, 45
1, 191257, 109357, 81900, 820270.7250944824, 80, 50, 30, 317.1697562442441, 51
1, 191295, 109395, 81900, 820531.6074741023, 38, 38, 0, 260.88237961983884, 38
1, 191367, 109427, 81940, 820838.4025371267, 72, 32, 40, 306.79506302439404, 33
51, 191493, 109473, 82020, 821195.8394330101, 126, 46, 80, 357.43689588345075, 48
1, 191577, 109517, 82060, 821516.4794434136, 84, 44, 40, 320.64001040350905, 45
1, 191618, 109558, 82060, 821782.723396857, 41, 41, 0, 266.24395344352433, 41
1, 191658, 109598, 82060, 822047.2100827936, 40, 40, 0, 264.4866859365871, 40
1, 191694, 109634, 82060, 822304.359057072, 36, 36, 0, 257.1489742783178, 36
51, 191773, 109663, 82110, 822618.3898072022, 79, 29, 50, 314.03075013013313, 30
1, 191883, 109703, 82180, 822962.4429912486, 110, 40, 70, 344.0531840464366, 42
1, 191917, 109737, 82180, 823215.7166315252, 34, 34, 0, 253.2736402766418, 34
51, 192006, 109776, 82230, 823540.7644970893, 89, 39, 50, 325.0478655640733, 40
1, 192041, 109811, 82230, 823795.9944249991, 35, 35, 0, 255.22992790977875, 35
1, 192075, 109845, 82230, 824049.2680652757, 34, 34, 0, 253.2736402766418, 34
1, 192125, 109895, 82230, 824330.182860123, 50, 50, 0, 280.9147948472494, 50
1, 192230, 109930, 82300, 824669.4914474174, 105, 35, 70, 339.30858729436795, 37
51, 192310, 109960, 82350, 824984.6612036617, 80, 30, 50, 315.1697562442441, 31
1, 192379, 109999, 82380, 825288.7733453719, 69, 39, 30, 304.1121417102006, 40
1, 192453, 110033, 82420, 825597.9705541388, 74, 34, 40, 309.1972087668518, 35
51, 192546, 110076, 82470, 825927.2128340459, 93, 43, 50, 329.24227990714814, 44
1, 192592, 110122, 82470, 826201.8419027599, 46, 46, 0, 274.6290687140218, 46
1, 192634, 110164, 82470, 826469.814892262, 42, 42, 0, 267.97298950218305, 42
1, 192704, 110204, 82500, 826775.1656531139, 70, 40, 30, 305.3507608519078, 41
51, 192836, 110246, 82590, 827136.7217755408, 132, 42, 90, 361.55612242701943, 44
1, 192909, 110289, 82620, 827445.7230541101, 73, 43, 30, 309.00127856917646, 44
1, 192949, 110329, 82620, 827710.2097400466, 40, 40, 0, 264.4866859365871, 40
1, 192984, 110364, 82620, 827965.4396679564, 35, 35, 0, 255.22992790977875, 35
51, 193076, 110406, 82670, 828293.6437694246, 92, 42, 50, 328.20410146824725, 43
1, 193110, 110440, 82670, 828546.9174097013, 34, 34, 0, 253.2736402766418, 34
1, 193214, 110474, 82740, 828885.2610964588, 104, 34, 70, 338.343686757474, 36
51, 193298, 110508, 82790, 829204.9011068622, 84, 34, 50, 319.64001040350905, 35
1, 193370, 110550, 82820, 829512.6961698866, 72, 42, 30, 307.79506302439404, 43
1, 193412, 110592, 82820, 829780.6691593888, 42, 42, 0, 267.97298950218305, 42
1, 193482, 110632, 82850, 830086.0199202406, 70, 40, 30, 305.3507608519078, 41
51, 193619, 110679, 82940, 830451.7412424454, 137, 47, 90, 365.72132220485213, 49
1, 193695, 110725, 82970, 830764.3004148192, 76, 46, 30, 312.5591723737189, 47
1, 193778, 110768, 83010, 831083.8353627484, 83, 43, 40, 319.5349479292333, 44
51, 193903, 110813, 83090, 831440.4055152365, 125, 45, 80, 356.57015248821097, 47
1, 193940, 110850, 83090, 831699.4380866925, 37, 37, 0, 259.03257145596604, 37
1, 193972, 110882, 83090, 831948.679509693, 32, 32, 0, 249.24142300054422, 32
1, 194015, 110925, 83090, 832218.3544698962, 43, 43, 0, 269.6749602031015, 43
51, 194173, 110963, 83210, 832597.793679152, 158, 38, 120, 379.43920925585275, 41
1, 194215, 111005, 83210, 832865.7666686542, 42, 42, 0, 267.97298950218305, 42
1, 194241, 111031, 83210, 833101.7767550895, 26, 26, 0, 236.01008643532256, 26
1, 194277, 111067, 83210, 833358.9257293679, 36, 36, 0, 257.1489742783178, 36
1, 194319, 111109, 83210, 833626.89871887, 42, 42, 0, 267.97298950218305, 42
51, 194484, 111154, 83330, 834011.6011822916, 165, 45, 120, 384.7024634215721, 48
1, 194525, 111195, 83330, 834277.8451357351, 41, 41, 0, 266.24395344352433, 41
1, 194564, 111234, 83330, 834540.5450756791, 39, 39, 0, 262.6999399439383, 39
1, 194604, 111274, 83330, 834805.0317616157, 40, 40, 0, 264.4866859365871, 40
1, 194679, 111309, 83370, 835115.4148572539, 75, 35, 40, 310.38309563827124, 36
51, 194769, 111349, 83420, 835441.521886078, 90, 40, 50, 326.1070288241023, 41
1, 194842, 111392, 83450, 835750.5231646472, 73, 43, 30, 309.00127856917646, 44
1, 194878, 111428, 83450, 836007.6721389255, 36, 36, 0, 257.1489742783178, 36
1, 194968, 111478, 83490, 836334.7791677496, 90, 50, 40, 327.1070288241023, 51
1, 195039, 111519, 83520, 836641.3574785683, 71, 41, 30, 306.57831081870995, 42
51, 195132, 111562, 83570, 836970.5997584754, 93, 43, 50, 329.24227990714814, 44
1, 195173, 111603, 83570, 837236.8437119189, 41, 41, 0, 266.24395344352433, 41
1, 195210, 111640, 83570, 837495.8762833748, 37, 37, 0, 259.03257145596604, 37
1, 195242, 111672, 83570, 837745.1177063754, 32, 32, 0, 249.24142300054422, 32
51, 195406, 111716, 83690, 838129.0758972118, 164, 44, 120, 383.9581908363381, 47
1, 195443, 111753, 83690, 838388.1084686677, 37, 37, 0, 259.03257145596604, 37
1, 195472, 111782, 83690, 838630.9680473784, 29, 29, 0, 242.8595787106084, 29
1, 195510, 111820, 83690, 838891.8504269982, 38, 38, 0, 260.88237961983884, 38
1, 195586, 111856, 83730, 839203.409599372, 76, 36, 40, 311.5591723737189, 37
51, 195711, 111901, 83810, 839559.9797518601, 125, 45, 80, 356.57015248821097, 47
1, 195756, 111946, 83810, 839832.9817582712, 45, 45, 0, 273.00200641113514, 45
1, 195844, 111994, 83850, 840157.963189632, 88, 48, 40, 324.98143136087856, 49
1, 195877, 112027, 83850, 840409.2413623249, 33, 33, 0, 251.27817269284301, 33
51, 196036, 112066, 83970, 840789.4402247973, 159, 39, 120, 380.1988624723894, 42
1, 196076, 112106, 83970, 841053.9269107339, 40, 40, 0, 264.4866859365871, 40
1, 196126, 112156, 83970, 841334.8417055812, 50, 50, 0, 280.9147948472494, 50
1, 196154, 112184, 83970, 841575.4743689602, 28, 28, 0, 240.63266337912057, 28
51, 196231, 112211, 84020, 841887.2000327267, 77, 27, 50, 311.72566376652986, 28
1, 196301, 112251, 84050, 842192.5507935786, 70, 40, 30, 305.3507608519078, 41
1, 196384, 112294, 84090, 842512.0857415078, 83, 43, 40, 319.5349479292333, 44
1, 196456, 112336, 84120, 842819.8808045322, 72, 42, 30, 307.79506302439404, 43
51, 196553, 112383, 84170, 843153.2097038038, 97, 47, 50, 333.3288992714996, 48
1, 196590, 112420, 84170, 843412.2422752597, 37, 37, 0, 259.03257145596604, 37
1, 196667, 112467, 84200, 843725.9679390262, 77, 47, 30, 313.72566376652986, 48
1, 196751, 112511, 84240, 844046.6079494297, 84, 44, 40, 320.64001040350905, 45
51, 196865, 112545, 84320, 844393.3659371213, 114, 34, 80, 346.75798769167545, 36
1, 196903, 112583, 84320, 844654.2483167412, 38, 38, 0, 260.88237961983884, 38
1, 196942, 112622, 84320, 844916.9482566852, 39, 39, 0, 262.6999399439383, 39
1, 197016, 112666, 84350, 845227.145465452, 74, 44, 30, 310.1972087668518, 45
51, 197144, 112704, 84440, 845585.3040315534, 128, 38, 90, 358.1585661014858, 40
1, 197204, 112734, 84470, 845877.7197999249, 60, 30, 30, 292.41576837137404, 31
1, 197246, 112776, 84470, 846145.692789427, 42, 42, 0, 267.97298950218305, 42
1, 197284, 112814, 84470, 846406.5751690469, 38, 38, 0, 260.88237961983884, 38
51, 197373, 112853, 84520, 846731.623034611, 89, 39, 50, 325.0478655640733, 40
1, 197482, 112892, 84590, 847074.7376661106, 109, 39, 70, 343.114631499574, 41
1, 197526, 112936, 84590, 847346.0886238008, 44, 44, 0, 271.35095769013947, 44
1, 197559, 112969, 84590, 847597.3667964936, 33, 33, 0, 251.27817269284301, 33
1, 197588, 112998, 84590, 847840.2263752043, 29, 29, 0, 242.8595787106084, 29
51, 197713, 113033, 84680, 848195.7965276925, 125, 35, 90, 355.57015248821097, 37
1, 197788, 113078, 84710, 848507.1796233307, 75, 45, 30, 311.38309563827124, 46
1, 197841, 113131, 84710, 848792.5964109715, 53, 53, 0, 285.4167876408086, 53
1, 197952, 113172, 84780, 849137.5831290124, 111, 41, 70, 344.9867180408456, 43
51, 198038, 113208, 84830, 849459.40929366, 86, 36, 50, 321.82616464756694, 37
1, 198103, 113243, 84860, 849758.4504451033, 65, 35, 30, 299.04115144336777, 36
1, 198145, 113285, 84860, 850026.4234346055, 42, 42, 0, 267.97298950218305, 42
51, 198235, 113325, 84910, 850352.5304634295, 90, 40, 50, 326.1070288241023, 41
1, 198306, 113356, 84950, 850658.1087742483, 71, 31, 40, 305.57831081870995, 32
1, 198348, 113398, 84950, 850926.0817637504, 42, 42, 0, 267.97298950218305, 42
51, 198465, 113435, 85030, 851275.568580549, 117, 37, 80, 349.4868167986058, 39
1, 198504, 113474, 85030, 851538.268520493, 39, 39, 0, 262.6999399439383, 39
1, 198583, 113513, 85070, 851853.2992706231, 79, 39, 40, 315.03075013013313, 40
1, 198622, 113552, 85070, 852115.9992105671, 39, 39, 0, 262.6999399439383, 39
51, 198715, 113595, 85120, 852445.2414904742, 93, 43, 50, 329.24227990714814, 44
1, 198827, 113637, 85190, 852791.1568028138, 112, 42, 70, 345.91531233955715, 44
1, 198864, 113674, 85190, 853050.1893742697, 37, 37, 0, 259.03257145596604, 37
51, 198960, 113720, 85240, 853382.5062902843, 96, 46, 50, 332.31691601465747, 47
1, 199005, 113765, 85240, 853655.5082966954, 45, 45, 0, 273.00200641113514, 45
1, 199044, 113804, 85240, 853918.2082366394, 39, 39, 0, 262.6999399439383, 39
1, 199116, 113846, 85270, 854226.0032996638, 72, 42, 30, 307.79506302439404, 43
51, 199257, 113897, 85360, 854594.9949723292, 141, 51, 90, 368.9916726654594, 53
1, 199320, 113930, 85390, 854891.4262970553, 63, 33, 30, 296.43132472612575, 34
1, 199363, 113973, 85390, 855161.1012572584, 43, 43, 0, 269.6749602031015, 43
51, 199485, 114015, 85470, 855515.0468758122, 122, 42, 80, 353.9456185537469, 44
1, 199534, 114064, 85470, 855794.4220069187, 49, 49, 0, 279.3751311064591, 49
1, 199614, 114104, 85510, 856110.591763163, 80, 40, 40, 316.1697562442441, 41
1, 199687, 114147, 85540, 856419.5930417322, 73, 43, 30, 309.00127856917646, 44
51, 199778, 114188, 85590, 856746.752103671, 91, 41, 50, 327.1590619387661, 42
1, 199855, 114225, 85630, 857059.4777674375, 77, 37, 40, 312.72566376652986, 38
1, 199894, 114264, 85630, 857322.1777073814, 39, 39, 0, 262.6999399439383, 39
1, 199969, 114299, 85670, 857632.5608030197, 75, 35, 40, 310.38309563827124, 36
1, 200039, 114339, 85700, 857937.9115638715, 70, 40, 30, 305.3507608519078, 41
51, 200185, 114395, 85790, 858310.9183240704, 146, 56, 90, 373.006760198857, 58
1, 200227, 114437, 85790, 858578.8913135725, 42, 42, 0, 267.97298950218305, 42
1, 200259, 114469, 85790, 858828.1327365731, 32, 32, 0, 249.24142300054422, 32
1, 200333, 114513, 85820, 859138.3299453399, 74, 44, 30, 310.1972087668518, 45
51, 200426, 114556, 85870, 859467.572225247, 93, 43, 50, 329.24227990714814, 44
1, 200498, 114588, 85910, 859774.3672882714, 72, 32, 40, 306.79506302439404, 33
1, 200569, 114629, 85940, 860080.9455990902, 71, 41, 30, 306.57831081870995, 42
1, 200617, 114677, 85940, 860358.7604016807, 48, 48, 0, 277.8148025904985, 48
1, 200729, 114719, 86010, 860704.6757140203, 112, 42, 70, 345.91531233955715, 44
51, 200824, 114764, 86060, 861035.9742781555, 95, 45, 50, 331.2985641352145, 46
1, 200863, 114803, 86060, 861298.6742180994, 39, 39, 0, 262.6999399439383, 39
1, 200897, 114837, 86060, 861551.9478583761, 34, 34, 0, 253.2736402766418, 34
1, 200968, 114878, 86090, 861858.5261691948, 71, 41, 30, 306.57831081870995, 42
51, 201095, 114915, 86180, 862215.8258514941, 127, 37, 90, 357.2996822992933, 39
1, 201137, 114957, 86180, 862483.7988409962, 42, 42, 0, 267.97298950218305, 42
1, 201169, 114989, 86180, 862733.0402639968, 32, 32, 0, 249.24142300054422, 32
1, 201206, 115026, 86180, 862992.0728354527, 37, 37, 0, 259.03257145596604, 37
51, 201369, 115069, 86300, 863375.284258931, 163, 43, 120, 383.21142347822723, 46
1, 201402, 115102, 86300, 863626.5624316238, 33, 33, 0, 251.27817269284301, 33
1, 201465, 115135, 86330, 863922.9937563499, 63, 33, 30, 296.43132472612575, 34
1, 201506, 115176, 86330, 864189.2377097934, 41, 41, 0, 266.24395344352433, 41
51, 201636, 115216, 86420, 864549.102547332, 130, 40, 90, 359.86483753851803, 42
1, 201674, 115254, 86420, 864809.9849269518, 38, 38, 0, 260.88237961983884, 38
1, 201758, 115298, 86460, 865130.6249373553, 84, 44, 40, 320.64001040350905, 45
1, 201799, 115339, 86460, 865396.8688907988, 41, 41, 0, 266.24395344352433, 41
1, 201865, 115375, 86490, 865697.1958790759, 66, 36, 30, 300.32698827717985, 37
51, 201966, 115426, 86540, 866034.5112670482, 101, 51, 50, 337.31538797227006, 52
1, 202002, 115462, 86540, 866291.6602413266, 36, 36, 0, 257.1489742783178, 36
1, 202113, 115503, 86610, 866636.6469593674, 111, 41, 70, 344.9867180408456, 43
1, 202151, 115541, 86610, 866897.5293389873, 38, 38, 0, 260.88237961983884, 38
1, 202257, 115577, 86680, 867237.797382597, 106, 36, 70, 340.2680436096278, 38
51, 202348, 115618, 86730, 867564.9564445358, 91, 41, 50, 327.1590619387661, 42
1, 202389, 115659, 86730, 867831.2003979792, 41, 41, 0, 266.24395344352433, 41
1, 202463, 115693, 86770, 868140.3976067461, 74, 34, 40, 309.1972087668518, 35
1, 202534, 115734, 86800, 868446.9759175648, 71, 41, 30, 306.57831081870995, 42
51, 202621, 115771, 86850, 868769.8834985625, 87, 37, 50, 322.9075809977351, 38
1, 202666, 115816, 86850, 869042.8855049736, 45, 45, 0, 273.00200641113514, 45
1, 202734, 115854, 86880, 869345.7476760761, 68, 38, 30, 302.86217110259, 39
51, 202813, 115883, 86930, 869659.7784262063, 79, 29, 50, 314.03075013013313, 30
1, 202900, 115930, 86970, 869983.686007204, 87, 47, 40, 323.9075809977351, 48
1, 202975, 115975, 87000, 870295.0691028422, 75, 45, 30, 311.38309563827124, 46
1, 203017, 116017, 87000, 870563.0420923444, 42, 42, 0, 267.97298950218305, 42
1, 203134, 116064, 87070, 870913.528909143, 117, 47, 70, 350.4868167986058, 49
51, 203229, 116109, 87120, 871244.8274732782, 95, 45, 50, 331.2985641352145, 46
1, 203273, 116153, 87120, 871516.1784309683, 44, 44, 0, 271.35095769013947, 44
1, 203316, 116196, 87120, 871785.8533911714, 43, 43, 0, 269.6749602031015, 43
51, 203478, 116238, 87240, 872168.3155256723, 162, 42, 120, 382.4621345008163, 45
1, 203518, 116278, 87240, 872432.8022116089, 40, 40, 0, 264.4866859365871, 40
1, 203590, 116320, 87270, 872740.5972746332, 72, 42, 30, 307.79506302439404, 43
1, 203666, 116356, 87310, 873052.156447007, 76, 36, 40, 311.5591723737189, 37
51, 203753, 116393, 87360, 873375.0640280047, 87, 37, 50, 322.9075809977351, 38
1, 203819, 116429, 87390, 873675.3910162818, 66, 36, 30, 300.32698827717985, 37
1, 203898, 116468, 87430, 873990.421766412, 79, 39, 40, 315.03075013013313, 40
1, 203934, 116504, 87430, 874247.5707406903, 36, 36, 0, 257.1489742783178, 36
51, 204065, 116545, 87520, 874608.2830689058, 131, 41, 90, 360.7123282155055, 43
1, 204101, 116581, 87520, 874865.4320431842, 36, 36, 0, 257.1489742783178, 36
1, 204137, 116617, 87520, 875122.5810174625, 36, 36, 0, 257.1489742783178, 36
51, 204298, 116658, 87640, 875504.2913140635, 161, 41, 120, 381.7102966008917, 44
1, 204336, 116696, 87640, 875765.1736936833, 38, 38, 0, 260.88237961983884, 38
1, 204412, 116742, 87670, 876077.7328660571, 76, 46, 30, 312.5591723737189, 47
51, 204501, 116781, 87720, 876402.7807316212, 89, 39, 50, 325.0478655640733, 40
1, 204575, 116815, 87760, 876711.977940388, 74, 34, 40, 309.1972087668518, 35
1, 204620, 116860, 87760, 876984.9799467991, 45, 45, 0, 273.00200641113514, 45
1, 204658, 116898, 87760, 877245.862326419, 38, 38, 0, 260.88237961983884, 38
51, 204781, 116941, 87840, 877600.6868976807, 123, 43, 80, 354.8245712617827, 45
1, 204864, 116984, 87880, 877920.22184561, 83, 43, 40, 319.5349479292333, 44
1, 204905, 117025, 87880, 878186.4657990534, 41, 41, 0, 266.24395344352433, 41
1, 204947, 117067, 87880, 878454.4387885556, 42, 42, 0, 267.97298950218305, 42
51, 205073, 117113, 87960, 878811.875684439, 126, 46, 80, 357.43689588345075, 48
1, 205151, 117151, 88000, 879125.758471059, 78, 38, 40, 313.8827866200841, 39
1, 205194, 117194, 88000, 879395.4334312622, 43, 43, 0, 269.6749602031015, 43
1, 205236, 117236, 88000, 879663.4064207643, 42, 42, 0, 267.97298950218305, 42
51, 205325, 117275, 88050, 879988.4542863284, 89, 39, 50, 325.0478655640733, 40
1, 205368, 117318, 88050, 880258.1292465315, 43, 43, 0, 269.6749602031015, 43
1, 205479, 117359, 88120, 880603.1159645724, 111, 41, 70, 344.9867180408456, 43
1, 205520, 117400, 88120, 880869.3599180159, 41, 41, 0, 266.24395344352433, 41
51, 205612, 117442, 88170, 881197.5640194841, 92, 42, 50, 328.20410146824725, 43
1, 205703, 117493, 88210, 881525.7230814229, 91, 51, 40, 328.1590619387661, 52
1, 205747, 117537, 88210, 881797.074039113, 44, 44, 0, 271.35095769013947, 44
1, 205782, 117572, 88210, 882052.3039670228, 35, 35, 0, 255.22992790977875, 35
51, 205899, 117609, 88290, 882401.7907838214, 117, 37, 80, 349.4868167986058, 39
1, 205946, 117656, 88290, 882678.0238336909, 47, 47, 0, 276.2330498695885, 47
1, 205984, 117694, 88290, 882938.9062133108, 38, 38, 0, 260.88237961983884, 38
1, 206097, 117737, 88360, 883285.7452571803, 113, 43, 70, 346.83904386951343, 45
1, 206141, 117781, 88360, 883557.0962148705, 44, 44, 0, 271.35095769013947, 44
51, 206265, 117825, 88440, 883912.7956114186, 124, 44, 80, 355.6993965481514, 46
1, 206300, 117860, 88440, 884168.0255393283, 35, 35, 0, 255.22992790977875, 35
1, 206343, 117903, 88440, 884437.7004995315, 43, 43, 0, 269.6749602031015, 43
51, 206434, 117944, 88490, 884764.8595614702, 91, 41, 50, 327.1590619387661, 42
1, 206544, 117984, 88560, 885108.9127455166, 110, 40, 70, 344.0531840464366, 42
1, 206578, 118018, 88560, 885362.1863857933, 34, 34, 0, 253.2736402766418, 34
1, 206644, 118054, 88590, 885662.5133740704, 66, 36, 30, 300.32698827717985, 37
51, 206726, 118086, 88640, 885979.9350439139, 82, 32, 50, 317.42166984345636, 33
1, 206764, 118124, 88640, 886240.8174235338, 38, 38, 0, 260.88237961983884, 38
1, 206848, 118168, 88680, 886561.4574339372, 84, 44, 40, 320.64001040350905, 45
1, 206885, 118205, 88680, 886820.4900053932, 37, 37, 0, 259.03257145596604, 37
51, 206997, 118237, 88760, 887165.4053177327, 112, 32, 80, 344.91531233955715, 34
1, 207071, 118271, 88800, 887474.6025264995, 74, 34, 40, 309.1972087668518, 35
1, 207111, 118311, 88800, 887739.0892124361, 40, 40, 0, 264.4866859365871, 40
1, 207150, 118350, 88800, 888001.7891523801, 39, 39, 0, 262.6999399439383, 39
1, 207186, 118386, 88800, 888258.9381266584, 36, 36, 0, 257.1489742783178, 36
51, 207347, 118427, 88920, 888640.6484232594, 161, 41, 120, 381.7102966008917, 44
1, 207387, 118467, 88920, 888905.135109196, 40, 40, 0, 264.4866859365871, 40
1, 207423, 118503, 88920, 889162.2840834743, 36, 36, 0, 257.1489742783178, 36
1, 207487, 118537, 88950, 889460.026795949, 64, 34, 30, 297.742712474619, 35
51, 207576, 118576, 89000, 889785.0746615131, 89, 39, 50, 325.0478655640733, 40
1, 207637, 118607, 89030, 890078.8429007803, 61, 31, 30, 293.7682392671241, 32
1, 207720, 118650, 89070, 890398.3778487095, 83, 43, 40, 319.5349479292333, 44
1, 207756, 118686, 89070, 890655.5268229878, 36, 36, 0, 257.1489742783178, 36
51, 207833, 118713, 89120, 890967.2524867543, 77, 27, 50, 311.72566376652986, 28
1, 207874, 118754, 89120, 891233.4964401978, 41, 41, 0, 266.24395344352433, 41
1, 207915, 118795, 89120, 891499.7403936413, 41, 41, 0, 266.24395344352433, 41
51, 208031, 118831, 89200, 891848.3221971324, 116, 36, 80, 348.5818034911291, 38
1, 208113, 118873, 89240, 892166.7438669759, 82, 42, 40, 318.42166984345636, 43
1, 208158, 118918, 89240, 892439.745873387, 45, 45, 0, 273.00200641113514, 45
1, 208263, 118953, 89310, 892779.0544606814, 105, 35, 70, 339.30858729436795, 37
51, 208359, 118999, 89360, 893111.371376696, 96, 46, 50, 332.31691601465747, 47
1, 208472, 119042, 89430, 893458.2104205656, 113, 43, 70, 346.83904386951343, 45
1, 208510, 119080, 89430, 893719.0928001854, 38, 38, 0, 260.88237961983884, 38
1, 208552, 119122, 89430, 893987.0657896876, 42, 42, 0, 267.97298950218305, 42
51, 208685, 119165, 89520, 894349.4620587288, 133, 43, 90, 362.3962690412072, 45
1, 208720, 119200, 89520, 894604.6919866386, 35, 35, 0, 255.22992790977875, 35
1, 208764, 119244, 89520, 894876.0429443287, 44, 44, 0, 271.35095769013947, 44
51, 208883, 119283, 89600, 895227.326339531, 119, 39, 80, 351.28339520229764, 41
1, 208966, 119326, 89640, 895546.8612874602, 83, 43, 40, 319.5349479292333, 44
1, 209001, 119361, 89640, 895802.09121537, 35, 35, 0, 255.22992790977875, 35
1, 209041, 119401, 89640, 896066.5779013066, 40, 40, 0, 264.4866859365871, 40
1, 209160, 119450, 89710, 896418.8612965088, 119, 49, 70, 352.28339520229764, 51
51, 209236, 119476, 89760, 896729.4204688825, 76, 26, 50, 310.5591723737189, 27
1, 209271, 119511, 89760, 896984.6503967923, 35, 35, 0, 255.22992790977875, 35
1, 209308, 119548, 89760, 897243.6829682483, 37, 37, 0, 259.03257145596604, 37
1, 209380, 119590, 89790, 897551.4780312727, 72, 42, 30, 307.79506302439404, 43
51, 209507, 119627, 89880, 897908.7777135719, 127, 37, 90, 357.2996822992933, 39
1, 209543, 119663, 89880, 898165.9266878503, 36, 36, 0, 257.1489742783178, 36
1, 209585, 119705, 89880, 898433.8996773524, 42, 42, 0, 267.97298950218305, 42
1, 209633, 119753, 89880, 898711.7144799429, 48, 48, 0, 277.8148025904985, 48
1, 209743, 119793, 89950, 899055.7676639893, 110, 40, 70, 344.0531840464366, 42
51, 209837, 119837, 90000, 899386.0413898372, 94, 44, 50, 330.273725847777, 45
1, 209908, 119878, 90030, 899692.6197006559, 71, 41, 30, 306.57831081870995, 42
1, 209951, 119921, 90030, 899962.294660859, 43, 43, 0, 269.6749602031015, 43
1, 210022, 119952, 90070, 900267.8729716778, 71, 31, 40, 305.57831081870995, 32
51, 210110, 119990, 90120, 900591.8544030386, 88, 38, 50, 323.98143136087856, 39
1, 210151, 120031, 90120, 900858.0983564821, 41, 41, 0, 266.24395344352433, 41
1, 210192, 120072, 90120, 901124.3423099256, 41, 41, 0, 266.24395344352433, 41
1, 210302, 120112, 90190, 901468.395493972, 110, 40, 70, 344.0531840464366, 42
51, 210388, 120148, 90240, 901790.2216586196, 86, 36, 50, 321.82616464756694, 37
1, 210426, 120186, 90240, 902051.1040382395, 38, 38, 0, 260.88237961983884, 38
1, 210468, 120228, 90240, 902319.0770277416, 42, 42, 0, 267.97298950218305, 42
1, 210503, 120263, 90240, 902574.3069556514, 35, 35, 0, 255.22992790977875, 35
51, 210666, 120306, 90360, 902957.5183791296, 163, 43, 120, 383.21142347822723, 46
1, 210712, 120352, 90360, 903232.1474478436, 46, 46, 0, 274.6290687140218, 46
1, 210753, 120393, 90360, 903498.391401287, 41, 41, 0, 266.24395344352433, 41
1, 210828, 120438, 90390, 903809.7744969253, 75, 45, 30, 311.38309563827124, 46
1, 210882, 120492, 90390, 904096.6550980082, 54, 54, 0, 286.88060108295343, 54
51, 211011, 120531, 90480, 904455.6686984993, 129, 39, 90, 359.01360049114555, 41
1, 211055, 120575, 90480, 904727.0196561895, 44, 44, 0, 271.35095769013947, 44
1, 211096, 120616, 90480, 904993.263609633, 41, 41, 0, 266.24395344352433, 41
1, 211144, 120664, 90480, 905271.0784122235, 48, 48, 0, 277.8148025904985, 48
51, 211301, 120701, 90600, 905649.7553053414, 157, 37, 120, 378.67689311792185, 40
1, 211343, 120743, 90600, 905917.7282948436, 42, 42, 0, 267.97298950218305, 42
1, 211409, 120779, 90630, 906218.0552831207, 66, 36, 30, 300.32698827717985, 37
1, 211491, 120821, 90670, 906536.4769529642, 82, 42, 40, 318.42166984345636, 43
51, 211605, 120855, 90750, 906883.2349406559, 114, 34, 80, 346.75798769167545, 36
1, 211638, 120888, 90750, 907134.5131133487, 33, 33, 0, 251.27817269284301, 33
1, 211679, 120929, 90750, 907400.7570667922, 41, 41, 0, 266.24395344352433, 41
1, 211722, 120972, 90750, 907670.4320269953, 43, 43, 0, 269.6749602031015, 43
1, 211839, 121019, 90820, 908020.9188437939, 117, 47, 70, 350.4868167986058, 49
51, 211932, 121062, 90870, 908350.161123701, 93, 43, 50, 329.24227990714814, 44
1, 211969, 121099, 90870, 908609.193695157, 37, 37, 0, 259.03257145596604, 37
1, 212051, 121141, 90910, 908927.6153650004, 82, 42, 40, 318.42166984345636, 43
1, 212085, 121175, 90910, 909180.8890052771, 34, 34, 0, 253.2736402766418, 34
51, 212252, 121222, 91030, 909567.0726347141, 167, 47, 120, 386.1836294370035, 50
1, 212279, 121249, 91030, 909805.4233404095, 27, 27, 0, 238.35070569547776, 27
1, 212367, 121297, 91070, 910130.4047717704, 88, 48, 40, 324.98143136087856, 49
1, 212401, 121331, 91070, 910383.678412047, 34, 34, 0, 253.2736402766418, 34
51, 212482, 121362, 91120, 910699.978412047, 81, 31, 50, 316.3, 32
1, 212564, 121404, 91160, 911018.4000818905, 82, 42, 40, 318.42166984345636, 43
1, 212635, 121445, 91190, 911324.9783927093, 71, 41, 30, 306.57831081870995, 42
1, 212673, 121483, 91190, 911585.8607723291, 38, 38, 0, 260.88237961983884, 38
51, 212761, 121521, 91240, 911909.84220369, 88, 38, 50, 323.98143136087856, 39
1, 212872, 121562, 91310, 912254.8289217309, 111, 41, 70, 344.9867180408456, 43
1, 212910, 121600, 91310, 912515.7113013507, 38, 38, 0, 260.88237961983884, 38
51, 213005, 121645, 91360, 912847.009865486, 95, 45, 50, 331.2985641352145, 46
1, 213075, 121685, 91390, 913152.3606263378, 70, 40, 30, 305.3507608519078, 41
1, 213116, 121726, 91390, 913418.6045797813, 41, 41, 0, 266.24395344352433, 41
1, 213191, 121761, 91430, 913728.9876754195, 75, 35, 40, 310.38309563827124, 36
1, 213225, 121795, 91430, 913982.2613156962, 34, 34, 0, 253.2736402766418, 34
51, 213346, 121836, 91510, 914335.3237947318, 121, 41, 80, 353.06247903554, 43
1, 213423, 121873, 91550, 914648.0494584983, 77, 37, 40, 312.72566376652986, 38
1, 213468, 121918, 91550, 914921.0514649093, 45, 45, 0, 273.00200641113514, 45
51, 213549, 121949, 91600, 915237.3514649094, 81, 31, 50, 316.3, 32
1, 213582, 121982, 91600, 915488.6296376023, 33, 33, 0, 251.27817269284301, 33
1, 213654, 122024, 91630, 915796.4247006266, 72, 42, 30, 307.79506302439404, 43
1, 213736, 122066, 91670, 916114.8463704701, 82, 42, 40, 318.42166984345636, 43
1, 213803, 122103, 91700, 916416.4469257278, 67, 37, 30, 301.6005552576305, 38
51, 213908, 122158, 91750, 916757.6555130221, 105, 55, 50, 341.208587294368, 56
1, 214025, 122205, 91820, 917108.1423298207, 117, 47, 70, 350.4868167986058, 49
1, 214061, 122241, 91820, 917365.291304099, 36, 36, 0, 257.1489742783178, 36
1, 214105, 122285, 91820, 917636.6422617892, 44, 44, 0, 271.35095769013947, 44
51, 214237, 122337, 91900, 917999.1983842162, 132, 52, 80, 362.55612242701943, 54
1, 214276, 122376, 91900, 918261.8983241601, 39, 39, 0, 262.6999399439383, 39
1, 214364, 122424, 91940, 918586.879755521, 88, 48, 40, 324.98143136087856, 49
1, 214436, 122466, 91970, 918894.6748185453, 72, 42, 30, 307.79506302439404, 43
51, 214527, 122507, 92020, 919221.8338804841, 91, 41, 50, 327.1590619387661, 42
1, 214568, 122548, 92020, 919488.0778339276, 41, 41, 0, 266.24395344352433, 41
1, 214639, 122589, 92050, 919794.6561447463, 71, 41, 30, 306.57831081870995, 42
51, 214777, 122637, 92140, 920161.2000742983, 138, 48, 90, 366.54392955194305, 50
1, 214815, 122675, 92140, 920422.0824539182, 38, 38, 0, 260.88237961983884, 38
1, 214851, 122711, 92140, 920679.2314281965, 36, 36, 0, 257.1489742783178, 36
51, 215009, 122749, 92260, 921058.6706374524, 158, 38, 120, 379.43920925585275, 41
1, 215053, 122793, 92260, 921330.0215951425, 44, 44, 0, 271.35095769013947, 44
1, 215087, 122827, 92260, 921583.2952354192, 34, 34, 0, 253.2736402766418, 34
1, 215133, 122873, 92260, 921857.9243041332, 46, 46, 0, 274.6290687140218, 46
51, 215266, 122916, 92350, 922220.3205731744, 133, 43, 90, 362.3962690412072, 45
1, 215347, 122967, 92380, 922538.6205731744, 81, 51, 30, 318.3, 52
1, 215379, 122999, 92380, 922787.861996175, 32, 32, 0, 249.24142300054422, 32
51, 215498, 123038, 92460, 923139.1453913773, 119, 39, 80, 351.28339520229764, 41
1, 215549, 123089, 92460, 923421.5799031557, 51, 51, 0, 282.43451177837886, 51
1, 215633, 123133, 92500, 923742.2199135592, 84, 44, 40, 320.64001040350905, 45
1, 215683, 123183, 92500, 924023.1347084064, 50, 50, 0, 280.9147948472494, 50
51, 215815, 123235, 92580, 924385.6908308334, 132, 52, 80, 362.55612242701943, 54
1, 215855, 123275, 92580, 924650.17751677, 40, 40, 0, 264.4866859365871, 40
1, 215895, 123315, 92580, 924914.6642027065, 40, 40, 0, 264.4866859365871, 40
1, 215932, 123352, 92580, 925173.6967741625, 37, 37, 0, 259.03257145596604, 37
51, 216056, 123386, 92670, 925528.3961707106, 124, 34, 90, 354.6993965481514, 36
1, 216134, 123434, 92700, 925843.2789573306, 78, 48, 30, 314.8827866200841, 49
1, 216170, 123470, 92700, 926100.427931609, 36, 36, 0, 257.1489742783178, 36
1, 216245, 123505, 92740, 926410.8110272472, 75, 35, 40, 310.38309563827124, 36
51, 216335, 123545, 92790, 926736.9180560713, 90, 40, 50, 326.1070288241023, 41
1, 216364, 123574, 92790, 926979.7776347819, 29, 29, 0, 242.8595787106084, 29
1, 216408, 123618, 92790, 927251.128592472, 44, 44, 0, 271.35095769013947, 44
1, 216517, 123657, 92860, 927594.2432239717, 109, 39, 70, 343.114631499574, 41
51, 216606, 123696, 92910, 927919.2910895358, 89, 39, 50, 325.0478655640733, 40
1, 216647, 123737, 92910, 928185.5350429793, 41, 41, 0, 266.24395344352433, 41
1, 216710, 123770, 92940, 928481.9663677054, 63, 33, 30, 296.43132472612575, 34
1, 216751, 123811, 92940, 928748.2103211489, 41, 41, 0, 266.24395344352433, 41
51, 216894, 123864, 93030, 929118.8175035946, 143, 53, 90, 370.6071824456716, 55
1, 216936, 123906, 93030, 929386.7904930967, 42, 42, 0, 267.97298950218305, 42
1, 216987, 123957, 93030, 929669.2250048751, 51, 51, 0, 282.43451177837886, 51
1, 217020, 123990, 93030, 929920.503177568, 33, 33, 0, 251.27817269284301, 33
1, 217129, 124029, 93100, 930263.6178090676, 109, 39, 70, 343.114631499574, 41
51, 217212, 124062, 93150, 930582.1527569968, 83, 33, 50, 318.5349479292333, 34
1, 217278, 124098, 93180, 930882.479745274, 66, 36, 30, 300.32698827717985, 37
1, 217317, 124137, 93180, 931145.1796852179, 39, 39, 0, 262.6999399439383, 39
1, 217401, 124181, 93220, 931465.8196956214, 84, 44, 40, 320.64001040350905, 45
51, 217489, 124219, 93270, 931789.8011269822, 88, 38, 50, 323.98143136087856, 39
1, 217599, 124259, 93340, 932133.8543110286, 110, 40, 70, 344.0531840464366, 42
1, 217637, 124297, 93340, 932394.7366906485, 38, 38, 0, 260.88237961983884, 38
51, 217727, 124337, 93390, 932720.8437194725, 90, 40, 50, 326.1070288241023, 41
1, 217797, 124377, 93420, 933026.1944803244, 70, 40, 30, 305.3507608519078, 41
1, 217880, 124420, 93460, 933345.7294282536, 83, 43, 40, 319.5349479292333, 44
51, 217960, 124450, 93510, 933660.8991844979, 80, 30, 50, 315.1697562442441, 31
1, 217997, 124487, 93510, 933919.9317559538, 37, 37, 0, 259.03257145596604, 37
1, 218039, 124529, 93510, 934187.904745456, 42, 42, 0, 267.97298950218305, 42
1, 218080, 124570, 93510, 934454.1486988994, 41, 41, 0, 266.24395344352433, 41
1, 218195, 124615, 93580, 934802.8209159616, 115, 45, 70, 348.6722170622053, 47
51, 218290, 124660, 93630, 935134.1194800969, 95, 45, 50, 331.2985641352145, 46
1, 218334, 124704, 93630, 935405.470437787, 44, 44, 0, 271.35095769013947, 44
1, 218378, 124748, 93630, 935676.8213954772, 44, 44, 0, 271.35095769013947, 44
1, 218424, 124794, 93630, 935951.4504641911, 46, 46, 0, 274.6290687140218, 46
1, 218458, 124828, 93630, 936204.7241044678, 34, 34, 0, 253.2736402766418, 34
51, 218621, 124871, 93750, 936587.935527946, 163, 43, 120, 383.21142347822723, 46
1, 218666, 124916, 93750, 936860.9375343571, 45, 45, 0, 273.00200641113514, 45
1, 218702, 124952, 93750, 937118.0865086354, 36, 36, 0, 257.1489742783178, 36
1, 218773, 124993, 93780, 937424.6648194542, 71, 41, 30, 306.57831081870995, 42
51, 218897, 125027, 93870, 937779.3642160023, 124, 34, 90, 354.6993965481514, 36
1, 218931, 125061, 93870, 938032.6378562789, 34, 34, 0, 253.2736402766418, 34
1, 218975, 125105, 93870, 938303.9888139691, 44, 44, 0, 271.35095769013947, 44
1, 219058, 125148, 93910, 938623.5237618983, 83, 43, 40, 319.5349479292333, 44
51, 219172, 125182, 93990, 938970.28174959, 114, 34, 80, 346.75798769167545, 36
1, 219212, 125222, 93990, 939234.7684355265, 40, 40, 0, 264.4866859365871, 40
1, 219254, 125264, 93990, 939502.7414250287, 42, 42, 0, 267.97298950218305, 42
1, 219290, 125300, 93990, 939759.890399307, 36, 36, 0, 257.1489742783178, 36
51, 219421, 125341, 94080, 940120.6027275225, 131, 41, 90, 360.7123282155055, 43
1, 219456, 125376, 94080, 940375.8326554323, 35, 35, 0, 255.22992790977875, 35
1, 219527, 125417, 94110, 940682.410966251, 71, 41, 30, 306.57831081870995, 42
1, 219571, 125461, 94110, 940953.7619239412, 44, 44, 0, 271.35095769013947, 44
1, 219617, 125507, 94110, 941228.3909926552, 46, 46, 0, 274.6290687140218, 46
51, 219708, 125548, 94160, 941555.550054594, 91, 41, 50, 327.1590619387661, 42
1, 219784, 125584, 94200, 941867.1092269677, 76, 36, 40, 311.5591723737189, 37
1, 219855, 125625, 94230, 942173.6875377864, 71, 41, 30, 306.57831081870995, 42
1, 219901, 125671, 94230, 942448.3166065004, 46, 46, 0, 274.6290687140218, 46
51, 219993, 125713, 94280, 942776.5207079686, 92, 42, 50, 328.20410146824725, 43
1, 220058, 125748, 94310, 943075.561859412, 65, 35, 30, 299.04115144336777, 36
1, 220139, 125789, 94350, 943392.861859412, 81, 41, 40, 317.3, 42
51, 220220, 125820, 94400, 943709.1618594121, 81, 31, 50, 316.3, 32
1, 220284, 125854, 94430, 944006.9045718868, 64, 34, 30, 297.742712474619, 35
1, 220333, 125903, 94430, 944286.2797029932, 49, 49, 0, 279.3751311064591, 49
51, 220448, 125938, 94510, 944633.9519200554, 115, 35, 80, 347.6722170622053, 37
1, 220522, 125972, 94550, 944943.1491288223, 74, 34, 40, 309.1972087668518, 35
1, 220595, 126015, 94580, 945252.1504073915, 73, 43, 30, 309.00127856917646, 44
1, 220643, 126063, 94580, 945529.965209982, 48, 48, 0, 277.8148025904985, 48
51, 220735, 126105, 94630, 945858.1693114502, 92, 42, 50, 328.20410146824725, 43
1, 220814, 126144, 94670, 946173.2000615804, 79, 39, 40, 315.03075013013313, 40
1, 220873, 126173, 94700, 946464.248861828, 59, 29, 30, 291.0488002476036, 30
51, 220964, 126214, 94750, 946791.4079237668, 91, 41, 50, 327.1590619387661, 42
1, 221005, 126255, 94750, 947057.6518772102, 41, 41, 0, 266.24395344352433, 41
1, 221083, 126293, 94790, 947371.5346638303, 78, 38, 40, 313.8827866200841, 39
1, 221157, 126337, 94820, 947681.7318725971, 74, 44, 30, 310.1972087668518, 45
1, 221194, 126374, 94820, 947940.764444053, 37, 37, 0, 259.03257145596604, 37
51, 221329, 126419, 94910, 948304.8302539933, 135, 45, 90, 364.06580994024984, 47
1, 221404, 126464, 94940, 948616.2133496315, 75, 45, 30, 311.38309563827124, 46
1, 221449, 126509, 94940, 948889.2153560426, 45, 45, 0, 273.00200641113514, 45
1, 221513, 126543, 94970, 949186.9580685173, 64, 34, 30, 297.742712474619, 35
51, 221592, 126572, 95020, 949500.9888186475, 79, 29, 50, 314.03075013013313, 30
1, 221653, 126603, 95050, 949794.7570579146, 61, 31, 30, 293.7682392671241, 32
1, 221738, 126648, 95090, 950116.4940855857, 85, 45, 40, 321.73702767108114, 46
1, 221783, 126693, 95090, 950389.4960919968, 45, 45, 0, 273.00200641113514, 45
51, 221915, 126735, 95180, 950751.0522144238, 132, 42, 90, 361.55612242701943, 44
1, 221950, 126770, 95180, 951006.2821423336, 35, 35, 0, 255.22992790977875, 35
1, 221990, 126810, 95180, 951270.7688282701, 40, 40, 0, 264.4866859365871, 40
1, 222059, 126849, 95210, 951574.8809699804, 69, 39, 30, 304.1121417102006, 40
1, 222144, 126894, 95250, 951896.6179976515, 85, 45, 40, 321.73702767108114, 46
51, 222232, 126932, 95300, 952220.5994290123, 88, 38, 50, 323.98143136087856, 39
1, 222283, 126983, 95300, 952503.0339407907, 51, 51, 0, 282.43451177837886, 51
1, 222372, 127032, 95340, 952829.0818063548, 89, 49, 40, 326.0478655640733, 50
1, 222412, 127072, 95340, 953093.5684922914, 40, 40, 0, 264.4866859365871, 40
51, 222533, 127113, 95420, 953446.630971327, 121, 41, 80, 353.06247903554, 43
1, 222567, 127147, 95420, 953699.9046116036, 34, 34, 0, 253.2736402766418, 34
1, 222644, 127184, 95460, 954012.6302753701, 77, 37, 40, 312.72566376652986, 38
51, 222737, 127227, 95510, 954341.8725552772, 93, 43, 50, 329.24227990714814, 44
1, 222774, 127264, 95510, 954600.9051267331, 37, 37, 0, 259.03257145596604, 37
1, 222804, 127294, 95510, 954845.9398586652, 30, 30, 0, 245.0347319320716, 30
1, 222880, 127340, 95540, 955158.499031039, 76, 46, 30, 312.5591723737189, 47
51, 223016, 127386, 95630, 955523.3943280738, 136, 46, 90, 364.89529703482884, 48
1, 223055, 127425, 95630, 955786.0942680178, 39, 39, 0, 262.6999399439383, 39
1, 223121, 127461, 95660, 956086.4212562949, 66, 36, 30, 300.32698827717985, 37
1, 223154, 127494, 95660, 956337.6994289878, 33, 33, 0, 251.27817269284301, 33
51, 223243, 127533, 95710, 956662.7472945519, 89, 39, 50, 325.0478655640733, 40
1, 223323, 127573, 95750, 956978.9170507962, 80, 40, 40, 316.1697562442441, 41
1, 223364, 127614, 95750, 957245.1610042397, 41, 41, 0, 266.24395344352433, 41
51, 223485, 127655, 95830, 957598.2234832753, 121, 41, 80, 353.06247903554, 43
1, 223568, 127698, 95870, 957917.7584312045, 83, 43, 40, 319.5349479292333, 44
1, 223637, 127737, 95900, 958221.8705729147, 69, 39, 30, 304.1121417102006, 40
1, 223709, 127769, 95940, 958528.6656359391, 72, 32, 40, 306.79506302439404, 33
51, 223834, 127814, 96020, 958885.2357884273, 125, 45, 80, 356.57015248821097, 47
1, 223873, 127853, 96020, 959147.9357283713, 39, 39, 0, 262.6999399439383, 39
1, 223911, 127891, 96020, 959408.8181079911, 38, 38, 0, 260.88237961983884, 38
51, 224036, 127926, 96110, 959764.3882604793, 125, 35, 90, 355.57015248821097, 37
1, 224084, 127974, 96110, 960042.2030630698, 48, 48, 0, 277.8148025904985, 48
1, 224168, 128018, 96150, 960362.8430734733, 84, 44, 40, 320.64001040350905, 45
1, 224231, 128051, 96180, 960659.2743981994, 63, 33, 30, 296.43132472612575, 34
51, 224322, 128092, 96230, 960986.4334601382, 91, 41, 50, 327.1590619387661, 42
1, 224366, 128136, 96230, 961257.7844178283, 44, 44, 0, 271.35095769013947, 44
1, 224402, 128172, 96230, 961514.9333921067, 36, 36, 0, 257.1489742783178, 36
1, 224482, 128212, 96270, 961831.103148351, 80, 40, 40, 316.1697562442441, 41
1, 224563, 128263, 96300, 962149.403148351, 81, 51, 30, 318.3, 52
51, 224659, 128309, 96350, 962481.7200643657, 96, 46, 50, 332.31691601465747, 47
1, 224697, 128347, 96350, 962742.6024439855, 38, 38, 0, 260.88237961983884, 38
1, 224769, 128379, 96390, 963049.3975070099, 72, 32, 40, 306.79506302439404, 33
1, 224841, 128421, 96420, 963357.1925700343, 72, 42, 30, 307.79506302439404, 43
51, 224939, 128469, 96470, 963691.5271983988, 98, 48, 50, 334.33462836457886, 49
1, 225017, 128507, 96510, 964005.4099850189, 78, 38, 40, 313.8827866200841, 39
1, 225075, 128565, 96510, 964297.9768871261, 58, 58, 0, 292.5669021071895, 58
1, 225147, 128597, 96550, 964604.7719501505, 72, 32, 40, 306.79506302439404, 33
1, 225189, 128639, 96550, 964872.7449396526, 42, 42, 0, 267.97298950218305, 42
51, 225303, 128673, 96630, 965219.5029273443, 114, 34, 80, 346.75798769167545, 36
1, 225348, 128718, 96630, 965492.5049337554, 45, 45, 0, 273.00200641113514, 45
1, 225391, 128761, 96630, 965762.1798939585, 43, 43, 0, 269.6749602031015, 43
1, 225467, 128797, 96670, 966073.7390663322, 76, 36, 40, 311.5591723737189, 37
51, 225583, 128833, 96750, 966422.3208698233, 116, 36, 80, 348.5818034911291, 38
1, 225627, 128877, 96750, 966693.6718275135, 44, 44, 0, 271.35095769013947, 44
1, 225663, 128913, 96750, 966950.8208017919, 36, 36, 0, 257.1489742783178, 36
1, 225706, 128956, 96750, 967220.495761995, 43, 43, 0, 269.6749602031015, 43
1, 225809, 128989, 96820, 967557.8690120504, 103, 33, 70, 337.37325005549695, 35
51, 225911, 129041, 96870, 967896.1661948316, 102, 52, 50, 338.29718278112654, 53
1, 225996, 129086, 96910, 968217.9032225027, 85, 45, 40, 321.73702767108114, 46
1, 226064, 129124, 96940, 968520.7653936052, 68, 38, 30, 302.86217110259, 39
1, 226150, 129170, 96980, 968843.5915582528, 86, 46, 40, 322.82616464756694, 47
51, 226245, 129215, 97030, 969174.890122388, 95, 45, 50, 331.2985641352145, 46
1, 226313, 129253, 97060, 969477.7522934906, 68, 38, 30, 302.86217110259, 39
1, 226392, 129292, 97100, 969792.7830436208, 79, 39, 40, 315.03075013013313, 40
1, 226430, 129330, 97100, 970053.6654232406, 38, 38, 0, 260.88237961983884, 38
1, 226469, 129369, 97100, 970316.3653631846, 39, 39, 0, 262.6999399439383, 39
51, 226602, 129412, 97190, 970678.7616322258, 133, 43, 90, 362.3962690412072, 45
1, 226635, 129445, 97190, 970930.0398049187, 33, 33, 0, 251.27817269284301, 33
1, 226704, 129484, 97220, 971234.1519466289, 69, 39, 30, 304.1121417102006, 40
51, 226797, 129527, 97270, 971563.394226536, 93, 43, 50, 329.24227990714814, 44
1, 226872, 129562, 97310, 971873.7773221743, 75, 35, 40, 310.38309563827124, 36
1, 226914, 129604, 97310, 972141.7503116764, 42, 42, 0, 267.97298950218305, 42
1, 226958, 129648, 97310, 972413.1012693666, 44, 44, 0, 271.35095769013947, 44
51, 227080, 129690, 97390, 972767.0468879204, 122, 42, 80, 353.9456185537469, 44
1, 227119, 129729, 97390, 973029.7468278643, 39, 39, 0, 262.6999399439383, 39
1, 227196, 129766, 97430, 973342.4724916308, 77, 37, 40, 312.72566376652986, 38
51, 227298, 129818, 97480, 973680.769674412, 102, 52, 50, 338.29718278112654, 53
1, 227331, 129851, 97480, 973932.0478471048, 33, 33, 0, 251.27817269284301, 33
1, 227400, 129890, 97510, 974236.1599888151, 69, 39, 30, 304.1121417102006, 40
1, 227480, 129930, 97550, 974552.3297450594, 80, 40, 40, 316.1697562442441, 41
1, 227512, 129962, 97550, 974801.57116806, 32, 32, 0, 249.24142300054422, 32
51, 227595, 129995, 97600, 975120.1061159892, 83, 33, 50, 318.5349479292333, 34
1, 227637, 130037, 97600, 975388.0791054913, 42, 42, 0, 267.97298950218305, 42
1, 227701, 130071, 97630, 975685.821817966, 64, 34, 30, 297.742712474619, 35
1, 227750, 130120, 97630, 975965.1969490724, 49, 49, 0, 279.3751311064591, 49
51, 227900, 130150, 97750, 976338.4605002304, 150, 30, 120, 373.26355115805836, 33
1, 227938, 130188, 97750, 976599.3428798503, 38, 38, 0, 260.88237961983884, 38
1, 227976, 130226, 97750, 976860.2252594702, 38, 38, 0, 260.88237961983884, 38
1, 228012, 130262, 97750, 977117.3742337485, 36, 36, 0, 257.1489742783178, 36
1, 228119, 130299, 97820, 977458.5963790183, 107, 37, 70, 341.2221452697031, 39
51, 228208, 130338, 97870, 977783.6442445824, 89, 39, 50, 325.0478655640733, 40
1, 228250, 130380, 97870, 978051.6172340845, 42, 42, 0, 267.97298950218305, 42
1, 228324, 130414, 97910, 978360.8144428513, 74, 34, 40, 309.1972087668518, 35
1, 228384, 130444, 97940, 978653.2302112228, 60, 30, 30, 292.41576837137404, 31
1, 228426, 130486, 97940, 978921.2032007249, 42, 42, 0, 267.97298950218305, 42
51, 228558, 130528, 98030, 979282.7593231519, 132, 42, 90, 361.55612242701943, 44
1, 228643, 130583, 98060, 979605.496350823, 85, 55, 30, 322.73702767108114, 56
1, 228689, 130629, 98060, 979880.125419537, 46, 46, 0, 274.6290687140218, 46
51, 228820, 130670, 98150, 980240.8377477524, 131, 41, 90, 360.7123282155055, 43
1, 228869, 130719, 98150, 980520.2128788589, 49, 49, 0, 279.3751311064591, 49
1, 228918, 130768, 98150, 980799.5880099654, 49, 49, 0, 279.3751311064591, 49
1, 229025, 130805, 98220, 981140.8101552351, 107, 37, 70, 341.2221452697031, 39
51, 229107, 130837, 98270, 981458.2318250786, 82, 32, 50, 317.42166984345636, 33
1, 229150, 130880, 98270, 981727.9067852817, 43, 43, 0, 269.6749602031015, 43
1, 229216, 130916, 98300, 982028.2337735589, 66, 36, 30, 300.32698827717985, 37
1, 229258, 130958, 98300, 982296.206763061, 42, 42, 0, 267.97298950218305, 42
51, 229340, 130990, 98350, 982613.6284329045, 82, 32, 50, 317.42166984345636, 33
1, 229416, 131026, 98390, 982925.1876052782, 76, 36, 40, 311.5591723737189, 37
1, 229477, 131057, 98420, 983218.9558445454, 61, 31, 30, 293.7682392671241, 32
51, 229559, 131089, 98470, 983536.3775143889, 82, 32, 50, 317.42166984345636, 33
1, 229641, 131131, 98510, 983854.7991842324, 82, 42, 40, 318.42166984345636, 43
1, 229714, 131174, 98540, 984163.8004628016, 73, 43, 30, 309.00127856917646, 44
1, 229789, 131209, 98580, 984474.1835584398, 75, 35, 40, 310.38309563827124, 36
1, 229823, 131243, 98580, 984727.4571987165, 34, 34, 0, 253.2736402766418, 34
51, 229914, 131284, 98630, 985054.6162606552, 91, 41, 50, 327.1590619387661, 42
1, 229948, 131318, 98630, 985307.8899009319, 34, 34, 0, 253.2736402766418, 34
1, 230019, 131359, 98660, 985614.4682117506, 71, 41, 30, 306.57831081870995, 42
1, 230104, 131404, 98700, 985936.2052394217, 85, 45, 40, 321.73702767108114, 46
51, 230213, 131433, 98780, 986278.3198709213, 109, 29, 80, 342.114631499574, 31
1, 230286, 131466, 98820, 986586.3211494905, 73, 33, 40, 308.00127856917646, 34
1, 230365, 131515, 98850, 986902.3518996207, 79, 49, 30, 316.03075013013313, 50
1, 230408, 131558, 98850, 987172.0268598238, 43, 43, 0, 269.6749602031015, 43
51, 230497, 131597, 98900, 987497.074725388, 89, 39, 50, 325.0478655640733, 40
1, 230578, 131638, 98940, 987814.374725388, 81, 41, 40, 317.3, 42
1, 230648, 131678, 98970, 988119.7254862399, 70, 40, 30, 305.3507608519078, 41
51, 230728, 131708, 99020, 988434.8952424842, 80, 30, 50, 315.1697562442441, 31
1, 230773, 131753, 99020, 988707.8972488953, 45, 45, 0, 273.00200641113514, 45
1, 230887, 131797, 99090, 989055.6552365869, 114, 44, 70, 347.75798769167545, 46
1, 230929, 131839, 99090, 989323.6282260891, 42, 42, 0, 267.97298950218305, 42
51, 231022, 131882, 99140, 989652.8705059962, 93, 43, 50, 329.24227990714814, 44
1, 231063, 131923, 99140, 989919.1144594396, 41, 41, 0, 266.24395344352433, 41
1, 231111, 131971, 99140, 990196.9292620302, 48, 48, 0, 277.8148025904985, 48
51, 231271, 132011, 99260, 990577.885144038, 160, 40, 120, 380.95588200778457, 43
1, 231318, 132058, 99260, 990854.1181939075, 47, 47, 0, 276.2330498695885, 47
1, 231390, 132100, 99290, 991161.9132569319, 72, 42, 30, 307.79506302439404, 43
1, 231475, 132145, 99330, 991483.650284603, 85, 45, 40, 321.73702767108114, 46
51, 231561, 132181, 99380, 991805.4764492506, 86, 36, 50, 321.82616464756694, 37
1, 231595, 132215, 99380, 992058.7500895272, 34, 34, 0, 253.2736402766418, 34
1, 231666, 132256, 99410, 992365.328400346, 71, 41, 30, 306.57831081870995, 42
1, 231748, 132298, 99450, 992683.7500701895, 82, 42, 40, 318.42166984345636, 43
51, 231878, 132348, 99530, 993044.614907728, 130, 50, 80, 360.86483753851803, 52
1, 231915, 132385, 99530, 993303.647479184, 37, 37, 0, 259.03257145596604, 37
1, 231951, 132421, 99530, 993560.7964534623, 36, 36, 0, 257.1489742783178, 36
1, 232027, 132457, 99570, 993872.3556258361, 76, 36, 40, 311.5591723737189, 37
51, 232126, 132506, 99620, 994207.6898403891, 99, 49, 50, 335.33421455299043, 50
1, 232166, 132546, 99620, 994472.1765263256, 40, 40, 0, 264.4866859365871, 40
1, 232238, 132588, 99650, 994779.97158935, 72, 42, 30, 307.79506302439404, 43
51, 232379, 132639, 99740, 995148.9632620155, 141, 51, 90, 368.9916726654594, 53
1, 232449, 132679, 99770, 995454.3140228674, 70, 40, 30, 305.3507608519078, 41
1, 232489, 132719, 99770, 995718.8007088039, 40, 40, 0, 264.4866859365871, 40
1, 232565, 132765, 99800, 996031.3598811777, 76, 46, 30, 312.5591723737189, 47
51, 232700, 132810, 99890, 996395.4256911179, 135, 45, 90, 364.06580994024984, 47
1, 232741, 132851, 99890, 996661.6696445614, 41, 41, 0, 266.24395344352433, 41
1, 232788, 132898, 99890, 996937.9026944309, 47, 47, 0, 276.2330498695885, 47
1, 232871, 132941, 99930, 997257.4376423601, 83, 43, 40, 319.5349479292333, 44
51, 232962, 132982, 99980, 997584.5967042989, 91, 41, 50, 327.1590619387661, 42
1, 233025, 133015, 100010, 997881.028029025, 63, 33, 30, 296.43132472612575, 34
1, 233102, 133052, 100050, 998193.7536927914, 77, 37, 40, 312.72566376652986, 38
51, 233189, 133089, 100100, 998516.6612737891, 87, 37, 50, 322.9075809977351, 38
1, 233228, 133128, 100100, 998779.3612137331, 39, 39, 0, 262.6999399439383, 39
1, 233295, 133165, 100130, 999080.9617689907, 67, 37, 30, 301.6005552576305, 38
51, 233425, 133205, 100220, 999440.8266065293, 130, 40, 90, 359.86483753851803, 42
1, 233459, 133239, 100220, 999694.1002468059, 34, 34, 0, 253.2736402766418, 34
1, 233510, 133290, 100220, 999976.5347585843, 51, 51, 0, 282.43451177837886, 51
1, 233579, 133329, 100250, 1000280.6469002946, 69, 39, 30, 304.1121417102006, 40
51, 233667, 133367, 100300, 1000604.6283316554, 88, 38, 50, 323.98143136087856, 39
1, 233737, 133407, 100330, 1000909.9790925073, 70, 40, 30, 305.3507608519078, 41
1, 233816, 133446, 100370, 1001225.0098426375, 79, 39, 40, 315.03075013013313, 40
1, 233851, 133481, 100370, 1001480.2397705473, 35, 35, 0, 255.22992790977875, 35
51, 233949, 133529, 100420, 1001814.5743989118, 98, 48, 50, 334.33462836457886, 49
1, 233998, 133578, 100420, 1002093.9495300183, 49, 49, 0, 279.3751311064591, 49
1, 234043, 133623, 100420, 1002366.9515364293, 45, 45, 0, 273.00200641113514, 45
51, 234197, 133657, 100540, 1002743.3252034269, 154, 34, 120, 376.37366699756114, 37
1, 234232, 133692, 100540, 1002998.5551313367, 35, 35, 0, 255.22992790977875, 35
1, 234281, 133741, 100540, 1003277.9302624431, 49, 49, 0, 279.3751311064591, 49
1, 234328, 133788, 100540, 1003554.1633123127, 47, 47, 0, 276.2330498695885, 47
51, 234419, 133829, 100590, 1003881.3223742514, 91, 41, 50, 327.1590619387661, 42
1, 234499, 133869, 100630, 1004197.4921304957, 80, 40, 40, 316.1697562442441, 41
1, 234568, 133908, 100660, 1004501.604272206, 69, 39, 30, 304.1121417102006, 40
1, 234649, 133949, 100700, 1004818.904272206, 81, 41, 40, 317.3, 42
51, 234732, 133982, 100750, 1005137.4392201352, 83, 33, 50, 318.5349479292333, 34
1, 234805, 134025, 100780, 1005446.4404987044, 73, 43, 30, 309.00127856917646, 44
1, 234853, 134073, 100780, 1005724.255301295, 48, 48, 0, 277.8148025904985, 48
1, 234968, 134118, 100850, 1006072.9275183572, 115, 45, 70, 348.6722170622053, 47
51, 235064, 134164, 100900, 1006405.2444343718, 96, 46, 50, 332.31691601465747, 47
1, 235148, 134208, 100940, 1006725.8844447753, 84, 44, 40, 320.64001040350905, 45
1, 235175, 134235, 100940, 1006964.2351504707, 27, 27, 0, 238.35070569547776, 27
1, 235244, 134274, 100970, 1007268.347292181, 69, 39, 30, 304.1121417102006, 40
51, 235338, 134318, 101020, 1007598.6210180288, 94, 44, 50, 330.273725847777, 45
1, 235386, 134366, 101020, 1007876.4358206193, 48, 48, 0, 277.8148025904985, 48
1, 235428, 134408, 101020, 1008144.4088101215, 42, 42, 0, 267.97298950218305, 42
51, 235563, 134453, 101110, 1008508.4746200617, 135, 45, 90, 364.06580994024984, 47
1, 235605, 134495, 101110, 1008776.4476095638, 42, 42, 0, 267.97298950218305, 42
1, 235668, 134528, 101140, 1009072.8789342899, 63, 33, 30, 296.43132472612575, 34
1, 235704, 134564, 101140, 1009330.0279085683, 36, 36, 0, 257.1489742783178, 36
1, 235779, 134599, 101180, 1009640.4110042065, 75, 35, 40, 310.38309563827124, 36
51, 235873, 134643, 101230, 1009970.6847300543, 94, 44, 50, 330.273725847777, 45
1, 235919, 134689, 101230, 1010245.3137987683, 46, 46, 0, 274.6290687140218, 46
1, 235965, 134735, 101230, 1010519.9428674823, 46, 46, 0, 274.6290687140218, 46
51, 236088, 134778, 101310, 1010874.7674387441, 123, 43, 80, 354.8245712617827, 45
1, 236166, 134816, 101350, 1011188.6502253641, 78, 38, 40, 313.8827866200841, 39
1, 236231, 134851, 101380, 1011487.6913768075, 65, 35, 30, 299.04115144336777, 36
51, 236320, 134890, 101430, 1011812.7392423716, 89, 39, 50, 325.0478655640733, 40
1, 236371, 134941, 101430, 1012095.17375415, 51, 51, 0, 282.43451177837886, 51
1, 236465, 134995, 101470, 1012426.4474799979, 94, 54, 40, 331.273725847777, 55
1, 236500, 135030, 101470, 1012681.6774079077, 35, 35, 0, 255.22992790977875, 35
1, 236538, 135068, 101470, 1012942.5597875275, 38, 38, 0, 260.88237961983884, 38
51, 236670, 135120, 101550, 1013305.1159099545, 132, 52, 80, 362.55612242701943, 54
1, 236712, 135162, 101550, 1013573.0888994567, 42, 42, 0, 267.97298950218305, 42
1, 236789, 135199, 101590, 1013885.8145632232, 77, 37, 40, 312.72566376652986, 38
1, 236827, 135237, 101590, 1014146.696942843, 38, 38, 0, 260.88237961983884, 38
51, 236899, 135259, 101640, 1014452.4920058674, 72, 22, 50, 305.79506302439404, 23
1, 237004, 135294, 101710, 1014791.8005931618, 105, 35, 70, 339.30858729436795, 37
1, 237040, 135330, 101710, 1015048.9495674402, 36, 36, 0, 257.1489742783178, 36
1, 237072, 135362, 101710, 1015298.1909904408, 32, 32, 0, 249.24142300054422, 32
51, 237204, 135404, 101800, 1015659.7471128678, 132, 42, 90, 361.55612242701943, 44
1, 237269, 135439, 101830, 1015958.7882643112, 65, 35, 30, 299.04115144336777, 36
1, 237313, 135483, 101830, 1016230.1392220013, 44, 44, 0, 271.35095769013947, 44
1, 237356, 135526, 101830, 1016499.8141822044, 43, 43, 0, 269.6749602031015, 43
51, 237446, 135566, 101880, 1016825.9212110285, 90, 40, 50, 326.1070288241023, 41
1, 237566, 135616, 101950, 1017179.0963029931, 120, 50, 70, 353.1750919646873, 52
1, 237608, 135658, 101950, 1017447.0692924953, 42, 42, 0, 267.97298950218305, 42
51, 237697, 135697, 102000, 1017772.1171580594, 89, 39, 50, 325.0478655640733, 40
1, 237740, 135740, 102000, 1018041.7921182625, 43, 43, 0, 269.6749602031015, 43
1, 237806, 135776, 102030, 1018342.1191065396, 66, 36, 30, 300.32698827717985, 37
1, 237842, 135812, 102030, 1018599.268080818, 36, 36, 0, 257.1489742783178, 36
51, 237965, 135845, 102120, 1018953.0926520798, 123, 33, 90, 353.8245712617827, 35
1, 238005, 135885, 102120, 1019217.5793380163, 40, 40, 0, 264.4866859365871, 40
1, 238054, 135934, 102120, 1019496.9544691228, 49, 49, 0, 279.3751311064591, 49
1, 238131, 135981, 102150, 1019810.6801328893, 77, 47, 30, 313.72566376652986, 48
51, 238217, 136017, 102200, 1020132.5062975369, 86, 36, 50, 321.82616464756694, 37
1, 238266, 136066, 102200, 1020411.8814286434, 49, 49, 0, 279.3751311064591, 49
1, 238341, 136101, 102240, 1020722.2645242816, 75, 35, 40, 310.38309563827124, 36
1, 238402, 136132, 102270, 1021016.0327635488, 61, 31, 30, 293.7682392671241, 32
1, 238439, 136169, 102270, 1021275.0653350047, 37, 37, 0, 259.03257145596604, 37
51, 238573, 136213, 102360, 1021638.2981509233, 134, 44, 90, 363.23281591860336, 46
1, 238608, 136248, 102360, 1021893.5280788331, 35, 35, 0, 255.22992790977875, 35
1, 238683, 136283, 102400, 1022203.9111744714, 75, 35, 40, 310.38309563827124, 36
51, 238773, 136323, 102450, 1022530.0182032954, 90, 40, 50, 326.1070288241023, 41
1, 238840, 136360, 102480, 1022831.618758553, 67, 37, 30, 301.6005552576305, 38
1, 238913, 136393, 102520, 1023139.6200371223, 73, 33, 40, 308.00127856917646, 34
1, 238947, 136427, 102520, 1023392.8936773989, 34, 34, 0, 253.2736402766418, 34
1, 238989, 136469, 102520, 1023660.866666901, 42, 42, 0, 267.97298950218305, 42
51, 239095, 136525, 102570, 1024003.0347105106, 106, 56, 50, 342.16804360962783, 57
1, 239170, 136570, 102600, 1024314.4178061489, 75, 45, 30, 311.38309563827124, 46
1, 239248, 136608, 102640, 1024628.3005927689, 78, 38, 40, 313.8827866200841, 39
1, 239296, 136656, 102640, 1024906.1153953595, 48, 48, 0, 277.8148025904985, 48
1, 239332, 136692, 102640, 1025163.2643696378, 36, 36, 0, 257.1489742783178, 36
51, 239460, 136740, 102720, 1025522.4229357393, 128, 48, 80, 359.1585661014858, 50
1, 239494, 136774, 102720, 1025775.6965760159, 34, 34, 0, 253.2736402766418, 34
1, 239568, 136808, 102760, 1026084.8937847827, 74, 34, 40, 309.1972087668518, 35
51, 239695, 136855, 102840, 1026443.193467082, 127, 47, 80, 358.2996822992933, 49
1, 239735, 136895, 102840, 1026707.6801530186, 40, 40, 0, 264.4866859365871, 40
1, 239778, 136938, 102840, 1026977.3551132217, 43, 43, 0, 269.6749602031015, 43
51, 239867, 136977, 102890, 1027302.4029787858, 89, 39, 50, 325.0478655640733, 40
1, 239954, 137024, 102930, 1027626.3105597835, 87, 47, 40, 323.9075809977351, 48
1, 240041, 137081, 102960, 1027951.2181407812, 87, 57, 30, 324.9075809977351, 58
51, 240133, 137123, 103010, 1028279.4222422494, 92, 42, 50, 328.20410146824725, 43
1, 240185, 137175, 103010, 1028563.3572036776, 52, 52, 0, 283.93496142826496, 52
1, 240267, 137217, 103050, 1028881.7788735211, 82, 42, 40, 318.42166984345636, 43
1, 240337, 137257, 103080, 1029187.129634373, 70, 40, 30, 305.3507608519078, 41
1, 240368, 137288, 103080, 1029434.29074055, 31, 31, 0, 247.1611061770567, 31
51, 240451, 137321, 103130, 1029752.8256884792, 83, 33, 50, 318.5349479292333, 34
1, 240488, 137358, 103130, 1030011.8582599352, 37, 37, 0, 259.03257145596604, 37
1, 240562, 137392, 103170, 1030321.055468702, 74, 34, 40, 309.1972087668518, 35
51, 240657, 137437, 103220, 1030652.3540328372, 95, 45, 50, 331.2985641352145, 46
1, 240723, 137473, 103250, 1030952.6810211143, 66, 36, 30, 300.32698827717985, 37
1, 240763, 137513, 103250, 1031217.1677070509, 40, 40, 0, 264.4866859365871, 40
1, 240803, 137553, 103250, 1031481.6543929875, 40, 40, 0, 264.4866859365871, 40
51, 240956, 137586, 103370, 1031857.254789303, 153, 33, 120, 375.6003963155711, 36
1, 240999, 137629, 103370, 1032126.9297495062, 43, 43, 0, 269.6749602031015, 43
1, 241039, 137669, 103370, 1032391.4164354427, 40, 40, 0, 264.4866859365871, 40
1, 241076, 137706, 103370, 1032650.4490068987, 37, 37, 0, 259.03257145596604, 37
51, 241241, 137751, 103490, 1033035.1514703203, 165, 45, 120, 384.7024634215721, 48
1, 241278, 137788, 103490, 1033294.1840417762, 37, 37, 0, 259.03257145596604, 37
1, 241356, 137836, 103520, 1033609.0668283963, 78, 48, 30, 314.8827866200841, 49
1, 241395, 137875, 103520, 1033871.7667683403, 39, 39, 0, 262.6999399439383, 39
51, 241478, 137908, 103570, 1034190.3017162695, 83, 33, 50, 318.5349479292333, 34
1, 241583, 137943, 103640, 1034529.6103035639, 105, 35, 70, 339.30858729436795, 37
1, 241624, 137984, 103640, 1034795.8542570074, 41, 41, 0, 266.24395344352433, 41
1, 241657, 138017, 103640, 1035047.1324297002, 33, 33, 0, 251.27817269284301, 33
1, 241766, 138056, 103710, 1035390.2470611999, 109, 39, 70, 343.114631499574, 41
51, 241858, 138098, 103760, 1035718.4511626681, 92, 42, 50, 328.20410146824725, 43
1, 241900, 138140, 103760, 1035986.4241521702, 42, 42, 0, 267.97298950218305, 42
1, 241949, 138189, 103760, 1036265.7992832767, 49, 49, 0, 279.3751311064591, 49
1, 241993, 138233, 103760, 1036537.1502409668, 44, 44, 0, 271.35095769013947, 44
1, 242087, 138287, 103800, 1036868.4239668146, 94, 54, 40, 331.273725847777, 55
51, 242220, 138340, 103880, 1037231.8202358559, 133, 53, 80, 363.3962690412072, 55
1, 242262, 138382, 103880, 1037499.793225358, 42, 42, 0, 267.97298950218305, 42
1, 242369, 138419, 103950, 1037841.0153706277, 107, 37, 70, 341.2221452697031, 39
1, 242403, 138453, 103950, 1038094.2890109044, 34, 34, 0, 253.2736402766418, 34
51, 242493, 138493, 104000, 1038420.3960397284, 90, 40, 50, 326.1070288241023, 41
1, 242598, 138528, 104070, 1038759.7046270228, 105, 35, 70, 339.30858729436795, 37
1, 242626, 138556, 104070, 1039000.3372904019, 28, 28, 0, 240.63266337912057, 28
1, 242671, 138601, 104070, 1039273.339296813, 45, 45, 0, 273.00200641113514, 45
1, 242737, 138637, 104100, 1039573.6662850901, 66, 36, 30, 300.32698827717985, 37
51, 242821, 138671, 104150, 1039893.3062954936, 84, 34, 50, 319.64001040350905, 35
1, 242859, 138709, 104150, 1040154.1886751135, 38, 38, 0, 260.88237961983884, 38
1, 242973, 138753, 104220, 1040501.9466628052, 114, 44, 70, 347.75798769167545, 46
1, 243008, 138788, 104220, 1040757.176590715, 35, 35, 0, 255.22992790977875, 35
51, 243097, 138827, 104270, 1041082.2244562791, 89, 39, 50, 325.0478655640733, 40
1, 243143, 138873, 104270, 1041356.853524993, 46, 46, 0, 274.6290687140218, 46
1, 243189, 138919, 104270, 1041631.482593707, 46, 46, 0, 274.6290687140218, 46
1, 243276, 138966, 104310, 1041955.3901747047, 87, 47, 40, 323.9075809977351, 48
51, 243394, 139004, 104390, 1042305.7774998737, 118, 38, 80, 350.3873251689181, 40
1, 243484, 139054, 104430, 1042632.8845286977, 90, 50, 40, 327.1070288241023, 51
1, 243531, 139101, 104430, 1042909.1175785672, 47, 47, 0, 276.2330498695885, 47
1, 243577, 139147, 104430, 1043183.7466472812, 46, 46, 0, 274.6290687140218, 46
51, 243668, 139188, 104480, 1043510.90570922, 91, 41, 50, 327.1590619387661, 42
1, 243699, 139219, 104480, 1043758.066815397, 31, 31, 0, 247.1611061770567, 31
1, 243813, 139263, 104550, 1044105.8248030887, 114, 44, 70, 347.75798769167545, 46
1, 243853, 139303, 104550, 1044370.3114890252, 40, 40, 0, 264.4866859365871, 40
51, 243944, 139344, 104600, 1044697.470550964, 91, 41, 50, 327.1590619387661, 42
1, 244025, 139385, 104640, 1045014.770550964, 81, 41, 40, 317.3, 42
1, 244059, 139419, 104640, 1045268.0441912407, 34, 34, 0, 253.2736402766418, 34
51, 244176, 139456, 104720, 1045617.5310080393, 117, 37, 80, 349.4868167986058, 39
1, 244207, 139487, 104720, 1045864.6921142163, 31, 31, 0, 247.1611061770567, 31
1, 244290, 139530, 104760, 1046184.2270621455, 83, 43, 40, 319.5349479292333, 44
1, 244323, 139563, 104760, 1046435.5052348383, 33, 33, 0, 251.27817269284301, 33
1, 244373, 139613, 104760, 1046716.4200296856, 50, 50, 0, 280.9147948472494, 50
51, 244458, 139648, 104810, 1047037.1570573567, 85, 35, 50, 320.73702767108114, 36
1, 244524, 139684, 104840, 1047337.4840456338, 66, 36, 30, 300.32698827717985, 37
1, 244617, 139737, 104880, 1047667.7263255409, 93, 53, 40, 330.24227990714814, 54
1, 244652, 139772, 104880, 1047922.9562534507, 35, 35, 0, 255.22992790977875, 35
1, 244686, 139806, 104880, 1048176.2298937273, 34, 34, 0, 253.2736402766418, 34
51, 244809, 139839, 104970, 1048530.0544649891, 123, 33, 90, 353.8245712617827, 35
1, 244844, 139874, 104970, 1048785.284392899, 35, 35, 0, 255.22992790977875, 35
1, 244952, 139912, 105040, 1049127.455372446, 108, 38, 70, 342.1709795470626, 40
51, 245043, 139953, 105090, 1049454.6144343847, 91, 41, 50, 327.1590619387661, 42
1, 245088, 139998, 105090, 1049727.6164407958, 45, 45, 0, 273.00200641113514, 45
1, 245161, 140041, 105120, 1050036.617719365, 73, 43, 30, 309.00127856917646, 44
1, 245205, 140085, 105120, 1050307.968677055, 44, 44, 0, 271.35095769013947, 44
51, 245292, 140122, 105170, 1050630.876258053, 87, 37, 50, 322.9075809977351, 38
1, 245398, 140158, 105240, 1050971.1443016625, 106, 36, 70, 340.2680436096278, 38
1, 245435, 140195, 105240, 1051230.1768731184, 37, 37, 0, 259.03257145596604, 37
1, 245481, 140241, 105240, 1051504.8059418325, 46, 46, 0, 274.6290687140218, 46
51, 245606, 140276, 105330, 1051860.3760943208, 125, 35, 90, 355.57015248821097, 37
1, 245632, 140302, 105330, 1052096.3861807561, 26, 26, 0, 236.01008643532256, 26
1, 245686, 140356, 105330, 1052383.266781839, 54, 54, 0, 286.88060108295343, 54
1, 245761, 140401, 105360, 1052694.6498774774, 75, 45, 30, 311.38309563827124, 46
51, 245888, 140438, 105450, 1053051.9495597768, 127, 37, 90, 357.2996822992933, 39
1, 245964, 140484, 105480, 1053364.5087321505, 76, 46, 30, 312.5591723737189, 47
1, 246004, 140524, 105480, 1053628.995418087, 40, 40, 0, 264.4866859365871, 40
1, 246043, 140563, 105480, 1053891.695358031, 39, 39, 0, 262.6999399439383, 39
51, 246204, 140604, 105600, 1054273.4056546318, 161, 41, 120, 381.7102966008917, 44
1, 246249, 140649, 105600, 1054546.4076610429, 45, 45, 0, 273.00200641113514, 45
1, 246294, 140694, 105600, 1054819.409667454, 45, 45, 0, 273.00200641113514, 45
51, 246462, 140742, 105720, 1055206.3302418217, 168, 48, 120, 386.9205743678508, 51
1, 246506, 140786, 105720, 1055477.6811995117, 44, 44, 0, 271.35095769013947, 44
1, 246540, 140820, 105720, 1055730.9548397884, 34, 34, 0, 253.2736402766418, 34
1, 246568, 140848, 105720, 1055971.5875031676, 28, 28, 0, 240.63266337912057, 28
51, 246660, 140890, 105770, 1056299.7916046358, 92, 42, 50, 328.20410146824725, 43
1, 246780, 140940, 105840, 1056652.9666966004, 120, 50, 70, 353.1750919646873, 52
1, 246823, 140983, 105840, 1056922.6416568034, 43, 43, 0, 269.6749602031015, 43
1, 246858, 141018, 105840, 1057177.8715847132, 35, 35, 0, 255.22992790977875, 35
1, 246900, 141060, 105840, 1057445.8445742154, 42, 42, 0, 267.97298950218305, 42
51, 246990, 141100, 105890, 1057771.9516030394, 90, 40, 50, 326.1070288241023, 41
1, 247065, 141145, 105920, 1058083.3346986778, 75, 45, 30, 311.38309563827124, 46
1, 247142, 141182, 105960, 1058396.0603624443, 77, 37, 40, 312.72566376652986, 38
51, 247230, 141220, 106010, 1058720.041793805, 88, 38, 50, 323.98143136087856, 39
1, 247283, 141273, 106010, 1059005.458581446, 53, 53, 0, 285.4167876408086, 53
1, 247360, 141310, 106050, 1059318.1842452125, 77, 37, 40, 312.72566376652986, 38
51, 247488, 141358, 106130, 1059677.342811314, 128, 48, 80, 359.1585661014858, 50
1, 247578, 141408, 106170, 1060004.449840138, 90, 50, 40, 327.1070288241023, 51
1, 247618, 141448, 106170, 1060268.9365260745, 40, 40, 0, 264.4866859365871, 40
51, 247746, 141496, 106250, 1060628.095092176, 128, 48, 80, 359.1585661014858, 50
1, 247828, 141538, 106290, 1060946.5167620194, 82, 42, 40, 318.42166984345636, 43
1, 247873, 141583, 106290, 1061219.5187684305, 45, 45, 0, 273.00200641113514, 45
1, 247905, 141615, 106290, 1061468.760191431, 32, 32, 0, 249.24142300054422, 32
51, 248040, 141660, 106380, 1061832.8260013713, 135, 45, 90, 364.06580994024984, 47
1, 248078, 141698, 106380, 1062093.7083809911, 38, 38, 0, 260.88237961983884, 38
1, 248141, 141731, 106410, 1062390.1397057173, 63, 33, 30, 296.43132472612575, 34
51, 248234, 141774, 106460, 1062719.3819856246, 93, 43, 50, 329.24227990714814, 44
1, 248310, 141810, 106500, 1063030.9411579983, 76, 36, 40, 311.5591723737189, 37
1, 248388, 141858, 106530, 1063345.8239446185, 78, 48, 30, 314.8827866200841, 49
51, 248487, 141907, 106580, 1063681.1581591715, 99, 49, 50, 335.33421455299043, 50
1, 248519, 141939, 106580, 1063930.399582172, 32, 32, 0, 249.24142300054422, 32
1, 248565, 141985, 106580, 1064205.0286508861, 46, 46, 0, 274.6290687140218, 46
51, 248703, 142033, 106670, 1064571.572580438, 138, 48, 90, 366.54392955194305, 50
1, 248762, 142062, 106700, 1064862.6213806856, 59, 29, 30, 291.0488002476036, 30
1, 248797, 142097, 106700, 1065117.8513085954, 35, 35, 0, 255.22992790977875, 35
51, 248891, 142141, 106750, 1065448.125034443, 94, 44, 50, 330.273725847777, 45
1, 248921, 142171, 106750, 1065693.159766375, 30, 30, 0, 245.0347319320716, 30
1, 249026, 142206, 106820, 1066032.4683536694, 105, 35, 70, 339.30858729436795, 37
1, 249060, 142240, 106820, 1066285.741993946, 34, 34, 0, 253.2736402766418, 34
51, 249184, 142284, 106900, 1066641.4413904941, 124, 44, 80, 355.6993965481514, 46
1, 249234, 142334, 106900, 1066922.3561853413, 50, 50, 0, 280.9147948472494, 50
1, 249282, 142382, 106900, 1067200.1709879318, 48, 48, 0, 277.8148025904985, 48
1, 249314, 142414, 106900, 1067449.4124109324, 32, 32, 0, 249.24142300054422, 32
51, 249449, 142459, 106990, 1067813.4782208726, 135, 45, 90, 364.06580994024984, 47
1, 249492, 142502, 106990, 1068083.1531810756, 43, 43, 0, 269.6749602031015, 43
1, 249562, 142542, 107020, 1068388.5039419276, 70, 40, 30, 305.3507608519078, 41
51, 249686, 142576, 107110, 1068743.2033384757, 124, 34, 90, 354.6993965481514, 36
1, 249770, 142630, 107140, 1069064.8433488791, 84, 54, 30, 321.64001040350905, 55
1, 249808, 142668, 107140, 1069325.725728499, 38, 38, 0, 260.88237961983884, 38
1, 249917, 142707, 107210, 1069668.8403599986, 109, 39, 70, 343.114631499574, 41
51, 250011, 142751, 107260, 1069999.1140858463, 94, 44, 50, 330.273725847777, 45
1, 250048, 142788, 107260, 1070258.1466573023, 37, 37, 0, 259.03257145596604, 37
1, 250088, 142828, 107260, 1070522.6333432388, 40, 40, 0, 264.4866859365871, 40
1, 250128, 142868, 107260, 1070787.1200291754, 40, 40, 0, 264.4866859365871, 40
1, 250212, 142912, 107300, 1071107.760039579, 84, 44, 40, 320.64001040350905, 45
51, 250329, 142949, 107380, 1071457.2468563775, 117, 37, 80, 349.4868167986058, 39
1, 250363, 142983, 107380, 1071710.520496654, 34, 34, 0, 253.2736402766418, 34
1, 250402, 143022, 107380, 1071973.220436598, 39, 39, 0, 262.6999399439383, 39
1, 250485, 143065, 107420, 1072292.7553845271, 83, 43, 40, 319.5349479292333, 44
1, 250519, 143099, 107420, 1072546.0290248038, 34, 34, 0, 253.2736402766418, 34
51, 250607, 143137, 107470, 1072870.0104561646, 88, 38, 50, 323.98143136087856, 39
1, 250716, 143176, 107540, 1073213.1250876642, 109, 39, 70, 343.114631499574, 41
1, 250762, 143222, 107540, 1073487.7541563783, 46, 46, 0, 274.6290687140218, 46
1, 250800, 143260, 107540, 1073748.6365359982, 38, 38, 0, 260.88237961983884, 38
51, 250929, 143299, 107630, 1074107.6501364894, 129, 39, 90, 359.01360049114555, 41
1, 250972, 143342, 107630, 1074377.3250966924, 43, 43, 0, 269.6749602031015, 43
1, 251008, 143378, 107630, 1074634.4740709707, 36, 36, 0, 257.1489742783178, 36
1, 251078, 143418, 107660, 1074939.8248318227, 70, 40, 30, 305.3507608519078, 41
51, 251162, 143452, 107710, 1075259.4648422261, 84, 34, 50, 319.64001040350905, 35
1, 251231, 143491, 107740, 1075563.5769839364, 69, 39, 30, 304.1121417102006, 40
1, 251312, 143532, 107780, 1075880.8769839364, 81, 41, 40, 317.3, 42
51, 251433, 143573, 107860, 1076233.9394629719, 121, 41, 80, 353.06247903554, 43
1, 251474, 143614, 107860, 1076500.1834164155, 41, 41, 0, 266.24395344352433, 41
1, 251514, 143654, 107860, 1076764.670102352, 40, 40, 0, 264.4866859365871, 40
51, 251600, 143690, 107910, 1077086.4962669995, 86, 36, 50, 321.82616464756694, 37
1, 251714, 143734, 107980, 1077434.2542546913, 114, 44, 70, 347.75798769167545, 46
1, 251758, 143778, 107980, 1077705.6052123813, 44, 44, 0, 271.35095769013947, 44
1, 251807, 143827, 107980, 1077984.9803434878, 49, 49, 0, 279.3751311064591, 49
51, 251942, 143872, 108070, 1078349.046153428, 135, 45, 90, 364.06580994024984, 47
1, 251974, 143904, 108070, 1078598.2875764286, 32, 32, 0, 249.24142300054422, 32
1, 252011, 143941, 108070, 1078857.3201478845, 37, 37, 0, 259.03257145596604, 37
51, 252136, 143986, 108150, 1079213.8903003728, 125, 45, 80, 356.57015248821097, 47
1, 252219, 144029, 108190, 1079533.425248302, 83, 43, 40, 319.5349479292333, 44
1, 252292, 144072, 108220, 1079842.4265268713, 73, 43, 30, 309.00127856917646, 44
1, 252338, 144118, 108220, 1080117.0555955854, 46, 46, 0, 274.6290687140218, 46
51, 252428, 144158, 108270, 1080443.1626244094, 90, 40, 50, 326.1070288241023, 41
1, 252498, 144198, 108300, 1080748.5133852614, 70, 40, 30, 305.3507608519078, 41
1, 252538, 144238, 108300, 1081013.000071198, 40, 40, 0, 264.4866859365871, 40
1, 252611, 144271, 108340, 1081321.0013497672, 73, 33, 40, 308.00127856917646, 34
51, 252736, 144316, 108420, 1081677.5715022555, 125, 45, 80, 356.57015248821097, 47
1, 252764, 144344, 108420, 1081918.2041656347, 28, 28, 0, 240.63266337912057, 28
1, 252805, 144385, 108420, 1082184.4481190783, 41, 41, 0, 266.24395344352433, 41
1, 252835, 144415, 108420, 1082429.4828510103, 30, 30, 0, 245.0347319320716, 30
51, 252929, 144459, 108470, 1082759.756576858, 94, 44, 50, 330.273725847777, 45
1, 253001, 144491, 108510, 1083066.5516398824, 72, 32, 40, 306.79506302439404, 33
1, 253082, 144542, 108540, 1083384.8516398824, 81, 51, 30, 318.3, 52
1, 253118, 144578, 108540, 1083642.0006141607, 36, 36, 0, 257.1489742783178, 36
51, 253214, 144624, 108590, 1083974.3175301754, 96, 46, 50, 332.31691601465747, 47
1, 253252, 144662, 108590, 1084235.1999097953, 38, 38, 0, 260.88237961983884, 38
1, 253321, 144691, 108630, 1084538.3120515055, 69, 29, 40, 303.1121417102006, 30
51, 253406, 144726, 108680, 1084859.0490791767, 85, 35, 50, 320.73702767108114, 36
1, 253479, 144769, 108710, 1085168.050357746, 73, 43, 30, 309.00127856917646, 44
1, 253511, 144801, 108710, 1085417.2917807465, 32, 32, 0, 249.24142300054422, 32
1, 253576, 144836, 108740, 1085716.3329321898, 65, 35, 30, 299.04115144336777, 36
51, 253712, 144882, 108830, 1086081.2282292247, 136, 46, 90, 364.89529703482884, 48
1, 253751, 144921, 108830, 1086343.9281691685, 39, 39, 0, 262.6999399439383, 39
1, 253789, 144959, 108830, 1086604.8105487884, 38, 38, 0, 260.88237961983884, 38
1, 253827, 144997, 108830, 1086865.6929284083, 38, 38, 0, 260.88237961983884, 38
1, 253905, 145035, 108870, 1087179.5757150284, 78, 38, 40, 313.8827866200841, 39
51, 254019, 145069, 108950, 1087526.3337027202, 114, 34, 80, 346.75798769167545, 36
1, 254056, 145106, 108950, 1087785.3662741762, 37, 37, 0, 259.03257145596604, 37
1, 254103, 145153, 108950, 1088061.5993240457, 47, 47, 0, 276.2330498695885, 47
1, 254223, 145203, 109020, 1088414.7744160104, 120, 50, 70, 353.1750919646873, 52
51, 254308, 145238, 109070, 1088735.5114436815, 85, 35, 50, 320.73702767108114, 36
1, 254350, 145280, 109070, 1089003.4844331837, 42, 42, 0, 267.97298950218305, 42
1, 254428, 145318, 109110, 1089317.3672198039, 78, 38, 40, 313.8827866200841, 39
1, 254500, 145360, 109140, 1089625.1622828282, 72, 42, 30, 307.79506302439404, 43
1, 254542, 145402, 109140, 1089893.1352723304, 42, 42, 0, 267.97298950218305, 42
51, 254627, 145437, 109190, 1090213.8723000016, 85, 35, 50, 320.73702767108114, 36
1, 254715, 145485, 109230, 1090538.8537313624, 88, 48, 40, 324.98143136087856, 49
1, 254765, 145535, 109230, 1090819.7685262095, 50, 50, 0, 280.9147948472494, 50
1, 254804, 145574, 109230, 1091082.4684661534, 39, 39, 0, 262.6999399439383, 39
51, 254962, 145612, 109350, 1091461.9076754092, 158, 38, 120, 379.43920925585275, 41
1, 255012, 145662, 109350, 1091742.8224702564, 50, 50, 0, 280.9147948472494, 50
1, 255086, 145706, 109380, 1092053.0196790232, 74, 44, 30, 310.1972087668518, 45
1, 255123, 145743, 109380, 1092312.052250479, 37, 37, 0, 259.03257145596604, 37
51, 255234, 145774, 109460, 1092656.03896852, 111, 31, 80, 343.9867180408456, 33
1, 255268, 145808, 109460, 1092909.3126087966, 34, 34, 0, 253.2736402766418, 34
1, 255345, 145845, 109500, 1093222.0382725631, 77, 37, 40, 312.72566376652986, 38
1, 255385, 145885, 109500, 1093486.5249584997, 40, 40, 0, 264.4866859365871, 40
51, 255551, 145931, 109620, 1093871.9692261335, 166, 46, 120, 385.4442676339201, 49
1, 255586, 145966, 109620, 1094127.1991540433, 35, 35, 0, 255.22992790977875, 35
1, 255620, 146000, 109620, 1094380.47279432, 34, 34, 0, 253.2736402766418, 34
1, 255655, 146035, 109620, 1094635.7027222298, 35, 35, 0, 255.22992790977875, 35
51, 255784, 146074, 109710, 1094994.716322721, 129, 39, 90, 359.01360049114555, 41
1, 255853, 146113, 109740, 1095298.8284644312, 69, 39, 30, 304.1121417102006, 40
1, 255897, 146157, 109740, 1095570.1794221213, 44, 44, 0, 271.35095769013947, 44
51, 256021, 146201, 109820, 1095925.8788186694, 124, 44, 80, 355.6993965481514, 46
1, 256092, 146232, 109860, 1096231.457129488, 71, 31, 40, 305.57831081870995, 32
1, 256150, 146260, 109890, 1096521.1240315952, 58, 28, 30, 289.66690210718946, 29
1, 256191, 146301, 109890, 1096787.3679850388, 41, 41, 0, 266.24395344352433, 41
51, 256326, 146346, 109980, 1097151.433794979, 135, 45, 90, 364.06580994024984, 47
1, 256395, 146385, 110010, 1097455.5459366892, 69, 39, 30, 304.1121417102006, 40
1, 256436, 146426, 110010, 1097721.7898901328, 41, 41, 0, 266.24395344352433, 41
1, 256483, 146473, 110010, 1097998.0229400024, 47, 47, 0, 276.2330498695885, 47
1, 256559, 146509, 110050, 1098309.582112376, 76, 36, 40, 311.5591723737189, 37
51, 256653, 146553, 110100, 1098639.8558382238, 94, 44, 50, 330.273725847777, 45
1, 256725, 146595, 110130, 1098947.6509012482, 72, 42, 30, 307.79506302439404, 43
1, 256755, 146625, 110130, 1099192.6856331802, 30, 30, 0, 245.0347319320716, 30
1, 256787, 146657, 110130, 1099441.9270561808, 32, 32, 0, 249.24142300054422, 32
51, 256927, 146707, 110220, 1099810.1061190057, 140, 50, 90, 368.1790628250393, 52
1, 256971, 146751, 110220, 1100081.4570766957, 44, 44, 0, 271.35095769013947, 44
1, 257054, 146794, 110260, 1100400.992024625, 83, 43, 40, 319.5349479292333, 44
51, 257169, 146829, 110340, 1100748.6642416872, 115, 35, 80, 347.6722170622053, 37
1, 257211, 146871, 110340, 1101016.6372311893, 42, 42, 0, 267.97298950218305, 42
1, 257281, 146911, 110370, 1101321.9879920413, 70, 40, 30, 305.3507608519078, 41
1, 257316, 146946, 110370, 1101577.217919951, 35, 35, 0, 255.22992790977875, 35
1, 257425, 146985, 110440, 1101920.3325514507, 109, 39, 70, 343.114631499574, 41
51, 257510, 147020, 110490, 1102241.069579122, 85, 35, 50, 320.73702767108114, 36
1, 257554, 147064, 110490, 1102512.420536812, 44, 44, 0, 271.35095769013947, 44
1, 257584, 147094, 110490, 1102757.455268744, 30, 30, 0, 245.0347319320716, 30
1, 257626, 147136, 110490, 1103025.428258246, 42, 42, 0, 267.97298950218305, 42
1, 257739, 147179, 110560, 1103372.2673021154, 113, 43, 70, 346.83904386951343, 45
51, 257832, 147222, 110610, 1103701.5095820227, 93, 43, 50, 329.24227990714814, 44
1, 257868, 147258, 110610, 1103958.658556301, 36, 36, 0, 257.1489742783178, 36
1, 257915, 147305, 110610, 1104234.8916061705, 47, 47, 0, 276.2330498695885, 47
1, 257954, 147344, 110610, 1104497.5915461143, 39, 39, 0, 262.6999399439383, 39
1, 258071, 147391, 110680, 1104848.0783629129, 117, 47, 70, 350.4868167986058, 49
51, 258162, 147432, 110730, 1105175.2374248516, 91, 41, 50, 327.1590619387661, 42
1, 258204, 147474, 110730, 1105443.2104143538, 42, 42, 0, 267.97298950218305, 42
1, 258281, 147521, 110760, 1105756.9360781203, 77, 47, 30, 313.72566376652986, 48
51, 258409, 147559, 110850, 1106115.0946442217, 128, 38, 90, 358.1585661014858, 40
1, 258446, 147596, 110850, 1106374.1272156776, 37, 37, 0, 259.03257145596604, 37
1, 258482, 147632, 110850, 1106631.2761899559, 36, 36, 0, 257.1489742783178, 36
51, 258574, 147674, 110900, 1106959.480291424, 92, 42, 50, 328.20410146824725, 43
1, 258642, 147712, 110930, 1107262.3424625266, 68, 38, 30, 302.86217110259, 39
1, 258681, 147751, 110930, 1107525.0424024705, 39, 39, 0, 262.6999399439383, 39
1, 258763, 147793, 110970, 1107843.4640723139, 82, 42, 40, 318.42166984345636, 43
51, 258853, 147833, 111020, 1108169.571101138, 90, 40, 50, 326.1070288241023, 41
1, 258894, 147874, 111020, 1108435.8150545815, 41, 41, 0, 266.24395344352433, 41
1, 258969, 147919, 111050, 1108747.1981502199, 75, 45, 30, 311.38309563827124, 46
1, 259060, 147970, 111090, 1109075.3572121586, 91, 51, 40, 328.1590619387661, 52
51, 259152, 148012, 111140, 1109403.5613136268, 92, 42, 50, 328.20410146824725, 43
1, 259193, 148053, 111140, 1109669.8052670704, 41, 41, 0, 266.24395344352433, 41
1, 259266, 148096, 111170, 1109978.8065456396, 73, 43, 30, 309.00127856917646, 44
51, 259401, 148141, 111260, 1110342.8723555799, 135, 45, 90, 364.06580994024984, 47
1, 259442, 148182, 111260, 1110609.1163090235, 41, 41, 0, 266.24395344352433, 41
1, 259499, 148209, 111290, 1110897.3859295289, 57, 27, 30, 288.2696205054472, 28
1, 259540, 148250, 111290, 1111163.6298829725, 41, 41, 0, 266.24395344352433, 41
51, 259669, 148289, 111380, 1111522.6434834637, 129, 39, 90, 359.01360049114555, 41
1, 259698, 148318, 111380, 1111765.5030621742, 29, 29, 0, 242.8595787106084, 29
1, 259781, 148361, 111420, 1112085.0380101034, 83, 43, 40, 319.5349479292333, 44
1, 259858, 148408, 111450, 1112398.76367387, 77, 47, 30, 313.72566376652986, 48
51, 259951, 148451, 111500, 1112728.005953777, 93, 43, 50, 329.24227990714814, 44
1, 260026, 148486, 111540, 1113038.3890494155, 75, 35, 40, 310.38309563827124, 36
1, 260067, 148527, 111540, 1113304.633002859, 41, 41, 0, 266.24395344352433, 41
1, 260101, 148561, 111540, 1113557.9066431357, 34, 34, 0, 253.2736402766418, 34
1, 260138, 148598, 111540, 1113816.9392145916, 37, 37, 0, 259.03257145596604, 37
51, 260249, 148629, 111620, 1114160.9259326325, 111, 31, 80, 343.9867180408456, 33
1, 260293, 148673, 111620, 1114432.2768903226, 44, 44, 0, 271.35095769013947, 44
1, 260366, 148706, 111660, 1114740.2781688918, 73, 33, 40, 308.00127856917646, 34
1, 260405, 148745, 111660, 1115002.9781088356, 39, 39, 0, 262.6999399439383, 39
51, 260511, 148771, 111740, 1115342.2461524452, 106, 26, 80, 339.2680436096278, 28
1, 260585, 148805, 111780, 1115651.443361212, 74, 34, 40, 309.1972087668518, 35
1, 260615, 148835, 111780, 1115896.478093144, 30, 30, 0, 245.0347319320716, 30
1, 260696, 148876, 111820, 1116213.778093144, 81, 41, 40, 317.3, 42
1, 260742, 148922, 111820, 1116488.4071618582, 46, 46, 0, 274.6290687140218, 46
51, 260829, 148959, 111870, 1116811.314742856, 87, 37, 50, 322.9075809977351, 38
1, 260893, 148993, 111900, 1117109.0574553306, 64, 34, 30, 297.742712474619, 35
1, 260980, 149040, 111940, 1117432.9650363284, 87, 47, 40, 323.9075809977351, 48
51, 261070, 149080, 111990, 1117759.0720651525, 90, 40, 50, 326.1070288241023, 41
1, 261109, 149119, 111990, 1118021.7720050963, 39, 39, 0, 262.6999399439383, 39
1, 261183, 149163, 112020, 1118331.9692138631, 74, 44, 30, 310.1972087668518, 45
1, 261259, 149199, 112060, 1118643.5283862369, 76, 36, 40, 311.5591723737189, 37
1, 261311, 149251, 112060, 1118927.463347665, 52, 52, 0, 283.93496142826496, 52
51, 261404, 149294, 112110, 1119256.7056275723, 93, 43, 50, 329.24227990714814, 44
1, 261489, 149339, 112150, 1119578.4426552434, 85, 45, 40, 321.73702767108114, 46
1, 261530, 149380, 112150, 1119844.686608687, 41, 41, 0, 266.24395344352433, 41
51, 261655, 149425, 112230, 1120201.2567611753, 125, 45, 80, 356.57015248821097, 47
1, 261729, 149459, 112270, 1120510.4539699422, 74, 34, 40, 309.1972087668518, 35
1, 261761, 149491, 112270, 1120759.6953929428, 32, 32, 0, 249.24142300054422, 32
1, 261799, 149529, 112270, 1121020.5777725626, 38, 38, 0, 260.88237961983884, 38
51, 261921, 149571, 112350, 1121374.5233911164, 122, 42, 80, 353.9456185537469, 44
1, 261961, 149611, 112350, 1121639.010077053, 40, 40, 0, 264.4866859365871, 40
1, 262008, 149658, 112350, 1121915.2431269225, 47, 47, 0, 276.2330498695885, 47
51, 262140, 149700, 112440, 1122276.7992493496, 132, 42, 90, 361.55612242701943, 44
1, 262202, 149732, 112470, 1122571.9058756793, 62, 32, 30, 295.1066263296683, 33
1, 262242, 149772, 112470, 1122836.392561616, 40, 40, 0, 264.4866859365871, 40
1, 262274, 149804, 112470, 1123085.6339846165, 32, 32, 0, 249.24142300054422, 32
1, 262308, 149838, 112470, 1123338.9076248931, 34, 34, 0, 253.2736402766418, 34
51, 262471, 149881, 112590, 1123722.1190483714, 163, 43, 120, 383.21142347822723, 46
1, 262508, 149918, 112590, 1123981.1516198274, 37, 37, 0, 259.03257145596604, 37
1, 262544, 149954, 112590, 1124238.3005941056, 36, 36, 0, 257.1489742783178, 36
1, 262619, 149989, 112630, 1124548.683689744, 75, 35, 40, 310.38309563827124, 36
1, 262663, 150033, 112630, 1124820.034647434, 44, 44, 0, 271.35095769013947, 44
51, 262756, 150076, 112680, 1125149.2769273412, 93, 43, 50, 329.24227990714814, 44
1, 262859, 150109, 112750, 1125486.6501773968, 103, 33, 70, 337.37325005549695, 35
1, 262899, 150149, 112750, 1125751.1368633334, 40, 40, 0, 264.4866859365871, 40
51, 262987, 150187, 112800, 1126075.1182946942, 88, 38, 50, 323.98143136087856, 39
1, 263035, 150235, 112800, 1126352.9330972848, 48, 48, 0, 277.8148025904985, 48
1, 263096, 150266, 112830, 1126646.701336552, 61, 31, 30, 293.7682392671241, 32
1, 263183, 150313, 112870, 1126970.6089175497, 87, 47, 40, 323.9075809977351, 48
51, 263276, 150356, 112920, 1127299.851197457, 93, 43, 50, 329.24227990714814, 44
1, 263306, 150386, 112920, 1127544.885929389, 30, 30, 0, 245.0347319320716, 30
1, 263384, 150434, 112950, 1127859.768716009, 78, 48, 30, 314.8827866200841, 49
1, 263468, 150478, 112990, 1128180.4087264126, 84, 44, 40, 320.64001040350905, 45
51, 263561, 150521, 113040, 1128509.6510063198, 93, 43, 50, 329.24227990714814, 44
1, 263635, 150565, 113070, 1128819.8482150866, 74, 44, 30, 310.1972087668518, 45
1, 263677, 150607, 113070, 1129087.8212045887, 42, 42, 0, 267.97298950218305, 42
51, 263805, 150645, 113160, 1129445.9797706902, 128, 38, 90, 358.1585661014858, 40
1, 263850, 150690, 113160, 1129718.9817771013, 45, 45, 0, 273.00200641113514, 45
1, 263917, 150727, 113190, 1130020.582332359, 67, 37, 30, 301.6005552576305, 38
1, 263958, 150768, 113190, 1130286.8262858025, 41, 41, 0, 266.24395344352433, 41
51, 264085, 150805, 113280, 1130644.125968102, 127, 37, 90, 357.2996822992933, 39
1, 264152, 150842, 113310, 1130945.7265233595, 67, 37, 30, 301.6005552576305, 38
1, 264190, 150880, 113310, 1131206.6089029794, 38, 38, 0, 260.88237961983884, 38
1, 264233, 150923, 113310, 1131476.2838631824, 43, 43, 0, 269.6749602031015, 43
51, 264355, 150965, 113390, 1131830.2294817362, 122, 42, 80, 353.9456185537469, 44
1, 264437, 151007, 113430, 1132148.6511515796, 82, 42, 40, 318.42166984345636, 43
1, 264483, 151053, 113430, 1132423.2802202937, 46, 46, 0, 274.6290687140218, 46
1, 264533, 151103, 113430, 1132704.1950151408, 50, 50, 0, 280.9147948472494, 50
51, 264613, 151133, 113480, 1133019.364771385, 80, 30, 50, 315.1697562442441, 31
1, 264725, 151175, 113550, 1133365.2800837245, 112, 42, 70, 345.91531233955715, 44
1, 264766, 151216, 113550, 1133631.5240371681, 41, 41, 0, 266.24395344352433, 41
1, 264819, 151269, 113550, 1133916.940824809, 53, 53, 0, 285.4167876408086, 53
51, 264943, 151303, 113640, 1134271.640221357, 124, 34, 90, 354.6993965481514, 36
1, 265017, 151347, 113670, 1134581.837430124, 74, 44, 30, 310.1972087668518, 45
1, 265101, 151391, 113710, 1134902.4774405274, 84, 44, 40, 320.64001040350905, 45
51, 265185, 151425, 113760, 1135222.1174509309, 84, 34, 50, 319.64001040350905, 35
1, 265224, 151464, 113760, 1135484.8173908747, 39, 39, 0, 262.6999399439383, 39
1, 265333, 151503, 113830, 1135827.9320223744, 109, 39, 70, 343.114631499574, 41
1, 265368, 151538, 113830, 1136083.1619502841, 35, 35, 0, 255.22992790977875, 35
51, 265455, 151575, 113880, 1136406.069531282, 87, 37, 50, 322.9075809977351, 38
1, 265526, 151616, 113910, 1136712.6478421006, 71, 41, 30, 306.57831081870995, 42
1, 265605, 151655, 113950, 1137027.6785922307, 79, 39, 40, 315.03075013013313, 40
1, 265647, 151697, 113950, 1137295.6515817328, 42, 42, 0, 267.97298950218305, 42
51, 265775, 151745, 114030, 1137654.8101478342, 128, 48, 80, 359.1585661014858, 50
1, 265813, 151783, 114030, 1137915.692527454, 38, 38, 0, 260.88237961983884, 38
1, 265853, 151823, 114030, 1138180.1792133907, 40, 40, 0, 264.4866859365871, 40
1, 265908, 151878, 114030, 1138468.5061949238, 55, 55, 0, 288.32698153315005, 55
51, 266073, 151923, 114150, 1138853.2086583453, 165, 45, 120, 384.7024634215721, 48
1, 266119, 151969, 114150, 1139127.8377270594, 46, 46, 0, 274.6290687140218, 46
1, 266159, 152009, 114150, 1139392.324412996, 40, 40, 0, 264.4866859365871, 40
1, 266240, 152050, 114190, 1139709.624412996, 81, 41, 40, 317.3, 42
51, 266338, 152098, 114240, 1140043.9590413605, 98, 48, 50, 334.33462836457886, 49
1, 266376, 152136, 114240, 1140304.8414209804, 38, 38, 0, 260.88237961983884, 38
1, 266488, 152178, 114310, 1140650.75673332, 112, 42, 70, 345.91531233955715, 44
1, 266528, 152218, 114310, 1140915.2434192565, 40, 40, 0, 264.4866859365871, 40
51, 266612, 152252, 114360, 1141234.88342966, 84, 34, 50, 319.64001040350905, 35
1, 266649, 152289, 114360, 1141493.916001116, 37, 37, 0, 259.03257145596604, 37
1, 266724, 152324, 114400, 1141804.2990967543, 75, 35, 40, 310.38309563827124, 36
1, 266758, 152358, 114400, 1142057.572737031, 34, 34, 0, 253.2736402766418, 34
1, 266839, 152409, 114430, 1142375.872737031, 81, 51, 30, 318.3, 52
51, 266947, 152467, 114480, 1142719.943716578, 108, 58, 50, 344.07097954706256, 59
1, 267031, 152511, 114520, 1143040.5837269814, 84, 44, 40, 320.64001040350905, 45
1, 267063, 152543, 114520, 1143289.825149982, 32, 32, 0, 249.24142300054422, 32
1, 267096, 152576, 114520, 1143541.1033226748, 33, 33, 0, 251.27817269284301, 33
51, 267224, 152614, 114610, 1143899.2618887762, 128, 38, 90, 358.1585661014858, 40
1, 267291, 152651, 114640, 1144200.8624440338, 67, 37, 30, 301.6005552576305, 38
1, 267332, 152692, 114640, 1144467.1063974774, 41, 41, 0, 266.24395344352433, 41
1, 267373, 152733, 114640, 1144733.350350921, 41, 41, 0, 266.24395344352433, 41
51, 267504, 152774, 114730, 1145094.0626791366, 131, 41, 90, 360.7123282155055, 43
1, 267553, 152823, 114730, 1145373.437810243, 49, 49, 0, 279.3751311064591, 49
1, 267617, 152857, 114760, 1145671.1805227178, 64, 34, 30, 297.742712474619, 35
1, 267654, 152894, 114760, 1145930.2130941737, 37, 37, 0, 259.03257145596604, 37
51, 267773, 152923, 114850, 1146280.496489376, 119, 29, 90, 350.28339520229764, 31
1, 267814, 152964, 114850, 1146546.7404428197, 41, 41, 0, 266.24395344352433, 41
1, 267889, 153009, 114880, 1146858.123538458, 75, 45, 30, 311.38309563827124, 46
1, 267931, 153051, 114880, 1147126.0965279602, 42, 42, 0, 267.97298950218305, 42
51, 268012, 153082, 114930, 1147442.3965279602, 81, 31, 50, 316.3, 32
1, 268052, 153122, 114930, 1147706.8832138968, 40, 40, 0, 264.4866859365871, 40
1, 268146, 153146, 115000, 1148035.2569397446, 94, 24, 70, 328.373725847777, 26
51, 268224, 153174, 115050, 1148348.1397263648, 78, 28, 50, 312.8827866200841, 29
1, 268268, 153218, 115050, 1148619.4906840548, 44, 44, 0, 271.35095769013947, 44
1, 268339, 153249, 115090, 1148925.0689948734, 71, 31, 40, 305.57831081870995, 32
51, 268426, 153286, 115140, 1149247.9765758712, 87, 37, 50, 322.9075809977351, 38
1, 268511, 153331, 115180, 1149569.7136035424, 85, 45, 40, 321.73702767108114, 46
1, 268585, 153375, 115210, 1149879.9108123092, 74, 44, 30, 310.1972087668518, 45
1, 268638, 153428, 115210, 1150165.3275999501, 53, 53, 0, 285.4167876408086, 53
51, 268731, 153471, 115260, 1150494.5698798574, 93, 43, 50, 329.24227990714814, 44
1, 268810, 153510, 115300, 1150809.6006299874, 79, 39, 40, 315.03075013013313, 40
1, 268885, 153555, 115330, 1151120.9837256258, 75, 45, 30, 311.38309563827124, 46
1, 268923, 153593, 115330, 1151381.8661052457, 38, 38, 0, 260.88237961983884, 38
51, 269018, 153638, 115380, 1151713.164669381, 95, 45, 50, 331.2985641352145, 46
1, 269108, 153688, 115420, 1152040.271698205, 90, 50, 40, 327.1070288241023, 51
1, 269150, 153730, 115420, 1152308.2446877072, 42, 42, 0, 267.97298950218305, 42
1, 269183, 153763, 115420, 1152559.5228604, 33, 33, 0, 251.27817269284301, 33
1, 269289, 153799, 115490, 1152899.7909040095, 106, 36, 70, 340.2680436096278, 38
51, 269375, 153835, 115540, 1153221.617068657, 86, 36, 50, 321.82616464756694, 37
1, 269422, 153882, 115540, 1153497.8501185265, 47, 47, 0, 276.2330498695885, 47
1, 269463, 153923, 115540, 1153764.09407197, 41, 41, 0, 266.24395344352433, 41
1, 269538, 153958, 115580, 1154074.4771676084, 75, 35, 40, 310.38309563827124, 36
51, 269641, 154011, 115630, 1154413.750417664, 103, 53, 50, 339.27325005549693, 54
1, 269720, 154060, 115660, 1154729.781167794, 79, 49, 30, 316.03075013013313, 50
1, 269760, 154100, 115660, 1154994.2678537306, 40, 40, 0, 264.4866859365871, 40
1, 269800, 154140, 115660, 1155258.7545396672, 40, 40, 0, 264.4866859365871, 40
1, 269887, 154187, 115700, 1155582.662120665, 87, 47, 40, 323.9075809977351, 48
51, 270011, 154231, 115780, 1155938.361517213, 124, 44, 80, 355.6993965481514, 46
1, 270057, 154277, 115780, 1156212.9905859272, 46, 46, 0, 274.6290687140218, 46
1, 270145, 154325, 115820, 1156537.972017288, 88, 48, 40, 324.98143136087856, 49
1, 270184, 154364, 115820, 1156800.6719572318, 39, 39, 0, 262.6999399439383, 39
51, 270297, 154397, 115900, 1157146.5110011012, 113, 33, 80, 345.83904386951343, 35
1, 270339, 154439, 115900, 1157414.4839906034, 42, 42, 0, 267.97298950218305, 42
1, 270419, 154479, 115940, 1157730.6537468475, 80, 40, 40, 316.1697562442441, 41
1, 270454, 154514, 115940, 1157985.8836747573, 35, 35, 0, 255.22992790977875, 35
51, 270551, 154561, 115990, 1158319.2125740289, 97, 47, 50, 333.3288992714996, 48
1, 270617, 154597, 116020, 1158619.5395623061, 66, 36, 30, 300.32698827717985, 37
1, 270702, 154642, 116060, 1158941.2765899773, 85, 45, 40, 321.73702767108114, 46
1, 270736, 154676, 116060, 1159194.550230254, 34, 34, 0, 253.2736402766418, 34
51, 270825, 154715, 116110, 1159519.598095818, 89, 39, 50, 325.0478655640733, 40
1, 270897, 154757, 116140, 1159827.3931588423, 72, 42, 30, 307.79506302439404, 43
1, 270976, 154796, 116180, 1160142.4239089724, 79, 39, 40, 315.03075013013313, 40
1, 271020, 154840, 116180, 1160413.7748666625, 44, 44, 0, 271.35095769013947, 44
51, 271152, 154882, 116270, 1160775.3309890896, 132, 42, 90, 361.55612242701943, 44
1, 271228, 154928, 116300, 1161087.8901614633, 76, 46, 30, 312.5591723737189, 47
1, 271273, 154973, 116300, 1161360.8921678744, 45, 45, 0, 273.00200641113514, 45
51, 271365, 155015, 116350, 1161689.0962693426, 92, 42, 50, 328.20410146824725, 43
1, 271438, 155048, 116390, 1161997.0975479118, 73, 33, 40, 308.00127856917646, 34
1, 271502, 155082, 116420, 1162294.8402603865, 64, 34, 30, 297.742712474619, 35
1, 271550, 155130, 116420, 1162572.655062977, 48, 48, 0, 277.8148025904985, 48
51, 271665, 155155, 116510, 1162919.3272800392, 115, 25, 90, 346.6722170622053, 27
1, 271708, 155198, 116510, 1163189.0022402422, 43, 43, 0, 269.6749602031015, 43
1, 271749, 155239, 116510, 1163455.2461936858, 41, 41, 0, 266.24395344352433, 41
1, 271810, 155270, 116540, 1163749.014432953, 61, 31, 30, 293.7682392671241, 32
51, 271907, 155317, 116590, 1164082.3433322245, 97, 47, 50, 333.3288992714996, 48
1, 272000, 155370, 116630, 1164412.5856121317, 93, 53, 40, 330.24227990714814, 54
1, 272039, 155409, 116630, 1164675.2855520756, 39, 39, 0, 262.6999399439383, 39
1, 272104, 155444, 116660, 1164974.3267035189, 65, 35, 30, 299.04115144336777, 36
51, 272236, 155486, 116750, 1165335.882825946, 132, 42, 90, 361.55612242701943, 44
1, 272274, 155524, 116750, 1165596.7652055658, 38, 38, 0, 260.88237961983884, 38
1, 272306, 155556, 116750, 1165846.0066285664, 32, 32, 0, 249.24142300054422, 32
1, 272380, 155590, 116790, 1166155.2038373332, 74, 34, 40, 309.1972087668518, 35
1, 272419, 155629, 116790, 1166417.903777277, 39, 39, 0, 262.6999399439383, 39
51, 272526, 155656, 116870, 1166758.1259225467, 107, 27, 80, 340.2221452697031, 29
1, 272566, 155696, 116870, 1167022.6126084833, 40, 40, 0, 264.4866859365871, 40
1, 272606, 155736, 116870, 1167287.0992944199, 40, 40, 0, 264.4866859365871, 40
1, 272675, 155775, 116900, 1167591.21143613, 69, 39, 30, 304.1121417102006, 40
51, 272809, 155819, 116990, 1167954.4442520486, 134, 44, 90, 363.23281591860336, 46
1, 272851, 155861, 116990, 1168222.4172415507, 42, 42, 0, 267.97298950218305, 42
1, 272919, 155899, 117020, 1168525.2794126533, 68, 38, 30, 302.86217110259, 39
1, 272988, 155928, 117060, 1168828.3915543635, 69, 29, 40, 303.1121417102006, 30
51, 273088, 155978, 117110, 1169164.7193203804, 100, 50, 50, 336.327766016838, 51
1, 273134, 156024, 117110, 1169439.3483890945, 46, 46, 0, 274.6290687140218, 46
1, 273171, 156061, 117110, 1169698.3809605504, 37, 37, 0, 259.03257145596604, 37
1, 273245, 156105, 117140, 1170008.5781693172, 74, 44, 30, 310.1972087668518, 45
1, 273280, 156140, 117140, 1170263.808097227, 35, 35, 0, 255.22992790977875, 35
51, 273407, 156177, 117230, 1170621.1077795264, 127, 37, 90, 357.2996822992933, 39
1, 273478, 156218, 117260, 1170927.686090345, 71, 41, 30, 306.57831081870995, 42
1, 273551, 156251, 117300, 1171235.6873689143, 73, 33, 40, 308.00127856917646, 34
51, 273638, 156288, 117350, 1171558.594949912, 87, 37, 50, 322.9075809977351, 38
1, 273673, 156323, 117350, 1171813.8248778218, 35, 35, 0, 255.22992790977875, 35
1, 273754, 156364, 117390, 1172131.124877822, 81, 41, 40, 317.3, 42
51, 273849, 156409, 117440, 1172462.4234419572, 95, 45, 50, 331.2985641352145, 46
1, 273926, 156456, 117470, 1172776.1491057237, 77, 47, 30, 313.72566376652986, 48
1, 273970, 156500, 117470, 1173047.5000634138, 44, 44, 0, 271.35095769013947, 44
1, 274055, 156545, 117510, 1173369.237091085, 85, 45, 40, 321.73702767108114, 46
51, 274177, 156587, 117590, 1173723.1827096387, 122, 42, 80, 353.9456185537469, 44
1, 274258, 156628, 117630, 1174040.4827096388, 81, 41, 40, 317.3, 42
1, 274335, 156675, 117660, 1174354.2083734053, 77, 47, 30, 313.72566376652986, 48
1, 274375, 156715, 117660, 1174618.6950593418, 40, 40, 0, 264.4866859365871, 40
51, 274464, 156754, 117710, 1174943.7429249058, 89, 39, 50, 325.0478655640733, 40
1, 274499, 156789, 117710, 1175198.9728528156, 35, 35, 0, 255.22992790977875, 35
1, 274612, 156832, 117780, 1175545.811896685, 113, 43, 70, 346.83904386951343, 45
51, 274697, 156867, 117830, 1175866.5489243562, 85, 35, 50, 320.73702767108114, 36
1, 274741, 156911, 117830, 1176137.8998820463, 44, 44, 0, 271.35095769013947, 44
1, 274807, 156947, 117860, 1176438.2268703235, 66, 36, 30, 300.32698827717985, 37
1, 274888, 156988, 117900, 1176755.5268703236, 81, 41, 40, 317.3, 42
51, 274975, 157025, 117950, 1177078.4344513214, 87, 37, 50, 322.9075809977351, 38
1, 275011, 157061, 117950, 1177335.5834255996, 36, 36, 0, 257.1489742783178, 36
1, 275059, 157109, 117950, 1177613.3982281901, 48, 48, 0, 277.8148025904985, 48
1, 275128, 157148, 117980, 1177917.5103699004, 69, 39, 30, 304.1121417102006, 40
51, 275272, 157202, 118070, 1178288.9205314142, 144, 54, 90, 371.41016151377545, 56
1, 275320, 157250, 118070, 1178566.7353340047, 48, 48, 0, 277.8148025904985, 48
1, 275360, 157290, 118070, 1178831.2220199413, 40, 40, 0, 264.4866859365871, 40
1, 275392, 157322, 118070, 1179080.463442942, 32, 32, 0, 249.24142300054422, 32
51, 275524, 157364, 118160, 1179442.019565369, 132, 42, 90, 361.55612242701943, 44
1, 275594, 157404, 118190, 1179747.370326221, 70, 40, 30, 305.3507608519078, 41
1, 275644, 157454, 118190, 1180028.2851210681, 50, 50, 0, 280.9147948472494, 50
1, 275683, 157493, 118190, 1180290.985061012, 39, 39, 0, 262.6999399439383, 39
51, 275818, 157538, 118280, 1180655.0508709522, 135, 45, 90, 364.06580994024984, 47
1, 275855, 157575, 118280, 1180914.0834424081, 37, 37, 0, 259.03257145596604, 37
1, 275889, 157609, 118280, 1181167.3570826848, 34, 34, 0, 253.2736402766418, 34
1, 275959, 157649, 118310, 1181472.7078435367, 70, 40, 30, 305.3507608519078, 41
1, 276002, 157692, 118310, 1181742.3828037397, 43, 43, 0, 269.6749602031015, 43
51, 276096, 157736, 118360, 1182072.6565295875, 94, 44, 50, 330.273725847777, 45
1, 276169, 157769, 118400, 1182380.6578081567, 73, 33, 40, 308.00127856917646, 34
1, 276204, 157804, 118400, 1182635.8877360665, 35, 35, 0, 255.22992790977875, 35
1, 276242, 157842, 118400, 1182896.7701156863, 38, 38, 0, 260.88237961983884, 38
51, 276360, 157880, 118480, 1183247.1574408552, 118, 38, 80, 350.3873251689181, 40
1, 276437, 157917, 118520, 1183559.8831046217, 77, 37, 40, 312.72566376652986, 38
1, 276477, 157957, 118520, 1183824.3697905582, 40, 40, 0, 264.4866859365871, 40
1, 276515, 157995, 118520, 1184085.252170178, 38, 38, 0, 260.88237961983884, 38
51, 276602, 158032, 118570, 1184408.159751176, 87, 37, 50, 322.9075809977351, 38
1, 276704, 158064, 118640, 1184744.556933957, 102, 32, 70, 336.39718278112656, 34
1, 276736, 158096, 118640, 1184993.7983569575, 32, 32, 0, 249.24142300054422, 32
1, 276782, 158142, 118640, 1185268.4274256716, 46, 46, 0, 274.6290687140218, 46
1, 276821, 158181, 118640, 1185531.1273656155, 39, 39, 0, 262.6999399439383, 39
51, 276938, 158218, 118720, 1185880.614182414, 117, 37, 80, 349.4868167986058, 39
1, 276983, 158263, 118720, 1186153.616188825, 45, 45, 0, 273.00200641113514, 45
1, 277090, 158300, 118790, 1186494.8383340947, 107, 37, 70, 341.2221452697031, 39
1, 277128, 158338, 118790, 1186755.7207137146, 38, 38, 0, 260.88237961983884, 38
51, 277220, 158380, 118840, 1187083.9248151828, 92, 42, 50, 328.20410146824725, 43
1, 277260, 158420, 118840, 1187348.4115011194, 40, 40, 0, 264.4866859365871, 40
1, 277368, 158458, 118910, 1187690.5824806665, 108, 38, 70, 342.1709795470626, 40
1, 277411, 158501, 118910, 1187960.2574408695, 43, 43, 0, 269.6749602031015, 43
1, 277456, 158546, 118910, 1188233.2594472806, 45, 45, 0, 273.00200641113514, 45
51, 277579, 158579, 119000, 1188587.0840185424, 123, 33, 90, 353.8245712617827, 35
1, 277659, 158629, 119030, 1188904.2537747866, 80, 50, 30, 317.1697562442441, 51
1, 277730, 158660, 119070, 1189209.8320856052, 71, 31, 40, 305.57831081870995, 32
1, 277795, 158695, 119100, 1189508.8732370485, 65, 35, 30, 299.04115144336777, 36
51, 277872, 158722, 119150, 1189820.598900815, 77, 27, 50, 311.72566376652986, 28
1, 277906, 158756, 119150, 1190073.8725410916, 34, 34, 0, 253.2736402766418, 34
1, 277949, 158799, 119150, 1190343.5475012946, 43, 43, 0, 269.6749602031015, 43
1, 277987, 158837, 119150, 1190604.4298809145, 38, 38, 0, 260.88237961983884, 38
1, 278105, 158885, 119220, 1190955.8172060833, 118, 48, 70, 351.3873251689181, 50
51, 278185, 158915, 119270, 1191270.9869623275, 80, 30, 50, 315.1697562442441, 31
1, 278234, 158964, 119270, 1191550.362093434, 49, 49, 0, 279.3751311064591, 49
1, 278319, 159009, 119310, 1191872.0991211052, 85, 45, 40, 321.73702767108114, 46
1, 278359, 159049, 119310, 1192136.5858070417, 40, 40, 0, 264.4866859365871, 40
1, 278394, 159084, 119310, 1192391.8157349515, 35, 35, 0, 255.22992790977875, 35
51, 278522, 159132, 119390, 1192750.974301053, 128, 48, 80, 359.1585661014858, 50
1, 278606, 159176, 119430, 1193071.6143114564, 84, 44, 40, 320.64001040350905, 45
1, 278646, 159216, 119430, 1193336.100997393, 40, 40, 0, 264.4866859365871, 40
51, 278735, 159255, 119480, 1193661.148862957, 89, 39, 50, 325.0478655640733, 40
1, 278822, 159302, 119520, 1193985.0564439548, 87, 47, 40, 323.9075809977351, 48
1, 278889, 159339, 119550, 1194286.6569992125, 67, 37, 30, 301.6005552576305, 38
1, 278927, 159377, 119550, 1194547.5393788323, 38, 38, 0, 260.88237961983884, 38
1, 278967, 159417, 119550, 1194812.026064769, 40, 40, 0, 264.4866859365871, 40
51, 279107, 159467, 119640, 1195180.2051275938, 140, 50, 90, 368.1790628250393, 52
1, 279165, 159525, 119640, 1195472.772029701, 58, 58, 0, 292.5669021071895, 58
1, 279245, 159575, 119670, 1195789.941785945, 80, 50, 30, 317.1697562442441, 51
1, 279278, 159608, 119670, 1196041.2199586378, 33, 33, 0, 251.27817269284301, 33
51, 279406, 159646, 119760, 1196399.3785247393, 128, 38, 90, 358.1585661014858, 40
1, 279447, 159687, 119760, 1196665.622478183, 41, 41, 0, 266.24395344352433, 41
1, 279492, 159732, 119760, 1196938.624484594, 45, 45, 0, 273.00200641113514, 45
1, 279537, 159777, 119760, 1197211.626491005, 45, 45, 0, 273.00200641113514, 45
1, 279602, 159812, 119790, 1197510.6676424483, 65, 35, 30, 299.04115144336777, 36
51, 279692, 159852, 119840, 1197836.7746712724, 90, 40, 50, 326.1070288241023, 41
1, 279786, 159906, 119880, 1198168.04839712, 94, 54, 40, 331.273725847777, 55
1, 279827, 159947, 119880, 1198434.2923505637, 41, 41, 0, 266.24395344352433, 41
1, 279930, 159980, 119950, 1198771.6656006193, 103, 33, 70, 337.37325005549695, 35
51, 280018, 160018, 120000, 1199095.64703198, 88, 38, 50, 323.98143136087856, 39
1, 280094, 160064, 120030, 1199408.2062043538, 76, 46, 30, 312.5591723737189, 47
1, 280140, 160110, 120030, 1199682.835273068, 46, 46, 0, 274.6290687140218, 46
1, 280238, 160138, 120100, 1200015.2699014326, 98, 28, 70, 332.4346283645789, 30
51, 280327, 160177, 120150, 1200340.3177669966, 89, 39, 50, 325.0478655640733, 40
1, 280362, 160212, 120150, 1200595.5476949064, 35, 35, 0, 255.22992790977875, 35
1, 280449, 160259, 120190, 1200919.4552759042, 87, 47, 40, 323.9075809977351, 48
1, 280490, 160300, 120190, 1201185.6992293478, 41, 41, 0, 266.24395344352433, 41
1, 280562, 160342, 120220, 1201493.4942923721, 72, 42, 30, 307.79506302439404, 43
51, 280646, 160376, 120270, 1201813.1343027756, 84, 34, 50, 319.64001040350905, 35
1, 280685, 160415, 120270, 1202075.8342427195, 39, 39, 0, 262.6999399439383, 39
1, 280723, 160453, 120270, 1202336.7166223393, 38, 38, 0, 260.88237961983884, 38
51, 280851, 160491, 120360, 1202694.8751884408, 128, 38, 90, 358.1585661014858, 40
1, 280918, 160528, 120390, 1202996.4757436984, 67, 37, 30, 301.6005552576305, 38
1, 281000, 160570, 120430, 1203314.8974135418, 82, 42, 40, 318.42166984345636, 43
1, 281042, 160612, 120430, 1203582.870403044, 42, 42, 0, 267.97298950218305, 42
51, 281124, 160644, 120480, 1203900.2920728873, 82, 32, 50, 317.42166984345636, 33
1, 281161, 160681, 120480, 1204159.3246443432, 37, 37, 0, 259.03257145596604, 37
1, 281265, 160715, 120550, 1204497.6683311006, 104, 34, 70, 338.343686757474, 36
51, 281362, 160762, 120600, 1204830.9972303722, 97, 47, 50, 333.3288992714996, 48
1, 281481, 160811, 120670, 1205183.2806255745, 119, 49, 70, 352.28339520229764, 51
1, 281524, 160854, 120670, 1205452.9555857775, 43, 43, 0, 269.6749602031015, 43
1, 281565, 160895, 120670, 1205719.1995392211, 41, 41, 0, 266.24395344352433, 41
51, 281644, 160924, 120720, 1206033.2302893512, 79, 29, 50, 314.03075013013313, 30
1, 281678, 160958, 120720, 1206286.5039296278, 34, 34, 0, 253.2736402766418, 34
1, 281736, 160986, 120750, 1206576.170831735, 58, 28, 30, 289.66690210718946, 29
1, 281821, 161031, 120790, 1206897.9078594062, 85, 45, 40, 321.73702767108114, 46
51, 281901, 161061, 120840, 1207213.0776156504, 80, 30, 50, 315.1697562442441, 31
1, 281941, 161101, 120840, 1207477.564301587, 40, 40, 0, 264.4866859365871, 40
1, 281982, 161142, 120840, 1207743.8082550305, 41, 41, 0, 266.24395344352433, 41
1, 282063, 161183, 120880, 1208061.1082550306, 81, 41, 40, 317.3, 42
1, 282137, 161227, 120910, 1208371.3054637974, 74, 44, 30, 310.1972087668518, 45
51, 282224, 161264, 120960, 1208694.2130447952, 87, 37, 50, 322.9075809977351, 38
1, 282298, 161298, 121000, 1209003.410253562, 74, 34, 40, 309.1972087668518, 35
1, 282332, 161332, 121000, 1209256.6838938387, 34, 34, 0, 253.2736402766418, 34
1, 282354, 161354, 121000, 1209482.6575709055, 22, 22, 0, 225.97367706679938, 22
51, 282481, 161391, 121090, 1209839.957253205, 127, 37, 90, 357.2996822992933, 39
1, 282543, 161423, 121120, 1210135.0638795346, 62, 32, 30, 295.1066263296683, 33
1, 282583, 161463, 121120, 1210399.5505654712, 40, 40, 0, 264.4866859365871, 40
1, 282620, 161500, 121120, 1210658.583136927, 37, 37, 0, 259.03257145596604, 37
51, 282714, 161544, 121170, 1210988.8568627748, 94, 44, 50, 330.273725847777, 45
1, 282827, 161587, 121240, 1211335.6959066442, 113, 43, 70, 346.83904386951343, 45
1, 282858, 161618, 121240, 1211582.8570128214, 31, 31, 0, 247.1611061770567, 31
1, 282900, 161660, 121240, 1211850.8300023235, 42, 42, 0, 267.97298950218305, 42
51, 282990, 161700, 121290, 1212176.9370311475, 90, 40, 50, 326.1070288241023, 41
1, 283091, 161731, 121360, 1212512.3524191198, 101, 31, 70, 335.41538797227, 33
1, 283127, 161767, 121360, 1212769.501393398, 36, 36, 0, 257.1489742783178, 36
1, 283168, 161808, 121360, 1213035.7453468416, 41, 41, 0, 266.24395344352433, 41
51, 283259, 161849, 121410, 1213362.9044087804, 91, 41, 50, 327.1590619387661, 42
1, 283291, 161881, 121410, 1213612.145831781, 32, 32, 0, 249.24142300054422, 32
1, 283359, 161919, 121440, 1213915.0080028835, 68, 38, 30, 302.86217110259, 39
1, 283432, 161952, 121480, 1214223.0092814527, 73, 33, 40, 308.00127856917646, 34
51, 283523, 161993, 121530, 1214550.1683433915, 91, 41, 50, 327.1590619387661, 42
1, 283598, 162028, 121570, 1214860.5514390299, 75, 35, 40, 310.38309563827124, 36
1, 283643, 162073, 121570, 1215133.553445441, 45, 45, 0, 273.00200641113514, 45
1, 283715, 162115, 121600, 1215441.3485084653, 72, 42, 30, 307.79506302439404, 43
51, 283849, 162159, 121690, 1215804.5813243838, 134, 44, 90, 363.23281591860336, 46
1, 283893, 162203, 121690, 1216075.932282074, 44, 44, 0, 271.35095769013947, 44
1, 283921, 162231, 121690, 1216316.564945453, 28, 28, 0, 240.63266337912057, 28
51, 284014, 162274, 121740, 1216645.8072253603, 93, 43, 50, 329.24227990714814, 44
1, 284084, 162314, 121770, 1216951.1579862123, 70, 40, 30, 305.3507608519078, 41
1, 284167, 162357, 121810, 1217270.6929341415, 83, 43, 40, 319.5349479292333, 44
1, 284213, 162403, 121810, 1217545.3220028556, 46, 46, 0, 274.6290687140218, 46
1, 284250, 162440, 121810, 1217804.3545743115, 37, 37, 0, 259.03257145596604, 37
51, 284422, 162492, 121930, 1218194.199256015, 172, 52, 120, 389.8446817033767, 55
1, 284459, 162529, 121930, 1218453.231827471, 37, 37, 0, 259.03257145596604, 37
1, 284503, 162573, 121930, 1218724.582785161, 44, 44, 0, 271.35095769013947, 44
1, 284546, 162616, 121930, 1218994.257745364, 43, 43, 0, 269.6749602031015, 43
51, 284636, 162656, 121980, 1219320.364774188, 90, 40, 50, 326.1070288241023, 41
1, 284753, 162703, 122050, 1219670.8515909866, 117, 47, 70, 350.4868167986058, 49
1, 284788, 162738, 122050, 1219926.0815188964, 35, 35, 0, 255.22992790977875, 35
1, 284825, 162775, 122050, 1220185.1140903523, 37, 37, 0, 259.03257145596604, 37
51, 284921, 162821, 122100, 1220517.431006367, 96, 46, 50, 332.31691601465747, 47
1, 284963, 162863, 122100, 1220785.4039958692, 42, 42, 0, 267.97298950218305, 42
1, 285072, 162902, 122170, 1221128.5186273688, 109, 39, 70, 343.114631499574, 41
51, 285167, 162947, 122220, 1221459.8171915042, 95, 45, 50, 331.2985641352145, 46
1, 285210, 162990, 122220, 1221729.4921517072, 43, 43, 0, 269.6749602031015, 43
1, 285243, 163023, 122220, 1221980.7703244, 33, 33, 0, 251.27817269284301, 33
51, 285362, 163062, 122300, 1222332.0537196023, 119, 39, 80, 351.28339520229764, 41
1, 285399, 163099, 122300, 1222591.0862910582, 37, 37, 0, 259.03257145596604, 37
1, 285479, 163139, 122340, 1222907.2560473024, 80, 40, 40, 316.1697562442441, 41
1, 285525, 163185, 122340, 1223181.8851160165, 46, 46, 0, 274.6290687140218, 46
1, 285594, 163224, 122370, 1223485.9972577267, 69, 39, 30, 304.1121417102006, 40
51, 285680, 163260, 122420, 1223807.8234223742, 86, 36, 50, 321.82616464756694, 37
1, 285717, 163297, 122420, 1224066.8559938301, 37, 37, 0, 259.03257145596604, 37
1, 285765, 163345, 122420, 1224344.6707964207, 48, 48, 0, 277.8148025904985, 48
1, 285873, 163383, 122490, 1224686.8417759677, 108, 38, 70, 342.1709795470626, 40
1, 285912, 163422, 122490, 1224949.5417159116, 39, 39, 0, 262.6999399439383, 39
51, 286002, 163462, 122540, 1225275.6487447356, 90, 40, 50, 326.1070288241023, 41
1, 286086, 163506, 122580, 1225596.288755139, 84, 44, 40, 320.64001040350905, 45
1, 286118, 163538, 122580, 1225845.5301781397, 32, 32, 0, 249.24142300054422, 32
1, 286194, 163574, 122620, 1226157.0893505134, 76, 36, 40, 311.5591723737189, 37
1, 286264, 163614, 122650, 1226462.4401113654, 70, 40, 30, 305.3507608519078, 41
51, 286391, 163651, 122740, 1226819.7397936648, 127, 37, 90, 357.2996822992933, 39
1, 286428, 163688, 122740, 1227078.7723651207, 37, 37, 0, 259.03257145596604, 37
1, 286505, 163725, 122780, 1227391.4980288872, 77, 37, 40, 312.72566376652986, 38
1, 286551, 163771, 122780, 1227666.1270976013, 46, 46, 0, 274.6290687140218, 46
51, 286648, 163818, 122830, 1227999.4559968729, 97, 47, 50, 333.3288992714996, 48
1, 286712, 163852, 122860, 1228297.1987093475, 64, 34, 30, 297.742712474619, 35
1, 286751, 163891, 122860, 1228559.8986492914, 39, 39, 0, 262.6999399439383, 39
51, 286863, 163923, 122940, 1228904.813961631, 112, 32, 80, 344.91531233955715, 34
1, 286950, 163970, 122980, 1229228.7215426287, 87, 47, 40, 323.9075809977351, 48
1, 286988, 164008, 122980, 1229489.6039222486, 38, 38, 0, 260.88237961983884, 38
51, 287084, 164054, 123030, 1229821.9208382634, 96, 46, 50, 332.31691601465747, 47
1, 287118, 164088, 123030, 1230075.19447854, 34, 34, 0, 253.2736402766418, 34
1, 287188, 164128, 123060, 1230380.545239392, 70, 40, 30, 305.3507608519078, 41
51, 287282, 164172, 123110, 1230710.8189652397, 94, 44, 50, 330.273725847777, 45
1, 287385, 164205, 123180, 1231048.1922152953, 103, 33, 70, 337.37325005549695, 35
1, 287428, 164248, 123180, 1231317.8671754983, 43, 43, 0, 269.6749602031015, 43
1, 287466, 164286, 123180, 1231578.7495551181, 38, 38, 0, 260.88237961983884, 38
1, 287512, 164332, 123180, 1231853.3786238323, 46, 46, 0, 274.6290687140218, 46
51, 287602, 164372, 123230, 1232179.4856526563, 90, 40, 50, 326.1070288241023, 41
1, 287644, 164414, 123230, 1232447.4586421584, 42, 42, 0, 267.97298950218305, 42
1, 287761, 164461, 123300, 1232797.945458957, 117, 47, 70, 350.4868167986058, 49
51, 287854, 164504, 123350, 1233127.1877388642, 93, 43, 50, 329.24227990714814, 44
1, 287884, 164534, 123350, 1233372.2224707962, 30, 30, 0, 245.0347319320716, 30
1, 287920, 164570, 123350, 1233629.3714450744, 36, 36, 0, 257.1489742783178, 36
51, 288014, 164614, 123400, 1233959.6451709222, 94, 44, 50, 330.273725847777, 45
1, 288122, 164652, 123470, 1234301.8161504692, 108, 38, 70, 342.1709795470626, 40
1, 288160, 164690, 123470, 1234562.698530089, 38, 38, 0, 260.88237961983884, 38
1, 288195, 164725, 123470, 1234817.928457999, 35, 35, 0, 255.22992790977875, 35
1, 288238, 164768, 123470, 1235087.603418202, 43, 43, 0, 269.6749602031015, 43
51, 288407, 164817, 123590, 1235475.2585457482, 169, 49, 120, 387.65512754639894, 52
1, 288442, 164852, 123590, 1235730.488473658, 35, 35, 0, 255.22992790977875, 35
1, 288482, 164892, 123590, 1235994.9751595946, 40, 40, 0, 264.4866859365871, 40
1, 288586, 164926, 123660, 1236333.318846352, 104, 34, 70, 338.343686757474, 36
1, 288632, 164972, 123660, 1236607.947915066, 46, 46, 0, 274.6290687140218, 46
51, 288749, 165009, 123740, 1236957.4347318646, 117, 37, 80, 349.4868167986058, 39
1, 288792, 165052, 123740, 1237227.1096920676, 43, 43, 0, 269.6749602031015, 43
1, 288876, 165096, 123780, 1237547.749702471, 84, 44, 40, 320.64001040350905, 45
1, 288943, 165133, 123810, 1237849.3502577287, 67, 37, 30, 301.6005552576305, 38
1, 288987, 165177, 123810, 1238120.7012154188, 44, 44, 0, 271.35095769013947, 44
51, 289079, 165219, 123860, 1238448.905316887, 92, 42, 50, 328.20410146824725, 43
1, 289139, 165249, 123890, 1238741.3210852584, 60, 30, 30, 292.41576837137404, 31
1, 289220, 165290, 123930, 1239058.6210852584, 81, 41, 40, 317.3, 42
1, 289266, 165336, 123930, 1239333.2501539725, 46, 46, 0, 274.6290687140218, 46
1, 289306, 165376, 123930, 1239597.736839909, 40, 40, 0, 264.4866859365871, 40
51, 289464, 165414, 124050, 1239977.176049165, 158, 38, 120, 379.43920925585275, 41
1, 289510, 165460, 124050, 1240251.805117879, 46, 46, 0, 274.6290687140218, 46
1, 289556, 165506, 124050, 1240526.4341865932, 46, 46, 0, 274.6290687140218, 46
51, 289635, 165535, 124100, 1240840.4649367232, 79, 29, 50, 314.03075013013313, 30
1, 289748, 165578, 124170, 1241187.3039805926, 113, 43, 70, 346.83904386951343, 45
1, 289800, 165630, 124170, 1241471.2389420208, 52, 52, 0, 283.93496142826496, 52
1, 289843, 165673, 124170, 1241740.9139022238, 43, 43, 0, 269.6749602031015, 43
51, 289965, 165705, 124260, 1242093.8595207776, 122, 32, 90, 352.9456185537469, 34
1, 289996, 165736, 124260, 1242341.0206269547, 31, 31, 0, 247.1611061770567, 31
1, 290029, 165769, 124260, 1242592.2987996475, 33, 33, 0, 251.27817269284301, 33
1, 290100, 165810, 124290, 1242898.8771104661, 71, 41, 30, 306.57831081870995, 42
51, 290193, 165853, 124340, 1243228.1193903734, 93, 43, 50, 329.24227990714814, 44
1, 290272, 165892, 124380, 1243543.1501405034, 79, 39, 40, 315.03075013013313, 40
1, 290313, 165933, 124380, 1243809.394093947, 41, 41, 0, 266.24395344352433, 41
1, 290346, 165966, 124380, 1244060.6722666398, 33, 33, 0, 251.27817269284301, 33
1, 290415, 166005, 124410, 1244364.78440835, 69, 39, 30, 304.1121417102006, 40
51, 290546, 166046, 124500, 1244725.4967365656, 131, 41, 90, 360.7123282155055, 43
1, 290614, 166084, 124530, 1245028.3589076682, 68, 38, 30, 302.86217110259, 39
1, 290655, 166125, 124530, 1245294.6028611118, 41, 41, 0, 266.24395344352433, 41
1, 290731, 166161, 124570, 1245606.1620334855, 76, 36, 40, 311.5591723737189, 37
51, 290844, 166194, 124650, 1245952.001077355, 113, 33, 80, 345.83904386951343, 35
1, 290885, 166235, 124650, 1246218.2450307985, 41, 41, 0, 266.24395344352433, 41
1, 290925, 166275, 124650, 1246482.731716735, 40, 40, 0, 264.4866859365871, 40
1, 290969, 166319, 124650, 1246754.082674425, 44, 44, 0, 271.35095769013947, 44
51, 291099, 166359, 124740, 1247113.9475119635, 130, 40, 90, 359.86483753851803, 42
1, 291138, 166398, 124740, 1247376.6474519074, 39, 39, 0, 262.6999399439383, 39
1, 291204, 166434, 124770, 1247676.9744401847, 66, 36, 30, 300.32698827717985, 37
51, 291342, 166482, 124860, 1248043.5183697366, 138, 48, 90, 366.54392955194305, 50
1, 291378, 166518, 124860, 1248300.6673440149, 36, 36, 0, 257.1489742783178, 36
1, 291421, 166561, 124860, 1248570.3423042179, 43, 43, 0, 269.6749602031015, 43
51, 291585, 166605, 124980, 1248954.300495054, 164, 44, 120, 383.9581908363381, 47
1, 291628, 166648, 124980, 1249223.975455257, 43, 43, 0, 269.6749602031015, 43
1, 291675, 166695, 124980, 1249500.2085051266, 47, 47, 0, 276.2330498695885, 47
51, 291765, 166735, 125030, 1249826.3155339507, 90, 40, 50, 326.1070288241023, 41
1, 291842, 166772, 125070, 1250139.0411977172, 77, 37, 40, 312.72566376652986, 38
1, 291890, 166820, 125070, 1250416.8560003077, 48, 48, 0, 277.8148025904985, 48
1, 291957, 166857, 125100, 1250718.4565555654, 67, 37, 30, 301.6005552576305, 38
51, 292047, 166897, 125150, 1251044.5635843894, 90, 40, 50, 326.1070288241023, 41
1, 292099, 166949, 125150, 1251328.4985458176, 52, 52, 0, 283.93496142826496, 52
1, 292143, 166993, 125150, 1251599.8495035076, 44, 44, 0, 271.35095769013947, 44
1, 292213, 167023, 125190, 1251904.2002643596, 70, 30, 40, 304.3507608519078, 31
51, 292296, 167056, 125240, 1252222.7352122888, 83, 33, 50, 318.5349479292333, 34
1, 292403, 167093, 125310, 1252563.9573575584, 107, 37, 70, 341.2221452697031, 39
1, 292443, 167133, 125310, 1252828.444043495, 40, 40, 0, 264.4866859365871, 40
1, 292484, 167174, 125310, 1253094.6879969386, 41, 41, 0, 266.24395344352433, 41
1, 292556, 167216, 125340, 1253402.483059963, 72, 42, 30, 307.79506302439404, 43
51, 292650, 167260, 125390, 1253732.7567858107, 94, 44, 50, 330.273725847777, 45
1, 292734, 167304, 125430, 1254053.3967962142, 84, 44, 40, 320.64001040350905, 45
1, 292777, 167347, 125430, 1254323.0717564172, 43, 43, 0, 269.6749602031015, 43
51, 292861, 167381, 125480, 1254642.7117668206, 84, 34, 50, 319.64001040350905, 35
1, 292936, 167426, 125510, 1254954.094862459, 75, 45, 30, 311.38309563827124, 46
1, 293033, 167483, 125550, 1255288.4237617305, 97, 57, 40, 334.3288992714996, 58
51, 293117, 167517, 125600, 1255608.063772134, 84, 34, 50, 319.64001040350905, 35
1, 293165, 167565, 125600, 1255885.8785747245, 48, 48, 0, 277.8148025904985, 48
1, 293244, 167604, 125640, 1256200.9093248546, 79, 39, 40, 315.03075013013313, 40
1, 293279, 167639, 125640, 1256456.1392527644, 35, 35, 0, 255.22992790977875, 35
1, 293351, 167681, 125670, 1256763.9343157888, 72, 42, 30, 307.79506302439404, 43
51, 293440, 167720, 125720, 1257088.9821813528, 89, 39, 50, 325.0478655640733, 40
1, 293479, 167759, 125720, 1257351.6821212966, 39, 39, 0, 262.6999399439383, 39
1, 293509, 167789, 125720, 1257596.7168532286, 30, 30, 0, 245.0347319320716, 30
1, 293627, 167837, 125790, 1257948.1041783975, 118, 48, 70, 351.3873251689181, 50
51, 293707, 167867, 125840, 1258263.2739346416, 80, 30, 50, 315.1697562442441, 31
1, 293756, 167916, 125840, 1258542.649065748, 49, 49, 0, 279.3751311064591, 49
1, 293833, 167953, 125880, 1258855.3747295146, 77, 37, 40, 312.72566376652986, 38
1, 293864, 167984, 125880, 1259102.5358356917, 31, 31, 0, 247.1611061770567, 31
51, 293952, 168022, 125930, 1259426.5172670525, 88, 38, 50, 323.98143136087856, 39
1, 294020, 168060, 125960, 1259729.379438155, 68, 38, 30, 302.86217110259, 39
1, 294092, 168092, 126000, 1260036.1745011795, 72, 32, 40, 306.79506302439404, 33
1, 294132, 168132, 126000, 1260300.661187116, 40, 40, 0, 264.4866859365871, 40
51, 294233, 168183, 126050, 1260637.9765750882, 101, 51, 50, 337.31538797227006, 52
1, 294265, 168215, 126050, 1260887.2179980888, 32, 32, 0, 249.24142300054422, 32
1, 294304, 168254, 126050, 1261149.9179380327, 39, 39, 0, 262.6999399439383, 39
1, 294412, 168292, 126120, 1261492.0889175797, 108, 38, 70, 342.1709795470626, 40
51, 294498, 168328, 126170, 1261813.9150822272, 86, 36, 50, 321.82616464756694, 37
1, 294540, 168370, 126170, 1262081.8880717293, 42, 42, 0, 267.97298950218305, 42
1, 294578, 168408, 126170, 1262342.7704513492, 38, 38, 0, 260.88237961983884, 38
1, 294653, 168453, 126200, 1262654.1535469876, 75, 45, 30, 311.38309563827124, 46
51, 294749, 168499, 126250, 1262986.4704630023, 96, 46, 50, 332.31691601465747, 47
1, 294833, 168543, 126290, 1263307.1104734058, 84, 44, 40, 320.64001040350905, 45
1, 294870, 168580, 126290, 1263566.1430448617, 37, 37, 0, 259.03257145596604, 37
1, 294943, 168623, 126320, 1263875.144323431, 73, 43, 30, 309.00127856917646, 44
51, 295027, 168657, 126370, 1264194.7843338344, 84, 34, 50, 319.64001040350905, 35
1, 295101, 168701, 126400, 1264504.9815426013, 74, 44, 30, 310.1972087668518, 45
1, 295142, 168742, 126400, 1264771.2254960448, 41, 41, 0, 266.24395344352433, 41
1, 295223, 168783, 126440, 1265088.525496045, 81, 41, 40, 317.3, 42
51, 295312, 168822, 126490, 1265413.573361609, 89, 39, 50, 325.0478655640733, 40
1, 295347, 168857, 126490, 1265668.8032895187, 35, 35, 0, 255.22992790977875, 35
1, 295405, 168885, 126520, 1265958.4701916259, 58, 28, 30, 289.66690210718946, 29
1, 295471, 168911, 126560, 1266257.7971799031, 66, 26, 40, 299.32698827717985, 27
51, 295564, 168954, 126610, 1266587.0394598104, 93, 43, 50, 329.24227990714814, 44
1, 295603, 168993, 126610, 1266849.7393997542, 39, 39, 0, 262.6999399439383, 39
1, 295647, 169037, 126610, 1267121.0903574442, 44, 44, 0, 271.35095769013947, 44
1, 295760, 169080, 126680, 1267467.9294013137, 113, 43, 70, 346.83904386951343, 45
51, 295853, 169123, 126730, 1267797.1716812209, 93, 43, 50, 329.24227990714814, 44
1, 295896, 169166, 126730, 1268066.8466414239, 43, 43, 0, 269.6749602031015, 43
1, 295936, 169206, 126730, 1268331.3333273605, 40, 40, 0, 264.4866859365871, 40
1, 295964, 169234, 126730, 1268571.9659907396, 28, 28, 0, 240.63266337912057, 28
51, 296126, 169276, 126850, 1268954.4281252404, 162, 42, 120, 382.4621345008163, 45
1, 296178, 169328, 126850, 1269238.3630866685, 52, 52, 0, 283.93496142826496, 52
1, 296220, 169370, 126850, 1269506.3360761707, 42, 42, 0, 267.97298950218305, 42
1, 296299, 169409, 126890, 1269821.3668263007, 79, 39, 40, 315.03075013013313, 40
1, 296369, 169449, 126920, 1270126.7175871527, 70, 40, 30, 305.3507608519078, 41
51, 296454, 169484, 126970, 1270447.454614824, 85, 35, 50, 320.73702767108114, 36
1, 296485, 169515, 126970, 1270694.615721001, 31, 31, 0, 247.1611061770567, 31
1, 296524, 169554, 126970, 1270957.315660945, 39, 39, 0, 262.6999399439383, 39
1, 296601, 169591, 127010, 1271270.0413247114, 77, 37, 40, 312.72566376652986, 38
51, 296691, 169631, 127060, 1271596.1483535354, 90, 40, 50, 326.1070288241023, 41
1, 296748, 169658, 127090, 1271884.4179740408, 57, 27, 30, 288.2696205054472, 28
1, 296831, 169701, 127130, 1272203.95292197, 83, 43, 40, 319.5349479292333, 44
1, 296873, 169743, 127130, 1272471.9259114722, 42, 42, 0, 267.97298950218305, 42
1, 296945, 169785, 127160, 1272779.7209744966, 72, 42, 30, 307.79506302439404, 43
51, 297075, 169825, 127250, 1273139.585812035, 130, 40, 90, 359.86483753851803, 42
1, 297153, 169873, 127280, 1273454.4685986552, 78, 48, 30, 314.8827866200841, 49
1, 297189, 169909, 127280, 1273711.6175729334, 36, 36, 0, 257.1489742783178, 36
1, 297268, 169948, 127320, 1274026.6483230635, 79, 39, 40, 315.03075013013313, 40
1, 297313, 169993, 127320, 1274299.6503294746, 45, 45, 0, 273.00200641113514, 45
51, 297407, 170037, 127370, 1274629.9240553223, 94, 44, 50, 330.273725847777, 45
1, 297466, 170066, 127400, 1274920.9728555698, 59, 29, 30, 291.0488002476036, 30
1, 297496, 170096, 127400, 1275166.0075875018, 30, 30, 0, 245.0347319320716, 30
1, 297540, 170140, 127400, 1275437.3585451918, 44, 44, 0, 271.35095769013947, 44
1, 297628, 170188, 127440, 1275762.3399765526, 88, 48, 40, 324.98143136087856, 49
51, 297721, 170231, 127490, 1276091.5822564599, 93, 43, 50, 329.24227990714814, 44
1, 297762, 170272, 127490, 1276357.8262099035, 41, 41, 0, 266.24395344352433, 41
1, 297841, 170321, 127520, 1276673.8569600335, 79, 49, 30, 316.03075013013313, 50
1, 297888, 170368, 127520, 1276950.090009903, 47, 47, 0, 276.2330498695885, 47
51, 297973, 170403, 127570, 1277270.8270375743, 85, 35, 50, 320.73702767108114, 36
1, 298054, 170444, 127610, 1277588.1270375743, 81, 41, 40, 317.3, 42
1, 298094, 170484, 127610, 1277852.6137235109, 40, 40, 0, 264.4866859365871, 40
51, 298185, 170525, 127660, 1278179.7727854496, 91, 41, 50, 327.1590619387661, 42
1, 298260, 170570, 127690, 1278491.155881088, 75, 45, 30, 311.38309563827124, 46
1, 298335, 170605, 127730, 1278801.5389767264, 75, 35, 40, 310.38309563827124, 36
1, 298372, 170642, 127730, 1279060.5715481823, 37, 37, 0, 259.03257145596604, 37
51, 298465, 170685, 127780, 1279389.8138280895, 93, 43, 50, 329.24227990714814, 44
1, 298509, 170729, 127780, 1279661.1647857795, 44, 44, 0, 271.35095769013947, 44
1, 298556, 170776, 127780, 1279937.397835649, 47, 47, 0, 276.2330498695885, 47
1, 298670, 170820, 127850, 1280285.1558233409, 114, 44, 70, 347.75798769167545, 46
1, 298705, 170855, 127850, 1280540.3857512507, 35, 35, 0, 255.22992790977875, 35
51, 298784, 170884, 127900, 1280854.4165013807, 79, 29, 50, 314.03075013013313, 30
1, 298826, 170926, 127900, 1281122.3894908829, 42, 42, 0, 267.97298950218305, 42
1, 298869, 170969, 127900, 1281392.0644510859, 43, 43, 0, 269.6749602031015, 43
1, 298917, 171017, 127900, 1281669.8792536764, 48, 48, 0, 277.8148025904985, 48
1, 299020, 171050, 127970, 1282007.252503732, 103, 33, 70, 337.37325005549695, 35
51, 299109, 171089, 128020, 1282332.300369296, 89, 39, 50, 325.0478655640733, 40
1, 299150, 171130, 128020, 1282598.5443227396, 41, 41, 0, 266.24395344352433, 41
1, 299231, 171171, 128060, 1282915.8443227396, 81, 41, 40, 317.3, 42
1, 299268, 171208, 128060, 1283174.8768941956, 37, 37, 0, 259.03257145596604, 37
51, 299365, 171255, 128110, 1283508.2057934671, 97, 47, 50, 333.3288992714996, 48
1, 299470, 171290, 128180, 1283847.5143807614, 105, 35, 70, 339.30858729436795, 37
1, 299501, 171321, 128180, 1284094.6754869386, 31, 31, 0, 247.1611061770567, 31
1, 299560, 171350, 128210, 1284385.724287186, 59, 29, 30, 291.0488002476036, 30
1, 299598, 171388, 128210, 1284646.606666806, 38, 38, 0, 260.88237961983884, 38
51, 299726, 171426, 128300, 1285004.7652329074, 128, 38, 90, 358.1585661014858, 40
1, 299766, 171466, 128300, 1285269.251918844, 40, 40, 0, 264.4866859365871, 40
1, 299799, 171499, 128300, 1285520.5300915367, 33, 33, 0, 251.27817269284301, 33
1, 299839, 171539, 128300, 1285785.0167774733, 40, 40, 0, 264.4866859365871, 40
1, 299905, 171575, 128330, 1286085.3437657505, 66, 36, 30, 300.32698827717985, 37
51, 299998, 171618, 128380, 1286414.5860456578, 93, 43, 50, 329.24227990714814, 44
1, 300080, 171660, 128420, 1286733.0077155011, 82, 42, 40, 318.42166984345636, 43
1, 300155, 171705, 128450, 1287044.3908111395, 75, 45, 30, 311.38309563827124, 46
1, 300196, 171746, 128450, 1287310.634764583, 41, 41, 0, 266.24395344352433, 41
51, 300285, 171785, 128500, 1287635.682630147, 89, 39, 50, 325.0478655640733, 40
1, 300318, 171818, 128500, 1287886.9608028398, 33, 33, 0, 251.27817269284301, 33
1, 300431, 171861, 128570, 1288233.7998467092, 113, 43, 70, 346.83904386951343, 45
1, 300463, 171893, 128570, 1288483.0412697098, 32, 32, 0, 249.24142300054422, 32
1, 300542, 171932, 128610, 1288798.07201984, 79, 39, 40, 315.03075013013313, 40
51, 300626, 171966, 128660, 1289117.7120302434, 84, 34, 50, 319.64001040350905, 35
1, 300688, 171998, 128690, 1289412.818656573, 62, 32, 30, 295.1066263296683, 33
1, 300775, 172045, 128730, 1289736.7262375709, 87, 47, 40, 323.9075809977351, 48
1, 300844, 172084, 128760, 1290040.838379281, 69, 39, 30, 304.1121417102006, 40
51, 300941, 172131, 128810, 1290374.1672785527, 97, 47, 50, 333.3288992714996, 48
1, 300975, 172165, 128810, 1290627.4409188293, 34, 34, 0, 253.2736402766418, 34
1, 301022, 172212, 128810, 1290903.6739686988, 47, 47, 0, 276.2330498695885, 47
1, 301093, 172253, 128840, 1291210.2522795175, 71, 41, 30, 306.57831081870995, 42
51, 301225, 172295, 128930, 1291571.8084019446, 132, 42, 90, 361.55612242701943, 44
1, 301265, 172335, 128930, 1291836.2950878812, 40, 40, 0, 264.4866859365871, 40
1, 301306, 172376, 128930, 1292102.5390413248, 41, 41, 0, 266.24395344352433, 41
51, 301399, 172419, 128980, 1292431.781321232, 93, 43, 50, 329.24227990714814, 44
1, 301443, 172463, 128980, 1292703.132278922, 44, 44, 0, 271.35095769013947, 44
1, 301556, 172506, 129050, 1293049.9713227914, 113, 43, 70, 346.83904386951343, 45
1, 301595, 172545, 129050, 1293312.6712627353, 39, 39, 0, 262.6999399439383, 39
51, 301686, 172586, 129100, 1293639.830324674, 91, 41, 50, 327.1590619387661, 42
1, 301737, 172637, 129100, 1293922.2648364524, 51, 51, 0, 282.43451177837886, 51
1, 301808, 172678, 129130, 1294228.843147271, 71, 41, 30, 306.57831081870995, 42
1, 301883, 172713, 129170, 1294539.2262429094, 75, 35, 40, 310.38309563827124, 36
51, 301969, 172749, 129220, 1294861.052407557, 86, 36, 50, 321.82616464756694, 37
1, 302018, 172798, 129220, 1295140.4275386634, 49, 49, 0, 279.3751311064591, 49
1, 302062, 172842, 129220, 1295411.7784963534, 44, 44, 0, 271.35095769013947, 44
51, 302199, 172889, 129310, 1295777.4998185583, 137, 47, 90, 365.72132220485213, 49
1, 302270, 172930, 129340, 1296084.078129377, 71, 41, 30, 306.57831081870995, 42
1, 302308, 172968, 129340, 1296344.9605089969, 38, 38, 0, 260.88237961983884, 38
51, 302392, 173002, 129390, 1296664.6005194003, 84, 34, 50, 319.64001040350905, 35
1, 302432, 173042, 129390, 1296929.087205337, 40, 40, 0, 264.4866859365871, 40
1, 302484, 173094, 129390, 1297213.022166765, 52, 52, 0, 283.93496142826496, 52
1, 302573, 173143, 129430, 1297539.070032329, 89, 49, 40, 326.0478655640733, 50
51, 302692, 173182, 129510, 1297890.3534275314, 119, 39, 80, 351.28339520229764, 41
1, 302733, 173223, 129510, 1298156.597380975, 41, 41, 0, 266.24395344352433, 41
1, 302813, 173263, 129550, 1298472.7671372192, 80, 40, 40, 316.1697562442441, 41
1, 302846, 173296, 129550, 1298724.045309912, 33, 33, 0, 251.27817269284301, 33
51, 302935, 173335, 129600, 1299049.093175476, 89, 39, 50, 325.0478655640733, 40
1, 302969, 173369, 129600, 1299302.3668157526, 34, 34, 0, 253.2736402766418, 34
1, 303040, 173410, 129630, 1299608.9451265712, 71, 41, 30, 306.57831081870995, 42
1, 303087, 173457, 129630, 1299885.1781764408, 47, 47, 0, 276.2330498695885, 47
51, 303221, 173501, 129720, 1300248.4109923593, 134, 44, 90, 363.23281591860336, 46
1, 303295, 173545, 129750, 1300558.608201126, 74, 44, 30, 310.1972087668518, 45
1, 303337, 173587, 129750, 1300826.5811906282, 42, 42, 0, 267.97298950218305, 42
51, 303493, 173623, 129870, 1301204.493074933, 156, 36, 120, 377.9118843049396, 39
1, 303533, 173663, 129870, 1301468.9797608696, 40, 40, 0, 264.4866859365871, 40
1, 303565, 173695, 129870, 1301718.2211838702, 32, 32, 0, 249.24142300054422, 32
51, 303698, 173738, 129960, 1302080.6174529113, 133, 43, 90, 362.3962690412072, 45
1, 303741, 173781, 129960, 1302350.2924131143, 43, 43, 0, 269.6749602031015, 43
1, 303781, 173821, 129960, 1302614.779099051, 40, 40, 0, 264.4866859365871, 40
1, 303861, 173871, 129990, 1302931.948855295, 80, 50, 30, 317.1697562442441, 51
1, 303934, 173904, 130030, 1303239.9501338643, 73, 33, 40, 308.00127856917646, 34
51, 304058, 173948, 130110, 1303595.6495304124, 124, 44, 80, 355.6993965481514, 46
1, 304098, 173988, 130110, 1303860.136216349, 40, 40, 0, 264.4866859365871, 40
1, 304134, 174024, 130110, 1304117.2851906272, 36, 36, 0, 257.1489742783178, 36
1, 304210, 174070, 130140, 1304429.844363001, 76, 46, 30, 312.5591723737189, 47
51, 304339, 174109, 130230, 1304788.8579634922, 129, 39, 90, 359.01360049114555, 41
1, 304407, 174147, 130260, 1305091.7201345947, 68, 38, 30, 302.86217110259, 39
1, 304443, 174183, 130260, 1305348.869108873, 36, 36, 0, 257.1489742783178, 36
1, 304484, 174224, 130260, 1305615.1130623166, 41, 41, 0, 266.24395344352433, 41
51, 304564, 174254, 130310, 1305930.2828185607, 80, 30, 50, 315.1697562442441, 31
1, 304636, 174296, 130340, 1306238.077881585, 72, 42, 30, 307.79506302439404, 43
1, 304707, 174327, 130380, 1306543.6561924038, 71, 31, 40, 305.57831081870995, 32
1, 304775, 174365, 130410, 1306846.5183635063, 68, 38, 30, 302.86217110259, 39
1, 304811, 174401, 130410, 1307103.6673377845, 36, 36, 0, 257.1489742783178, 36
51, 304895, 174435, 130460, 1307423.307348188, 84, 34, 50, 319.64001040350905, 35
1, 304968, 174478, 130490, 1307732.3086267572, 73, 43, 30, 309.00127856917646, 44
1, 305039, 174509, 130530, 1308037.8869375759, 71, 31, 40, 305.57831081870995, 32
1, 305088, 174558, 130530, 1308317.2620686824, 49, 49, 0, 279.3751311064591, 49
51, 305172, 174592, 130580, 1308636.9020790858, 84, 34, 50, 319.64001040350905, 35
1, 305252, 174632, 130620, 1308953.07183533, 80, 40, 40, 316.1697562442441, 41
1, 305318, 174668, 130650, 1309253.3988236072, 66, 36, 30, 300.32698827717985, 37
51, 305414, 174714, 130700, 1309585.715739622, 96, 46, 50, 332.31691601465747, 47
1, 305464, 174764, 130700, 1309866.6305344692, 50, 50, 0, 280.9147948472494, 50
1, 305534, 174804, 130730, 1310171.9812953211, 70, 40, 30, 305.3507608519078, 41
1, 305572, 174842, 130730, 1310432.863674941, 38, 38, 0, 260.88237961983884, 38
51, 305709, 174889, 130820, 1310798.584997146, 137, 47, 90, 365.72132220485213, 49
1, 305749, 174929, 130820, 1311063.0716830825, 40, 40, 0, 264.4866859365871, 40
1, 305787, 174967, 130820, 1311323.9540627024, 38, 38, 0, 260.88237961983884, 38
1, 305838, 175018, 130820, 1311606.3885744808, 51, 51, 0, 282.43451177837886, 51
51, 305999, 175059, 130940, 1311988.0988710816, 161, 41, 120, 381.7102966008917, 44
1, 306044, 175104, 130940, 1312261.1008774927, 45, 45, 0, 273.00200641113514, 45
1, 306090, 175150, 130940, 1312535.7299462068, 46, 46, 0, 274.6290687140218, 46
1, 306171, 175191, 130980, 1312853.0299462068, 81, 41, 40, 317.3, 42
1, 306209, 175229, 130980, 1313113.9123258267, 38, 38, 0, 260.88237961983884, 38
51, 306309, 175279, 131030, 1313450.2400918435, 100, 50, 50, 336.327766016838, 51
1, 306365, 175305, 131060, 1313737.096571817, 56, 26, 30, 286.8564799734761, 27
1, 306439, 175339, 131100, 1314046.293780584, 74, 34, 40, 309.1972087668518, 35
1, 306486, 175386, 131100, 1314322.5268304534, 47, 47, 0, 276.2330498695885, 47
51, 306578, 175428, 131150, 1314650.7309319216, 92, 42, 50, 328.20410146824725, 43
1, 306613, 175463, 131150, 1314905.9608598314, 35, 35, 0, 255.22992790977875, 35
1, 306676, 175496, 131180, 1315202.3921845576, 63, 33, 30, 296.43132472612575, 34
1, 306754, 175534, 131220, 1315516.2749711778, 78, 38, 40, 313.8827866200841, 39
51, 306841, 175571, 131270, 1315839.1825521756, 87, 37, 50, 322.9075809977351, 38
1, 306920, 175620, 131300, 1316155.2133023057, 79, 49, 30, 316.03075013013313, 50
1, 306967, 175667, 131300, 1316431.4463521752, 47, 47, 0, 276.2330498695885, 47
51, 307063, 175713, 131350, 1316763.76326819, 96, 46, 50, 332.31691601465747, 47
1, 307097, 175747, 131350, 1317017.0369084666, 34, 34, 0, 253.2736402766418, 34
1, 307209, 175789, 131420, 1317362.9522208062, 112, 42, 70, 345.91531233955715, 44
1, 307252, 175832, 131420, 1317632.6271810092, 43, 43, 0, 269.6749602031015, 43
1, 307296, 175876, 131420, 1317903.9781386992, 44, 44, 0, 271.35095769013947, 44
51, 307421, 175911, 131510, 1318259.5482911875, 125, 35, 90, 355.57015248821097, 37
1, 307457, 175947, 131510, 1318516.6972654657, 36, 36, 0, 257.1489742783178, 36
1, 307545, 175995, 131550, 1318841.6786968266, 88, 48, 40, 324.98143136087856, 49
1, 307614, 176034, 131580, 1319145.7908385368, 69, 39, 30, 304.1121417102006, 40
51, 307717, 176087, 131630, 1319485.0640885923, 103, 53, 50, 339.27325005549693, 54
1, 307759, 176129, 131630, 1319753.0370780944, 42, 42, 0, 267.97298950218305, 42
1, 307841, 176171, 131670, 1320071.4587479378, 82, 42, 40, 318.42166984345636, 43
1, 307916, 176216, 131700, 1320382.8418435762, 75, 45, 30, 311.38309563827124, 46
51, 308048, 176258, 131790, 1320744.3979660033, 132, 42, 90, 361.55612242701943, 44
1, 308091, 176301, 131790, 1321014.0729262063, 43, 43, 0, 269.6749602031015, 43
1, 308129, 176339, 131790, 1321274.9553058262, 38, 38, 0, 260.88237961983884, 38
1, 308228, 176368, 131860, 1321608.3895203792, 99, 29, 70, 333.43421455299045, 31
51, 308315, 176405, 131910, 1321931.297101377, 87, 37, 50, 322.9075809977351, 38
1, 308356, 176446, 131910, 1322197.5410548206, 41, 41, 0, 266.24395344352433, 41
1, 308428, 176488, 131940, 1322505.336117845, 72, 42, 30, 307.79506302439404, 43
1, 308469, 176529, 131940, 1322771.5800712886, 41, 41, 0, 266.24395344352433, 41
51, 308603, 176573, 132030, 1323134.8128872071, 134, 44, 90, 363.23281591860336, 46
1, 308642, 176612, 132030, 1323397.512827151, 39, 39, 0, 262.6999399439383, 39
1, 308676, 176646, 132030, 1323650.7864674276, 34, 34, 0, 253.2736402766418, 34
1, 308730, 176700, 132030, 1323937.6670685105, 54, 54, 0, 286.88060108295343, 54
1, 308807, 176747, 132060, 1324251.392732277, 77, 47, 30, 313.72566376652986, 48
51, 308926, 176776, 132150, 1324601.6761274794, 119, 29, 90, 350.28339520229764, 31
1, 308988, 176808, 132180, 1324896.7827538091, 62, 32, 30, 295.1066263296683, 33
1, 309027, 176847, 132180, 1325159.482693753, 39, 39, 0, 262.6999399439383, 39
51, 309117, 176887, 132230, 1325485.589722577, 90, 40, 50, 326.1070288241023, 41
1, 309204, 176934, 132270, 1325809.4973035748, 87, 47, 40, 323.9075809977351, 48
1, 309273, 176973, 132300, 1326113.609445285, 69, 39, 30, 304.1121417102006, 40
1, 309318, 177018, 132300, 1326386.6114516961, 45, 45, 0, 273.00200641113514, 45
51, 309417, 177067, 132350, 1326721.9456662491, 99, 49, 50, 335.33421455299043, 50
1, 309501, 177111, 132390, 1327042.5856766526, 84, 44, 40, 320.64001040350905, 45
1, 309565, 177145, 132420, 1327340.3283891273, 64, 34, 30, 297.742712474619, 35
51, 309699, 177189, 132510, 1327703.5612050458, 134, 44, 90, 363.23281591860336, 46
1, 309734, 177224, 132510, 1327958.7911329556, 35, 35, 0, 255.22992790977875, 35
1, 309794, 177254, 132540, 1328251.206901327, 60, 30, 30, 292.41576837137404, 31
1, 309838, 177298, 132540, 1328522.557859017, 44, 44, 0, 271.35095769013947, 44
51, 309970, 177340, 132630, 1328884.1139814442, 132, 42, 90, 361.55612242701943, 44
1, 310015, 177385, 132630, 1329157.1159878552, 45, 45, 0, 273.00200641113514, 45
1, 310054, 177424, 132630, 1329419.815927799, 39, 39, 0, 262.6999399439383, 39
1, 310096, 177466, 132630, 1329687.7889173012, 42, 42, 0, 267.97298950218305, 42
1, 310213, 177513, 132700, 1330038.2757340998, 117, 47, 70, 350.4868167986058, 49
51, 310299, 177549, 132750, 1330360.1018987473, 86, 36, 50, 321.82616464756694, 37
1, 310371, 177591, 132780, 1330667.8969617717, 72, 42, 30, 307.79506302439404, 43
1, 310404, 177624, 132780, 1330919.1751344644, 33, 33, 0, 251.27817269284301, 33
1, 310509, 177659, 132850, 1331258.4837217587, 105, 35, 70, 339.30858729436795, 37
1, 310544, 177694, 132850, 1331513.7136496685, 35, 35, 0, 255.22992790977875, 35
51, 310627, 177727, 132900, 1331832.2485975977, 83, 33, 50, 318.5349479292333, 34
1, 310722, 177752, 132970, 1332161.647161733, 95, 25, 70, 329.3985641352145, 27
1, 310763, 177793, 132970, 1332427.8911151765, 41, 41, 0, 266.24395344352433, 41
1, 310811, 177841, 132970, 1332705.705917767, 48, 48, 0, 277.8148025904985, 48
51, 310912, 177892, 133020, 1333043.0213057392, 101, 51, 50, 337.31538797227006, 52
1, 310958, 177938, 133020, 1333317.6503744533, 46, 46, 0, 274.6290687140218, 46
1, 311073, 177983, 133090, 1333666.3225915155, 115, 45, 70, 348.6722170622053, 47
51, 311172, 178032, 133140, 1334001.6568060685, 99, 49, 50, 335.33421455299043, 50
1, 311216, 178076, 133140, 1334273.0077637585, 44, 44, 0, 271.35095769013947, 44
1, 311259, 178119, 133140, 1334542.6827239615, 43, 43, 0, 269.6749602031015, 43
1, 311328, 178148, 133180, 1334845.7948656718, 69, 29, 40, 303.1121417102006, 30
1, 311390, 178180, 133210, 1335140.9014920015, 62, 32, 30, 295.1066263296683, 33
51, 311489, 178229, 133260, 1335476.2357065545, 99, 49, 50, 335.33421455299043, 50
1, 311579, 178279, 133300, 1335803.3427353785, 90, 50, 40, 327.1070288241023, 51
1, 311616, 178316, 133300, 1336062.3753068345, 37, 37, 0, 259.03257145596604, 37
1, 311659, 178359, 133300, 1336332.0502670375, 43, 43, 0, 269.6749602031015, 43
51, 311796, 178416, 133380, 1336698.7715892424, 137, 57, 80, 366.72132220485213, 59
1, 311873, 178453, 133420, 1337011.497253009, 77, 37, 40, 312.72566376652986, 38
1, 311907, 178487, 133420, 1337264.7708932855, 34, 34, 0, 253.2736402766418, 34
1, 311985, 178535, 133450, 1337579.6536799057, 78, 48, 30, 314.8827866200841, 49
51, 312085, 178585, 133500, 1337915.9814459225, 100, 50, 50, 336.327766016838, 51
1, 312167, 178627, 133540, 1338234.403115766, 82, 42, 40, 318.42166984345636, 43
1, 312232, 178662, 133570, 1338533.4442672092, 65, 35, 30, 299.04115144336777, 36
1, 312278, 178708, 133570, 1338808.0733359233, 46, 46, 0, 274.6290687140218, 46
1, 312362, 178752, 133610, 1339128.7133463267, 84, 44, 40, 320.64001040350905, 45
51, 312488, 178798, 133690, 1339486.1502422101, 126, 46, 80, 357.43689588345075, 48
1, 312518, 178828, 133690, 1339731.1849741421, 30, 30, 0, 245.0347319320716, 30
1, 312565, 178875, 133690, 1340007.4180240117, 47, 47, 0, 276.2330498695885, 47
1, 312600, 178910, 133690, 1340262.6479519214, 35, 35, 0, 255.22992790977875, 35
51, 312687, 178947, 133740, 1340585.5555329192, 87, 37, 50, 322.9075809977351, 38
1, 312759, 178979, 133780, 1340892.3505959436, 72, 32, 40, 306.79506302439404, 33
1, 312828, 179018, 133810, 1341196.4627376539, 69, 39, 30, 304.1121417102006, 40
1, 312873, 179063, 133810, 1341469.464744065, 45, 45, 0, 273.00200641113514, 45
51, 312962, 179102, 133860, 1341794.512609629, 89, 39, 50, 325.0478655640733, 40
1, 312995, 179135, 133860, 1342045.7907823217, 33, 33, 0, 251.27817269284301, 33
1, 313101, 179171, 133930, 1342386.0588259313, 106, 36, 70, 340.2680436096278, 38
51, 313193, 179213, 133980, 1342714.2629273995, 92, 42, 50, 328.20410146824725, 43
1, 313234, 179254, 133980, 1342980.506880843, 41, 41, 0, 266.24395344352433, 41
1, 313307, 179287, 134020, 1343288.5081594123, 73, 33, 40, 308.00127856917646, 34
51, 313395, 179325, 134070, 1343612.4895907731, 88, 38, 50, 323.98143136087856, 39
1, 313431, 179361, 134070, 1343869.6385650514, 36, 36, 0, 257.1489742783178, 36
1, 313497, 179397, 134100, 1344169.9655533286, 66, 36, 30, 300.32698827717985, 37
51, 313581, 179431, 134150, 1344489.605563732, 84, 34, 50, 319.64001040350905, 35
1, 313676, 179486, 134190, 1344821.9041278674, 95, 55, 40, 332.2985641352145, 56
1, 313744, 179524, 134220, 1345124.76629897, 68, 38, 30, 302.86217110259, 39
1, 313796, 179576, 134220, 1345408.7012603981, 52, 52, 0, 283.93496142826496, 52
51, 313950, 179610, 134340, 1345785.0749273957, 154, 34, 120, 376.37366699756114, 37
1, 313988, 179648, 134340, 1346045.9573070155, 38, 38, 0, 260.88237961983884, 38
1, 314070, 179690, 134380, 1346364.378976859, 82, 42, 40, 318.42166984345636, 43
1, 314107, 179727, 134380, 1346623.4115483148, 37, 37, 0, 259.03257145596604, 37
51, 314231, 179761, 134470, 1346978.110944863, 124, 34, 90, 354.6993965481514, 36
1, 314267, 179797, 134470, 1347235.2599191412, 36, 36, 0, 257.1489742783178, 36
1, 314335, 179835, 134500, 1347538.1220902437, 68, 38, 30, 302.86217110259, 39
51, 314475, 179885, 134590, 1347906.3011530687, 140, 50, 90, 368.1790628250393, 52
1, 314525, 179935, 134590, 1348187.2159479158, 50, 50, 0, 280.9147948472494, 50
1, 314567, 179977, 134590, 1348455.188937418, 42, 42, 0, 267.97298950218305, 42
1, 314648, 180018, 134630, 1348772.488937418, 81, 41, 40, 317.3, 42
1, 314693, 180063, 134630, 1349045.490943829, 45, 45, 0, 273.00200641113514, 45
51, 314811, 180101, 134710, 1349395.8782689979, 118, 38, 80, 350.3873251689181, 40
1, 314845, 180135, 134710, 1349649.1519092745, 34, 34, 0, 253.2736402766418, 34
1, 314921, 180181, 134740, 1349961.7110816482, 76, 46, 30, 312.5591723737189, 47
1, 314995, 180215, 134780, 1350270.908290415, 74, 34, 40, 309.1972087668518, 35
51, 315115, 180255, 134860, 1350623.0833823797, 120, 40, 80, 352.1750919646873, 42
1, 315152, 180292, 134860, 1350882.1159538357, 37, 37, 0, 259.03257145596604, 37
1, 315190, 180330, 134860, 1351142.9983334555, 38, 38, 0, 260.88237961983884, 38
51, 315317, 180367, 134950, 1351500.298015755, 127, 37, 90, 357.2996822992933, 39
1, 315373, 180423, 134950, 1351790.0544957283, 56, 56, 0, 289.7564799734761, 56
1, 315445, 180465, 134980, 1352097.8495587527, 72, 42, 30, 307.79506302439404, 43
51, 315541, 180511, 135030, 1352430.1664747675, 96, 46, 50, 332.31691601465747, 47
1, 315618, 180548, 135070, 1352742.892138534, 77, 37, 40, 312.72566376652986, 38
1, 315664, 180594, 135070, 1353017.521207248, 46, 46, 0, 274.6290687140218, 46
1, 315727, 180627, 135100, 1353313.9525319743, 63, 33, 30, 296.43132472612575, 34
51, 315849, 180659, 135190, 1353666.898150528, 122, 32, 90, 352.9456185537469, 34
1, 315886, 180696, 135190, 1353925.930721984, 37, 37, 0, 259.03257145596604, 37
1, 315942, 180722, 135220, 1354212.7872019575, 56, 26, 30, 286.8564799734761, 27
1, 315984, 180764, 135220, 1354480.7601914597, 42, 42, 0, 267.97298950218305, 42
51, 316114, 180804, 135310, 1354840.6250289981, 130, 40, 90, 359.86483753851803, 42
1, 316155, 180845, 135310, 1355106.8689824417, 41, 41, 0, 266.24395344352433, 41
1, 316209, 180899, 135310, 1355393.7495835247, 54, 54, 0, 286.88060108295343, 54
1, 316322, 180942, 135380, 1355740.588627394, 113, 43, 70, 346.83904386951343, 45
1, 316369, 180989, 135380, 1356016.8216772636, 47, 47, 0, 276.2330498695885, 47
51, 316495, 181025, 135470, 1356373.258573147, 126, 36, 90, 356.43689588345075, 38
1, 316534, 181064, 135470, 1356635.9585130909, 39, 39, 0, 262.6999399439383, 39
1, 316571, 181101, 135470, 1356894.9910845468, 37, 37, 0, 259.03257145596604, 37
1, 316651, 181141, 135510, 1357211.160840791, 80, 40, 40, 316.1697562442441, 41
51, 316773, 181183, 135590, 1357565.1064593447, 122, 42, 80, 353.9456185537469, 44
1, 316846, 181216, 135630, 1357873.107737914, 73, 33, 40, 308.00127856917646, 34
1, 316923, 181263, 135660, 1358186.8334016805, 77, 47, 30, 313.72566376652986, 48
51, 317012, 181302, 135710, 1358511.8812672445, 89, 39, 50, 325.0478655640733, 40
1, 317054, 181344, 135710, 1358779.8542567466, 42, 42, 0, 267.97298950218305, 42
1, 317097, 181387, 135710, 1359049.5292169496, 43, 43, 0, 269.6749602031015, 43
51, 317225, 181425, 135800, 1359407.687783051, 128, 38, 90, 358.1585661014858, 40
1, 317301, 181471, 135830, 1359720.2469554248, 76, 46, 30, 312.5591723737189, 47
1, 317348, 181518, 135830, 1359996.4800052943, 47, 47, 0, 276.2330498695885, 47
51, 317431, 181551, 135880, 1360315.0149532235, 83, 33, 50, 318.5349479292333, 34
1, 317502, 181582, 135920, 1360620.5932640422, 71, 31, 40, 305.57831081870995, 32
1, 317568, 181618, 135950, 1360920.9202523194, 66, 36, 30, 300.32698827717985, 37
1, 317660, 181670, 135990, 1361250.1243537876, 92, 52, 40, 329.20410146824725, 53
51, 317753, 181713, 136040, 1361579.3666336949, 93, 43, 50, 329.24227990714814, 44
1, 317860, 181750, 136110, 1361920.5887789645, 107, 37, 70, 341.2221452697031, 39
1, 317892, 181782, 136110, 1362169.830201965, 32, 32, 0, 249.24142300054422, 32
1, 317941, 181831, 136110, 1362449.2053330715, 49, 49, 0, 279.3751311064591, 49
51, 318028, 181868, 136160, 1362772.1129140693, 87, 37, 50, 322.9075809977351, 38
1, 318107, 181917, 136190, 1363088.1436641994, 79, 49, 30, 316.03075013013313, 50
1, 318154, 181964, 136190, 1363364.376714069, 47, 47, 0, 276.2330498695885, 47
1, 318239, 182009, 136230, 1363686.1137417401, 85, 45, 40, 321.73702767108114, 46
51, 318340, 182060, 136280, 1364023.4291297123, 101, 51, 50, 337.31538797227006, 52
1, 318401, 182091, 136310, 1364317.1973689795, 61, 31, 30, 293.7682392671241, 32
1, 318446, 182136, 136310, 1364590.1993753905, 45, 45, 0, 273.00200641113514, 45
51, 318529, 182169, 136360, 1364908.7343233197, 83, 33, 50, 318.5349479292333, 34
1, 318601, 182201, 136400, 1365215.5293863441, 72, 32, 40, 306.79506302439404, 33
1, 318644, 182244, 136400, 1365485.2043465471, 43, 43, 0, 269.6749602031015, 43
1, 318716, 182286, 136430, 1365792.9994095715, 72, 42, 30, 307.79506302439404, 43
1, 318753, 182323, 136430, 1366052.0319810275, 37, 37, 0, 259.03257145596604, 37
51, 318874, 182364, 136510, 1366405.094460063, 121, 41, 80, 353.06247903554, 43
1, 318944, 182394, 136550, 1366709.445220915, 70, 30, 40, 304.3507608519078, 31
1, 318991, 182441, 136550, 1366985.6782707844, 47, 47, 0, 276.2330498695885, 47
1, 319026, 182476, 136550, 1367240.9081986942, 35, 35, 0, 255.22992790977875, 35
1, 319092, 182512, 136580, 1367541.2351869715, 66, 36, 30, 300.32698827717985, 37
51, 319179, 182549, 136630, 1367864.1427679693, 87, 37, 50, 322.9075809977351, 38
1, 319261, 182591, 136670, 1368182.5644378127, 82, 42, 40, 318.42166984345636, 43
1, 319338, 182638, 136700, 1368496.2901015792, 77, 47, 30, 313.72566376652986, 48
1, 319370, 182670, 136700, 1368745.5315245797, 32, 32, 0, 249.24142300054422, 32
51, 319493, 182703, 136790, 1369099.3560958416, 123, 33, 90, 353.8245712617827, 35
1, 319529, 182739, 136790, 1369356.5050701199, 36, 36, 0, 257.1489742783178, 36
1, 319570, 182780, 136790, 1369622.7490235635, 41, 41, 0, 266.24395344352433, 41
1, 319640, 182820, 136820, 1369928.0997844154, 70, 40, 30, 305.3507608519078, 41
51, 319718, 182848, 136870, 1370240.9825710356, 78, 28, 50, 312.8827866200841, 29
1, 319784, 182874, 136910, 1370540.3095593129, 66, 26, 40, 299.32698827717985, 27
1, 319835, 182925, 136910, 1370822.7440710913, 51, 51, 0, 282.43451177837886, 51
1, 319876, 182966, 136910, 1371088.988024535, 41, 41, 0, 266.24395344352433, 41
51, 320031, 183001, 137030, 1371466.1321770723, 155, 35, 120, 377.14415253747273, 38
1, 320074, 183044, 137030, 1371735.8071372753, 43, 43, 0, 269.6749602031015, 43
1, 320114, 183084, 137030, 1372000.293823212, 40, 40, 0, 264.4866859365871, 40
51, 320206, 183126, 137080, 1372328.4979246801, 92, 42, 50, 328.20410146824725, 43
1, 320261, 183181, 137080, 1372616.8249062132, 55, 55, 0, 288.32698153315005, 55
1, 320299, 183219, 137080, 1372877.707285833, 38, 38, 0, 260.88237961983884, 38
51, 320467, 183267, 137200, 1373264.6278602008, 168, 48, 120, 386.9205743678508, 51
1, 320502, 183302, 137200, 1373519.8577881106, 35, 35, 0, 255.22992790977875, 35
1, 320543, 183343, 137200, 1373786.1017415542, 41, 41, 0, 266.24395344352433, 41
1, 320586, 183386, 137200, 1374055.7767017572, 43, 43, 0, 269.6749602031015, 43
51, 320717, 183427, 137290, 1374416.4890299728, 131, 41, 90, 360.7123282155055, 43
1, 320783, 183463, 137320, 1374716.81601825, 66, 36, 30, 300.32698827717985, 37
1, 320814, 183494, 137320, 1374963.9771244272, 31, 31, 0, 247.1611061770567, 31
51, 320947, 183537, 137410, 1375326.3733934683, 133, 43, 90, 362.3962690412072, 45
1, 320993, 183583, 137410, 1375601.0024621824, 46, 46, 0, 274.6290687140218, 46
1, 321023, 183613, 137410, 1375846.0371941144, 30, 30, 0, 245.0347319320716, 30
51, 321148, 183648, 137500, 1376201.6073466027, 125, 35, 90, 355.57015248821097, 37
1, 321204, 183674, 137530, 1376488.4638265762, 56, 26, 30, 286.8564799734761, 27
1, 321241, 183711, 137530, 1376747.4963980322, 37, 37, 0, 259.03257145596604, 37
1, 321303, 183743, 137560, 1377042.603024362, 62, 32, 30, 295.1066263296683, 33
51, 321446, 183796, 137650, 1377413.2102068076, 143, 53, 90, 370.6071824456716, 55
1, 321491, 183841, 137650, 1377686.2122132187, 45, 45, 0, 273.00200641113514, 45
1, 321539, 183889, 137650, 1377964.0270158092, 48, 48, 0, 277.8148025904985, 48
1, 321587, 183937, 137650, 1378241.8418183997, 48, 48, 0, 277.8148025904985, 48
1, 321693, 183973, 137720, 1378582.1098620093, 106, 36, 70, 340.2680436096278, 38
51, 321784, 184014, 137770, 1378909.268923948, 91, 41, 50, 327.1590619387661, 42
1, 321827, 184057, 137770, 1379178.943884151, 43, 43, 0, 269.6749602031015, 43
1, 321860, 184090, 137770, 1379430.2220568438, 33, 33, 0, 251.27817269284301, 33
1, 321901, 184131, 137770, 1379696.4660102874, 41, 41, 0, 266.24395344352433, 41
1, 322004, 184164, 137840, 1380033.839260343, 103, 33, 70, 337.37325005549695, 35
51, 322100, 184210, 137890, 1380366.1561763578, 96, 46, 50, 332.31691601465747, 47
1, 322132, 184242, 137890, 1380615.3975993583, 32, 32, 0, 249.24142300054422, 32
1, 322208, 184288, 137920, 1380927.956771732, 76, 46, 30, 312.5591723737189, 47
1, 322287, 184327, 137960, 1381242.9875218621, 79, 39, 40, 315.03075013013313, 40
51, 322375, 184365, 138010, 1381566.968953223, 88, 38, 50, 323.98143136087856, 39
1, 322418, 184408, 138010, 1381836.643913426, 43, 43, 0, 269.6749602031015, 43
1, 322534, 184454, 138080, 1382186.225716917, 116, 46, 70, 349.5818034911291, 48
51, 322627, 184497, 138130, 1382515.4679968243, 93, 43, 50, 329.24227990714814, 44
1, 322665, 184535, 138130, 1382776.3503764442, 38, 38, 0, 260.88237961983884, 38
1, 322707, 184577, 138130, 1383044.3233659463, 42, 42, 0, 267.97298950218305, 42
51, 322803, 184623, 138180, 1383376.640281961, 96, 46, 50, 332.31691601465747, 47
1, 322883, 184663, 138220, 1383692.8100382052, 80, 40, 40, 316.1697562442441, 41
1, 322965, 184715, 138250, 1384012.2317080486, 82, 52, 30, 319.42166984345636, 53
1, 323045, 184755, 138290, 1384328.4014642928, 80, 40, 40, 316.1697562442441, 41
1, 323080, 184790, 138290, 1384583.6313922026, 35, 35, 0, 255.22992790977875, 35
51, 323173, 184833, 138340, 1384912.8736721098, 93, 43, 50, 329.24227990714814, 44
1, 323202, 184862, 138340, 1385155.7332508203, 29, 29, 0, 242.8595787106084, 29
1, 323308, 184898, 138410, 1385496.0012944299, 106, 36, 70, 340.2680436096278, 38
1, 323345, 184935, 138410, 1385755.0338658858, 37, 37, 0, 259.03257145596604, 37
51, 323473, 184973, 138500, 1386113.1924319873, 128, 38, 90, 358.1585661014858, 40
1, 323514, 185014, 138500, 1386379.4363854309, 41, 41, 0, 266.24395344352433, 41
1, 323590, 185060, 138530, 1386691.9955578046, 76, 46, 30, 312.5591723737189, 47
1, 323667, 185097, 138570, 1387004.721221571, 77, 37, 40, 312.72566376652986, 38
51, 323763, 185143, 138620, 1387337.0381375859, 96, 46, 50, 332.31691601465747, 47
1, 323796, 185176, 138620, 1387588.3163102786, 33, 33, 0, 251.27817269284301, 33
1, 323833, 185213, 138620, 1387847.3488817345, 37, 37, 0, 259.03257145596604, 37
1, 323946, 185256, 138690, 1388194.187925604, 113, 43, 70, 346.83904386951343, 45
51, 324036, 185296, 138740, 1388520.294954428, 90, 40, 50, 326.1070288241023, 41
1, 324074, 185334, 138740, 1388781.1773340479, 38, 38, 0, 260.88237961983884, 38
1, 324140, 185370, 138770, 1389081.504322325, 66, 36, 30, 300.32698827717985, 37
1, 324181, 185411, 138770, 1389347.7482757687, 41, 41, 0, 266.24395344352433, 41
51, 324310, 185450, 138860, 1389706.76187626, 129, 39, 90, 359.01360049114555, 41
1, 324374, 185484, 138890, 1390004.5045887346, 64, 34, 30, 297.742712474619, 35
1, 324417, 185527, 138890, 1390274.1795489376, 43, 43, 0, 269.6749602031015, 43
1, 324459, 185569, 138890, 1390542.1525384397, 42, 42, 0, 267.97298950218305, 42
1, 324524, 185604, 138920, 1390841.193689883, 65, 35, 30, 299.04115144336777, 36
51, 324653, 185643, 139010, 1391200.2072903742, 129, 39, 90, 359.01360049114555, 41
1, 324690, 185680, 139010, 1391459.2398618301, 37, 37, 0, 259.03257145596604, 37
1, 324725, 185715, 139010, 1391714.46978974, 35, 35, 0, 255.22992790977875, 35
51, 324817, 185757, 139060, 1392042.6738912081, 92, 42, 50, 328.20410146824725, 43
1, 324877, 185787, 139090, 1392335.0896595796, 60, 30, 30, 292.41576837137404, 31
1, 324955, 185825, 139130, 1392648.9724461997, 78, 38, 40, 313.8827866200841, 39
51, 325052, 185872, 139180, 1392982.3013454713, 97, 47, 50, 333.3288992714996, 48
1, 325092, 185912, 139180, 1393246.7880314079, 40, 40, 0, 264.4866859365871, 40
1, 325169, 185949, 139220, 1393559.5136951744, 77, 37, 40, 312.72566376652986, 38
1, 325241, 185991, 139250, 1393867.3087581987, 72, 42, 30, 307.79506302439404, 43
51, 325334, 186034, 139300, 1394196.551038106, 93, 43, 50, 329.24227990714814, 44
1, 325376, 186076, 139300, 1394464.524027608, 42, 42, 0, 267.97298950218305, 42
1, 325458, 186118, 139340, 1394782.9456974515, 82, 42, 40, 318.42166984345636, 43
1, 325541, 186171, 139370, 1395103.4806453807, 83, 53, 30, 320.5349479292333, 54
1, 325576, 186206, 139370, 1395358.7105732905, 35, 35, 0, 255.22992790977875, 35
51, 325703, 186253, 139450, 1395717.0102555898, 127, 47, 80, 358.2996822992933, 49
1, 325780, 186290, 139490, 1396029.7359193563, 77, 37, 40, 312.72566376652986, 38
1, 325818, 186328, 139490, 1396290.6182989762, 38, 38, 0, 260.88237961983884, 38
1, 325847, 186357, 139490, 1396533.4778776867, 29, 29, 0, 242.8595787106084, 29
1, 325902, 186382, 139520, 1396818.90485922, 55, 25, 30, 285.42698153315007, 26
51, 325995, 186425, 139570, 1397148.1471391271, 93, 43, 50, 329.24227990714814, 44
1, 326071, 186461, 139610, 1397459.7063115009, 76, 36, 40, 311.5591723737189, 37
1, 326104, 186494, 139610, 1397710.9844841936, 33, 33, 0, 251.27817269284301, 33
1, 326183, 186543, 139640, 1398027.0152343237, 79, 49, 30, 316.03075013013313, 50
1, 326224, 186584, 139640, 1398293.2591877673, 41, 41, 0, 266.24395344352433, 41
51, 326300, 186610, 139690, 1398603.818360141, 76, 26, 50, 310.5591723737189, 27
1, 326374, 186644, 139730, 1398913.0155689078, 74, 34, 40, 309.1972087668518, 35
1, 326413, 186683, 139730, 1399175.7155088517, 39, 39, 0, 262.6999399439383, 39
1, 326456, 186726, 139730, 1399445.3904690547, 43, 43, 0, 269.6749602031015, 43
51, 326610, 186760, 139850, 1399821.7641360522, 154, 34, 120, 376.37366699756114, 37
1, 326650, 186800, 139850, 1400086.2508219888, 40, 40, 0, 264.4866859365871, 40
1, 326743, 186853, 139890, 1400416.493101896, 93, 53, 40, 330.24227990714814, 54
1, 326779, 186889, 139890, 1400673.6420761743, 36, 36, 0, 257.1489742783178, 36
51, 326866, 186926, 139940, 1400996.549657172, 87, 37, 50, 322.9075809977351, 38
1, 326944, 186964, 139980, 1401310.4324437922, 78, 38, 40, 313.8827866200841, 39
1, 327009, 186999, 140010, 1401609.4735952355, 65, 35, 30, 299.04115144336777, 36
1, 327049, 187039, 140010, 1401873.960281172, 40, 40, 0, 264.4866859365871, 40
1, 327134, 187084, 140050, 1402195.6973088433, 85, 45, 40, 321.73702767108114, 46
51, 327224, 187124, 140100, 1402521.8043376673, 90, 40, 50, 326.1070288241023, 41
1, 327332, 187162, 140170, 1402863.9753172144, 108, 38, 70, 342.1709795470626, 40
1, 327364, 187194, 140170, 1403113.216740215, 32, 32, 0, 249.24142300054422, 32
1, 327441, 187241, 140200, 1403426.9424039815, 77, 47, 30, 313.72566376652986, 48
1, 327487, 187287, 140200, 1403701.5714726956, 46, 46, 0, 274.6290687140218, 46
51, 327606, 187326, 140280, 1404052.854867898, 119, 39, 80, 351.28339520229764, 41
1, 327683, 187363, 140320, 1404365.5805316644, 77, 37, 40, 312.72566376652986, 38
1, 327728, 187408, 140320, 1404638.5825380755, 45, 45, 0, 273.00200641113514, 45
51, 327820, 187450, 140370, 1404966.7866395437, 92, 42, 50, 328.20410146824725, 43
1, 327860, 187490, 140370, 1405231.2733254803, 40, 40, 0, 264.4866859365871, 40
1, 327976, 187536, 140440, 1405580.8551289714, 116, 46, 70, 349.5818034911291, 48
1, 328008, 187568, 140440, 1405830.096551972, 32, 32, 0, 249.24142300054422, 32
1, 328047, 187607, 140440, 1406092.7964919158, 39, 39, 0, 262.6999399439383, 39
51, 328127, 187637, 140490, 1406407.96624816, 80, 30, 50, 315.1697562442441, 31
1, 328200, 187670, 140530, 1406715.9675267292, 73, 33, 40, 308.00127856917646, 34
1, 328268, 187708, 140560, 1407018.8296978318, 68, 38, 30, 302.86217110259, 39
51, 328355, 187745, 140610, 1407341.7372788296, 87, 37, 50, 322.9075809977351, 38
1, 328429, 187779, 140650, 1407650.9344875964, 74, 34, 40, 309.1972087668518, 35
1, 328509, 187829, 140680, 1407968.1042438406, 80, 50, 30, 317.1697562442441, 51
1, 328553, 187873, 140680, 1408239.4552015306, 44, 44, 0, 271.35095769013947, 44
51, 328632, 187902, 140730, 1408553.4859516607, 79, 29, 50, 314.03075013013313, 30
1, 328671, 187941, 140730, 1408816.1858916045, 39, 39, 0, 262.6999399439383, 39
1, 328704, 187974, 140730, 1409067.4640642973, 33, 33, 0, 251.27817269284301, 33
1, 328777, 188007, 140770, 1409375.4653428665, 73, 33, 40, 308.00127856917646, 34
51, 328897, 188047, 140850, 1409727.6404348311, 120, 40, 80, 352.1750919646873, 42
1, 328935, 188085, 140850, 1409988.522814451, 38, 38, 0, 260.88237961983884, 38
1, 329008, 188118, 140890, 1410296.5240930202, 73, 33, 40, 308.00127856917646, 34
51, 329094, 188154, 140940, 1410618.3502576677, 86, 36, 50, 321.82616464756694, 37
1, 329130, 188190, 140940, 1410875.499231946, 36, 36, 0, 257.1489742783178, 36
1, 329239, 188229, 141010, 1411218.6138634456, 109, 39, 70, 343.114631499574, 41
1, 329272, 188262, 141010, 1411469.8920361383, 33, 33, 0, 251.27817269284301, 33
51, 329394, 188304, 141090, 1411823.8376546921, 122, 42, 80, 353.9456185537469, 44
1, 329476, 188346, 141130, 1412142.2593245355, 82, 42, 40, 318.42166984345636, 43
1, 329513, 188383, 141130, 1412401.2918959914, 37, 37, 0, 259.03257145596604, 37
1, 329579, 188419, 141160, 1412701.6188842687, 66, 36, 30, 300.32698827717985, 37
51, 329671, 188461, 141210, 1413029.822985737, 92, 42, 50, 328.20410146824725, 43
1, 329740, 188490, 141250, 1413332.9351274471, 69, 29, 40, 303.1121417102006, 30
1, 329791, 188541, 141250, 1413615.3696392255, 51, 51, 0, 282.43451177837886, 51
51, 329881, 188581, 141300, 1413941.4766680496, 90, 40, 50, 326.1070288241023, 41
1, 329924, 188624, 141300, 1414211.1516282526, 43, 43, 0, 269.6749602031015, 43
1, 329993, 188663, 141330, 1414515.2637699628, 69, 39, 30, 304.1121417102006, 40
1, 330045, 188715, 141330, 1414799.198731391, 52, 52, 0, 283.93496142826496, 52
51, 330177, 188757, 141420, 1415160.754853818, 132, 42, 90, 361.55612242701943, 44
1, 330255, 188805, 141450, 1415475.6376404383, 78, 48, 30, 314.8827866200841, 49
1, 330288, 188838, 141450, 1415726.915813131, 33, 33, 0, 251.27817269284301, 33
51, 330423, 188883, 141540, 1416090.9816230712, 135, 45, 90, 364.06580994024984, 47
1, 330463, 188923, 141540, 1416355.4683090078, 40, 40, 0, 264.4866859365871, 40
1, 330532, 188962, 141570, 1416659.580450718, 69, 39, 30, 304.1121417102006, 40
1, 330574, 189004, 141570, 1416927.5534402202, 42, 42, 0, 267.97298950218305, 42
51, 330658, 189038, 141620, 1417247.1934506237, 84, 34, 50, 319.64001040350905, 35
1, 330726, 189076, 141650, 1417550.0556217262, 68, 38, 30, 302.86217110259, 39
1, 330797, 189107, 141690, 1417855.6339325448, 71, 31, 40, 305.57831081870995, 32
1, 330869, 189149, 141720, 1418163.4289955692, 72, 42, 30, 307.79506302439404, 43
51, 330955, 189185, 141770, 1418485.2551602167, 86, 36, 50, 321.82616464756694, 37
1, 331071, 189231, 141840, 1418834.8369637078, 116, 46, 70, 349.5818034911291, 48
1, 331110, 189270, 141840, 1419097.5369036517, 39, 39, 0, 262.6999399439383, 39
1, 331156, 189316, 141840, 1419372.1659723658, 46, 46, 0, 274.6290687140218, 46
1, 331197, 189357, 141840, 1419638.4099258094, 41, 41, 0, 266.24395344352433, 41
51, 331290, 189400, 141890, 1419967.6522057166, 93, 43, 50, 329.24227990714814, 44
1, 331368, 189438, 141930, 1420281.5349923368, 78, 38, 40, 313.8827866200841, 39
1, 331438, 189478, 141960, 1420586.8857531887, 70, 40, 30, 305.3507608519078, 41
51, 331530, 189520, 142010, 1420915.089854657, 92, 42, 50, 328.20410146824725, 43
1, 331552, 189542, 142010, 1421141.0635317238, 22, 22, 0, 225.97367706679938, 22
1, 331629, 189579, 142050, 1421453.7891954903, 77, 37, 40, 312.72566376652986, 38
1, 331665, 189615, 142050, 1421710.9381697685, 36, 36, 0, 257.1489742783178, 36
1, 331737, 189647, 142090, 1422017.733232793, 72, 32, 40, 306.79506302439404, 33
51, 331854, 189684, 142170, 1422367.2200495915, 117, 37, 80, 349.4868167986058, 39
1, 331893, 189723, 142170, 1422629.9199895354, 39, 39, 0, 262.6999399439383, 39
1, 331935, 189765, 142170, 1422897.8929790375, 42, 42, 0, 267.97298950218305, 42
51, 332031, 189811, 142220, 1423230.2098950522, 96, 46, 50, 332.31691601465747, 47
1, 332146, 189856, 142290, 1423578.8821121145, 115, 45, 70, 348.6722170622053, 47
1, 332191, 189901, 142290, 1423851.8841185255, 45, 45, 0, 273.00200641113514, 45
1, 332233, 189943, 142290, 1424119.8571080277, 42, 42, 0, 267.97298950218305, 42
51, 332358, 189988, 142370, 1424476.427260516, 125, 45, 80, 356.57015248821097, 47
1, 332406, 190036, 142370, 1424754.2420631065, 48, 48, 0, 277.8148025904985, 48
1, 332476, 190066, 142410, 1425058.5928239585, 70, 30, 40, 304.3507608519078, 31
1, 332521, 190111, 142410, 1425331.5948303696, 45, 45, 0, 273.00200641113514, 45
1, 332564, 190154, 142410, 1425601.2697905726, 43, 43, 0, 269.6749602031015, 43
51, 332726, 190196, 142530, 1425983.7319250733, 162, 42, 120, 382.4621345008163, 45
1, 332768, 190238, 142530, 1426251.7049145754, 42, 42, 0, 267.97298950218305, 42
1, 332808, 190278, 142530, 1426516.191600512, 40, 40, 0, 264.4866859365871, 40
1, 332885, 190315, 142570, 1426828.9172642785, 77, 37, 40, 312.72566376652986, 38
51, 332974, 190354, 142620, 1427153.9651298425, 89, 39, 50, 325.0478655640733, 40
1, 333043, 190393, 142650, 1427458.0772715528, 69, 39, 30, 304.1121417102006, 40
1, 333080, 190430, 142650, 1427717.1098430087, 37, 37, 0, 259.03257145596604, 37
1, 333159, 190469, 142690, 1428032.1405931388, 79, 39, 40, 315.03075013013313, 40
1, 333236, 190516, 142720, 1428345.8662569053, 77, 47, 30, 313.72566376652986, 48
51, 333325, 190555, 142770, 1428670.9141224693, 89, 39, 50, 325.0478655640733, 40
1, 333392, 190592, 142800, 1428972.514677727, 67, 37, 30, 301.6005552576305, 38
1, 333436, 190636, 142800, 1429243.865635417, 44, 44, 0, 271.35095769013947, 44
1, 333521, 190681, 142840, 1429565.6026630881, 85, 45, 40, 321.73702767108114, 46
51, 333612, 190722, 142890, 1429892.7617250269, 91, 41, 50, 327.1590619387661, 42
1, 333656, 190766, 142890, 1430164.112682717, 44, 44, 0, 271.35095769013947, 44
1, 333763, 190803, 142960, 1430505.3348279865, 107, 37, 70, 341.2221452697031, 39
1, 333795, 190835, 142960, 1430754.5762509871, 32, 32, 0, 249.24142300054422, 32
51, 333891, 190881, 143010, 1431086.893167002, 96, 46, 50, 332.31691601465747, 47
1, 333932, 190922, 143010, 1431353.1371204455, 41, 41, 0, 266.24395344352433, 41
1, 334013, 190963, 143050, 1431670.4371204455, 81, 41, 40, 317.3, 42
1, 334088, 191008, 143080, 1431981.820216084, 75, 45, 30, 311.38309563827124, 46
51, 334180, 191050, 143130, 1432310.024317552, 92, 42, 50, 328.20410146824725, 43
1, 334256, 191086, 143170, 1432621.5834899258, 76, 36, 40, 311.5591723737189, 37
1, 334297, 191127, 143170, 1432887.8274433694, 41, 41, 0, 266.24395344352433, 41
1, 334338, 191168, 143170, 1433154.071396813, 41, 41, 0, 266.24395344352433, 41
1, 334425, 191215, 143210, 1433477.9789778108, 87, 47, 40, 323.9075809977351, 48
51, 334539, 191249, 143290, 1433824.7369655026, 114, 34, 80, 346.75798769167545, 36
1, 334577, 191287, 143290, 1434085.6193451225, 38, 38, 0, 260.88237961983884, 38
1, 334683, 191323, 143360, 1434425.887388732, 106, 36, 70, 340.2680436096278, 38
1, 334726, 191366, 143360, 1434695.562348935, 43, 43, 0, 269.6749602031015, 43
1, 334764, 191404, 143360, 1434956.444728555, 38, 38, 0, 260.88237961983884, 38
51, 334853, 191443, 143410, 1435281.492594119, 89, 39, 50, 325.0478655640733, 40
1, 334949, 191469, 143480, 1435611.9095101336, 96, 26, 70, 330.41691601465743, 28
1, 334990, 191510, 143480, 1435878.1534635772, 41, 41, 0, 266.24395344352433, 41
1, 335067, 191547, 143520, 1436190.8791273437, 77, 37, 40, 312.72566376652986, 38
51, 335191, 191591, 143600, 1436546.5785238917, 124, 44, 80, 355.6993965481514, 46
1, 335232, 191632, 143600, 1436812.8224773353, 41, 41, 0, 266.24395344352433, 41
1, 335264, 191664, 143600, 1437062.063900336, 32, 32, 0, 249.24142300054422, 32
51, 335350, 191700, 143650, 1437383.8900649834, 86, 36, 50, 321.82616464756694, 37
1, 335467, 191747, 143720, 1437734.376881782, 117, 47, 70, 350.4868167986058, 49
1, 335505, 191785, 143720, 1437995.2592614018, 38, 38, 0, 260.88237961983884, 38
1, 335542, 191822, 143720, 1438254.2918328578, 37, 37, 0, 259.03257145596604, 37
1, 335616, 191856, 143760, 1438563.4890416246, 74, 34, 40, 309.1972087668518, 35
51, 335708, 191898, 143810, 1438891.6931430928, 92, 42, 50, 328.20410146824725, 43
1, 335775, 191935, 143840, 1439193.2936983504, 67, 37, 30, 301.6005552576305, 38
1, 335810, 191970, 143840, 1439448.5236262602, 35, 35, 0, 255.22992790977875, 35
1, 335885, 192005, 143880, 1439758.9067218986, 75, 35, 40, 310.38309563827124, 36
51, 336005, 192045, 143960, 1440111.0818138632, 120, 40, 80, 352.1750919646873, 42
1, 336052, 192092, 143960, 1440387.3148637328, 47, 47, 0, 276.2330498695885, 47
1, 336099, 192139, 143960, 1440663.5479136023, 47, 47, 0, 276.2330498695885, 47
1, 336145, 192185, 143960, 1440938.1769823164, 46, 46, 0, 274.6290687140218, 46
51, 336260, 192210, 144050, 1441284.8491993786, 115, 25, 90, 346.6722170622053, 27
1, 336331, 192251, 144080, 1441591.4275101973, 71, 41, 30, 306.57831081870995, 42
1, 336372, 192292, 144080, 1441857.6714636409, 41, 41, 0, 266.24395344352433, 41
1, 336452, 192332, 144120, 1442173.841219885, 80, 40, 40, 316.1697562442441, 41
51, 336566, 192366, 144200, 1442520.5992075768, 114, 34, 80, 346.75798769167545, 36
1, 336617, 192417, 144200, 1442803.0337193552, 51, 51, 0, 282.43451177837886, 51
1, 336689, 192449, 144240, 1443109.8287823796, 72, 32, 40, 306.79506302439404, 33
1, 336762, 192492, 144270, 1443418.8300609489, 73, 43, 30, 309.00127856917646, 44
51, 336888, 192528, 144360, 1443775.2669568323, 126, 36, 90, 356.43689588345075, 38
1, 336961, 192571, 144390, 1444084.2682354015, 73, 43, 30, 309.00127856917646, 44
1, 337005, 192615, 144390, 1444355.6191930915, 44, 44, 0, 271.35095769013947, 44
1, 337046, 192656, 144390, 1444621.8631465351, 41, 41, 0, 266.24395344352433, 41
1, 337121, 192701, 144420, 1444933.2462421735, 75, 45, 30, 311.38309563827124, 46
51, 337251, 192741, 144510, 1445293.111079712, 130, 40, 90, 359.86483753851803, 42
1, 337290, 192780, 144510, 1445555.8110196558, 39, 39, 0, 262.6999399439383, 39
1, 337329, 192819, 144510, 1445818.5109595996, 39, 39, 0, 262.6999399439383, 39
1, 337423, 192873, 144550, 1446149.7846854473, 94, 54, 40, 331.273725847777, 55
51, 337510, 192910, 144600, 1446472.6922664451, 87, 37, 50, 322.9075809977351, 38
1, 337580, 192950, 144630, 1446778.0430272971, 70, 40, 30, 305.3507608519078, 41
1, 337625, 192995, 144630, 1447051.0450337082, 45, 45, 0, 273.00200641113514, 45
51, 337786, 193036, 144750, 1447432.755330309, 161, 41, 120, 381.7102966008917, 44
1, 337820, 193070, 144750, 1447686.0289705857, 34, 34, 0, 253.2736402766418, 34
1, 337861, 193111, 144750, 1447952.2729240293, 41, 41, 0, 266.24395344352433, 41
1, 337936, 193156, 144780, 1448263.6560196676, 75, 45, 30, 311.38309563827124, 46
51, 338066, 193196, 144870, 1448623.520857206, 130, 40, 90, 359.86483753851803, 42
1, 338135, 193235, 144900, 1448927.6329989163, 69, 39, 30, 304.1121417102006, 40
1, 338166, 193266, 144900, 1449174.7941050935, 31, 31, 0, 247.1611061770567, 31
1, 338208, 193308, 144900, 1449442.7670945956, 42, 42, 0, 267.97298950218305, 42
1, 338246, 193346, 144900, 1449703.6494742155, 38, 38, 0, 260.88237961983884, 38
51, 338377, 193387, 144990, 1450064.361802431, 131, 41, 90, 360.7123282155055, 43
1, 338419, 193429, 144990, 1450332.3347919332, 42, 42, 0, 267.97298950218305, 42
1, 338486, 193466, 145020, 1450633.9353471908, 67, 37, 30, 301.6005552576305, 38
1, 338534, 193514, 145020, 1450911.7501497814, 48, 48, 0, 277.8148025904985, 48
51, 338634, 193564, 145070, 1451248.0779157982, 100, 50, 50, 336.327766016838, 51
1, 338705, 193605, 145100, 1451554.6562266168, 71, 41, 30, 306.57831081870995, 42
1, 338785, 193645, 145140, 1451870.825982861, 80, 40, 40, 316.1697562442441, 41
1, 338854, 193684, 145170, 1452174.9381245712, 69, 39, 30, 304.1121417102006, 40
51, 338938, 193718, 145220, 1452494.5781349747, 84, 34, 50, 319.64001040350905, 35
1, 338982, 193762, 145220, 1452765.9290926647, 44, 44, 0, 271.35095769013947, 44
1, 339020, 193800, 145220, 1453026.8114722846, 38, 38, 0, 260.88237961983884, 38
1, 339132, 193842, 145290, 1453372.7267846242, 112, 42, 70, 345.91531233955715, 44
51, 339219, 193879, 145340, 1453695.634365622, 87, 37, 50, 322.9075809977351, 38
1, 339256, 193916, 145340, 1453954.666937078, 37, 37, 0, 259.03257145596604, 37
1, 339321, 193951, 145370, 1454253.7080885211, 65, 35, 30, 299.04115144336777, 36
1, 339362, 193992, 145370, 1454519.9520419647, 41, 41, 0, 266.24395344352433, 41
1, 339402, 194032, 145370, 1454784.4387279013, 40, 40, 0, 264.4866859365871, 40
51, 339540, 194080, 145460, 1455150.9826574533, 138, 48, 90, 366.54392955194305, 50
1, 339613, 194123, 145490, 1455459.9839360225, 73, 43, 30, 309.00127856917646, 44
1, 339649, 194159, 145490, 1455717.1329103007, 36, 36, 0, 257.1489742783178, 36
1, 339719, 194199, 145520, 1456022.4836711527, 70, 40, 30, 305.3507608519078, 41
1, 339792, 194232, 145560, 1456330.484949722, 73, 33, 40, 308.00127856917646, 34
51, 339886, 194276, 145610, 1456660.7586755697, 94, 44, 50, 330.273725847777, 45
1, 339929, 194319, 145610, 1456930.4336357727, 43, 43, 0, 269.6749602031015, 43
1, 339967, 194357, 145610, 1457191.3160153925, 38, 38, 0, 260.88237961983884, 38
51, 340125, 194395, 145730, 1457570.7552246484, 158, 38, 120, 379.43920925585275, 41
1, 340164, 194434, 145730, 1457833.4551645922, 39, 39, 0, 262.6999399439383, 39
1, 340206, 194476, 145730, 1458101.4281540944, 42, 42, 0, 267.97298950218305, 42
1, 340248, 194518, 145730, 1458369.4011435965, 42, 42, 0, 267.97298950218305, 42
1, 340290, 194560, 145730, 1458637.3741330986, 42, 42, 0, 267.97298950218305, 42
51, 340420, 194600, 145820, 1458997.238970637, 130, 40, 90, 359.86483753851803, 42
1, 340487, 194637, 145850, 1459298.8395258947, 67, 37, 30, 301.6005552576305, 38
1, 340527, 194677, 145850, 1459563.3262118313, 40, 40, 0, 264.4866859365871, 40
1, 340617, 194737, 145880, 1459891.4332406553, 90, 60, 30, 328.1070288241023, 61
1, 340696, 194776, 145920, 1460206.4639907854, 79, 39, 40, 315.03075013013313, 40
51, 340783, 194813, 145970, 1460529.3715717832, 87, 37, 50, 322.9075809977351, 38
1, 340820, 194850, 145970, 1460788.4041432391, 37, 37, 0, 259.03257145596604, 37
1, 340870, 194900, 145970, 1461069.3189380863, 50, 50, 0, 280.9147948472494, 50
1, 340941, 194941, 146000, 1461375.897248905, 71, 41, 30, 306.57831081870995, 42
51, 341030, 194980, 146050, 1461700.945114469, 89, 39, 50, 325.0478655640733, 40
1, 341116, 195026, 146090, 1462023.7712791164, 86, 46, 40, 322.82616464756694, 47
1, 341159, 195069, 146090, 1462293.4462393194, 43, 43, 0, 269.6749602031015, 43
1, 341229, 195099, 146130, 1462597.7970001714, 70, 30, 40, 304.3507608519078, 31
1, 341275, 195145, 146130, 1462872.4260688855, 46, 46, 0, 274.6290687140218, 46
51, 341408, 195198, 146210, 1463235.8223379266, 133, 53, 80, 363.3962690412072, 55
1, 341449, 195239, 146210, 1463502.0662913702, 41, 41, 0, 266.24395344352433, 41
1, 341496, 195286, 146210, 1463778.2993412397, 47, 47, 0, 276.2330498695885, 47
1, 341609, 195329, 146280, 1464125.1383851091, 113, 43, 70, 346.83904386951343, 45
51, 341705, 195375, 146330, 1464457.455301124, 96, 46, 50, 332.31691601465747, 47
1, 341783, 195423, 146360, 1464772.338087744, 78, 48, 30, 314.8827866200841, 49
1, 341813, 195453, 146360, 1465017.372819676, 30, 30, 0, 245.0347319320716, 30
51, 341892, 195482, 146410, 1465331.4035698061, 79, 29, 50, 314.03075013013313, 30
1, 341976, 195526, 146450, 1465652.0435802096, 84, 44, 40, 320.64001040350905, 45
1, 342045, 195565, 146480, 1465956.1557219198, 69, 39, 30, 304.1121417102006, 40
1, 342078, 195598, 146480, 1466207.4338946126, 33, 33, 0, 251.27817269284301, 33
51, 342239, 195639, 146600, 1466589.1441912134, 161, 41, 120, 381.7102966008917, 44
1, 342273, 195673, 146600, 1466842.41783149, 34, 34, 0, 253.2736402766418, 34
1, 342311, 195711, 146600, 1467103.30021111, 38, 38, 0, 260.88237961983884, 38
1, 342355, 195755, 146600, 1467374.6511688, 44, 44, 0, 271.35095769013947, 44
51, 342444, 195794, 146650, 1467699.699034364, 89, 39, 50, 325.0478655640733, 40
1, 342562, 195842, 146720, 1468051.0863595328, 118, 48, 70, 351.3873251689181, 50
1, 342609, 195889, 146720, 1468327.3194094023, 47, 47, 0, 276.2330498695885, 47
1, 342648, 195928, 146720, 1468590.0193493462, 39, 39, 0, 262.6999399439383, 39
51, 342733, 195963, 146770, 1468910.7563770174, 85, 35, 50, 320.73702767108114, 36
1, 342789, 195989, 146800, 1469197.612856991, 56, 26, 30, 286.8564799734761, 27
1, 342825, 196025, 146800, 1469454.7618312691, 36, 36, 0, 257.1489742783178, 36
1, 342903, 196063, 146840, 1469768.6446178893, 78, 38, 40, 313.8827866200841, 39
1, 342941, 196101, 146840, 1470029.5269975092, 38, 38, 0, 260.88237961983884, 38
51, 343068, 196148, 146920, 1470387.8266798086, 127, 47, 80, 358.2996822992933, 49
1, 343103, 196183, 146920, 1470643.0566077183, 35, 35, 0, 255.22992790977875, 35
1, 343141, 196221, 146920, 1470903.9389873382, 38, 38, 0, 260.88237961983884, 38
1, 343227, 196267, 146960, 1471226.7651519857, 86, 46, 40, 322.82616464756694, 47
51, 343350, 196310, 147040, 1471581.5897232476, 123, 43, 80, 354.8245712617827, 45
1, 343391, 196351, 147040, 1471847.8336766912, 41, 41, 0, 266.24395344352433, 41
1, 343473, 196393, 147080, 1472166.2553465345, 82, 42, 40, 318.42166984345636, 43
1, 343515, 196435, 147080, 1472434.2283360367, 42, 42, 0, 267.97298950218305, 42
51, 343677, 196477, 147200, 1472816.6904705374, 162, 42, 120, 382.4621345008163, 45
1, 343715, 196515, 147200, 1473077.5728501573, 38, 38, 0, 260.88237961983884, 38
1, 343791, 196551, 147240, 1473389.132022531, 76, 36, 40, 311.5591723737189, 37
1, 343857, 196587, 147270, 1473689.4590108083, 66, 36, 30, 300.32698827717985, 37
1, 343899, 196629, 147270, 1473957.4320003104, 42, 42, 0, 267.97298950218305, 42
51, 343987, 196667, 147320, 1474281.4134316712, 88, 38, 50, 323.98143136087856, 39
1, 344023, 196703, 147320, 1474538.5624059495, 36, 36, 0, 257.1489742783178, 36
1, 344104, 196744, 147360, 1474855.8624059495, 81, 41, 40, 317.3, 42
1, 344172, 196782, 147390, 1475158.724577052, 68, 38, 30, 302.86217110259, 39
51, 344263, 196823, 147440, 1475485.8836389908, 91, 41, 50, 327.1590619387661, 42
1, 344378, 196868, 147510, 1475834.555856053, 115, 45, 70, 348.6722170622053, 47
1, 344430, 196920, 147510, 1476118.4908174812, 52, 52, 0, 283.93496142826496, 52
1, 344468, 196958, 147510, 1476379.373197101, 38, 38, 0, 260.88237961983884, 38
51, 344599, 197009, 147590, 1476741.0855253167, 131, 51, 80, 361.7123282155055, 53
1, 344638, 197048, 147590, 1477003.7854652605, 39, 39, 0, 262.6999399439383, 39
1, 344719, 197099, 147620, 1477322.0854652605, 81, 51, 30, 318.3, 52
51, 344843, 197133, 147710, 1477676.7848618086, 124, 34, 90, 354.6993965481514, 36
1, 344889, 197179, 147710, 1477951.4139305227, 46, 46, 0, 274.6290687140218, 46
1, 344922, 197212, 147710, 1478202.6921032155, 33, 33, 0, 251.27817269284301, 33
51, 345014, 197254, 147760, 1478530.8962046837, 92, 42, 50, 328.20410146824725, 43
1, 345050, 197290, 147760, 1478788.045178962, 36, 36, 0, 257.1489742783178, 36
1, 345119, 197329, 147790, 1479092.1573206722, 69, 39, 30, 304.1121417102006, 40
1, 345202, 197372, 147830, 1479411.6922686014, 83, 43, 40, 319.5349479292333, 44
51, 345292, 197412, 147880, 1479737.7992974254, 90, 40, 50, 326.1070288241023, 41
1, 345370, 197460, 147910, 1480052.6820840456, 78, 48, 30, 314.8827866200841, 49
1, 345412, 197502, 147910, 1480320.6550735477, 42, 42, 0, 267.97298950218305, 42
1, 345453, 197543, 147910, 1480586.8990269913, 41, 41, 0, 266.24395344352433, 41
51, 345541, 197581, 147960, 1480910.8804583522, 88, 38, 50, 323.98143136087856, 39
1, 345629, 197629, 148000, 1481235.861889713, 88, 48, 40, 324.98143136087856, 49
1, 345663, 197663, 148000, 1481489.1355299896, 34, 34, 0, 253.2736402766418, 34
51, 345780, 197700, 148080, 1481838.6223467882, 117, 37, 80, 349.4868167986058, 39
1, 345821, 197741, 148080, 1482104.8663002318, 41, 41, 0, 266.24395344352433, 41
1, 345900, 197780, 148120, 1482419.8970503618, 79, 39, 40, 315.03075013013313, 40
51, 345987, 197817, 148170, 1482742.8046313596, 87, 37, 50, 322.9075809977351, 38
1, 346062, 197862, 148200, 1483054.187726998, 75, 45, 30, 311.38309563827124, 46
1, 346107, 197907, 148200, 1483327.189733409, 45, 45, 0, 273.00200641113514, 45
1, 346179, 197939, 148240, 1483633.9847964335, 72, 32, 40, 306.79506302439404, 33
1, 346219, 197979, 148240, 1483898.47148237, 40, 40, 0, 264.4866859365871, 40
51, 346342, 198022, 148320, 1484253.296053632, 123, 43, 80, 354.8245712617827, 45
1, 346376, 198056, 148320, 1484506.5696939086, 34, 34, 0, 253.2736402766418, 34
1, 346455, 198105, 148350, 1484822.6004440386, 79, 49, 30, 316.03075013013313, 50
1, 346533, 198143, 148390, 1485136.4832306588, 78, 38, 40, 313.8827866200841, 39
51, 346645, 198175, 148470, 1485481.3985429984, 112, 32, 80, 344.91531233955715, 34
1, 346678, 198208, 148470, 1485732.676715691, 33, 33, 0, 251.27817269284301, 33
1, 346749, 198249, 148500, 1486039.2550265098, 71, 41, 30, 306.57831081870995, 42
1, 346787, 198287, 148500, 1486300.1374061296, 38, 38, 0, 260.88237961983884, 38
51, 346891, 198341, 148550, 1486640.3810928871, 104, 54, 50, 340.243686757474, 55
1, 347001, 198381, 148620, 1486984.4342769335, 110, 40, 70, 344.0531840464366, 42
1, 347044, 198424, 148620, 1487254.1092371366, 43, 43, 0, 269.6749602031015, 43
1, 347087, 198467, 148620, 1487523.7841973396, 43, 43, 0, 269.6749602031015, 43
51, 347217, 198507, 148710, 1487883.649034878, 130, 40, 90, 359.86483753851803, 42
1, 347252, 198542, 148710, 1488138.8789627878, 35, 35, 0, 255.22992790977875, 35
1, 347293, 198583, 148710, 1488405.1229162314, 41, 41, 0, 266.24395344352433, 41
1, 347400, 198620, 148780, 1488746.345061501, 107, 37, 70, 341.2221452697031, 39
51, 347488, 198658, 148830, 1489070.3264928618, 88, 38, 50, 323.98143136087856, 39
1, 347534, 198704, 148830, 1489344.955561576, 46, 46, 0, 274.6290687140218, 46
1, 347640, 198740, 148900, 1489685.2236051855, 106, 36, 70, 340.2680436096278, 38
51, 347733, 198783, 148950, 1490014.4658850927, 93, 43, 50, 329.24227990714814, 44
1, 347802, 198822, 148980, 1490318.578026803, 69, 39, 30, 304.1121417102006, 40
1, 347845, 198865, 148980, 1490588.252987006, 43, 43, 0, 269.6749602031015, 43
1, 347894, 198914, 148980, 1490867.6281181125, 49, 49, 0, 279.3751311064591, 49
1, 347974, 198954, 149020, 1491183.7978743566, 80, 40, 40, 316.1697562442441, 41
51, 348072, 199002, 149070, 1491518.1325027212, 98, 48, 50, 334.33462836457886, 49
1, 348174, 199034, 149140, 1491854.5296855022, 102, 32, 70, 336.39718278112656, 34
1, 348219, 199079, 149140, 1492127.5316919133, 45, 45, 0, 273.00200641113514, 45
51, 348307, 199117, 149190, 1492451.513123274, 88, 38, 50, 323.98143136087856, 39
1, 348346, 199156, 149190, 1492714.213063218, 39, 39, 0, 262.6999399439383, 39
1, 348451, 199191, 149260, 1493053.5216505122, 105, 35, 70, 339.30858729436795, 37
1, 348489, 199229, 149260, 1493314.404030132, 38, 38, 0, 260.88237961983884, 38
1, 348560, 199270, 149290, 1493620.9823409508, 71, 41, 30, 306.57831081870995, 42
51, 348687, 199307, 149380, 1493978.2820232501, 127, 37, 90, 357.2996822992933, 39
1, 348762, 199352, 149410, 1494289.6651188885, 75, 45, 30, 311.38309563827124, 46
1, 348809, 199399, 149410, 1494565.898168758, 47, 47, 0, 276.2330498695885, 47
1, 348873, 199423, 149450, 1494862.6408812327, 64, 24, 40, 296.742712474619, 25
1, 348908, 199458, 149450, 1495117.8708091425, 35, 35, 0, 255.22992790977875, 35
51, 349001, 199501, 149500, 1495447.1130890497, 93, 43, 50, 329.24227990714814, 44
1, 349061, 199531, 149530, 1495739.5288574211, 60, 30, 30, 292.41576837137404, 31
1, 349144, 199574, 149570, 1496059.0638053503, 83, 43, 40, 319.5349479292333, 44
51, 349234, 199614, 149620, 1496385.1708341744, 90, 40, 50, 326.1070288241023, 41
1, 349342, 199652, 149690, 1496727.3418137215, 108, 38, 70, 342.1709795470626, 40
1, 349372, 199682, 149690, 1496972.3765456534, 30, 30, 0, 245.0347319320716, 30
1, 349456, 199726, 149730, 1497293.016556057, 84, 44, 40, 320.64001040350905, 45
51, 349542, 199762, 149780, 1497614.8427207044, 86, 36, 50, 321.82616464756694, 37
1, 349583, 199803, 149780, 1497881.086674148, 41, 41, 0, 266.24395344352433, 41
1, 349652, 199842, 149810, 1498185.1988158582, 69, 39, 30, 304.1121417102006, 40
51, 349743, 199883, 149860, 1498512.357877797, 91, 41, 50, 327.1590619387661, 42
1, 349787, 199927, 149860, 1498783.708835487, 44, 44, 0, 271.35095769013947, 44
1, 349869, 199969, 149900, 1499102.1305053304, 82, 42, 40, 318.42166984345636, 43
51, 349997, 200017, 149980, 1499461.2890714318, 128, 48, 80, 359.1585661014858, 50
1, 350033, 200053, 149980, 1499718.43804571, 36, 36, 0, 257.1489742783178, 36
1, 350065, 200085, 149980, 1499967.6794687107, 32, 32, 0, 249.24142300054422, 32
51, 350203, 200133, 150070, 1500334.2233982626, 138, 48, 90, 366.54392955194305, 50
1, 350234, 200164, 150070, 1500581.3845044398, 31, 31, 0, 247.1611061770567, 31
1, 350266, 200196, 150070, 1500830.6259274404, 32, 32, 0, 249.24142300054422, 32
1, 350382, 200242, 150140, 1501180.2077309315, 116, 46, 70, 349.5818034911291, 48
51, 350462, 200272, 150190, 1501495.3774871756, 80, 30, 50, 315.1697562442441, 31
1, 350504, 200314, 150190, 1501763.3504766778, 42, 42, 0, 267.97298950218305, 42
1, 350584, 200354, 150230, 1502079.520232922, 80, 40, 40, 316.1697562442441, 41
1, 350626, 200396, 150230, 1502347.493222424, 42, 42, 0, 267.97298950218305, 42
51, 350747, 200437, 150310, 1502700.5557014595, 121, 41, 80, 353.06247903554, 43
1, 350786, 200476, 150310, 1502963.2556414034, 39, 39, 0, 262.6999399439383, 39
1, 350827, 200517, 150310, 1503229.499594847, 41, 41, 0, 266.24395344352433, 41
1, 350895, 200555, 150340, 1503532.3617659495, 68, 38, 30, 302.86217110259, 39
51, 351033, 200603, 150430, 1503898.9056955015, 138, 48, 90, 366.54392955194305, 50
1, 351071, 200641, 150430, 1504159.7880751214, 38, 38, 0, 260.88237961983884, 38
1, 351121, 200691, 150430, 1504440.7028699685, 50, 50, 0, 280.9147948472494, 50
1, 351188, 200728, 150460, 1504742.3034252261, 67, 37, 30, 301.6005552576305, 38
1, 351271, 200771, 150500, 1505061.8383731553, 83, 43, 40, 319.5349479292333, 44
51, 351358, 200808, 150550, 1505384.7459541531, 87, 37, 50, 322.9075809977351, 38
1, 351425, 200835, 150590, 1505685.3465094108, 67, 27, 40, 300.6005552576305, 28
1, 351469, 200879, 150590, 1505956.6974671008, 44, 44, 0, 271.35095769013947, 44
1, 351539, 200919, 150620, 1506262.0482279528, 70, 40, 30, 305.3507608519078, 41
51, 351626, 200956, 150670, 1506584.9558089506, 87, 37, 50, 322.9075809977351, 38
1, 351663, 200993, 150670, 1506843.9883804065, 37, 37, 0, 259.03257145596604, 37
1, 351747, 201037, 150710, 1507164.62839081, 84, 44, 40, 320.64001040350905, 45
1, 351784, 201074, 150710, 1507423.660962266, 37, 37, 0, 259.03257145596604, 37
1, 351850, 201110, 150740, 1507723.9879505432, 66, 36, 30, 300.32698827717985, 37
51, 351941, 201151, 150790, 1508051.147012482, 91, 41, 50, 327.1590619387661, 42
1, 351984, 201194, 150790, 1508320.821972685, 43, 43, 0, 269.6749602031015, 43
1, 352066, 201236, 150830, 1508639.2436425283, 82, 42, 40, 318.42166984345636, 43
1, 352098, 201268, 150830, 1508888.485065529, 32, 32, 0, 249.24142300054422, 32
51, 352224, 201304, 150920, 1509244.9219614123, 126, 36, 90, 356.43689588345075, 38
1, 352301, 201351, 150950, 1509558.6476251788, 77, 47, 30, 313.72566376652986, 48
1, 352336, 201386, 150950, 1509813.8775530886, 35, 35, 0, 255.22992790977875, 35
1, 352374, 201424, 150950, 1510074.7599327085, 38, 38, 0, 260.88237961983884, 38
51, 352465, 201465, 151000, 1510401.9189946472, 91, 41, 50, 327.1590619387661, 42
1, 352570, 201500, 151070, 1510741.2275819415, 105, 35, 70, 339.30858729436795, 37
1, 352611, 201541, 151070, 1511007.4715353851, 41, 41, 0, 266.24395344352433, 41
1, 352673, 201573, 151100, 1511302.5781617148, 62, 32, 30, 295.1066263296683, 33
1, 352710, 201610, 151100, 1511561.6107331708, 37, 37, 0, 259.03257145596604, 37
51, 352870, 201650, 151220, 1511942.5666151785, 160, 40, 120, 380.95588200778457, 43
1, 352905, 201685, 151220, 1512197.7965430883, 35, 35, 0, 255.22992790977875, 35
1, 352945, 201725, 151220, 1512462.2832290248, 40, 40, 0, 264.4866859365871, 40
1, 353021, 201761, 151260, 1512773.8424013986, 76, 36, 40, 311.5591723737189, 37
51, 353108, 201798, 151310, 1513096.7499823964, 87, 37, 50, 322.9075809977351, 38
1, 353182, 201842, 151340, 1513406.9471911632, 74, 44, 30, 310.1972087668518, 45
1, 353225, 201885, 151340, 1513676.6221513662, 43, 43, 0, 269.6749602031015, 43
51, 353354, 201924, 151430, 1514035.6357518574, 129, 39, 90, 359.01360049114555, 41
1, 353421, 201961, 151460, 1514337.236307115, 67, 37, 30, 301.6005552576305, 38
1, 353469, 202009, 151460, 1514615.0511097056, 48, 48, 0, 277.8148025904985, 48
1, 353511, 202051, 151460, 1514883.0240992077, 42, 42, 0, 267.97298950218305, 42
51, 353603, 202093, 151510, 1515211.228200676, 92, 42, 50, 328.20410146824725, 43
1, 353717, 202137, 151580, 1515558.9861883677, 114, 44, 70, 347.75798769167545, 46
1, 353754, 202174, 151580, 1515818.0187598236, 37, 37, 0, 259.03257145596604, 37
1, 353791, 202211, 151580, 1516077.0513312796, 37, 37, 0, 259.03257145596604, 37
51, 353922, 202252, 151670, 1516437.7636594952, 131, 41, 90, 360.7123282155055, 43
1, 353961, 202291, 151670, 1516700.463599439, 39, 39, 0, 262.6999399439383, 39
1, 354031, 202331, 151700, 1517005.814360291, 70, 40, 30, 305.3507608519078, 41
1, 354061, 202361, 151700, 1517250.849092223, 30, 30, 0, 245.0347319320716, 30
51, 354211, 202391, 151820, 1517624.112643381, 150, 30, 120, 373.26355115805836, 33
1, 354246, 202426, 151820, 1517879.342571291, 35, 35, 0, 255.22992790977875, 35
1, 354289, 202469, 151820, 1518149.017531494, 43, 43, 0, 269.6749602031015, 43
1, 354365, 202505, 151860, 1518460.5767038676, 76, 36, 40, 311.5591723737189, 37
51, 354452, 202542, 151910, 1518783.4842848654, 87, 37, 50, 322.9075809977351, 38
1, 354522, 202582, 151940, 1519088.8350457174, 70, 40, 30, 305.3507608519078, 41
1, 354601, 202621, 151980, 1519403.8657958475, 79, 39, 40, 315.03075013013313, 40
1, 354650, 202670, 151980, 1519683.240926954, 49, 49, 0, 279.3751311064591, 49
51, 354741, 202711, 152030, 1520010.3999888927, 91, 41, 50, 327.1590619387661, 42
1, 354817, 202757, 152060, 1520322.9591612665, 76, 46, 30, 312.5591723737189, 47
1, 354861, 202801, 152060, 1520594.3101189565, 44, 44, 0, 271.35095769013947, 44
51, 354993, 202843, 152150, 1520955.8662413836, 132, 42, 90, 361.55612242701943, 44
1, 355030, 202880, 152150, 1521214.8988128395, 37, 37, 0, 259.03257145596604, 37
1, 355077, 202927, 152150, 1521491.131862709, 47, 47, 0, 276.2330498695885, 47
1, 355179, 202959, 152220, 1521827.52904549, 102, 32, 70, 336.39718278112656, 34
51, 355264, 202994, 152270, 1522148.2660731613, 85, 35, 50, 320.73702767108114, 36
1, 355305, 203035, 152270, 1522414.5100266049, 41, 41, 0, 266.24395344352433, 41
1, 355370, 203070, 152300, 1522713.5511780481, 65, 35, 30, 299.04115144336777, 36
1, 355412, 203112, 152300, 1522981.5241675503, 42, 42, 0, 267.97298950218305, 42
51, 355537, 203147, 152390, 1523337.0943200386, 125, 35, 90, 355.57015248821097, 37
1, 355612, 203192, 152420, 1523648.477415677, 75, 45, 30, 311.38309563827124, 46
1, 355655, 203235, 152420, 1523918.15237588, 43, 43, 0, 269.6749602031015, 43
1, 355709, 203259, 152450, 1524202.132976963, 54, 24, 30, 283.9806010829534, 25
1, 355793, 203303, 152490, 1524522.7729873664, 84, 44, 40, 320.64001040350905, 45
51, 355878, 203338, 152540, 1524843.5100150376, 85, 35, 50, 320.73702767108114, 36
1, 355947, 203377, 152570, 1525147.6221567478, 69, 39, 30, 304.1121417102006, 40
1, 355988, 203418, 152570, 1525413.8661101914, 41, 41, 0, 266.24395344352433, 41
1, 356022, 203452, 152570, 1525667.139750468, 34, 34, 0, 253.2736402766418, 34
51, 356154, 203494, 152660, 1526028.6958728952, 132, 42, 90, 361.55612242701943, 44
1, 356226, 203536, 152690, 1526336.4909359196, 72, 42, 30, 307.79506302439404, 43
1, 356255, 203565, 152690, 1526579.35051463, 29, 29, 0, 242.8595787106084, 29
1, 356299, 203609, 152690, 1526850.7014723201, 44, 44, 0, 271.35095769013947, 44
1, 356410, 203650, 152760, 1527195.688190361, 111, 41, 70, 344.9867180408456, 43
51, 356502, 203692, 152810, 1527523.8922918292, 92, 42, 50, 328.20410146824725, 43
1, 356583, 203733, 152850, 1527841.1922918293, 81, 41, 40, 317.3, 42
1, 356653, 203773, 152880, 1528146.5430526813, 70, 40, 30, 305.3507608519078, 41
51, 356743, 203813, 152930, 1528472.6500815053, 90, 40, 50, 326.1070288241023, 41
1, 356787, 203857, 152930, 1528744.0010391953, 44, 44, 0, 271.35095769013947, 44
1, 356862, 203902, 152960, 1529055.3841348337, 75, 45, 30, 311.38309563827124, 46
1, 356899, 203939, 152960, 1529314.4167062896, 37, 37, 0, 259.03257145596604, 37
51, 357026, 203976, 153050, 1529671.716388589, 127, 37, 90, 357.2996822992933, 39
1, 357070, 204020, 153050, 1529943.067346279, 44, 44, 0, 271.35095769013947, 44
1, 357138, 204058, 153080, 1530245.9295173816, 68, 38, 30, 302.86217110259, 39
1, 357182, 204102, 153080, 1530517.2804750716, 44, 44, 0, 271.35095769013947, 44
51, 357269, 204139, 153130, 1530840.1880560694, 87, 37, 50, 322.9075809977351, 38
1, 357383, 204183, 153200, 1531187.9460437612, 114, 44, 70, 347.75798769167545, 46
1, 357422, 204222, 153200, 1531450.645983705, 39, 39, 0, 262.6999399439383, 39
51, 357516, 204266, 153250, 1531780.9197095528, 94, 44, 50, 330.273725847777, 45
1, 357602, 204312, 153290, 1532103.7458742002, 86, 46, 40, 322.82616464756694, 47
1, 357648, 204358, 153290, 1532378.3749429143, 46, 46, 0, 274.6290687140218, 46
51, 357730, 204390, 153340, 1532695.7966127577, 82, 32, 50, 317.42166984345636, 33
1, 357807, 204437, 153370, 1533009.5222765242, 77, 47, 30, 313.72566376652986, 48
1, 357882, 204472, 153410, 1533319.9053721626, 75, 35, 40, 310.38309563827124, 36
1, 357912, 204502, 153410, 1533564.9401040946, 30, 30, 0, 245.0347319320716, 30
1, 357956, 204546, 153410, 1533836.2910617846, 44, 44, 0, 271.35095769013947, 44
51, 358047, 204587, 153460, 1534163.4501237234, 91, 41, 50, 327.1590619387661, 42
1, 358076, 204616, 153460, 1534406.3097024339, 29, 29, 0, 242.8595787106084, 29
1, 358195, 204665, 153530, 1534758.5930976362, 119, 49, 70, 352.28339520229764, 51
1, 358237, 204707, 153530, 1535026.5660871384, 42, 42, 0, 267.97298950218305, 42
51, 358329, 204749, 153580, 1535354.7701886066, 92, 42, 50, 328.20410146824725, 43
1, 358419, 204799, 153620, 1535681.8772174306, 90, 50, 40, 327.1070288241023, 51
1, 358464, 204844, 153620, 1535954.8792238417, 45, 45, 0, 273.00200641113514, 45
1, 358531, 204881, 153650, 1536256.4797790993, 67, 37, 30, 301.6005552576305, 38
51, 358659, 204919, 153740, 1536614.6383452008, 128, 38, 90, 358.1585661014858, 40
1, 358700, 204960, 153740, 1536880.8822986444, 41, 41, 0, 266.24395344352433, 41
1, 358735, 204995, 153740, 1537136.1122265542, 35, 35, 0, 255.22992790977875, 35
1, 358788, 205048, 153740, 1537421.529014195, 53, 53, 0, 285.4167876408086, 53
1, 358892, 205082, 153810, 1537759.8727009525, 104, 34, 70, 338.343686757474, 36
51, 358981, 205121, 153860, 1538084.9205665165, 89, 39, 50, 325.0478655640733, 40
1, 359019, 205159, 153860, 1538345.8029461363, 38, 38, 0, 260.88237961983884, 38
1, 359058, 205198, 153860, 1538608.5028860802, 39, 39, 0, 262.6999399439383, 39
1, 359176, 205246, 153930, 1538959.890211249, 118, 48, 70, 351.3873251689181, 50
1, 359216, 205286, 153930, 1539224.3768971856, 40, 40, 0, 264.4866859365871, 40
51, 359307, 205327, 153980, 1539551.5359591243, 91, 41, 50, 327.1590619387661, 42
1, 359346, 205366, 153980, 1539814.2358990682, 39, 39, 0, 262.6999399439383, 39
1, 359456, 205406, 154050, 1540158.2890831146, 110, 40, 70, 344.0531840464366, 42
1, 359501, 205451, 154050, 1540431.2910895257, 45, 45, 0, 273.00200641113514, 45
1, 359568, 205488, 154080, 1540732.8916447833, 67, 37, 30, 301.6005552576305, 38
51, 359669, 205539, 154130, 1541070.2070327555, 101, 51, 50, 337.31538797227006, 52
1, 359754, 205584, 154170, 1541391.9440604267, 85, 45, 40, 321.73702767108114, 46
1, 359786, 205616, 154170, 1541641.1854834273, 32, 32, 0, 249.24142300054422, 32
51, 359878, 205658, 154220, 1541969.3895848955, 92, 42, 50, 328.20410146824725, 43
1, 359939, 205689, 154250, 1542263.1578241626, 61, 31, 30, 293.7682392671241, 32
1, 359987, 205737, 154250, 1542540.9726267532, 48, 48, 0, 277.8148025904985, 48
1, 360079, 205789, 154290, 1542870.1767282214, 92, 52, 40, 329.20410146824725, 53
51, 360163, 205823, 154340, 1543189.8167386248, 84, 34, 50, 319.64001040350905, 35
1, 360194, 205854, 154340, 1543436.977844802, 31, 31, 0, 247.1611061770567, 31
1, 360260, 205890, 154370, 1543737.3048330792, 66, 36, 30, 300.32698827717985, 37
1, 360343, 205933, 154410, 1544056.8397810084, 83, 43, 40, 319.5349479292333, 44
1, 360383, 205973, 154410, 1544321.326466945, 40, 40, 0, 264.4866859365871, 40
51, 360508, 206018, 154490, 1544677.8966194333, 125, 45, 80, 356.57015248821097, 47
1, 360539, 206049, 154490, 1544925.0577256104, 31, 31, 0, 247.1611061770567, 31
1, 360584, 206094, 154490, 1545198.0597320215, 45, 45, 0, 273.00200641113514, 45
51, 360679, 206139, 154540, 1545529.3582961569, 95, 45, 50, 331.2985641352145, 46
1, 360765, 206185, 154580, 1545852.1844608043, 86, 46, 40, 322.82616464756694, 47
1, 360836, 206226, 154610, 1546158.762771623, 71, 41, 30, 306.57831081870995, 42
1, 360874, 206264, 154610, 1546419.6451512428, 38, 38, 0, 260.88237961983884, 38
1, 360932, 206292, 154640, 1546709.31205335, 58, 28, 30, 289.66690210718946, 29
51, 361020, 206330, 154690, 1547033.2934847109, 88, 38, 50, 323.98143136087856, 39
1, 361096, 206376, 154720, 1547345.8526570846, 76, 46, 30, 312.5591723737189, 47
1, 361171, 206411, 154760, 1547656.235752723, 75, 35, 40, 310.38309563827124, 36
51, 361267, 206457, 154810, 1547988.5526687377, 96, 46, 50, 332.31691601465747, 47
1, 361298, 206488, 154810, 1548235.7137749149, 31, 31, 0, 247.1611061770567, 31
1, 361338, 206528, 154810, 1548500.2004608514, 40, 40, 0, 264.4866859365871, 40
1, 361401, 206561, 154840, 1548796.6317855776, 63, 33, 30, 296.43132472612575, 34
51, 361490, 206600, 154890, 1549121.6796511416, 89, 39, 50, 325.0478655640733, 40
1, 361569, 206639, 154930, 1549436.7104012717, 79, 39, 40, 315.03075013013313, 40
1, 361633, 206673, 154960, 1549734.4531137464, 64, 34, 30, 297.742712474619, 35
1, 361678, 206718, 154960, 1550007.4551201575, 45, 45, 0, 273.00200641113514, 45
51, 361804, 206754, 155050, 1550363.8920160409, 126, 36, 90, 356.43689588345075, 38
1, 361831, 206781, 155050, 1550602.2427217364, 27, 27, 0, 238.35070569547776, 27
1, 361904, 206824, 155080, 1550911.2440003057, 73, 43, 30, 309.00127856917646, 44
51, 361995, 206865, 155130, 1551238.4030622444, 91, 41, 50, 327.1590619387661, 42
1, 362072, 206902, 155170, 1551551.128726011, 77, 37, 40, 312.72566376652986, 38
1, 362137, 206937, 155200, 1551850.1698774542, 65, 35, 30, 299.04115144336777, 36
1, 362215, 206975, 155240, 1552164.0526640743, 78, 38, 40, 313.8827866200841, 39
1, 362251, 207011, 155240, 1552421.2016383526, 36, 36, 0, 257.1489742783178, 36
51, 362339, 207049, 155290, 1552745.1830697134, 88, 38, 50, 323.98143136087856, 39
1, 362368, 207078, 155290, 1552988.042648424, 29, 29, 0, 242.8595787106084, 29
1, 362443, 207113, 155330, 1553298.4257440623, 75, 35, 40, 310.38309563827124, 36
1, 362512, 207152, 155360, 1553602.5378857725, 69, 39, 30, 304.1121417102006, 40
1, 362594, 207194, 155400, 1553920.959555616, 82, 42, 40, 318.42166984345636, 43
51, 362682, 207232, 155450, 1554244.9409869767, 88, 38, 50, 323.98143136087856, 39
1, 362734, 207284, 155450, 1554528.875948405, 52, 52, 0, 283.93496142826496, 52
1, 362778, 207328, 155450, 1554800.226906095, 44, 44, 0, 271.35095769013947, 44
1, 362844, 207364, 155480, 1555100.5538943722, 66, 36, 30, 300.32698827717985, 37
51, 362935, 207405, 155530, 1555427.712956311, 91, 41, 50, 327.1590619387661, 42
1, 363017, 207447, 155570, 1555746.1346261543, 82, 42, 40, 318.42166984345636, 43
1, 363054, 207484, 155570, 1556005.1671976103, 37, 37, 0, 259.03257145596604, 37
1, 363086, 207516, 155570, 1556254.4086206108, 32, 32, 0, 249.24142300054422, 32
51, 363248, 207558, 155690, 1556636.8707551116, 162, 42, 120, 382.4621345008163, 45
1, 363293, 207603, 155690, 1556909.8727615227, 45, 45, 0, 273.00200641113514, 45
1, 363370, 207640, 155730, 1557222.5984252892, 77, 37, 40, 312.72566376652986, 38
1, 363409, 207679, 155730, 1557485.298365233, 39, 39, 0, 262.6999399439383, 39
51, 363516, 207706, 155810, 1557825.5205105026, 107, 27, 80, 340.2221452697031, 29
1, 363553, 207743, 155810, 1558084.5530819586, 37, 37, 0, 259.03257145596604, 37
1, 363617, 207777, 155840, 1558382.2957944332, 64, 34, 30, 297.742712474619, 35
1, 363658, 207818, 155840, 1558648.5397478768, 41, 41, 0, 266.24395344352433, 41
1, 363742, 207862, 155880, 1558969.1797582803, 84, 44, 40, 320.64001040350905, 45
51, 363830, 207900, 155930, 1559293.161189641, 88, 38, 50, 323.98143136087856, 39
1, 363869, 207939, 155930, 1559555.861129585, 39, 39, 0, 262.6999399439383, 39
1, 363949, 207979, 155970, 1559872.0308858291, 80, 40, 40, 316.1697562442441, 41
1, 364021, 208021, 156000, 1560179.8259488535, 72, 42, 30, 307.79506302439404, 43
1, 364098, 208058, 156040, 1560492.55161262, 77, 37, 40, 312.72566376652986, 38
51, 364226, 208106, 156120, 1560851.7101787215, 128, 48, 80, 359.1585661014858, 50
1, 364297, 208137, 156160, 1561157.28848954, 71, 31, 40, 305.57831081870995, 32
1, 364339, 208179, 156160, 1561425.2614790422, 42, 42, 0, 267.97298950218305, 42
51, 364426, 208216, 156210, 1561748.16906004, 87, 37, 50, 322.9075809977351, 38
1, 364463, 208253, 156210, 1562007.201631496, 37, 37, 0, 259.03257145596604, 37
1, 364536, 208296, 156240, 1562316.2029100652, 73, 43, 30, 309.00127856917646, 44
1, 364631, 208351, 156280, 1562648.5014742005, 95, 55, 40, 332.2985641352145, 56
1, 364677, 208397, 156280, 1562923.1305429146, 46, 46, 0, 274.6290687140218, 46
51, 364811, 208441, 156370, 1563286.3633588331, 134, 44, 90, 363.23281591860336, 46
1, 364880, 208480, 156400, 1563590.4755005434, 69, 39, 30, 304.1121417102006, 40
1, 364912, 208512, 156400, 1563839.716923544, 32, 32, 0, 249.24142300054422, 32
1, 364951, 208551, 156400, 1564102.4168634878, 39, 39, 0, 262.6999399439383, 39
51, 365115, 208595, 156520, 1564486.375054324, 164, 44, 120, 383.9581908363381, 47
1, 365149, 208629, 156520, 1564739.6486946007, 34, 34, 0, 253.2736402766418, 34
1, 365192, 208672, 156520, 1565009.3236548037, 43, 43, 0, 269.6749602031015, 43
1, 365275, 208715, 156560, 1565328.858602733, 83, 43, 40, 319.5349479292333, 44
51, 365364, 208754, 156610, 1565653.906468297, 89, 39, 50, 325.0478655640733, 40
1, 365403, 208793, 156610, 1565916.6064082407, 39, 39, 0, 262.6999399439383, 39
1, 365474, 208834, 156640, 1566223.1847190594, 71, 41, 30, 306.57831081870995, 42
1, 365509, 208869, 156640, 1566478.4146469692, 35, 35, 0, 255.22992790977875, 35
1, 365626, 208916, 156710, 1566828.9014637677, 117, 47, 70, 350.4868167986058, 49
51, 365726, 208966, 156760, 1567165.2292297846, 100, 50, 50, 336.327766016838, 51
1, 365790, 209000, 156790, 1567462.9719422592, 64, 34, 30, 297.742712474619, 35
1, 365832, 209042, 156790, 1567730.9449317614, 42, 42, 0, 267.97298950218305, 42
1, 365906, 209076, 156830, 1568040.1421405282, 74, 34, 40, 309.1972087668518, 35
51, 366023, 209113, 156910, 1568389.6289573268, 117, 37, 80, 349.4868167986058, 39
1, 366060, 209150, 156910, 1568648.6615287827, 37, 37, 0, 259.03257145596604, 37
1, 366146, 209196, 156950, 1568971.4876934302, 86, 46, 40, 322.82616464756694, 47
1, 366218, 209238, 156980, 1569279.2827564545, 72, 42, 30, 307.79506302439404, 43
51, 366308, 209278, 157030, 1569605.3897852786, 90, 40, 50, 326.1070288241023, 41
1, 366346, 209316, 157030, 1569866.2721648985, 38, 38, 0, 260.88237961983884, 38
1, 366416, 209346, 157070, 1570170.6229257504, 70, 30, 40, 304.3507608519078, 31
1, 366479, 209379, 157100, 1570467.0542504766, 63, 33, 30, 296.43132472612575, 34
1, 366514, 209414, 157100, 1570722.2841783864, 35, 35, 0, 255.22992790977875, 35
51, 366600, 209450, 157150, 1571044.110343034, 86, 36, 50, 321.82616464756694, 37
1, 366639, 209489, 157150, 1571306.8102829778, 39, 39, 0, 262.6999399439383, 39
1, 366718, 209528, 157190, 1571621.8410331078, 79, 39, 40, 315.03075013013313, 40
1, 366790, 209570, 157220, 1571929.6360961322, 72, 42, 30, 307.79506302439404, 43
51, 366880, 209610, 157270, 1572255.7431249563, 90, 40, 50, 326.1070288241023, 41
1, 366916, 209646, 157270, 1572512.8920992345, 36, 36, 0, 257.1489742783178, 36
1, 366963, 209693, 157270, 1572789.125149104, 47, 47, 0, 276.2330498695885, 47
1, 367039, 209729, 157310, 1573100.6843214778, 76, 36, 40, 311.5591723737189, 37
51, 367136, 209776, 157360, 1573434.0132207493, 97, 47, 50, 333.3288992714996, 48
1, 367208, 209818, 157390, 1573741.8082837737, 72, 42, 30, 307.79506302439404, 43
1, 367293, 209863, 157430, 1574063.545311445, 85, 45, 40, 321.73702767108114, 46
1, 367362, 209902, 157460, 1574367.6574531551, 69, 39, 30, 304.1121417102006, 40
51, 367489, 209939, 157550, 1574724.9571354545, 127, 37, 90, 357.2996822992933, 39
1, 367523, 209973, 157550, 1574978.2307757312, 34, 34, 0, 253.2736402766418, 34
1, 367558, 210008, 157550, 1575233.460703641, 35, 35, 0, 255.22992790977875, 35
1, 367641, 210051, 157590, 1575552.9956515701, 83, 43, 40, 319.5349479292333, 44
1, 367675, 210085, 157590, 1575806.2692918468, 34, 34, 0, 253.2736402766418, 34
51, 367791, 210121, 157670, 1576154.851095338, 116, 36, 80, 348.5818034911291, 38
1, 367870, 210160, 157710, 1576469.881845468, 79, 39, 40, 315.03075013013313, 40
1, 367902, 210192, 157710, 1576719.1232684685, 32, 32, 0, 249.24142300054422, 32
1, 367968, 210228, 157740, 1577019.4502567458, 66, 36, 30, 300.32698827717985, 37
1, 368011, 210271, 157740, 1577289.1252169488, 43, 43, 0, 269.6749602031015, 43
51, 368130, 210310, 157820, 1577640.4086121512, 119, 39, 80, 351.28339520229764, 41
1, 368217, 210357, 157860, 1577964.316193149, 87, 47, 40, 323.9075809977351, 48
1, 368264, 210404, 157860, 1578240.5492430185, 47, 47, 0, 276.2330498695885, 47
1, 368338, 210448, 157890, 1578550.7464517853, 74, 44, 30, 310.1972087668518, 45
51, 368460, 210480, 157980, 1578903.692070339, 122, 32, 90, 352.9456185537469, 34
1, 368524, 210514, 158010, 1579201.4347828138, 64, 34, 30, 297.742712474619, 35
1, 368558, 210548, 158010, 1579454.7084230904, 34, 34, 0, 253.2736402766418, 34
51, 368638, 210578, 158060, 1579769.8781793346, 80, 30, 50, 315.1697562442441, 31
1, 368678, 210618, 158060, 1580034.3648652711, 40, 40, 0, 264.4866859365871, 40
1, 368758, 210658, 158100, 1580350.5346215153, 80, 40, 40, 316.1697562442441, 41
51, 368883, 210703, 158180, 1580707.1047740036, 125, 45, 80, 356.57015248821097, 47
1, 368925, 210745, 158180, 1580975.0777635057, 42, 42, 0, 267.97298950218305, 42
1, 368959, 210779, 158180, 1581228.3514037824, 34, 34, 0, 253.2736402766418, 34
1, 368993, 210813, 158180, 1581481.625044059, 34, 34, 0, 253.2736402766418, 34
1, 369076, 210856, 158220, 1581801.1599919882, 83, 43, 40, 319.5349479292333, 44
51, 369160, 210890, 158270, 1582120.8000023917, 84, 34, 50, 319.64001040350905, 35
1, 369229, 210929, 158300, 1582424.912144102, 69, 39, 30, 304.1121417102006, 40
1, 369309, 210969, 158340, 1582741.081900346, 80, 40, 40, 316.1697562442441, 41
51, 369396, 211006, 158390, 1583063.989481344, 87, 37, 50, 322.9075809977351, 38
1, 369436, 211046, 158390, 1583328.4761672805, 40, 40, 0, 264.4866859365871, 40
1, 369480, 211090, 158390, 1583599.8271249705, 44, 44, 0, 271.35095769013947, 44
51, 369573, 211133, 158440, 1583929.0694048777, 93, 43, 50, 329.24227990714814, 44
1, 369679, 211169, 158510, 1584269.3374484873, 106, 36, 70, 340.2680436096278, 38
1, 369727, 211217, 158510, 1584547.1522510778, 48, 48, 0, 277.8148025904985, 48
1, 369768, 211258, 158510, 1584813.3962045214, 41, 41, 0, 266.24395344352433, 41
51, 369896, 211296, 158600, 1585171.5547706229, 128, 38, 90, 358.1585661014858, 40
1, 369939, 211339, 158600, 1585441.2297308259, 43, 43, 0, 269.6749602031015, 43
1, 370014, 211384, 158630, 1585752.6128264642, 75, 45, 30, 311.38309563827124, 46
1, 370050, 211420, 158630, 1586009.7618007425, 36, 36, 0, 257.1489742783178, 36
51, 370137, 211457, 158680, 1586332.6693817403, 87, 37, 50, 322.9075809977351, 38
1, 370248, 211498, 158750, 1586677.6560997812, 111, 41, 70, 344.9867180408456, 43
1, 370290, 211540, 158750, 1586945.6290892833, 42, 42, 0, 267.97298950218305, 42
1, 370332, 211582, 158750, 1587213.6020787854, 42, 42, 0, 267.97298950218305, 42
51, 370422, 211622, 158800, 1587539.7091076095, 90, 40, 50, 326.1070288241023, 41
1, 370512, 211672, 158840, 1587866.8161364335, 90, 50, 40, 327.1070288241023, 51
1, 370593, 211723, 158870, 1588185.1161364336, 81, 51, 30, 318.3, 52
51, 370722, 211762, 158960, 1588544.1297369248, 129, 39, 90, 359.01360049114555, 41
1, 370756, 211796, 158960, 1588797.4033772014, 34, 34, 0, 253.2736402766418, 34
1, 370796, 211836, 158960, 1589061.890063138, 40, 40, 0, 264.4866859365871, 40
1, 370833, 211873, 158960, 1589320.922634594, 37, 37, 0, 259.03257145596604, 37
51, 370921, 211911, 159010, 1589644.9040659547, 88, 38, 50, 323.98143136087856, 39
1, 370988, 211948, 159040, 1589946.5046212124, 67, 37, 30, 301.6005552576305, 38
1, 371078, 211998, 159080, 1590273.6116500364, 90, 50, 40, 327.1070288241023, 51
1, 371117, 212037, 159080, 1590536.3115899803, 39, 39, 0, 262.6999399439383, 39
51, 371235, 212075, 159160, 1590886.698915149, 118, 38, 80, 350.3873251689181, 40
1, 371320, 212120, 159200, 1591208.4359428203, 85, 45, 40, 321.73702767108114, 46
1, 371352, 212152, 159200, 1591457.6773658209, 32, 32, 0, 249.24142300054422, 32
51, 371444, 212194, 159250, 1591785.881467289, 92, 42, 50, 328.20410146824725, 43
1, 371509, 212219, 159290, 1592083.9226187323, 65, 25, 40, 298.04115144336777, 26
1, 371550, 212260, 159290, 1592350.166572176, 41, 41, 0, 266.24395344352433, 41
1, 371616, 212296, 159320, 1592650.4935604532, 66, 36, 30, 300.32698827717985, 37
51, 371701, 212331, 159370, 1592971.2305881244, 85, 35, 50, 320.73702767108114, 36
1, 371787, 212377, 159410, 1593294.0567527718, 86, 46, 40, 322.82616464756694, 47
1, 371856, 212416, 159440, 1593598.168894482, 69, 39, 30, 304.1121417102006, 40
51, 371946, 212456, 159490, 1593924.2759233061, 90, 40, 50, 326.1070288241023, 41
1, 372053, 212493, 159560, 1594265.4980685757, 107, 37, 70, 341.2221452697031, 39
1, 372094, 212534, 159560, 1594531.7420220193, 41, 41, 0, 266.24395344352433, 41
1, 372138, 212578, 159560, 1594803.0929797094, 44, 44, 0, 271.35095769013947, 44
51, 372267, 212627, 159640, 1595163.1065802006, 129, 49, 80, 360.01360049114555, 51
1, 372316, 212676, 159640, 1595442.481711307, 49, 49, 0, 279.3751311064591, 49
1, 372350, 212710, 159640, 1595695.7553515837, 34, 34, 0, 253.2736402766418, 34
51, 372482, 212752, 159730, 1596057.3114740108, 132, 42, 90, 361.55612242701943, 44
1, 372553, 212793, 159760, 1596363.8897848295, 71, 41, 30, 306.57831081870995, 42
1, 372593, 212833, 159760, 1596628.376470766, 40, 40, 0, 264.4866859365871, 40
1, 372679, 212879, 159800, 1596951.2026354135, 86, 46, 40, 322.82616464756694, 47
51, 372775, 212925, 159850, 1597283.5195514283, 96, 46, 50, 332.31691601465747, 47
1, 372815, 212965, 159850, 1597548.0062373648, 40, 40, 0, 264.4866859365871, 40
1, 372894, 213014, 159880, 1597864.036987495, 79, 49, 30, 316.03075013013313, 50
51, 372992, 213062, 159930, 1598198.3716158594, 98, 48, 50, 334.33462836457886, 49
1, 373107, 213107, 160000, 1598547.0438329217, 115, 45, 70, 348.6722170622053, 47
1, 373130, 213130, 160000, 1598775.637703231, 23, 23, 0, 228.5938703094842, 23
1, 373171, 213171, 160000, 1599041.8816566747, 41, 41, 0, 266.24395344352433, 41
51, 373263, 213213, 160050, 1599370.0857581429, 92, 42, 50, 328.20410146824725, 43
1, 373360, 213240, 160120, 1599701.5146574143, 97, 27, 70, 331.42889927149963, 29
1, 373393, 213273, 160120, 1599952.792830107, 33, 33, 0, 251.27817269284301, 33
1, 373448, 213328, 160120, 1600241.1198116401, 55, 55, 0, 288.32698153315005, 55
51, 373579, 213369, 160210, 1600601.8321398557, 131, 41, 90, 360.7123282155055, 43
1, 373647, 213407, 160240, 1600904.6943109583, 68, 38, 30, 302.86217110259, 39
1, 373689, 213449, 160240, 1601172.6673004604, 42, 42, 0, 267.97298950218305, 42
1, 373762, 213482, 160280, 1601480.6685790296, 73, 33, 40, 308.00127856917646, 34
1, 373789, 213509, 160280, 1601719.0192847252, 27, 27, 0, 238.35070569547776, 27
51, 373880, 213550, 160330, 1602046.178346664, 91, 41, 50, 327.1590619387661, 42
1, 373912, 213582, 160330, 1602295.4197696645, 32, 32, 0, 249.24142300054422, 32
1, 374030, 213630, 160400, 1602646.8070948333, 118, 48, 70, 351.3873251689181, 50
1, 374063, 213663, 160400, 1602898.085267526, 33, 33, 0, 251.27817269284301, 33
1, 374131, 213701, 160430, 1603200.9474386286, 68, 38, 30, 302.86217110259, 39
51, 374263, 213743, 160520, 1603562.5035610558, 132, 42, 90, 361.55612242701943, 44
1, 374310, 213790, 160520, 1603838.7366109253, 47, 47, 0, 276.2330498695885, 47
1, 374346, 213826, 160520, 1604095.8855852035, 36, 36, 0, 257.1489742783178, 36
1, 374378, 213858, 160520, 1604345.127008204, 32, 32, 0, 249.24142300054422, 32
51, 374537, 213897, 160640, 1604725.3258706764, 159, 39, 120, 380.1988624723894, 42
1, 374560, 213920, 160640, 1604953.9197409858, 23, 23, 0, 228.5938703094842, 23
1, 374595, 213955, 160640, 1605209.1496688956, 35, 35, 0, 255.22992790977875, 35
1, 374630, 213990, 160640, 1605464.3795968054, 35, 35, 0, 255.22992790977875, 35
1, 374739, 214029, 160710, 1605807.494228305, 109, 39, 70, 343.114631499574, 41
51, 374825, 214065, 160760, 1606129.3203929525, 86, 36, 50, 321.82616464756694, 37
1, 374870, 214110, 160760, 1606402.3223993636, 45, 45, 0, 273.00200641113514, 45
1, 374907, 214147, 160760, 1606661.3549708195, 37, 37, 0, 259.03257145596604, 37
1, 374971, 214181, 160790, 1606959.0976832942, 64, 34, 30, 297.742712474619, 35
1, 375012, 214222, 160790, 1607225.3416367378, 41, 41, 0, 266.24395344352433, 41
51, 375148, 214268, 160880, 1607590.2369337727, 136, 46, 90, 364.89529703482884, 48
1, 375194, 214314, 160880, 1607864.8660024868, 46, 46, 0, 274.6290687140218, 46
1, 375270, 214360, 160910, 1608177.4251748605, 76, 46, 30, 312.5591723737189, 47
1, 375357, 214407, 160950, 1608501.3327558583, 87, 47, 40, 323.9075809977351, 48
51, 375444, 214444, 161000, 1608824.240336856, 87, 37, 50, 322.9075809977351, 38
1, 375529, 214489, 161040, 1609145.9773645273, 85, 45, 40, 321.73702767108114, 46
1, 375609, 214539, 161070, 1609463.1471207715, 80, 50, 30, 317.1697562442441, 51
51, 375704, 214584, 161120, 1609794.4456849068, 95, 45, 50, 331.2985641352145, 46
1, 375771, 214611, 161160, 1610095.0462401644, 67, 27, 40, 300.6005552576305, 28
1, 375816, 214656, 161160, 1610368.0482465755, 45, 45, 0, 273.00200641113514, 45
1, 375886, 214696, 161190, 1610673.3990074275, 70, 40, 30, 305.3507608519078, 41
1, 375930, 214740, 161190, 1610944.7499651175, 44, 44, 0, 271.35095769013947, 44
51, 376090, 214780, 161310, 1611325.7058471253, 160, 40, 120, 380.95588200778457, 43
1, 376129, 214819, 161310, 1611588.4057870691, 39, 39, 0, 262.6999399439383, 39
1, 376166, 214856, 161310, 1611847.438358525, 37, 37, 0, 259.03257145596604, 37
1, 376283, 214903, 161380, 1612197.9251753236, 117, 47, 70, 350.4868167986058, 49
1, 376326, 214946, 161380, 1612467.6001355266, 43, 43, 0, 269.6749602031015, 43
51, 376451, 214981, 161470, 1612823.170288015, 125, 35, 90, 355.57015248821097, 37
1, 376492, 215022, 161470, 1613089.4142414585, 41, 41, 0, 266.24395344352433, 41
1, 376576, 215076, 161500, 1613411.054251862, 84, 54, 30, 321.64001040350905, 55
1, 376610, 215110, 161500, 1613664.3278921386, 34, 34, 0, 253.2736402766418, 34
51, 376760, 215140, 161620, 1614037.5914432968, 150, 30, 120, 373.26355115805836, 33
1, 376790, 215170, 161620, 1614282.6261752287, 30, 30, 0, 245.0347319320716, 30
1, 376864, 215214, 161650, 1614592.8233839956, 74, 44, 30, 310.1972087668518, 45
1, 376898, 215248, 161650, 1614846.0970242722, 34, 34, 0, 253.2736402766418, 34
1, 376943, 215293, 161650, 1615119.0990306833, 45, 45, 0, 273.00200641113514, 45
51, 377075, 215335, 161740, 1615480.6551531104, 132, 42, 90, 361.55612242701943, 44
1, 377112, 215372, 161740, 1615739.6877245663, 37, 37, 0, 259.03257145596604, 37
1, 377183, 215413, 161770, 1616046.266035385, 71, 41, 30, 306.57831081870995, 42
1, 377261, 215451, 161810, 1616360.1488220051, 78, 38, 40, 313.8827866200841, 39
1, 377311, 215501, 161810, 1616641.0636168523, 50, 50, 0, 280.9147948472494, 50
51, 377435, 215545, 161890, 1616996.7630134004, 124, 44, 80, 355.6993965481514, 46
1, 377516, 215586, 161930, 1617314.0630134004, 81, 41, 40, 317.3, 42
1, 377559, 215629, 161930, 1617583.7379736034, 43, 43, 0, 269.6749602031015, 43
1, 377620, 215660, 161960, 1617877.5062128706, 61, 31, 30, 293.7682392671241, 32
1, 377659, 215699, 161960, 1618140.2061528144, 39, 39, 0, 262.6999399439383, 39
51, 377743, 215733, 162010, 1618459.846163218, 84, 34, 50, 319.64001040350905, 35
1, 377857, 215777, 162080, 1618807.6041509097, 114, 44, 70, 347.75798769167545, 46
1, 377894, 215814, 162080, 1619066.6367223656, 37, 37, 0, 259.03257145596604, 37
51, 377988, 215858, 162130, 1619396.9104482133, 94, 44, 50, 330.273725847777, 45
1, 378055, 215895, 162160, 1619698.511003471, 67, 37, 30, 301.6005552576305, 38
1, 378098, 215938, 162160, 1619968.185963674, 43, 43, 0, 269.6749602031015, 43
1, 378170, 215970, 162200, 1620274.9810266984, 72, 32, 40, 306.79506302439404, 33
51, 378290, 216010, 162280, 1620627.156118663, 120, 40, 80, 352.1750919646873, 42
1, 378323, 216043, 162280, 1620878.4342913558, 33, 33, 0, 251.27817269284301, 33
1, 378356, 216076, 162280, 1621129.7124640485, 33, 33, 0, 251.27817269284301, 33
1, 378442, 216122, 162320, 1621452.538628696, 86, 46, 40, 322.82616464756694, 47
51, 378524, 216154, 162370, 1621769.9602985394, 82, 32, 50, 317.42166984345636, 33
1, 378564, 216194, 162370, 1622034.446984476, 40, 40, 0, 264.4866859365871, 40
1, 378624, 216224, 162400, 1622326.8627528474, 60, 30, 30, 292.41576837137404, 31
1, 378660, 216260, 162400, 1622584.0117271256, 36, 36, 0, 257.1489742783178, 36
1, 378735, 216295, 162440, 1622894.394822764, 75, 35, 40, 310.38309563827124, 36
51, 378828, 216338, 162490, 1623223.6371026712, 93, 43, 50, 329.24227990714814, 44
1, 378874, 216384, 162490, 1623498.2661713853, 46, 46, 0, 274.6290687140218, 46
1, 378948, 216428, 162520, 1623808.4633801521, 74, 44, 30, 310.1972087668518, 45
51, 379037, 216467, 162570, 1624133.5112457161, 89, 39, 50, 325.0478655640733, 40
1, 379139, 216529, 162610, 1624472.8084284973, 102, 62, 40, 339.29718278112654, 63
1, 379199, 216559, 162640, 1624765.2241968687, 60, 30, 30, 292.41576837137404, 31
1, 379236, 216596, 162640, 1625024.2567683246, 37, 37, 0, 259.03257145596604, 37
51, 379330, 216640, 162690, 1625354.5304941724, 94, 44, 50, 330.273725847777, 45
1, 379410, 216680, 162730, 1625670.7002504165, 80, 40, 40, 316.1697562442441, 41
1, 379478, 216718, 162760, 1625973.562421519, 68, 38, 30, 302.86217110259, 39
1, 379554, 216754, 162800, 1626285.1215938928, 76, 36, 40, 311.5591723737189, 37
51, 379639, 216789, 162850, 1626605.858621564, 85, 35, 50, 320.73702767108114, 36
1, 379677, 216827, 162850, 1626866.7410011839, 38, 38, 0, 260.88237961983884, 38
1, 379708, 216858, 162850, 1627113.902107361, 31, 31, 0, 247.1611061770567, 31
1, 379784, 216894, 162890, 1627425.4612797347, 76, 36, 40, 311.5591723737189, 37
1, 379849, 216929, 162920, 1627724.502431178, 65, 35, 30, 299.04115144336777, 36
51, 379945, 216975, 162970, 1628056.8193471928, 96, 46, 50, 332.31691601465747, 47
1, 380032, 217022, 163010, 1628380.7269281906, 87, 47, 40, 323.9075809977351, 48
1, 380073, 217063, 163010, 1628646.9708816342, 41, 41, 0, 266.24395344352433, 41
1, 380104, 217094, 163010, 1628894.1319878113, 31, 31, 0, 247.1611061770567, 31
1, 380173, 217133, 163040, 1629198.2441295215, 69, 39, 30, 304.1121417102006, 40
51, 380262, 217172, 163090, 1629523.2919950855, 89, 39, 50, 325.0478655640733, 40
1, 380303, 217213, 163090, 1629789.5359485291, 41, 41, 0, 266.24395344352433, 41
1, 380374, 217244, 163130, 1630095.1142593478, 71, 31, 40, 305.57831081870995, 32
1, 380418, 217288, 163130, 1630366.4652170378, 44, 44, 0, 271.35095769013947, 44
51, 380502, 217322, 163180, 1630686.1052274413, 84, 34, 50, 319.64001040350905, 35
1, 380574, 217364, 163210, 1630993.9002904657, 72, 42, 30, 307.79506302439404, 43
1, 380622, 217412, 163210, 1631271.7150930562, 48, 48, 0, 277.8148025904985, 48
1, 380733, 217453, 163280, 1631616.701811097, 111, 41, 70, 344.9867180408456, 43
51, 380819, 217489, 163330, 1631938.5279757446, 86, 36, 50, 321.82616464756694, 37
1, 380856, 217526, 163330, 1632197.5605472005, 37, 37, 0, 259.03257145596604, 37
1, 380898, 217568, 163330, 1632465.5335367026, 42, 42, 0, 267.97298950218305, 42
51, 381029, 217619, 163410, 1632827.2458649182, 131, 51, 80, 361.7123282155055, 53
1, 381111, 217661, 163450, 1633145.6675347616, 82, 42, 40, 318.42166984345636, 43
1, 381151, 217701, 163450, 1633410.1542206982, 40, 40, 0, 264.4866859365871, 40
1, 381221, 217741, 163480, 1633715.5049815502, 70, 40, 30, 305.3507608519078, 41
1, 381259, 217779, 163480, 1633976.38736117, 38, 38, 0, 260.88237961983884, 38
51, 381380, 217820, 163560, 1634329.4498402055, 121, 41, 80, 353.06247903554, 43
1, 381416, 217856, 163560, 1634586.5988144837, 36, 36, 0, 257.1489742783178, 36
1, 381533, 217903, 163630, 1634937.0856312823, 117, 47, 70, 350.4868167986058, 49
1, 381571, 217941, 163630, 1635197.9680109022, 38, 38, 0, 260.88237961983884, 38
51, 381659, 217979, 163680, 1635521.949442263, 88, 38, 50, 323.98143136087856, 39
1, 381742, 218022, 163720, 1635841.4843901922, 83, 43, 40, 319.5349479292333, 44
1, 381780, 218060, 163720, 1636102.366769812, 38, 38, 0, 260.88237961983884, 38
1, 381847, 218097, 163750, 1636403.9673250697, 67, 37, 30, 301.6005552576305, 38
51, 381940, 218140, 163800, 1636733.209604977, 93, 43, 50, 329.24227990714814, 44
1, 381975, 218175, 163800, 1636988.4395328867, 35, 35, 0, 255.22992790977875, 35
1, 382065, 218225, 163840, 1637315.5465617108, 90, 50, 40, 327.1070288241023, 51
1, 382108, 218268, 163840, 1637585.2215219138, 43, 43, 0, 269.6749602031015, 43
51, 382229, 218309, 163920, 1637938.2840009492, 121, 41, 80, 353.06247903554, 43
1, 382274, 218354, 163920, 1638211.2860073603, 45, 45, 0, 273.00200641113514, 45
1, 382319, 218399, 163920, 1638484.2880137714, 45, 45, 0, 273.00200641113514, 45
1, 382395, 218435, 163960, 1638795.8471861451, 76, 36, 40, 311.5591723737189, 37
51, 382519, 218479, 164040, 1639151.5465826932, 124, 44, 80, 355.6993965481514, 46
1, 382555, 218515, 164040, 1639408.6955569715, 36, 36, 0, 257.1489742783178, 36
1, 382606, 218566, 164040, 1639691.13006875, 51, 51, 0, 282.43451177837886, 51
1, 382717, 218607, 164110, 1640036.1167867908, 111, 41, 70, 344.9867180408456, 43
51, 382797, 218637, 164160, 1640351.286543035, 80, 30, 50, 315.1697562442441, 31
1, 382831, 218671, 164160, 1640604.5601833116, 34, 34, 0, 253.2736402766418, 34
1, 382904, 218704, 164200, 1640912.5614618808, 73, 33, 40, 308.00127856917646, 34
51, 383003, 218753, 164250, 1641247.8956764338, 99, 49, 50, 335.33421455299043, 50
1, 383072, 218792, 164280, 1641552.007818144, 69, 39, 30, 304.1121417102006, 40
1, 383117, 218837, 164280, 1641825.0098245551, 45, 45, 0, 273.00200641113514, 45
51, 383211, 218881, 164330, 1642155.2835504028, 94, 44, 50, 330.273725847777, 45
1, 383295, 218925, 164370, 1642475.9235608063, 84, 44, 40, 320.64001040350905, 45
1, 383344, 218974, 164370, 1642755.2986919128, 49, 49, 0, 279.3751311064591, 49
51, 383474, 219024, 164450, 1643116.1635294512, 130, 50, 80, 360.86483753851803, 52
1, 383522, 219072, 164450, 1643393.9783320418, 48, 48, 0, 277.8148025904985, 48
1, 383590, 219110, 164480, 1643696.8405031443, 68, 38, 30, 302.86217110259, 39
1, 383681, 219161, 164520, 1644024.999565083, 91, 51, 40, 328.1590619387661, 52
1, 383726, 219206, 164520, 1644298.0015714942, 45, 45, 0, 273.00200641113514, 45
51, 383845, 219245, 164600, 1644649.2849666965, 119, 39, 80, 351.28339520229764, 41
1, 383923, 219283, 164640, 1644963.1677533167, 78, 38, 40, 313.8827866200841, 39
1, 383968, 219328, 164640, 1645236.1697597278, 45, 45, 0, 273.00200641113514, 45
1, 384039, 219369, 164670, 1645542.7480705464, 71, 41, 30, 306.57831081870995, 42
51, 384125, 219405, 164720, 1645864.574235194, 86, 36, 50, 321.82616464756694, 37
1, 384172, 219452, 164720, 1646140.8072850634, 47, 47, 0, 276.2330498695885, 47
1, 384250, 219490, 164760, 1646454.6900716836, 78, 38, 40, 313.8827866200841, 39
51, 384363, 219523, 164840, 1646800.529115553, 113, 33, 80, 345.83904386951343, 35
1, 384409, 219569, 164840, 1647075.158184267, 46, 46, 0, 274.6290687140218, 46
1, 384474, 219604, 164870, 1647374.1993357104, 65, 35, 30, 299.04115144336777, 36
51, 384605, 219645, 164960, 1647734.911663926, 131, 41, 90, 360.7123282155055, 43
1, 384652, 219692, 164960, 1648011.1447137955, 47, 47, 0, 276.2330498695885, 47
1, 384728, 219738, 164990, 1648323.7038861692, 76, 46, 30, 312.5591723737189, 47
1, 384801, 219771, 165030, 1648631.7051647385, 73, 33, 40, 308.00127856917646, 34
1, 384848, 219818, 165030, 1648907.938214608, 47, 47, 0, 276.2330498695885, 47
51, 384941, 219861, 165080, 1649237.1804945152, 93, 43, 50, 329.24227990714814, 44
1, 385054, 219904, 165150, 1649584.0195383846, 113, 43, 70, 346.83904386951343, 45
1, 385087, 219937, 165150, 1649835.2977110774, 33, 33, 0, 251.27817269284301, 33
1, 385126, 219976, 165150, 1650097.9976510212, 39, 39, 0, 262.6999399439383, 39
51, 385267, 220027, 165240, 1650466.9893236866, 141, 51, 90, 368.9916726654594, 53
1, 385331, 220061, 165270, 1650764.7320361612, 64, 34, 30, 297.742712474619, 35
1, 385374, 220104, 165270, 1651034.4069963642, 43, 43, 0, 269.6749602031015, 43
1, 385459, 220149, 165310, 1651356.1440240354, 85, 45, 40, 321.73702767108114, 46
1, 385498, 220188, 165310, 1651618.8439639793, 39, 39, 0, 262.6999399439383, 39
51, 385582, 220222, 165360, 1651938.4839743827, 84, 34, 50, 319.64001040350905, 35
1, 385659, 220269, 165390, 1652252.2096381492, 77, 47, 30, 313.72566376652986, 48
1, 385735, 220305, 165430, 1652563.768810523, 76, 36, 40, 311.5591723737189, 37
1, 385774, 220344, 165430, 1652826.4687504668, 39, 39, 0, 262.6999399439383, 39
51, 385861, 220381, 165480, 1653149.3763314646, 87, 37, 50, 322.9075809977351, 38
1, 385902, 220422, 165480, 1653415.6202849082, 41, 41, 0, 266.24395344352433, 41
1, 385944, 220464, 165480, 1653683.5932744103, 42, 42, 0, 267.97298950218305, 42
1, 386062, 220512, 165550, 1654034.9805995792, 118, 48, 70, 351.3873251689181, 50
51, 386161, 220561, 165600, 1654370.3148141322, 99, 49, 50, 335.33421455299043, 50
1, 386200, 220600, 165600, 1654633.014754076, 39, 39, 0, 262.6999399439383, 39
1, 386273, 220633, 165640, 1654941.0160326452, 73, 33, 40, 308.00127856917646, 34
1, 386311, 220671, 165640, 1655201.898412265, 38, 38, 0, 260.88237961983884, 38
51, 386430, 220710, 165720, 1655553.1818074675, 119, 39, 80, 351.28339520229764, 41
1, 386474, 220754, 165720, 1655824.5327651575, 44, 44, 0, 271.35095769013947, 44
1, 386513, 220793, 165720, 1656087.2327051014, 39, 39, 0, 262.6999399439383, 39
1, 386552, 220832, 165720, 1656349.9326450452, 39, 39, 0, 262.6999399439383, 39
51, 386684, 220874, 165810, 1656711.4887674723, 132, 42, 90, 361.55612242701943, 44
1, 386753, 220913, 165840, 1657015.6009091826, 69, 39, 30, 304.1121417102006, 40
1, 386838, 220958, 165880, 1657337.3379368538, 85, 45, 40, 321.73702767108114, 46
1, 386882, 221002, 165880, 1657608.6888945438, 44, 44, 0, 271.35095769013947, 44
51, 386983, 221053, 165930, 1657946.004282516, 101, 51, 50, 337.31538797227006, 52
1, 387022, 221092, 165930, 1658208.7042224598, 39, 39, 0, 262.6999399439383, 39
1, 387094, 221134, 165960, 1658516.4992854842, 72, 42, 30, 307.79506302439404, 43
1, 387170, 221170, 166000, 1658828.058457858, 76, 36, 40, 311.5591723737189, 37
1, 387243, 221213, 166030, 1659137.0597364272, 73, 43, 30, 309.00127856917646, 44
51, 387325, 221245, 166080, 1659454.4814062705, 82, 32, 50, 317.42166984345636, 33
1, 387419, 221299, 166120, 1659785.7551321182, 94, 54, 40, 331.273725847777, 55
1, 387466, 221346, 166120, 1660061.9881819878, 47, 47, 0, 276.2330498695885, 47
1, 387505, 221385, 166120, 1660324.6881219316, 39, 39, 0, 262.6999399439383, 39
51, 387605, 221435, 166170, 1660661.0158879485, 100, 50, 50, 336.327766016838, 51
1, 387676, 221476, 166200, 1660967.594198767, 71, 41, 30, 306.57831081870995, 42
1, 387760, 221520, 166240, 1661288.2342091706, 84, 44, 40, 320.64001040350905, 45
1, 387798, 221558, 166240, 1661549.1165887904, 38, 38, 0, 260.88237961983884, 38
1, 387899, 221589, 166310, 1661884.5319767627, 101, 31, 70, 335.41538797227, 33
51, 387992, 221632, 166360, 1662213.77425667, 93, 43, 50, 329.24227990714814, 44
1, 388033, 221673, 166360, 1662480.0182101135, 41, 41, 0, 266.24395344352433, 41
1, 388110, 221720, 166390, 1662793.74387388, 77, 47, 30, 313.72566376652986, 48
1, 388197, 221767, 166430, 1663117.6514548778, 87, 47, 40, 323.9075809977351, 48
51, 388291, 221811, 166480, 1663447.9251807255, 94, 44, 50, 330.273725847777, 45
1, 388359, 221849, 166510, 1663750.787351828, 68, 38, 30, 302.86217110259, 39
1, 388441, 221891, 166550, 1664069.2090216714, 82, 42, 40, 318.42166984345636, 43
1, 388485, 221935, 166550, 1664340.5599793615, 44, 44, 0, 271.35095769013947, 44
1, 388556, 221976, 166580, 1664647.1382901801, 71, 41, 30, 306.57831081870995, 42
51, 388691, 222021, 166670, 1665011.2041001203, 135, 45, 90, 364.06580994024984, 47
1, 388733, 222063, 166670, 1665279.1770896225, 42, 42, 0, 267.97298950218305, 42
1, 388771, 222101, 166670, 1665540.0594692423, 38, 38, 0, 260.88237961983884, 38
1, 388844, 222134, 166710, 1665848.0607478116, 73, 33, 40, 308.00127856917646, 34
51, 388949, 222189, 166760, 1666189.269335106, 105, 55, 50, 341.208587294368, 56
1, 389026, 222236, 166790, 1666502.9949988725, 77, 47, 30, 313.72566376652986, 48
1, 389056, 222266, 166790, 1666748.0297308045, 30, 30, 0, 245.0347319320716, 30
1, 389131, 222301, 166830, 1667058.4128264429, 75, 35, 40, 310.38309563827124, 36
1, 389163, 222333, 166830, 1667307.6542494434, 32, 32, 0, 249.24142300054422, 32
51, 389279, 222369, 166910, 1667656.2360529345, 116, 36, 80, 348.5818034911291, 38
1, 389315, 222405, 166910, 1667913.3850272128, 36, 36, 0, 257.1489742783178, 36
1, 389366, 222456, 166910, 1668195.8195389912, 51, 51, 0, 282.43451177837886, 51
51, 389490, 222490, 167000, 1668550.5189355393, 124, 34, 90, 354.6993965481514, 36
1, 389555, 222525, 167030, 1668849.5600869826, 65, 35, 30, 299.04115144336777, 36
1, 389597, 222567, 167030, 1669117.5330764847, 42, 42, 0, 267.97298950218305, 42
1, 389658, 222598, 167060, 1669411.3013157519, 61, 31, 30, 293.7682392671241, 32
51, 389742, 222632, 167110, 1669730.9413261553, 84, 34, 50, 319.64001040350905, 35
1, 389775, 222665, 167110, 1669982.219498848, 33, 33, 0, 251.27817269284301, 33
1, 389857, 222707, 167150, 1670300.6411686915, 82, 42, 40, 318.42166984345636, 43
1, 389900, 222750, 167150, 1670570.3161288945, 43, 43, 0, 269.6749602031015, 43
51, 389984, 222784, 167200, 1670889.956139298, 84, 34, 50, 319.64001040350905, 35
1, 390053, 222823, 167230, 1671194.0682810082, 69, 39, 30, 304.1121417102006, 40
1, 390135, 222865, 167270, 1671512.4899508515, 82, 42, 40, 318.42166984345636, 43
1, 390175, 222905, 167270, 1671776.976636788, 40, 40, 0, 264.4866859365871, 40
51, 390310, 222950, 167360, 1672141.0424467283, 135, 45, 90, 364.06580994024984, 47
1, 390383, 222993, 167390, 1672450.0437252976, 73, 43, 30, 309.00127856917646, 44
1, 390423, 223033, 167390, 1672714.5304112341, 40, 40, 0, 264.4866859365871, 40
1, 390467, 223077, 167390, 1672985.8813689242, 44, 44, 0, 271.35095769013947, 44
1, 390559, 223129, 167430, 1673315.0854703924, 92, 52, 40, 329.20410146824725, 53
51, 390675, 223165, 167510, 1673663.6672738835, 116, 36, 80, 348.5818034911291, 38
1, 390721, 223211, 167510, 1673938.2963425976, 46, 46, 0, 274.6290687140218, 46
1, 390796, 223246, 167550, 1674248.679438236, 75, 35, 40, 310.38309563827124, 36
1, 390836, 223286, 167550, 1674513.1661241725, 40, 40, 0, 264.4866859365871, 40
51, 390934, 223334, 167600, 1674847.500752537, 98, 48, 50, 334.33462836457886, 49
1, 391009, 223379, 167630, 1675158.8838481754, 75, 45, 30, 311.38309563827124, 46
1, 391054, 223424, 167630, 1675431.8858545865, 45, 45, 0, 273.00200641113514, 45
1, 391143, 223473, 167670, 1675757.9337201505, 89, 49, 40, 326.0478655640733, 50
51, 391265, 223515, 167750, 1676111.8793387043, 122, 42, 80, 353.9456185537469, 44
1, 391313, 223563, 167750, 1676389.6941412948, 48, 48, 0, 277.8148025904985, 48
1, 391422, 223602, 167820, 1676732.8087727944, 109, 39, 70, 343.114631499574, 41
1, 391466, 223646, 167820, 1677004.1597304845, 44, 44, 0, 271.35095769013947, 44
51, 391562, 223692, 167870, 1677336.4766464992, 96, 46, 50, 332.31691601465747, 47
1, 391627, 223727, 167900, 1677635.5177979425, 65, 35, 30, 299.04115144336777, 36
1, 391713, 223773, 167940, 1677958.34396259, 86, 46, 40, 322.82616464756694, 47
1, 391755, 223815, 167940, 1678226.316952092, 42, 42, 0, 267.97298950218305, 42
51, 391891, 223861, 168030, 1678591.212249127, 136, 46, 90, 364.89529703482884, 48
1, 391960, 223900, 168060, 1678895.3243908372, 69, 39, 30, 304.1121417102006, 40
1, 392047, 223947, 168100, 1679219.231971835, 87, 47, 40, 323.9075809977351, 48
51, 392130, 223980, 168150, 1679537.7669197642, 83, 33, 50, 318.5349479292333, 34
1, 392210, 224020, 168190, 1679853.9366760084, 80, 40, 40, 316.1697562442441, 41
1, 392249, 224059, 168190, 1680116.6366159522, 39, 39, 0, 262.6999399439383, 39
1, 392282, 224092, 168190, 1680367.914788645, 33, 33, 0, 251.27817269284301, 33
51, 392402, 224132, 168270, 1680720.0898806097, 120, 40, 80, 352.1750919646873, 42
1, 392478, 224168, 168310, 1681031.6490529834, 76, 36, 40, 311.5591723737189, 37
1, 392547, 224207, 168340, 1681335.7611946936, 69, 39, 30, 304.1121417102006, 40
1, 392588, 224248, 168340, 1681602.0051481372, 41, 41, 0, 266.24395344352433, 41
1, 392666, 224296, 168370, 1681916.8879347574, 78, 48, 30, 314.8827866200841, 49
51, 392794, 224334, 168460, 1682275.0465008589, 128, 38, 90, 358.1585661014858, 40
1, 392862, 224372, 168490, 1682577.9086719614, 68, 38, 30, 302.86217110259, 39
1, 392904, 224414, 168490, 1682845.8816614635, 42, 42, 0, 267.97298950218305, 42
1, 392980, 224450, 168530, 1683157.4408338373, 76, 36, 40, 311.5591723737189, 37
51, 393106, 224496, 168610, 1683514.8777297207, 126, 46, 80, 357.43689588345075, 48
1, 393146, 224536, 168610, 1683779.3644156572, 40, 40, 0, 264.4866859365871, 40
1, 393188, 224578, 168610, 1684047.3374051594, 42, 42, 0, 267.97298950218305, 42
1, 393233, 224623, 168610, 1684320.3394115705, 45, 45, 0, 273.00200641113514, 45
1, 393302, 224662, 168640, 1684624.4515532807, 69, 39, 30, 304.1121417102006, 40
51, 393425, 224695, 168730, 1684978.2761245426, 123, 33, 90, 353.8245712617827, 35
1, 393473, 224743, 168730, 1685256.090927133, 48, 48, 0, 277.8148025904985, 48
1, 393514, 224784, 168730, 1685522.3348805767, 41, 41, 0, 266.24395344352433, 41
1, 393559, 224829, 168730, 1685795.3368869878, 45, 45, 0, 273.00200641113514, 45
51, 393723, 224873, 168850, 1686179.295077824, 164, 44, 120, 383.9581908363381, 47
1, 393749, 224899, 168850, 1686415.3051642594, 26, 26, 0, 236.01008643532256, 26
1, 393832, 224942, 168890, 1686734.8401121886, 83, 43, 40, 319.5349479292333, 44
1, 393870, 224980, 168890, 1686995.7224918085, 38, 38, 0, 260.88237961983884, 38
51, 393990, 225020, 168970, 1687347.8975837731, 120, 40, 80, 352.1750919646873, 42
1, 394027, 225057, 168970, 1687606.930155229, 37, 37, 0, 259.03257145596604, 37
1, 394130, 225090, 169040, 1687944.3034052846, 103, 33, 70, 337.37325005549695, 35
51, 394214, 225124, 169090, 1688263.9434156881, 84, 34, 50, 319.64001040350905, 35
1, 394255, 225165, 169090, 1688530.1873691317, 41, 41, 0, 266.24395344352433, 41
1, 394335, 225215, 169120, 1688847.357125376, 80, 50, 30, 317.1697562442441, 51
51, 394421, 225251, 169170, 1689169.1832900234, 86, 36, 50, 321.82616464756694, 37
1, 394454, 225284, 169170, 1689420.461462716, 33, 33, 0, 251.27817269284301, 33
1, 394544, 225334, 169210, 1689747.5684915402, 90, 50, 40, 327.1070288241023, 51
51, 394637, 225377, 169260, 1690076.8107714474, 93, 43, 50, 329.24227990714814, 44
1, 394709, 225419, 169290, 1690384.6058344718, 72, 42, 30, 307.79506302439404, 43
1, 394751, 225461, 169290, 1690652.578823974, 42, 42, 0, 267.97298950218305, 42
1, 394793, 225503, 169290, 1690920.551813476, 42, 42, 0, 267.97298950218305, 42
1, 394902, 225542, 169360, 1691263.6664449756, 109, 39, 70, 343.114631499574, 41
51, 394993, 225583, 169410, 1691590.8255069144, 91, 41, 50, 327.1590619387661, 42
1, 395059, 225619, 169440, 1691891.1524951917, 66, 36, 30, 300.32698827717985, 37
1, 395140, 225660, 169480, 1692208.4524951917, 81, 41, 40, 317.3, 42
1, 395213, 225703, 169510, 1692517.453773761, 73, 43, 30, 309.00127856917646, 44
1, 395250, 225740, 169510, 1692776.4863452169, 37, 37, 0, 259.03257145596604, 37
51, 395347, 225787, 169560, 1693109.8152444884, 97, 47, 50, 333.3288992714996, 48
1, 395453, 225823, 169630, 1693450.083288098, 106, 36, 70, 340.2680436096278, 38
1, 395492, 225862, 169630, 1693712.7832280418, 39, 39, 0, 262.6999399439383, 39
1, 395532, 225902, 169630, 1693977.2699139784, 40, 40, 0, 264.4866859365871, 40
51, 395621, 225941, 169680, 1694302.3177795424, 89, 39, 50, 325.0478655640733, 40
1, 395657, 225977, 169680, 1694559.4667538207, 36, 36, 0, 257.1489742783178, 36
1, 395719, 226009, 169710, 1694854.5733801504, 62, 32, 30, 295.1066263296683, 33
1, 395803, 226053, 169750, 1695175.2133905538, 84, 44, 40, 320.64001040350905, 45
1, 395843, 226093, 169750, 1695439.7000764904, 40, 40, 0, 264.4866859365871, 40
51, 395964, 226134, 169830, 1695792.7625555259, 121, 41, 80, 353.06247903554, 43
1, 396002, 226172, 169830, 1696053.6449351457, 38, 38, 0, 260.88237961983884, 38
1, 396037, 226207, 169830, 1696308.8748630555, 35, 35, 0, 255.22992790977875, 35
1, 396144, 226244, 169900, 1696650.0970083252, 107, 37, 70, 341.2221452697031, 39
51, 396230, 226280, 169950, 1696971.9231729726, 86, 36, 50, 321.82616464756694, 37
1, 396264, 226314, 169950, 1697225.1968132493, 34, 34, 0, 253.2736402766418, 34
1, 396312, 226362, 169950, 1697503.0116158398, 48, 48, 0, 277.8148025904985, 48
1, 396416, 226396, 170020, 1697841.3553025972, 104, 34, 70, 338.343686757474, 36
51, 396512, 226442, 170070, 1698173.672218612, 96, 46, 50, 332.31691601465747, 47
1, 396550, 226480, 170070, 1698434.5545982318, 38, 38, 0, 260.88237961983884, 38
1, 396636, 226526, 170110, 1698757.3807628793, 86, 46, 40, 322.82616464756694, 47
51, 396760, 226570, 170190, 1699113.0801594274, 124, 44, 80, 355.6993965481514, 46
1, 396791, 226601, 170190, 1699360.2412656045, 31, 31, 0, 247.1611061770567, 31
1, 396836, 226646, 170190, 1699633.2432720156, 45, 45, 0, 273.00200641113514, 45
1, 396924, 226694, 170230, 1699958.2247033764, 88, 48, 40, 324.98143136087856, 49
51, 397040, 226730, 170310, 1700306.8065068675, 116, 36, 80, 348.5818034911291, 38
1, 397121, 226771, 170350, 1700624.1065068676, 81, 41, 40, 317.3, 42
1, 397190, 226810, 170380, 1700928.2186485778, 69, 39, 30, 304.1121417102006, 40
1, 397231, 226851, 170380, 1701194.4626020214, 41, 41, 0, 266.24395344352433, 41
1, 397303, 226893, 170410, 1701502.2576650458, 72, 42, 30, 307.79506302439404, 43
51, 397444, 226944, 170500, 1701871.2493377111, 141, 51, 90, 368.9916726654594, 53
1, 397491, 226991, 170500, 1702147.4823875807, 47, 47, 0, 276.2330498695885, 47
1, 397523, 227023, 170500, 1702396.7238105813, 32, 32, 0, 249.24142300054422, 32
1, 397590, 227060, 170530, 1702698.324365839, 67, 37, 30, 301.6005552576305, 38
1, 397626, 227096, 170530, 1702955.4733401171, 36, 36, 0, 257.1489742783178, 36
51, 397753, 227133, 170620, 1703312.7730224165, 127, 37, 90, 357.2996822992933, 39
1, 397795, 227175, 170620, 1703580.7460119186, 42, 42, 0, 267.97298950218305, 42
1, 397833, 227213, 170620, 1703841.6283915385, 38, 38, 0, 260.88237961983884, 38
1, 397902, 227252, 170650, 1704145.7405332488, 69, 39, 30, 304.1121417102006, 40
1, 397995, 227305, 170690, 1704475.982813156, 93, 53, 40, 330.24227990714814, 54
51, 398112, 227342, 170770, 1704825.4696299545, 117, 37, 80, 349.4868167986058, 39
1, 398152, 227382, 170770, 1705089.9563158911, 40, 40, 0, 264.4866859365871, 40
1, 398201, 227431, 170770, 1705369.3314469976, 49, 49, 0, 279.3751311064591, 49
51, 398293, 227473, 170820, 1705697.5355484658, 92, 42, 50, 328.20410146824725, 43
1, 398367, 227507, 170860, 1706006.7327572326, 74, 34, 40, 309.1972087668518, 35
1, 398415, 227555, 170860, 1706284.5475598231, 48, 48, 0, 277.8148025904985, 48
51, 398540, 227600, 170940, 1706641.1177123114, 125, 45, 80, 356.57015248821097, 47
1, 398583, 227643, 170940, 1706910.7926725144, 43, 43, 0, 269.6749602031015, 43
1, 398664, 227684, 170980, 1707228.0926725145, 81, 41, 40, 317.3, 42
1, 398734, 227724, 171010, 1707533.4434333665, 70, 40, 30, 305.3507608519078, 41
51, 398821, 227761, 171060, 1707856.3510143643, 87, 37, 50, 322.9075809977351, 38
1, 398920, 227790, 171130, 1708189.7852289174, 99, 29, 70, 333.43421455299045, 31
1, 398971, 227841, 171130, 1708472.2197406958, 51, 51, 0, 282.43451177837886, 51
51, 399094, 227884, 171210, 1708827.0443119577, 123, 43, 80, 354.8245712617827, 45
1, 399189, 227939, 171250, 1709159.342876093, 95, 55, 40, 332.2985641352145, 56
1, 399221, 227971, 171250, 1709408.5842990936, 32, 32, 0, 249.24142300054422, 32
51, 399333, 228003, 171330, 1709753.4996114331, 112, 32, 80, 344.91531233955715, 34
1, 399373, 228043, 171330, 1710017.9862973697, 40, 40, 0, 264.4866859365871, 40
1, 399423, 228093, 171330, 1710298.9010922168, 50, 50, 0, 280.9147948472494, 50
51, 399570, 228150, 171420, 1710672.7015467396, 147, 57, 90, 373.8004545227094, 59
1, 399632, 228182, 171450, 1710967.8081730693, 62, 32, 30, 295.1066263296683, 33
1, 399675, 228225, 171450, 1711237.4831332723, 43, 43, 0, 269.6749602031015, 43
1, 399749, 228269, 171480, 1711547.680342039, 74, 44, 30, 310.1972087668518, 45
1, 399791, 228311, 171480, 1711815.6533315412, 42, 42, 0, 267.97298950218305, 42
51, 399918, 228348, 171570, 1712172.9530138406, 127, 37, 90, 357.2996822992933, 39
1, 399952, 228382, 171570, 1712426.2266541172, 34, 34, 0, 253.2736402766418, 34
1, 399996, 228426, 171570, 1712697.5776118073, 44, 44, 0, 271.35095769013947, 44
1, 400038, 228468, 171570, 1712965.5506013094, 42, 42, 0, 267.97298950218305, 42
1, 400141, 228501, 171640, 1713302.923851365, 103, 33, 70, 337.37325005549695, 35
51, 400225, 228535, 171690, 1713622.5638617685, 84, 34, 50, 319.64001040350905, 35
1, 400269, 228579, 171690, 1713893.9148194585, 44, 44, 0, 271.35095769013947, 44
1, 400309, 228619, 171690, 1714158.401505395, 40, 40, 0, 264.4866859365871, 40
1, 400428, 228668, 171760, 1714510.6849005974, 119, 49, 70, 352.28339520229764, 51
51, 400509, 228699, 171810, 1714826.9849005975, 81, 31, 50, 316.3, 32
1, 400577, 228727, 171850, 1715128.8470717, 68, 28, 40, 301.86217110259, 29
1, 400631, 228781, 171850, 1715415.727672783, 54, 54, 0, 286.88060108295343, 54
1, 400695, 228815, 171880, 1715713.4703852576, 64, 34, 30, 297.742712474619, 35
51, 400789, 228859, 171930, 1716043.7441111053, 94, 44, 50, 330.273725847777, 45
1, 400898, 228898, 172000, 1716386.858742605, 109, 39, 70, 343.114631499574, 41
1, 400931, 228931, 172000, 1716638.1369152977, 33, 33, 0, 251.27817269284301, 33
1, 400970, 228970, 172000, 1716900.8368552416, 39, 39, 0, 262.6999399439383, 39
51, 401058, 229008, 172050, 1717224.8182866024, 88, 38, 50, 323.98143136087856, 39
1, 401097, 229047, 172050, 1717487.5182265462, 39, 39, 0, 262.6999399439383, 39
1, 401162, 229082, 172080, 1717786.5593779895, 65, 35, 30, 299.04115144336777, 36
1, 401249, 229129, 172120, 1718110.4669589873, 87, 47, 40, 323.9075809977351, 48
1, 401300, 229180, 172120, 1718392.9014707657, 51, 51, 0, 282.43451177837886, 51
51, 401393, 229223, 172170, 1718722.143750673, 93, 43, 50, 329.24227990714814, 44
1, 401503, 229263, 172240, 1719066.1969347193, 110, 40, 70, 344.0531840464366, 42
1, 401555, 229315, 172240, 1719350.1318961475, 52, 52, 0, 283.93496142826496, 52
1, 401593, 229353, 172240, 1719611.0142757674, 38, 38, 0, 260.88237961983884, 38
1, 401705, 229395, 172310, 1719956.929588107, 112, 42, 70, 345.91531233955715, 44
51, 401788, 229428, 172360, 1720275.4645360361, 83, 33, 50, 318.5349479292333, 34
1, 401822, 229462, 172360, 1720528.7381763128, 34, 34, 0, 253.2736402766418, 34
1, 401873, 229513, 172360, 1720811.1726880912, 51, 51, 0, 282.43451177837886, 51
1, 401938, 229548, 172390, 1721110.2138395344, 65, 35, 30, 299.04115144336777, 36
1, 401976, 229586, 172390, 1721371.0962191543, 38, 38, 0, 260.88237961983884, 38
51, 402114, 229634, 172480, 1721737.6401487063, 138, 48, 90, 366.54392955194305, 50
1, 402184, 229674, 172510, 1722042.9909095583, 70, 40, 30, 305.3507608519078, 41
1, 402217, 229707, 172510, 1722294.269082251, 33, 33, 0, 251.27817269284301, 33
1, 402251, 229741, 172510, 1722547.5427225276, 34, 34, 0, 253.2736402766418, 34
1, 402334, 229784, 172550, 1722867.0776704568, 83, 43, 40, 319.5349479292333, 44
51, 402422, 229822, 172600, 1723191.0591018177, 88, 38, 50, 323.98143136087856, 39
1, 402492, 229862, 172630, 1723496.4098626697, 70, 40, 30, 305.3507608519078, 41
1, 402527, 229897, 172630, 1723751.6397905794, 35, 35, 0, 255.22992790977875, 35
51, 402610, 229930, 172680, 1724070.1747385086, 83, 33, 50, 318.5349479292333, 34
1, 402693, 229973, 172720, 1724389.7096864379, 83, 43, 40, 319.5349479292333, 44
1, 402734, 230014, 172720, 1724655.9536398815, 41, 41, 0, 266.24395344352433, 41
1, 402842, 230052, 172790, 1724998.1246194285, 108, 38, 70, 342.1709795470626, 40
1, 402880, 230090, 172790, 1725259.0069990484, 38, 38, 0, 260.88237961983884, 38
51, 402958, 230118, 172840, 1725571.8897856686, 78, 28, 50, 312.8827866200841, 29
1, 402989, 230149, 172840, 1725819.0508918457, 31, 31, 0, 247.1611061770567, 31
1, 403109, 230199, 172910, 1726172.2259838104, 120, 50, 70, 353.1750919646873, 52
1, 403141, 230231, 172910, 1726421.467406811, 32, 32, 0, 249.24142300054422, 32
51, 403260, 230270, 172990, 1726772.7508020133, 119, 39, 80, 351.28339520229764, 41
1, 403334, 230304, 173030, 1727081.9480107802, 74, 34, 40, 309.1972087668518, 35
1, 403404, 230344, 173060, 1727387.2987716321, 70, 40, 30, 305.3507608519078, 41
1, 403443, 230383, 173060, 1727649.998711576, 39, 39, 0, 262.6999399439383, 39
51, 403560, 230420, 173140, 1727999.4855283746, 117, 37, 80, 349.4868167986058, 39
1, 403641, 230461, 173180, 1728316.7855283746, 81, 41, 40, 317.3, 42
1, 403688, 230508, 173180, 1728593.0185782441, 47, 47, 0, 276.2330498695885, 47
1, 403723, 230543, 173180, 1728848.248506154, 35, 35, 0, 255.22992790977875, 35
51, 403848, 230578, 173270, 1729203.8186586422, 125, 35, 90, 355.57015248821097, 37
1, 403890, 230620, 173270, 1729471.7916481444, 42, 42, 0, 267.97298950218305, 42
1, 403955, 230655, 173300, 1729770.8327995876, 65, 35, 30, 299.04115144336777, 36
1, 404000, 230700, 173300, 1730043.8348059987, 45, 45, 0, 273.00200641113514, 45
1, 404040, 230740, 173300, 1730308.3214919353, 40, 40, 0, 264.4866859365871, 40
51, 404213, 230793, 173420, 1730698.8914029833, 173, 53, 120, 390.5699110481307, 56
1, 404252, 230832, 173420, 1730961.5913429272, 39, 39, 0, 262.6999399439383, 39
1, 404295, 230875, 173420, 1731231.2663031302, 43, 43, 0, 269.6749602031015, 43
1, 404336, 230916, 173420, 1731497.5102565738, 41, 41, 0, 266.24395344352433, 41
51, 404466, 230956, 173510, 1731857.3750941122, 130, 40, 90, 359.86483753851803, 42
1, 404499, 230989, 173510, 1732108.653266805, 33, 33, 0, 251.27817269284301, 33
1, 404575, 231035, 173540, 1732421.2124391787, 76, 46, 30, 312.5591723737189, 47
1, 404649, 231069, 173580, 1732730.4096479455, 74, 34, 40, 309.1972087668518, 35
51, 404739, 231109, 173630, 1733056.5166767696, 90, 40, 50, 326.1070288241023, 41
1, 404774, 231144, 173630, 1733311.7466046794, 35, 35, 0, 255.22992790977875, 35
1, 404817, 231187, 173630, 1733581.4215648824, 43, 43, 0, 269.6749602031015, 43
1, 404887, 231227, 173660, 1733886.7723257344, 70, 40, 30, 305.3507608519078, 41
51, 405025, 231275, 173750, 1734253.3162552863, 138, 48, 90, 366.54392955194305, 50
1, 405063, 231313, 173750, 1734514.1986349062, 38, 38, 0, 260.88237961983884, 38
1, 405130, 231350, 173780, 1734815.7991901638, 67, 37, 30, 301.6005552576305, 38
1, 405178, 231398, 173780, 1735093.6139927544, 48, 48, 0, 277.8148025904985, 48
51, 405262, 231432, 173830, 1735413.2540031578, 84, 34, 50, 319.64001040350905, 35
1, 405340, 231470, 173870, 1735727.136789778, 78, 38, 40, 313.8827866200841, 39
1, 405399, 231499, 173900, 1736018.1855900255, 59, 29, 30, 291.0488002476036, 30
1, 405432, 231532, 173900, 1736269.4637627183, 33, 33, 0, 251.27817269284301, 33
51, 405591, 231571, 174020, 1736649.6626251906, 159, 39, 120, 380.1988624723894, 42
1, 405620, 231600, 174020, 1736892.522203901, 29, 29, 0, 242.8595787106084, 29
1, 405691, 231641, 174050, 1737199.1005147197, 71, 41, 30, 306.57831081870995, 42
1, 405734, 231684, 174050, 1737468.7754749227, 43, 43, 0, 269.6749602031015, 43
51, 405824, 231724, 174100, 1737794.8825037468, 90, 40, 50, 326.1070288241023, 41
1, 405936, 231766, 174170, 1738140.7978160863, 112, 42, 70, 345.91531233955715, 44
1, 405984, 231814, 174170, 1738418.6126186769, 48, 48, 0, 277.8148025904985, 48
1, 406020, 231850, 174170, 1738675.761592955, 36, 36, 0, 257.1489742783178, 36
1, 406094, 231894, 174200, 1738985.958801722, 74, 44, 30, 310.1972087668518, 45
51, 406187, 231937, 174250, 1739315.2010816291, 93, 43, 50, 329.24227990714814, 44
1, 406237, 231987, 174250, 1739596.1158764763, 50, 50, 0, 280.9147948472494, 50
1, 406356, 232036, 174320, 1739948.3992716786, 119, 49, 70, 352.28339520229764, 51
1, 406398, 232078, 174320, 1740216.3722611808, 42, 42, 0, 267.97298950218305, 42
51, 406488, 232118, 174370, 1740542.4792900048, 90, 40, 50, 326.1070288241023, 41
1, 406561, 232161, 174400, 1740851.480568574, 73, 43, 30, 309.00127856917646, 44
1, 406643, 232203, 174440, 1741169.9022384174, 82, 42, 40, 318.42166984345636, 43
1, 406689, 232249, 174440, 1741444.5313071315, 46, 46, 0, 274.6290687140218, 46
51, 406776, 232286, 174490, 1741767.4388881293, 87, 37, 50, 322.9075809977351, 38
1, 406822, 232332, 174490, 1742042.0679568434, 46, 46, 0, 274.6290687140218, 46
1, 406891, 232371, 174520, 1742346.1800985537, 69, 39, 30, 304.1121417102006, 40
51, 406977, 232407, 174570, 1742668.0062632011, 86, 36, 50, 321.82616464756694, 37
1, 407050, 232440, 174610, 1742976.0075417703, 73, 33, 40, 308.00127856917646, 34
1, 407092, 232482, 174610, 1743243.9805312725, 42, 42, 0, 267.97298950218305, 42
1, 407133, 232523, 174610, 1743510.224484716, 41, 41, 0, 266.24395344352433, 41
51, 407258, 232568, 174690, 1743866.7946372044, 125, 45, 80, 356.57015248821097, 47
1, 407303, 232613, 174690, 1744139.7966436155, 45, 45, 0, 273.00200641113514, 45
1, 407345, 232655, 174690, 1744407.7696331176, 42, 42, 0, 267.97298950218305, 42
1, 407433, 232703, 174730, 1744732.7510644784, 88, 48, 40, 324.98143136087856, 49
51, 407520, 232740, 174780, 1745055.6586454762, 87, 37, 50, 322.9075809977351, 38
1, 407559, 232779, 174780, 1745318.35858542, 39, 39, 0, 262.6999399439383, 39
1, 407628, 232818, 174810, 1745622.4707271303, 69, 39, 30, 304.1121417102006, 40
1, 407661, 232851, 174810, 1745873.748899823, 33, 33, 0, 251.27817269284301, 33
51, 407788, 232888, 174900, 1746231.0485821224, 127, 37, 90, 357.2996822992933, 39
1, 407855, 232925, 174930, 1746532.64913738, 67, 37, 30, 301.6005552576305, 38
1, 407900, 232970, 174930, 1746805.6511437912, 45, 45, 0, 273.00200641113514, 45
51, 407989, 233009, 174980, 1747130.6990093552, 89, 39, 50, 325.0478655640733, 40
1, 408025, 233045, 174980, 1747387.8479836334, 36, 36, 0, 257.1489742783178, 36
1, 408130, 233080, 175050, 1747727.1565709277, 105, 35, 70, 339.30858729436795, 37
51, 408229, 233129, 175100, 1748062.4907854807, 99, 49, 50, 335.33421455299043, 50
1, 408342, 233172, 175170, 1748409.32982935, 113, 43, 70, 346.83904386951343, 45
1, 408378, 233208, 175170, 1748666.4788036284, 36, 36, 0, 257.1489742783178, 36
1, 408429, 233259, 175170, 1748948.9133154068, 51, 51, 0, 282.43451177837886, 51
1, 408499, 233289, 175210, 1749253.2640762588, 70, 30, 40, 304.3507608519078, 31
51, 408625, 233335, 175290, 1749610.7009721422, 126, 46, 80, 357.43689588345075, 48
1, 408661, 233371, 175290, 1749867.8499464204, 36, 36, 0, 257.1489742783178, 36
1, 408707, 233417, 175290, 1750142.4790151345, 46, 46, 0, 274.6290687140218, 46
1, 408739, 233449, 175290, 1750391.720438135, 32, 32, 0, 249.24142300054422, 32
51, 408905, 233495, 175410, 1750777.164705769, 166, 46, 120, 385.4442676339201, 49
1, 408936, 233526, 175410, 1751024.325811946, 31, 31, 0, 247.1611061770567, 31
1, 408984, 233574, 175410, 1751302.1406145366, 48, 48, 0, 277.8148025904985, 48
1, 409052, 233612, 175440, 1751605.0027856391, 68, 38, 30, 302.86217110259, 39
1, 409094, 233654, 175440, 1751872.9757751413, 42, 42, 0, 267.97298950218305, 42
51, 409221, 233691, 175530, 1752230.2754574406, 127, 37, 90, 357.2996822992933, 39
1, 409263, 233733, 175530, 1752498.2484469428, 42, 42, 0, 267.97298950218305, 42
1, 409293, 233763, 175530, 1752743.2831788748, 30, 30, 0, 245.0347319320716, 30
1, 409365, 233805, 175560, 1753051.0782418991, 72, 42, 30, 307.79506302439404, 43
1, 409417, 233857, 175560, 1753335.0132033273, 52, 52, 0, 283.93496142826496, 52
51, 409572, 233892, 175680, 1753712.1573558648, 155, 35, 120, 377.14415253747273, 38
1, 409611, 233931, 175680, 1753974.8572958086, 39, 39, 0, 262.6999399439383, 39
1, 409646, 233966, 175680, 1754230.0872237184, 35, 35, 0, 255.22992790977875, 35
1, 409714, 234004, 175710, 1754532.949394821, 68, 38, 30, 302.86217110259, 39
51, 409804, 234044, 175760, 1754859.056423645, 90, 40, 50, 326.1070288241023, 41
1, 409848, 234088, 175760, 1755130.407381335, 44, 44, 0, 271.35095769013947, 44
1, 409933, 234133, 175800, 1755452.1444090062, 85, 45, 40, 321.73702767108114, 46
1, 410001, 234171, 175830, 1755755.0065801088, 68, 38, 30, 302.86217110259, 39
1, 410050, 234220, 175830, 1756034.3817112152, 49, 49, 0, 279.3751311064591, 49
51, 410142, 234262, 175880, 1756362.5858126835, 92, 42, 50, 328.20410146824725, 43
1, 410220, 234300, 175920, 1756676.4685993036, 78, 38, 40, 313.8827866200841, 39
1, 410273, 234353, 175920, 1756961.8853869445, 53, 53, 0, 285.4167876408086, 53
1, 410311, 234391, 175920, 1757222.7677665644, 38, 38, 0, 260.88237961983884, 38
51, 410478, 234438, 176040, 1757608.9513960015, 167, 47, 120, 386.1836294370035, 50
1, 410513, 234473, 176040, 1757864.1813239113, 35, 35, 0, 255.22992790977875, 35
1, 410557, 234517, 176040, 1758135.5322816013, 44, 44, 0, 271.35095769013947, 44
1, 410641, 234561, 176080, 1758456.1722920048, 84, 44, 40, 320.64001040350905, 45
51, 410734, 234604, 176130, 1758785.414571912, 93, 43, 50, 329.24227990714814, 44
1, 410839, 234639, 176200, 1759124.7231592063, 105, 35, 70, 339.30858729436795, 37
1, 410879, 234679, 176200, 1759389.209845143, 40, 40, 0, 264.4866859365871, 40
1, 410961, 234721, 176240, 1759707.6315149863, 82, 42, 40, 318.42166984345636, 43
1, 410997, 234757, 176240, 1759964.7804892645, 36, 36, 0, 257.1489742783178, 36
51, 411158, 234798, 176360, 1760346.4907858653, 161, 41, 120, 381.7102966008917, 44
1, 411197, 234837, 176360, 1760609.1907258092, 39, 39, 0, 262.6999399439383, 39
1, 411233, 234873, 176360, 1760866.3397000874, 36, 36, 0, 257.1489742783178, 36
1, 411277, 234917, 176360, 1761137.6906577775, 44, 44, 0, 271.35095769013947, 44
51, 411404, 234964, 176440, 1761495.9903400769, 127, 47, 80, 358.2996822992933, 49
1, 411489, 235009, 176480, 1761817.727367748, 85, 45, 40, 321.73702767108114, 46
1, 411513, 235033, 176480, 1762048.863751688, 24, 24, 0, 231.13638394006432, 24
51, 411641, 235071, 176570, 1762407.0223177895, 128, 38, 90, 358.1585661014858, 40
1, 411680, 235110, 176570, 1762669.7222577333, 39, 39, 0, 262.6999399439383, 39
1, 411721, 235151, 176570, 1762935.966211177, 41, 41, 0, 266.24395344352433, 41
1, 411821, 235181, 176640, 1763270.3939771939, 100, 30, 70, 334.42776601683795, 32
51, 411913, 235223, 176690, 1763598.598078662, 92, 42, 50, 328.20410146824725, 43
1, 411980, 235260, 176720, 1763900.1986339197, 67, 37, 30, 301.6005552576305, 38
1, 412016, 235296, 176720, 1764157.347608198, 36, 36, 0, 257.1489742783178, 36
51, 412163, 235353, 176810, 1764531.1480627207, 147, 57, 90, 373.8004545227094, 59
1, 412238, 235398, 176840, 1764842.531158359, 75, 45, 30, 311.38309563827124, 46
1, 412283, 235443, 176840, 1765115.53316477, 45, 45, 0, 273.00200641113514, 45
1, 412353, 235483, 176870, 1765420.883925622, 70, 40, 30, 305.3507608519078, 41
51, 412445, 235525, 176920, 1765749.0880270903, 92, 42, 50, 328.20410146824725, 43
1, 412484, 235564, 176920, 1766011.7879670341, 39, 39, 0, 262.6999399439383, 39
1, 412555, 235595, 176960, 1766317.3662778528, 71, 31, 40, 305.57831081870995, 32
51, 412650, 235640, 177010, 1766648.6648419881, 95, 45, 50, 331.2985641352145, 46
1, 412716, 235676, 177040, 1766948.9918302654, 66, 36, 30, 300.32698827717985, 37
1, 412755, 235715, 177040, 1767211.6917702092, 39, 39, 0, 262.6999399439383, 39
1, 412838, 235758, 177080, 1767531.2267181384, 83, 43, 40, 319.5349479292333, 44
51, 412928, 235798, 177130, 1767857.3337469625, 90, 40, 50, 326.1070288241023, 41
1, 413010, 235850, 177160, 1768176.7554168059, 82, 52, 30, 319.42166984345636, 53
1, 413052, 235892, 177160, 1768444.728406308, 42, 42, 0, 267.97298950218305, 42
1, 413094, 235934, 177160, 1768712.70139581, 42, 42, 0, 267.97298950218305, 42
1, 413137, 235977, 177160, 1768982.3763560131, 43, 43, 0, 269.6749602031015, 43
51, 413292, 236012, 177280, 1769359.5205085506, 155, 35, 120, 377.14415253747273, 38
1, 413335, 236055, 177280, 1769629.1954687536, 43, 43, 0, 269.6749602031015, 43
1, 413401, 236091, 177310, 1769929.5224570308, 66, 36, 30, 300.32698827717985, 37
51, 413493, 236133, 177360, 1770257.726558499, 92, 42, 50, 328.20410146824725, 43
1, 413573, 236173, 177400, 1770573.8963147432, 80, 40, 40, 316.1697562442441, 41
1, 413609, 236209, 177400, 1770831.0452890215, 36, 36, 0, 257.1489742783178, 36
1, 413719, 236249, 177470, 1771175.0984730679, 110, 40, 70, 344.0531840464366, 42
51, 413807, 236287, 177520, 1771499.0799044287, 88, 38, 50, 323.98143136087856, 39
1, 413874, 236324, 177550, 1771800.6804596863, 67, 37, 30, 301.6005552576305, 38
1, 413961, 236371, 177590, 1772124.5880406841, 87, 47, 40, 323.9075809977351, 48
51, 414054, 236414, 177640, 1772453.8303205913, 93, 43, 50, 329.24227990714814, 44
1, 414126, 236456, 177670, 1772761.6253836157, 72, 42, 30, 307.79506302439404, 43
1, 414161, 236491, 177670, 1773016.8553115255, 35, 35, 0, 255.22992790977875, 35
1, 414241, 236531, 177710, 1773333.0250677697, 80, 40, 40, 316.1697562442441, 41
1, 414308, 236568, 177740, 1773634.6256230273, 67, 37, 30, 301.6005552576305, 38
51, 414401, 236611, 177790, 1773963.8679029346, 93, 43, 50, 329.24227990714814, 44
1, 414445, 236655, 177790, 1774235.2188606246, 44, 44, 0, 271.35095769013947, 44
1, 414483, 236693, 177790, 1774496.1012402445, 38, 38, 0, 260.88237961983884, 38
1, 414571, 236741, 177830, 1774821.0826716053, 88, 48, 40, 324.98143136087856, 49
51, 414692, 236782, 177910, 1775174.1451506407, 121, 41, 80, 353.06247903554, 43
1, 414729, 236819, 177910, 1775433.1777220967, 37, 37, 0, 259.03257145596604, 37
1, 414768, 236858, 177910, 1775695.8776620405, 39, 39, 0, 262.6999399439383, 39
1, 414813, 236903, 177910, 1775968.8796684516, 45, 45, 0, 273.00200641113514, 45
51, 414951, 236951, 178000, 1776335.4235980036, 138, 48, 90, 366.54392955194305, 50
1, 415015, 236985, 178030, 1776633.1663104782, 64, 34, 30, 297.742712474619, 35
1, 415048, 237018, 178030, 1776884.444483171, 33, 33, 0, 251.27817269284301, 33
1, 415087, 237057, 178030, 1777147.1444231148, 39, 39, 0, 262.6999399439383, 39
51, 415254, 237104, 178150, 1777533.328052552, 167, 47, 120, 386.1836294370035, 50
1, 415298, 237148, 178150, 1777804.679010242, 44, 44, 0, 271.35095769013947, 44
1, 415363, 237183, 178180, 1778103.7201616853, 65, 35, 30, 299.04115144336777, 36
1, 415402, 237222, 178180, 1778366.420101629, 39, 39, 0, 262.6999399439383, 39
51, 415517, 237257, 178260, 1778714.0923186913, 115, 35, 80, 347.6722170622053, 37
1, 415595, 237295, 178300, 1779027.9751053115, 78, 38, 40, 313.8827866200841, 39
1, 415638, 237338, 178300, 1779297.6500655145, 43, 43, 0, 269.6749602031015, 43
51, 415722, 237372, 178350, 1779617.290075918, 84, 34, 50, 319.64001040350905, 35
1, 415762, 237412, 178350, 1779881.7767618545, 40, 40, 0, 264.4866859365871, 40
1, 415879, 237459, 178420, 1780232.263578653, 117, 47, 70, 350.4868167986058, 49
1, 415921, 237501, 178420, 1780500.2365681552, 42, 42, 0, 267.97298950218305, 42
1, 415993, 237533, 178460, 1780807.0316311796, 72, 32, 40, 306.79506302439404, 33
51, 416086, 237576, 178510, 1781136.2739110868, 93, 43, 50, 329.24227990714814, 44
1, 416124, 237614, 178510, 1781397.1562907067, 38, 38, 0, 260.88237961983884, 38
1, 416167, 237657, 178510, 1781666.8312509097, 43, 43, 0, 269.6749602031015, 43
51, 416327, 237697, 178630, 1782047.7871329174, 160, 40, 120, 380.95588200778457, 43
1, 416372, 237742, 178630, 1782320.7891393285, 45, 45, 0, 273.00200641113514, 45
1, 416417, 237787, 178630, 1782593.7911457396, 45, 45, 0, 273.00200641113514, 45
1, 416487, 237817, 178670, 1782898.1419065916, 70, 30, 40, 304.3507608519078, 31
51, 416575, 237855, 178720, 1783222.1233379524, 88, 38, 50, 323.98143136087856, 39
1, 416651, 237901, 178750, 1783534.6825103262, 76, 46, 30, 312.5591723737189, 47
1, 416732, 237942, 178790, 1783851.9825103262, 81, 41, 40, 317.3, 42
1, 416779, 237989, 178790, 1784128.2155601957, 47, 47, 0, 276.2330498695885, 47
51, 416875, 238035, 178840, 1784460.5324762105, 96, 46, 50, 332.31691601465747, 47
1, 416954, 238074, 178880, 1784775.5632263406, 79, 39, 40, 315.03075013013313, 40
1, 416991, 238111, 178880, 1785034.5957977965, 37, 37, 0, 259.03257145596604, 37
1, 417067, 238157, 178910, 1785347.1549701702, 76, 46, 30, 312.5591723737189, 47
51, 417156, 238196, 178960, 1785672.2028357342, 89, 39, 50, 325.0478655640733, 40
1, 417202, 238242, 178960, 1785946.8319044483, 46, 46, 0, 274.6290687140218, 46
1, 417275, 238285, 178990, 1786255.8331830176, 73, 43, 30, 309.00127856917646, 44
1, 417349, 238319, 179030, 1786565.0303917844, 74, 34, 40, 309.1972087668518, 35
51, 417436, 238356, 179080, 1786887.9379727822, 87, 37, 50, 322.9075809977351, 38
1, 417508, 238398, 179110, 1787195.7330358066, 72, 42, 30, 307.79506302439404, 43
1, 417549, 238439, 179110, 1787461.9769892502, 41, 41, 0, 266.24395344352433, 41
1, 417634, 238484, 179150, 1787783.7140169214, 85, 45, 40, 321.73702767108114, 46
51, 417725, 238525, 179200, 1788110.87307886, 91, 41, 50, 327.1590619387661, 42
1, 417760, 238560, 179200, 1788366.10300677, 35, 35, 0, 255.22992790977875, 35
1, 417828, 238598, 179230, 1788668.9651778725, 68, 38, 30, 302.86217110259, 39
1, 417867, 238637, 179230, 1788931.6651178163, 39, 39, 0, 262.6999399439383, 39
51, 417991, 238671, 179320, 1789286.3645143644, 124, 34, 90, 354.6993965481514, 36
1, 418026, 238706, 179320, 1789541.5944422742, 35, 35, 0, 255.22992790977875, 35
1, 418071, 238751, 179320, 1789814.5964486853, 45, 45, 0, 273.00200641113514, 45
1, 418179, 238789, 179390, 1790156.7674282324, 108, 38, 70, 342.1709795470626, 40
1, 418215, 238825, 179390, 1790413.9164025106, 36, 36, 0, 257.1489742783178, 36
51, 418306, 238866, 179440, 1790741.0754644494, 91, 41, 50, 327.1590619387661, 42
1, 418387, 238907, 179480, 1791058.3754644494, 81, 41, 40, 317.3, 42
1, 418432, 238952, 179480, 1791331.3774708605, 45, 45, 0, 273.00200641113514, 45
51, 418552, 238992, 179560, 1791683.5525628251, 120, 40, 80, 352.1750919646873, 42
1, 418631, 239031, 179600, 1791998.5833129552, 79, 39, 40, 315.03075013013313, 40
1, 418697, 239067, 179630, 1792298.9103012325, 66, 36, 30, 300.32698827717985, 37
51, 418785, 239105, 179680, 1792622.8917325933, 88, 38, 50, 323.98143136087856, 39
1, 418822, 239142, 179680, 1792881.9243040492, 37, 37, 0, 259.03257145596604, 37
1, 418890, 239180, 179710, 1793184.7864751518, 68, 38, 30, 302.86217110259, 39
1, 418973, 239223, 179750, 1793504.321423081, 83, 43, 40, 319.5349479292333, 44
1, 419013, 239263, 179750, 1793768.8081090176, 40, 40, 0, 264.4866859365871, 40
51, 419127, 239297, 179830, 1794115.5660967093, 114, 34, 80, 346.75798769167545, 36
1, 419165, 239335, 179830, 1794376.4484763292, 38, 38, 0, 260.88237961983884, 38
1, 419245, 239375, 179870, 1794692.6182325734, 80, 40, 40, 316.1697562442441, 41
1, 419283, 239413, 179870, 1794953.5006121933, 38, 38, 0, 260.88237961983884, 38
51, 419381, 239461, 179920, 1795287.8352405578, 98, 48, 50, 334.33462836457886, 49
1, 419423, 239503, 179920, 1795555.80823006, 42, 42, 0, 267.97298950218305, 42
1, 419492, 239542, 179950, 1795859.9203717702, 69, 39, 30, 304.1121417102006, 40
51, 419587, 239587, 180000, 1796191.2189359055, 95, 45, 50, 331.2985641352145, 46
1, 419660, 239620, 180040, 1796499.2202144747, 73, 33, 40, 308.00127856917646, 34
1, 419701, 239661, 180040, 1796765.4641679183, 41, 41, 0, 266.24395344352433, 41
1, 419730, 239690, 180040, 1797008.3237466288, 29, 29, 0, 242.8595787106084, 29
51, 419818, 239728, 180090, 1797332.3051779896, 88, 38, 50, 323.98143136087856, 39
1, 419890, 239770, 180120, 1797640.100241014, 72, 42, 30, 307.79506302439404, 43
1, 419970, 239810, 180160, 1797956.2699972582, 80, 40, 40, 316.1697562442441, 41
51, 420055, 239845, 180210, 1798277.0070249294, 85, 35, 50, 320.73702767108114, 36
1, 420099, 239889, 180210, 1798548.3579826194, 44, 44, 0, 271.35095769013947, 44
1, 420186, 239936, 180250, 1798872.2655636172, 87, 47, 40, 323.9075809977351, 48
1, 420262, 239982, 180280, 1799184.824735991, 76, 46, 30, 312.5591723737189, 47
51, 420345, 240015, 180330, 1799503.3596839202, 83, 33, 50, 318.5349479292333, 34
1, 420384, 240054, 180330, 1799766.059623864, 39, 39, 0, 262.6999399439383, 39
1, 420460, 240090, 180370, 1800077.6187962377, 76, 36, 40, 311.5591723737189, 37
1, 420510, 240140, 180370, 1800358.5335910849, 50, 50, 0, 280.9147948472494, 50
51, 420628, 240178, 180450, 1800708.9209162537, 118, 38, 80, 350.3873251689181, 40
1, 420670, 240220, 180450, 1800976.8939057558, 42, 42, 0, 267.97298950218305, 42
1, 420711, 240261, 180450, 1801243.1378591994, 41, 41, 0, 266.24395344352433, 41
1, 420781, 240301, 180480, 1801548.4886200514, 70, 40, 30, 305.3507608519078, 41
51, 420904, 240334, 180570, 1801902.3131913133, 123, 33, 90, 353.8245712617827, 35
1, 420973, 240373, 180600, 1802206.4253330235, 69, 39, 30, 304.1121417102006, 40
1, 421016, 240416, 180600, 1802476.1002932265, 43, 43, 0, 269.6749602031015, 43
51, 421103, 240453, 180650, 1802799.0078742243, 87, 37, 50, 322.9075809977351, 38
1, 421154, 240504, 180650, 1803081.4423860027, 51, 51, 0, 282.43451177837886, 51
1, 421231, 240541, 180690, 1803394.1680497692, 77, 37, 40, 312.72566376652986, 38
1, 421262, 240572, 180690, 1803641.3291559464, 31, 31, 0, 247.1611061770567, 31
1, 421368, 240608, 180760, 1803981.597199556, 106, 36, 70, 340.2680436096278, 38
51, 421460, 240650, 180810, 1804309.8013010242, 92, 42, 50, 328.20410146824725, 43
1, 421500, 240690, 180810, 1804574.2879869607, 40, 40, 0, 264.4866859365871, 40
1, 421545, 240735, 180810, 1804847.2899933718, 45, 45, 0, 273.00200641113514, 45
51, 421682, 240782, 180900, 1805213.0113155767, 137, 47, 90, 365.72132220485213, 49
1, 421716, 240816, 180900, 1805466.2849558534, 34, 34, 0, 253.2736402766418, 34
1, 421795, 240865, 180930, 1805782.3157059834, 79, 49, 30, 316.03075013013313, 50
1, 421824, 240894, 180930, 1806025.175284694, 29, 29, 0, 242.8595787106084, 29
51, 421913, 240933, 180980, 1806350.223150258, 89, 39, 50, 325.0478655640733, 40
1, 421949, 240969, 180980, 1806607.3721245362, 36, 36, 0, 257.1489742783178, 36
1, 422025, 241005, 181020, 1806918.93129691, 76, 36, 40, 311.5591723737189, 37
51, 422138, 241038, 181100, 1807264.7703407793, 113, 33, 80, 345.83904386951343, 35
1, 422185, 241085, 181100, 1807541.0033906489, 47, 47, 0, 276.2330498695885, 47
1, 422268, 241128, 181140, 1807860.538338578, 83, 43, 40, 319.5349479292333, 44
1, 422302, 241162, 181140, 1808113.8119788547, 34, 34, 0, 253.2736402766418, 34
1, 422348, 241208, 181140, 1808388.4410475688, 46, 46, 0, 274.6290687140218, 46
51, 422468, 241248, 181220, 1808740.6161395335, 120, 40, 80, 352.1750919646873, 42
1, 422556, 241296, 181260, 1809065.5975708943, 88, 48, 40, 324.98143136087856, 49
1, 422594, 241334, 181260, 1809326.4799505142, 38, 38, 0, 260.88237961983884, 38
1, 422676, 241376, 181300, 1809644.9016203575, 82, 42, 40, 318.42166984345636, 43
1, 422721, 241421, 181300, 1809917.9036267686, 45, 45, 0, 273.00200641113514, 45
51, 422840, 241450, 181390, 1810268.187021971, 119, 29, 90, 350.28339520229764, 31
1, 422910, 241490, 181420, 1810573.537782823, 70, 40, 30, 305.3507608519078, 41
1, 422939, 241519, 181420, 1810816.3973615335, 29, 29, 0, 242.8595787106084, 29
1, 422973, 241553, 181420, 1811069.67100181, 34, 34, 0, 253.2736402766418, 34
1, 423049, 241599, 181450, 1811382.2301741838, 76, 46, 30, 312.5591723737189, 47
51, 423177, 241637, 181540, 1811740.3887402853, 128, 38, 90, 358.1585661014858, 40
1, 423224, 241684, 181540, 1812016.6217901548, 47, 47, 0, 276.2330498695885, 47
1, 423265, 241725, 181540, 1812282.8657435984, 41, 41, 0, 266.24395344352433, 41
1, 423342, 241762, 181580, 1812595.591407365, 77, 37, 40, 312.72566376652986, 38
51, 423426, 241796, 181630, 1812915.2314177684, 84, 34, 50, 319.64001040350905, 35
1, 423493, 241833, 181660, 1813216.831973026, 67, 37, 30, 301.6005552576305, 38
1, 423578, 241878, 181700, 1813538.5690006972, 85, 45, 40, 321.73702767108114, 46
51, 423658, 241908, 181750, 1813853.7387569414, 80, 30, 50, 315.1697562442441, 31
1, 423699, 241949, 181750, 1814119.982710385, 41, 41, 0, 266.24395344352433, 41
1, 423738, 241988, 181750, 1814382.6826503288, 39, 39, 0, 262.6999399439383, 39
51, 423836, 242036, 181800, 1814717.0172786934, 98, 48, 50, 334.33462836457886, 49
1, 423903, 242073, 181830, 1815018.617833951, 67, 37, 30, 301.6005552576305, 38
1, 423984, 242114, 181870, 1815335.917833951, 81, 41, 40, 317.3, 42
1, 424023, 242153, 181870, 1815598.617773895, 39, 39, 0, 262.6999399439383, 39
51, 424110, 242190, 181920, 1815921.5253548927, 87, 37, 50, 322.9075809977351, 38
1, 424151, 242231, 181920, 1816187.7693083363, 41, 41, 0, 266.24395344352433, 41
1, 424188, 242268, 181920, 1816446.8018797922, 37, 37, 0, 259.03257145596604, 37
1, 424289, 242299, 181990, 1816782.2172677645, 101, 31, 70, 335.41538797227, 33
51, 424370, 242330, 182040, 1817098.5172677645, 81, 31, 50, 316.3, 32
1, 424408, 242368, 182040, 1817359.3996473844, 38, 38, 0, 260.88237961983884, 38
1, 424481, 242411, 182070, 1817668.4009259536, 73, 43, 30, 309.00127856917646, 44
51, 424610, 242450, 182160, 1818027.4145264449, 129, 39, 90, 359.01360049114555, 41
1, 424686, 242496, 182190, 1818339.9736988186, 76, 46, 30, 312.5591723737189, 47
1, 424770, 242540, 182230, 1818660.613709222, 84, 44, 40, 320.64001040350905, 45
1, 424818, 242588, 182230, 1818938.4285118126, 48, 48, 0, 277.8148025904985, 48
51, 424901, 242621, 182280, 1819256.9634597418, 83, 33, 50, 318.5349479292333, 34
1, 424970, 242660, 182310, 1819561.075601452, 69, 39, 30, 304.1121417102006, 40
1, 425009, 242699, 182310, 1819823.7755413959, 39, 39, 0, 262.6999399439383, 39
1, 425090, 242740, 182350, 1820141.075541396, 81, 41, 40, 317.3, 42
51, 425190, 242790, 182400, 1820477.4033074128, 100, 50, 50, 336.327766016838, 51
1, 425267, 242837, 182430, 1820791.1289711792, 77, 47, 30, 313.72566376652986, 48
1, 425298, 242868, 182430, 1821038.2900773564, 31, 31, 0, 247.1611061770567, 31
51, 425428, 242908, 182520, 1821398.1549148948, 130, 40, 90, 359.86483753851803, 42
1, 425495, 242945, 182550, 1821699.7554701525, 67, 37, 30, 301.6005552576305, 38
1, 425531, 242981, 182550, 1821956.9044444307, 36, 36, 0, 257.1489742783178, 36
1, 425604, 243024, 182580, 1822265.905723, 73, 43, 30, 309.00127856917646, 44
51, 425698, 243068, 182630, 1822596.1794488477, 94, 44, 50, 330.273725847777, 45
1, 425738, 243108, 182630, 1822860.6661347842, 40, 40, 0, 264.4866859365871, 40
1, 425807, 243137, 182670, 1823163.7782764945, 69, 29, 40, 303.1121417102006, 30
1, 425847, 243177, 182670, 1823428.264962431, 40, 40, 0, 264.4866859365871, 40
51, 425964, 243214, 182750, 1823777.7517792296, 117, 37, 80, 349.4868167986058, 39
1, 426014, 243264, 182750, 1824058.6665740767, 50, 50, 0, 280.9147948472494, 50
1, 426058, 243308, 182750, 1824330.0175317668, 44, 44, 0, 271.35095769013947, 44
51, 426217, 243347, 182870, 1824710.216394239, 159, 39, 120, 380.1988624723894, 42
1, 426255, 243385, 182870, 1824971.098773859, 38, 38, 0, 260.88237961983884, 38
1, 426367, 243427, 182940, 1825317.0140861985, 112, 42, 70, 345.91531233955715, 44
1, 426414, 243474, 182940, 1825593.247136068, 47, 47, 0, 276.2330498695885, 47
51, 426498, 243508, 182990, 1825912.8871464715, 84, 34, 50, 319.64001040350905, 35
1, 426537, 243547, 182990, 1826175.5870864154, 39, 39, 0, 262.6999399439383, 39
1, 426587, 243597, 182990, 1826456.5018812625, 50, 50, 0, 280.9147948472494, 50
1, 426669, 243639, 183030, 1826774.923551106, 82, 42, 40, 318.42166984345636, 43
1, 426736, 243676, 183060, 1827076.5241063635, 67, 37, 30, 301.6005552576305, 38
51, 426828, 243718, 183110, 1827404.7282078317, 92, 42, 50, 328.20410146824725, 43
1, 426875, 243765, 183110, 1827680.9612577013, 47, 47, 0, 276.2330498695885, 47
1, 426966, 243816, 183150, 1828009.12031964, 91, 51, 40, 328.1590619387661, 52
1, 427040, 243860, 183180, 1828319.3175284069, 74, 44, 30, 310.1972087668518, 45
51, 427125, 243895, 183230, 1828640.054556078, 85, 35, 50, 320.73702767108114, 36
1, 427165, 243935, 183230, 1828904.5412420146, 40, 40, 0, 264.4866859365871, 40
1, 427214, 243984, 183230, 1829183.916373121, 49, 49, 0, 279.3751311064591, 49
51, 427337, 244017, 183320, 1829537.740944383, 123, 33, 90, 353.8245712617827, 35
1, 427404, 244054, 183350, 1829839.3414996406, 67, 37, 30, 301.6005552576305, 38
1, 427446, 244096, 183350, 1830107.3144891427, 42, 42, 0, 267.97298950218305, 42
1, 427485, 244135, 183350, 1830370.0144290866, 39, 39, 0, 262.6999399439383, 39
51, 427615, 244175, 183440, 1830729.879266625, 130, 40, 90, 359.86483753851803, 42
1, 427641, 244201, 183440, 1830965.8893530604, 26, 26, 0, 236.01008643532256, 26
1, 427670, 244230, 183440, 1831208.748931771, 29, 29, 0, 242.8595787106084, 29
51, 427788, 244268, 183520, 1831559.1362569397, 118, 38, 80, 350.3873251689181, 40
1, 427829, 244309, 183520, 1831825.3802103833, 41, 41, 0, 266.24395344352433, 41
1, 427930, 244340, 183590, 1832160.7955983556, 101, 31, 70, 335.41538797227, 33
1, 427975, 244385, 183590, 1832433.7976047667, 45, 45, 0, 273.00200641113514, 45
1, 428019, 244429, 183590, 1832705.1485624567, 44, 44, 0, 271.35095769013947, 44
51, 428108, 244468, 183640, 1833030.1964280207, 89, 39, 50, 325.0478655640733, 40
1, 428148, 244508, 183640, 1833294.6831139573, 40, 40, 0, 264.4866859365871, 40
1, 428254, 244544, 183710, 1833634.9511575669, 106, 36, 70, 340.2680436096278, 38
1, 428293, 244583, 183710, 1833897.6510975107, 39, 39, 0, 262.6999399439383, 39
1, 428360, 244620, 183740, 1834199.2516527683, 67, 37, 30, 301.6005552576305, 38
51, 428451, 244661, 183790, 1834526.410714707, 91, 41, 50, 327.1590619387661, 42
1, 428489, 244699, 183790, 1834787.293094327, 38, 38, 0, 260.88237961983884, 38
1, 428570, 244740, 183830, 1835104.593094327, 81, 41, 40, 317.3, 42
1, 428623, 244793, 183830, 1835390.009881968, 53, 53, 0, 285.4167876408086, 53
1, 428657, 244827, 183830, 1835643.2835222445, 34, 34, 0, 253.2736402766418, 34
51, 428807, 244857, 183950, 1836016.5470734027, 150, 30, 120, 373.26355115805836, 33
1, 428838, 244888, 183950, 1836263.7081795798, 31, 31, 0, 247.1611061770567, 31
1, 428878, 244928, 183950, 1836528.1948655164, 40, 40, 0, 264.4866859365871, 40
1, 428946, 244966, 183980, 1836831.057036619, 68, 38, 30, 302.86217110259, 39
51, 429031, 245001, 184030, 1837151.7940642901, 85, 35, 50, 320.73702767108114, 36
1, 429066, 245036, 184030, 1837407.0239922, 35, 35, 0, 255.22992790977875, 35
1, 429173, 245073, 184100, 1837748.2461374695, 107, 37, 70, 341.2221452697031, 39
1, 429211, 245111, 184100, 1838009.1285170894, 38, 38, 0, 260.88237961983884, 38
1, 429296, 245156, 184140, 1838330.8655447606, 85, 45, 40, 321.73702767108114, 46
51, 429406, 245186, 184220, 1838673.918728807, 110, 30, 80, 343.0531840464366, 32
1, 429480, 245220, 184260, 1838983.1159375738, 74, 34, 40, 309.1972087668518, 35
1, 429560, 245270, 184290, 1839300.285693818, 80, 50, 30, 317.1697562442441, 51
1, 429657, 245327, 184330, 1839634.6145930896, 97, 57, 40, 334.3288992714996, 58
51, 429750, 245370, 184380, 1839963.8568729968, 93, 43, 50, 329.24227990714814, 44
1, 429792, 245412, 184380, 1840231.829862499, 42, 42, 0, 267.97298950218305, 42
1, 429831, 245451, 184380, 1840494.5298024428, 39, 39, 0, 262.6999399439383, 39
51, 429948, 245488, 184460, 1840844.0166192413, 117, 37, 80, 349.4868167986058, 39
1, 429988, 245528, 184460, 1841108.503305178, 40, 40, 0, 264.4866859365871, 40
1, 430100, 245570, 184530, 1841454.4186175175, 112, 42, 70, 345.91531233955715, 44
1, 430134, 245604, 184530, 1841707.692257794, 34, 34, 0, 253.2736402766418, 34
51, 430216, 245636, 184580, 1842025.1139276375, 82, 32, 50, 317.42166984345636, 33
1, 430255, 245675, 184580, 1842287.8138675813, 39, 39, 0, 262.6999399439383, 39
1, 430295, 245715, 184580, 1842552.3005535179, 40, 40, 0, 264.4866859365871, 40
1, 430377, 245757, 184620, 1842870.7222233613, 82, 42, 40, 318.42166984345636, 43
1, 430443, 245793, 184650, 1843171.0492116385, 66, 36, 30, 300.32698827717985, 37
51, 430530, 245830, 184700, 1843493.9567926363, 87, 37, 50, 322.9075809977351, 38
1, 430573, 245873, 184700, 1843763.6317528393, 43, 43, 0, 269.6749602031015, 43
1, 430638, 245908, 184730, 1844062.6729042826, 65, 35, 30, 299.04115144336777, 36
1, 430717, 245947, 184770, 1844377.7036544126, 79, 39, 40, 315.03075013013313, 40
51, 430848, 245998, 184850, 1844739.4159826282, 131, 51, 80, 361.7123282155055, 53
1, 430891, 246041, 184850, 1845009.0909428312, 43, 43, 0, 269.6749602031015, 43
1, 430924, 246074, 184850, 1845260.369115524, 33, 33, 0, 251.27817269284301, 33
1, 431031, 246111, 184920, 1845601.5912607936, 107, 37, 70, 341.2221452697031, 39
1, 431064, 246144, 184920, 1845852.8694334864, 33, 33, 0, 251.27817269284301, 33
51, 431186, 246186, 185000, 1846206.8150520402, 122, 42, 80, 353.9456185537469, 44
1, 431265, 246225, 185040, 1846521.8458021702, 79, 39, 40, 315.03075013013313, 40
1, 431334, 246264, 185070, 1846825.9579438805, 69, 39, 30, 304.1121417102006, 40
51, 431421, 246301, 185120, 1847148.8655248783, 87, 37, 50, 322.9075809977351, 38
1, 431481, 246331, 185150, 1847441.2812932497, 60, 30, 30, 292.41576837137404, 31
1, 431560, 246370, 185190, 1847756.3120433798, 79, 39, 40, 315.03075013013313, 40
1, 431602, 246412, 185190, 1848024.285032882, 42, 42, 0, 267.97298950218305, 42
1, 431679, 246459, 185220, 1848338.0106966484, 77, 47, 30, 313.72566376652986, 48
51, 431806, 246496, 185310, 1848695.3103789478, 127, 37, 90, 357.2996822992933, 39
1, 431849, 246539, 185310, 1848964.9853391508, 43, 43, 0, 269.6749602031015, 43
1, 431893, 246583, 185310, 1849236.3362968408, 44, 44, 0, 271.35095769013947, 44
51, 432013, 246623, 185390, 1849588.5113888055, 120, 40, 80, 352.1750919646873, 42
1, 432091, 246661, 185430, 1849902.3941754256, 78, 38, 40, 313.8827866200841, 39
1, 432128, 246698, 185430, 1850161.4267468816, 37, 37, 0, 259.03257145596604, 37
51, 432250, 246740, 185510, 1850515.3723654354, 122, 42, 80, 353.9456185537469, 44
1, 432285, 246775, 185510, 1850770.6022933451, 35, 35, 0, 255.22992790977875, 35
1, 432368, 246818, 185550, 1851090.1372412744, 83, 43, 40, 319.5349479292333, 44
1, 432413, 246863, 185550, 1851363.1392476854, 45, 45, 0, 273.00200641113514, 45
51, 432498, 246898, 185600, 1851683.8762753566, 85, 35, 50, 320.73702767108114, 36
1, 432532, 246932, 185600, 1851937.1499156333, 34, 34, 0, 253.2736402766418, 34
1, 432600, 246970, 185630, 1852240.0120867358, 68, 38, 30, 302.86217110259, 39
1, 432636, 247006, 185630, 1852497.161061014, 36, 36, 0, 257.1489742783178, 36
51, 432765, 247045, 185720, 1852856.1746615053, 129, 39, 90, 359.01360049114555, 41
1, 432812, 247092, 185720, 1853132.4077113748, 47, 47, 0, 276.2330498695885, 47
1, 432849, 247129, 185720, 1853391.4402828307, 37, 37, 0, 259.03257145596604, 37
1, 432930, 247170, 185760, 1853708.7402828308, 81, 41, 40, 317.3, 42
51, 433051, 247211, 185840, 1854061.8027618662, 121, 41, 80, 353.06247903554, 43
1, 433088, 247248, 185840, 1854320.8353333222, 37, 37, 0, 259.03257145596604, 37
1, 433161, 247281, 185880, 1854628.8366118914, 73, 33, 40, 308.00127856917646, 34
1, 433228, 247318, 185910, 1854930.437167149, 67, 37, 30, 301.6005552576305, 38
1, 433264, 247354, 185910, 1855187.5861414273, 36, 36, 0, 257.1489742783178, 36
51, 433348, 247388, 185960, 1855507.2261518307, 84, 34, 50, 319.64001040350905, 35
1, 433458, 247428, 186030, 1855851.2793358772, 110, 40, 70, 344.0531840464366, 42
1, 433499, 247469, 186030, 1856117.5232893208, 41, 41, 0, 266.24395344352433, 41
1, 433606, 247506, 186100, 1856458.7454345904, 107, 37, 70, 341.2221452697031, 39
1, 433652, 247552, 186100, 1856733.3745033045, 46, 46, 0, 274.6290687140218, 46
51, 433744, 247594, 186150, 1857061.5786047727, 92, 42, 50, 328.20410146824725, 43
1, 433778, 247628, 186150, 1857314.8522450493, 34, 34, 0, 253.2736402766418, 34
1, 433840, 247660, 186180, 1857609.958871379, 62, 32, 30, 295.1066263296683, 33
51, 433972, 247702, 186270, 1857971.5149938061, 132, 42, 90, 361.55612242701943, 44
1, 434007, 247737, 186270, 1858226.744921716, 35, 35, 0, 255.22992790977875, 35
1, 434053, 247783, 186270, 1858501.37399043, 46, 46, 0, 274.6290687140218, 46
51, 434150, 247830, 186320, 1858834.7028897016, 97, 47, 50, 333.3288992714996, 48
1, 434218, 247868, 186350, 1859137.5650608041, 68, 38, 30, 302.86217110259, 39
1, 434302, 247912, 186390, 1859458.2050712076, 84, 44, 40, 320.64001040350905, 45
1, 434341, 247951, 186390, 1859720.9050111515, 39, 39, 0, 262.6999399439383, 39
51, 434476, 247996, 186480, 1860084.9708210917, 135, 45, 90, 364.06580994024984, 47
1, 434514, 248034, 186480, 1860345.8532007115, 38, 38, 0, 260.88237961983884, 38
1, 434561, 248081, 186480, 1860622.086250581, 47, 47, 0, 276.2330498695885, 47
1, 434632, 248122, 186510, 1860928.6645613997, 71, 41, 30, 306.57831081870995, 42
51, 434767, 248167, 186600, 1861292.73037134, 135, 45, 90, 364.06580994024984, 47
1, 434800, 248200, 186600, 1861544.0085440327, 33, 33, 0, 251.27817269284301, 33
1, 434857, 248257, 186600, 1861835.1781645382, 57, 57, 0, 291.1696205054472, 57
51, 434995, 248315, 186680, 1862202.7220940902, 138, 58, 80, 367.54392955194305, 60
1, 435081, 248361, 186720, 1862525.5482587377, 86, 46, 40, 322.82616464756694, 47
1, 435122, 248402, 186720, 1862791.7922121813, 41, 41, 0, 266.24395344352433, 41
1, 435185, 248435, 186750, 1863088.2235369075, 63, 33, 30, 296.43132472612575, 34
1, 435234, 248484, 186750, 1863367.598668014, 49, 49, 0, 279.3751311064591, 49
51, 435332, 248532, 186800, 1863701.9332963785, 98, 48, 50, 334.33462836457886, 49
1, 435405, 248565, 186840, 1864009.9345749477, 73, 33, 40, 308.00127856917646, 34
1, 435437, 248597, 186840, 1864259.1759979483, 32, 32, 0, 249.24142300054422, 32
1, 435483, 248643, 186840, 1864533.8050666624, 46, 46, 0, 274.6290687140218, 46
1, 435556, 248686, 186870, 1864842.8063452316, 73, 43, 30, 309.00127856917646, 44
51, 435648, 248728, 186920, 1865171.0104466998, 92, 42, 50, 328.20410146824725, 43
1, 435686, 248766, 186920, 1865431.8928263197, 38, 38, 0, 260.88237961983884, 38
1, 435793, 248803, 186990, 1865773.1149715893, 107, 37, 70, 341.2221452697031, 39
51, 435891, 248851, 187040, 1866107.4495999538, 98, 48, 50, 334.33462836457886, 49
1, 435923, 248883, 187040, 1866356.6910229544, 32, 32, 0, 249.24142300054422, 32
1, 435960, 248920, 187040, 1866615.7235944103, 37, 37, 0, 259.03257145596604, 37
51, 436054, 248964, 187090, 1866945.997320258, 94, 44, 50, 330.273725847777, 45
1, 436134, 249004, 187130, 1867262.1670765022, 80, 40, 40, 316.1697562442441, 41
1, 436203, 249043, 187160, 1867566.2792182125, 69, 39, 30, 304.1121417102006, 40
1, 436247, 249087, 187160, 1867837.6301759025, 44, 44, 0, 271.35095769013947, 44
51, 436330, 249120, 187210, 1868156.1651238317, 83, 33, 50, 318.5349479292333, 34
1, 436366, 249156, 187210, 1868413.31409811, 36, 36, 0, 257.1489742783178, 36
1, 436444, 249194, 187250, 1868727.1968847301, 78, 38, 40, 313.8827866200841, 39
1, 436485, 249235, 187250, 1868993.4408381737, 41, 41, 0, 266.24395344352433, 41
51, 436602, 249272, 187330, 1869342.9276549723, 117, 37, 80, 349.4868167986058, 39
1, 436649, 249319, 187330, 1869619.1607048418, 47, 47, 0, 276.2330498695885, 47
1, 436679, 249349, 187330, 1869864.1954367738, 30, 30, 0, 245.0347319320716, 30
51, 436797, 249377, 187420, 1870213.5827619426, 118, 28, 90, 349.3873251689181, 30
1, 436836, 249416, 187420, 1870476.2827018865, 39, 39, 0, 262.6999399439383, 39
1, 436875, 249455, 187420, 1870738.9826418303, 39, 39, 0, 262.6999399439383, 39
1, 436950, 249500, 187450, 1871050.3657374687, 75, 45, 30, 311.38309563827124, 46
1, 436987, 249537, 187450, 1871309.3983089246, 37, 37, 0, 259.03257145596604, 37
51, 437079, 249579, 187500, 1871637.6024103928, 92, 42, 50, 328.20410146824725, 43
1, 437184, 249614, 187570, 1871976.9109976871, 105, 35, 70, 339.30858729436795, 37
1, 437220, 249650, 187570, 1872234.0599719654, 36, 36, 0, 257.1489742783178, 36
1, 437265, 249695, 187570, 1872507.0619783765, 45, 45, 0, 273.00200641113514, 45
51, 437358, 249738, 187620, 1872836.3042582837, 93, 43, 50, 329.24227990714814, 44
1, 437462, 249772, 187690, 1873174.647945041, 104, 34, 70, 338.343686757474, 36
1, 437506, 249816, 187690, 1873445.998902731, 44, 44, 0, 271.35095769013947, 44
1, 437544, 249854, 187690, 1873706.881282351, 38, 38, 0, 260.88237961983884, 38
1, 437590, 249900, 187690, 1873981.510351065, 46, 46, 0, 274.6290687140218, 46
51, 437710, 249940, 187770, 1874333.6854430297, 120, 40, 80, 352.1750919646873, 42
1, 437786, 249976, 187810, 1874645.2446154035, 76, 36, 40, 311.5591723737189, 37
1, 437833, 250023, 187810, 1874921.477665273, 47, 47, 0, 276.2330498695885, 47
1, 437876, 250066, 187810, 1875191.152625476, 43, 43, 0, 269.6749602031015, 43
51, 437965, 250105, 187860, 1875516.20049104, 89, 39, 50, 325.0478655640733, 40
1, 438034, 250144, 187890, 1875820.3126327503, 69, 39, 30, 304.1121417102006, 40
1, 438081, 250191, 187890, 1876096.5456826198, 47, 47, 0, 276.2330498695885, 47
1, 438190, 250230, 187960, 1876439.6603141194, 109, 39, 70, 343.114631499574, 41
51, 438277, 250267, 188010, 1876762.5678951172, 87, 37, 50, 322.9075809977351, 38
1, 438310, 250300, 188010, 1877013.84606781, 33, 33, 0, 251.27817269284301, 33
1, 438346, 250336, 188010, 1877270.9950420882, 36, 36, 0, 257.1489742783178, 36
1, 438380, 250370, 188010, 1877524.2686823648, 34, 34, 0, 253.2736402766418, 34
51, 438473, 250413, 188060, 1877853.510962272, 93, 43, 50, 329.24227990714814, 44
1, 438578, 250448, 188130, 1878192.8195495664, 105, 35, 70, 339.30858729436795, 37
1, 438622, 250492, 188130, 1878464.1705072564, 44, 44, 0, 271.35095769013947, 44
51, 438716, 250536, 188180, 1878794.4442331041, 94, 44, 50, 330.273725847777, 45
1, 438796, 250576, 188220, 1879110.6139893483, 80, 40, 40, 316.1697562442441, 41
1, 438828, 250608, 188220, 1879359.8554123489, 32, 32, 0, 249.24142300054422, 32
1, 438867, 250647, 188220, 1879622.5553522927, 39, 39, 0, 262.6999399439383, 39
51, 439024, 250684, 188340, 1880001.2322454106, 157, 37, 120, 378.67689311792185, 40
1, 439057, 250717, 188340, 1880252.5104181033, 33, 33, 0, 251.27817269284301, 33
1, 439142, 250762, 188380, 1880574.2474457745, 85, 45, 40, 321.73702767108114, 46
51, 439236, 250806, 188430, 1880904.5211716222, 94, 44, 50, 330.273725847777, 45
1, 439353, 250853, 188500, 1881255.0079884208, 117, 47, 70, 350.4868167986058, 49
1, 439394, 250894, 188500, 1881521.2519418644, 41, 41, 0, 266.24395344352433, 41
1, 439431, 250931, 188500, 1881780.2845133203, 37, 37, 0, 259.03257145596604, 37
1, 439466, 250966, 188500, 1882035.51444123, 35, 35, 0, 255.22992790977875, 35
51, 439587, 251007, 188580, 1882388.5769202656, 121, 41, 80, 353.06247903554, 43
1, 439661, 251041, 188620, 1882697.7741290324, 74, 34, 40, 309.1972087668518, 35
1, 439694, 251074, 188620, 1882949.0523017251, 33, 33, 0, 251.27817269284301, 33
1, 439737, 251117, 188620, 1883218.7272619281, 43, 43, 0, 269.6749602031015, 43
1, 439807, 251147, 188660, 1883523.0780227801, 70, 30, 40, 304.3507608519078, 31
51, 439889, 251179, 188710, 1883840.4996926235, 82, 32, 50, 317.42166984345636, 33
1, 439963, 251223, 188740, 1884150.6969013903, 74, 44, 30, 310.1972087668518, 45
1, 440007, 251267, 188740, 1884422.0478590804, 44, 44, 0, 271.35095769013947, 44
1, 440040, 251300, 188740, 1884673.3260317731, 33, 33, 0, 251.27817269284301, 33
51, 440174, 251344, 188830, 1885036.5588476916, 134, 44, 90, 363.23281591860336, 46
1, 440211, 251381, 188830, 1885295.5914191476, 37, 37, 0, 259.03257145596604, 37
1, 440248, 251418, 188830, 1885554.6239906035, 37, 37, 0, 259.03257145596604, 37
1, 440319, 251459, 188860, 1885861.2023014221, 71, 41, 30, 306.57831081870995, 42
1, 440350, 251490, 188860, 1886108.3634075993, 31, 31, 0, 247.1611061770567, 31
51, 440479, 251529, 188950, 1886467.3770080905, 129, 39, 90, 359.01360049114555, 41
1, 440521, 251571, 188950, 1886735.3499975926, 42, 42, 0, 267.97298950218305, 42
1, 440563, 251613, 188950, 1887003.3229870948, 42, 42, 0, 267.97298950218305, 42
1, 440637, 251647, 188990, 1887312.5201958616, 74, 34, 40, 309.1972087668518, 35
51, 440766, 251696, 189070, 1887672.5337963528, 129, 49, 80, 360.01360049114555, 51
1, 440848, 251738, 189110, 1887990.9554661962, 82, 42, 40, 318.42166984345636, 43
1, 440887, 251777, 189110, 1888253.65540614, 39, 39, 0, 262.6999399439383, 39
1, 440922, 251812, 189110, 1888508.8853340498, 35, 35, 0, 255.22992790977875, 35
51, 441043, 251853, 189190, 1888861.9478130853, 121, 41, 80, 353.06247903554, 43
1, 441081, 251891, 189190, 1889122.8301927052, 38, 38, 0, 260.88237961983884, 38
1, 441121, 251931, 189190, 1889387.3168786417, 40, 40, 0, 264.4866859365871, 40
1, 441201, 251971, 189230, 1889703.486634886, 80, 40, 40, 316.1697562442441, 41
51, 441313, 252003, 189310, 1890048.4019472254, 112, 32, 80, 344.91531233955715, 34
1, 441357, 252047, 189310, 1890319.7529049155, 44, 44, 0, 271.35095769013947, 44
1, 441403, 252093, 189310, 1890594.3819736296, 46, 46, 0, 274.6290687140218, 46
1, 441436, 252126, 189310, 1890845.6601463223, 33, 33, 0, 251.27817269284301, 33
1, 441506, 252166, 189340, 1891151.0109071743, 70, 40, 30, 305.3507608519078, 41
51, 441636, 252206, 189430, 1891510.8757447128, 130, 40, 90, 359.86483753851803, 42
1, 441666, 252236, 189430, 1891755.9104766448, 30, 30, 0, 245.0347319320716, 30
1, 441745, 252285, 189460, 1892071.9412267748, 79, 49, 30, 316.03075013013313, 50
1, 441780, 252320, 189460, 1892327.1711546846, 35, 35, 0, 255.22992790977875, 35
51, 441880, 252370, 189510, 1892663.4989207014, 100, 50, 50, 336.327766016838, 51
1, 441963, 252413, 189550, 1892983.0338686306, 83, 43, 40, 319.5349479292333, 44
1, 442004, 252454, 189550, 1893249.2778220742, 41, 41, 0, 266.24395344352433, 41
1, 442041, 252491, 189550, 1893508.3103935302, 37, 37, 0, 259.03257145596604, 37
51, 442161, 252531, 189630, 1893860.4854854948, 120, 40, 80, 352.1750919646873, 42
1, 442208, 252578, 189630, 1894136.7185353644, 47, 47, 0, 276.2330498695885, 47
1, 442282, 252612, 189670, 1894445.9157441312, 74, 34, 40, 309.1972087668518, 35
1, 442359, 252659, 189700, 1894759.6414078977, 77, 47, 30, 313.72566376652986, 48
1, 442393, 252693, 189700, 1895012.9150481743, 34, 34, 0, 253.2736402766418, 34
51, 442487, 252737, 189750, 1895343.188774022, 94, 44, 50, 330.273725847777, 45
1, 442574, 252784, 189790, 1895667.0963550198, 87, 47, 40, 323.9075809977351, 48
1, 442643, 252823, 189820, 1895971.20849673, 69, 39, 30, 304.1121417102006, 40
51, 442734, 252864, 189870, 1896298.3675586688, 91, 41, 50, 327.1590619387661, 42
1, 442843, 252903, 189940, 1896641.4821901685, 109, 39, 70, 343.114631499574, 41
1, 442878, 252938, 189940, 1896896.7121180783, 35, 35, 0, 255.22992790977875, 35
1, 442928, 252988, 189940, 1897177.6269129254, 50, 50, 0, 280.9147948472494, 50
1, 442991, 253021, 189970, 1897474.0582376516, 63, 33, 30, 296.43132472612575, 34
51, 443118, 253058, 190060, 1897831.357919951, 127, 37, 90, 357.2996822992933, 39
1, 443154, 253094, 190060, 1898088.5068942292, 36, 36, 0, 257.1489742783178, 36
1, 443195, 253135, 190060, 1898354.7508476728, 41, 41, 0, 266.24395344352433, 41
1, 443270, 253180, 190090, 1898666.1339433112, 75, 45, 30, 311.38309563827124, 46
1, 443311, 253221, 190090, 1898932.3778967548, 41, 41, 0, 266.24395344352433, 41
51, 443399, 253259, 190140, 1899256.3593281156, 88, 38, 50, 323.98143136087856, 39
1, 443512, 253302, 190210, 1899603.198371985, 113, 43, 70, 346.83904386951343, 45
1, 443543, 253333, 190210, 1899850.3594781621, 31, 31, 0, 247.1611061770567, 31
1, 443656, 253376, 190280, 1900197.1985220315, 113, 43, 70, 346.83904386951343, 45
51, 443743, 253413, 190330, 1900520.1061030293, 87, 37, 50, 322.9075809977351, 38
1, 443773, 253443, 190330, 1900765.1408349613, 30, 30, 0, 245.0347319320716, 30
1, 443865, 253495, 190370, 1901094.3449364295, 92, 52, 40, 329.20410146824725, 53
1, 443901, 253531, 190370, 1901351.4939107078, 36, 36, 0, 257.1489742783178, 36
1, 443938, 253568, 190370, 1901610.5264821637, 37, 37, 0, 259.03257145596604, 37
51, 444051, 253601, 190450, 1901956.365526033, 113, 33, 80, 345.83904386951343, 35
1, 444089, 253639, 190450, 1902217.247905653, 38, 38, 0, 260.88237961983884, 38
1, 444193, 253673, 190520, 1902555.5915924103, 104, 34, 70, 338.343686757474, 36
1, 444222, 253702, 190520, 1902798.4511711209, 29, 29, 0, 242.8595787106084, 29
51, 444311, 253741, 190570, 1903123.4990366849, 89, 39, 50, 325.0478655640733, 40
1, 444418, 253778, 190640, 1903464.7211819545, 107, 37, 70, 341.2221452697031, 39
1, 444453, 253813, 190640, 1903719.9511098643, 35, 35, 0, 255.22992790977875, 35
51, 444538, 253848, 190690, 1904040.6881375355, 85, 35, 50, 320.73702767108114, 36
1, 444583, 253893, 190690, 1904313.6901439466, 45, 45, 0, 273.00200641113514, 45
1, 444690, 253930, 190760, 1904654.9122892162, 107, 37, 70, 341.2221452697031, 39
1, 444731, 253971, 190760, 1904921.1562426598, 41, 41, 0, 266.24395344352433, 41
1, 444769, 254009, 190760, 1905182.0386222797, 38, 38, 0, 260.88237961983884, 38
51, 444908, 254058, 190850, 1905549.401784581, 139, 49, 90, 367.36316230125203, 51
1, 444941, 254091, 190850, 1905800.6799572736, 33, 33, 0, 251.27817269284301, 33
1, 444981, 254131, 190850, 1906065.1666432102, 40, 40, 0, 264.4866859365871, 40
1, 445094, 254174, 190920, 1906412.0056870796, 113, 43, 70, 346.83904386951343, 45
51, 445179, 254209, 190970, 1906732.7427147508, 85, 35, 50, 320.73702767108114, 36
1, 445212, 254242, 190970, 1906984.0208874436, 33, 33, 0, 251.27817269284301, 33
1, 445296, 254286, 191010, 1907304.660897847, 84, 44, 40, 320.64001040350905, 45
1, 445331, 254321, 191010, 1907559.8908257568, 35, 35, 0, 255.22992790977875, 35
51, 445419, 254359, 191060, 1907883.8722571176, 88, 38, 50, 323.98143136087856, 39
1, 445491, 254401, 191090, 1908191.667320142, 72, 42, 30, 307.79506302439404, 43
1, 445528, 254438, 191090, 1908450.699891598, 37, 37, 0, 259.03257145596604, 37
1, 445640, 254480, 191160, 1908796.6152039375, 112, 42, 70, 345.91531233955715, 44
51, 445725, 254515, 191210, 1909117.3522316087, 85, 35, 50, 320.73702767108114, 36
1, 445755, 254545, 191210, 1909362.3869635407, 30, 30, 0, 245.0347319320716, 30
1, 445794, 254584, 191210, 1909625.0869034845, 39, 39, 0, 262.6999399439383, 39
51, 445889, 254629, 191260, 1909956.3854676199, 95, 45, 50, 331.2985641352145, 46
1, 445932, 254672, 191260, 1910226.0604278229, 43, 43, 0, 269.6749602031015, 43
1, 446040, 254710, 191330, 1910568.23140737, 108, 38, 70, 342.1709795470626, 40
1, 446075, 254745, 191330, 1910823.4613352797, 35, 35, 0, 255.22992790977875, 35
1, 446107, 254777, 191330, 1911072.7027582803, 32, 32, 0, 249.24142300054422, 32
51, 446191, 254811, 191380, 1911392.3427686838, 84, 34, 50, 319.64001040350905, 35
1, 446269, 254849, 191420, 1911706.225555304, 78, 38, 40, 313.8827866200841, 39
1, 446335, 254885, 191450, 1912006.5525435812, 66, 36, 30, 300.32698827717985, 37
1, 446361, 254911, 191450, 1912242.5626300166, 26, 26, 0, 236.01008643532256, 26
51, 446477, 254947, 191530, 1912591.1444335077, 116, 36, 80, 348.5818034911291, 38
1, 446521, 254991, 191530, 1912862.4953911977, 44, 44, 0, 271.35095769013947, 44
1, 446592, 255022, 191570, 1913168.0737020164, 71, 31, 40, 305.57831081870995, 32
1, 446666, 255066, 191600, 1913478.2709107832, 74, 44, 30, 310.1972087668518, 45
1, 446702, 255102, 191600, 1913735.4198850614, 36, 36, 0, 257.1489742783178, 36
51, 446824, 255134, 191690, 1914088.3655036152, 122, 32, 90, 352.9456185537469, 34
1, 446888, 255168, 191720, 1914386.10821609, 64, 34, 30, 297.742712474619, 35
1, 446936, 255216, 191720, 1914663.9230186804, 48, 48, 0, 277.8148025904985, 48
1, 447035, 255245, 191790, 1914997.3572332335, 99, 29, 70, 333.43421455299045, 31
51, 447123, 255283, 191840, 1915321.3386645943, 88, 38, 50, 323.98143136087856, 39
1, 447168, 255328, 191840, 1915594.3406710054, 45, 45, 0, 273.00200641113514, 45
1, 447247, 255367, 191880, 1915909.3714211355, 79, 39, 40, 315.03075013013313, 40
1, 447285, 255405, 191880, 1916170.2538007554, 38, 38, 0, 260.88237961983884, 38
51, 447377, 255447, 191930, 1916498.4579022236, 92, 42, 50, 328.20410146824725, 43
1, 447490, 255490, 192000, 1916845.296946093, 113, 43, 70, 346.83904386951343, 45
1, 447532, 255532, 192000, 1917113.269935595, 42, 42, 0, 267.97298950218305, 42
51, 447630, 255580, 192050, 1917447.6045639596, 98, 48, 50, 334.33462836457886, 49
1, 447712, 255622, 192090, 1917766.026233803, 82, 42, 40, 318.42166984345636, 43
1, 447787, 255667, 192120, 1918077.4093294414, 75, 45, 30, 311.38309563827124, 46
1, 447826, 255706, 192120, 1918340.1092693852, 39, 39, 0, 262.6999399439383, 39
51, 447923, 255753, 192170, 1918673.4381686568, 97, 47, 50, 333.3288992714996, 48
1, 447992, 255792, 192200, 1918977.550310367, 69, 39, 30, 304.1121417102006, 40
1, 448072, 255832, 192240, 1919293.7200666112, 80, 40, 40, 316.1697562442441, 41
1, 448102, 255862, 192240, 1919538.7547985432, 30, 30, 0, 245.0347319320716, 30
51, 448195, 255905, 192290, 1919867.9970784504, 93, 43, 50, 329.24227990714814, 44
1, 448235, 255945, 192290, 1920132.483764387, 40, 40, 0, 264.4866859365871, 40
1, 448274, 255984, 192290, 1920395.1837043308, 39, 39, 0, 262.6999399439383, 39
1, 448383, 256023, 192360, 1920738.2983358304, 109, 39, 70, 343.114631499574, 41
1, 448434, 256074, 192360, 1921020.7328476089, 51, 51, 0, 282.43451177837886, 51
51, 448539, 256129, 192410, 1921361.9414349033, 105, 55, 50, 341.208587294368, 56
1, 448578, 256168, 192410, 1921624.6413748472, 39, 39, 0, 262.6999399439383, 39
1, 448652, 256202, 192450, 1921933.838583614, 74, 34, 40, 309.1972087668518, 35
1, 448720, 256240, 192480, 1922236.7007547165, 68, 38, 30, 302.86217110259, 39
1, 448759, 256279, 192480, 1922499.4006946604, 39, 39, 0, 262.6999399439383, 39
51, 448852, 256322, 192530, 1922828.6429745676, 93, 43, 50, 329.24227990714814, 44
1, 448894, 256364, 192530, 1923096.6159640697, 42, 42, 0, 267.97298950218305, 42
1, 448946, 256416, 192530, 1923380.550925498, 52, 52, 0, 283.93496142826496, 52
51, 449110, 256460, 192650, 1923764.5091163341, 164, 44, 120, 383.9581908363381, 47
1, 449158, 256508, 192650, 1924042.3239189247, 48, 48, 0, 277.8148025904985, 48
1, 449203, 256553, 192650, 1924315.3259253358, 45, 45, 0, 273.00200641113514, 45
1, 449269, 256589, 192680, 1924615.652913613, 66, 36, 30, 300.32698827717985, 37
51, 449406, 256636, 192770, 1924981.374235818, 137, 47, 90, 365.72132220485213, 49
1, 449438, 256668, 192770, 1925230.6156588185, 32, 32, 0, 249.24142300054422, 32
1, 449477, 256707, 192770, 1925493.3155987624, 39, 39, 0, 262.6999399439383, 39
1, 449562, 256752, 192810, 1925815.0526264335, 85, 45, 40, 321.73702767108114, 46
1, 449634, 256794, 192840, 1926122.847689458, 72, 42, 30, 307.79506302439404, 43
51, 449720, 256830, 192890, 1926444.6738541054, 86, 36, 50, 321.82616464756694, 37
1, 449763, 256873, 192890, 1926714.3488143084, 43, 43, 0, 269.6749602031015, 43
1, 449805, 256915, 192890, 1926982.3218038105, 42, 42, 0, 267.97298950218305, 42
1, 449911, 256951, 192960, 1927322.58984742, 106, 36, 70, 340.2680436096278, 38
51, 449997, 256987, 193010, 1927644.4160120676, 86, 36, 50, 321.82616464756694, 37
1, 450040, 257030, 193010, 1927914.0909722706, 43, 43, 0, 269.6749602031015, 43
1, 450078, 257068, 193010, 1928174.9733518905, 38, 38, 0, 260.88237961983884, 38
51, 450211, 257111, 193100, 1928537.3696209316, 133, 43, 90, 362.3962690412072, 45
1, 450253, 257153, 193100, 1928805.3426104337, 42, 42, 0, 267.97298950218305, 42
1, 450330, 257200, 193130, 1929119.0682742002, 77, 47, 30, 313.72566376652986, 48
1, 450403, 257233, 193170, 1929427.0695527694, 73, 33, 40, 308.00127856917646, 34
1, 450442, 257272, 193170, 1929689.7694927133, 39, 39, 0, 262.6999399439383, 39
51, 450528, 257308, 193220, 1930011.5956573607, 86, 36, 50, 321.82616464756694, 37
1, 450584, 257334, 193250, 1930298.4521373343, 56, 26, 30, 286.8564799734761, 27
1, 450666, 257376, 193290, 1930616.8738071776, 82, 42, 40, 318.42166984345636, 43
1, 450698, 257408, 193290, 1930866.1152301782, 32, 32, 0, 249.24142300054422, 32
1, 450797, 257437, 193360, 1931199.5494447313, 99, 29, 70, 333.43421455299045, 31
51, 450890, 257480, 193410, 1931528.7917246385, 93, 43, 50, 329.24227990714814, 44
1, 450948, 257508, 193440, 1931818.4586267457, 58, 28, 30, 289.66690210718946, 29
1, 450991, 257551, 193440, 1932088.1335869487, 43, 43, 0, 269.6749602031015, 43
1, 451035, 257595, 193440, 1932359.4845446388, 44, 44, 0, 271.35095769013947, 44
1, 451112, 257632, 193480, 1932672.2102084053, 77, 37, 40, 312.72566376652986, 38
51, 451200, 257670, 193530, 1932996.191639766, 88, 38, 50, 323.98143136087856, 39
1, 451266, 257706, 193560, 1933296.5186280434, 66, 36, 30, 300.32698827717985, 37
1, 451353, 257753, 193600, 1933620.4262090412, 87, 47, 40, 323.9075809977351, 48
1, 451390, 257790, 193600, 1933879.458780497, 37, 37, 0, 259.03257145596604, 37
51, 451485, 257835, 193650, 1934210.7573446324, 95, 45, 50, 331.2985641352145, 46
1, 451517, 257867, 193650, 1934459.998767633, 32, 32, 0, 249.24142300054422, 32
1, 451546, 257896, 193650, 1934702.8583463435, 29, 29, 0, 242.8595787106084, 29
1, 451619, 257939, 193680, 1935011.8596249127, 73, 43, 30, 309.00127856917646, 44
51, 451749, 257979, 193770, 1935371.7244624512, 130, 40, 90, 359.86483753851803, 42
1, 451785, 258015, 193770, 1935628.8734367294, 36, 36, 0, 257.1489742783178, 36
1, 451818, 258048, 193770, 1935880.1516094222, 33, 33, 0, 251.27817269284301, 33
1, 451923, 258083, 193840, 1936219.4601967165, 105, 35, 70, 339.30858729436795, 37
1, 451964, 258124, 193840, 1936485.70415016, 41, 41, 0, 266.24395344352433, 41
51, 452049, 258159, 193890, 1936806.4411778313, 85, 35, 50, 320.73702767108114, 36
1, 452096, 258206, 193890, 1937082.6742277008, 47, 47, 0, 276.2330498695885, 47
1, 452166, 258246, 193920, 1937388.0249885528, 70, 40, 30, 305.3507608519078, 41
1, 452237, 258277, 193960, 1937693.6032993714, 71, 31, 40, 305.57831081870995, 32
51, 452333, 258323, 194010, 1938025.9202153862, 96, 46, 50, 332.31691601465747, 47
1, 452370, 258360, 194010, 1938284.9527868421, 37, 37, 0, 259.03257145596604, 37
1, 452413, 258403, 194010, 1938554.6277470451, 43, 43, 0, 269.6749602031015, 43
1, 452477, 258437, 194040, 1938852.3704595198, 64, 34, 30, 297.742712474619, 35
51, 452609, 258479, 194130, 1939213.926581947, 132, 42, 90, 361.55612242701943, 44
1, 452653, 258523, 194130, 1939485.277539637, 44, 44, 0, 271.35095769013947, 44
1, 452694, 258564, 194130, 1939751.5214930805, 41, 41, 0, 266.24395344352433, 41
1, 452770, 258600, 194170, 1940063.0806654543, 76, 36, 40, 311.5591723737189, 37
51, 452887, 258637, 194250, 1940412.5674822528, 117, 37, 80, 349.4868167986058, 39
1, 452923, 258673, 194250, 1940669.716456531, 36, 36, 0, 257.1489742783178, 36
1, 453001, 258711, 194290, 1940983.5992431513, 78, 38, 40, 313.8827866200841, 39
51, 453096, 258756, 194340, 1941314.8978072866, 95, 45, 50, 331.2985641352145, 46
1, 453143, 258803, 194340, 1941591.1308571561, 47, 47, 0, 276.2330498695885, 47
1, 453216, 258846, 194370, 1941900.1321357253, 73, 43, 30, 309.00127856917646, 44
1, 453261, 258891, 194370, 1942173.1341421364, 45, 45, 0, 273.00200641113514, 45
51, 453389, 258929, 194460, 1942531.292708238, 128, 38, 90, 358.1585661014858, 40
1, 453424, 258964, 194460, 1942786.5226361477, 35, 35, 0, 255.22992790977875, 35
1, 453495, 259005, 194490, 1943093.1009469663, 71, 41, 30, 306.57831081870995, 42
1, 453532, 259042, 194490, 1943352.1335184223, 37, 37, 0, 259.03257145596604, 37
51, 453670, 259090, 194580, 1943718.6774479742, 138, 48, 90, 366.54392955194305, 50
1, 453696, 259116, 194580, 1943954.6875344096, 26, 26, 0, 236.01008643532256, 26
1, 453732, 259152, 194580, 1944211.8365086878, 36, 36, 0, 257.1489742783178, 36
51, 453851, 259191, 194660, 1944563.1199038902, 119, 39, 80, 351.28339520229764, 41
1, 453901, 259241, 194660, 1944844.0346987373, 50, 50, 0, 280.9147948472494, 50
1, 453976, 259286, 194690, 1945155.4177943757, 75, 45, 30, 311.38309563827124, 46
51, 454115, 259335, 194780, 1945522.780956677, 139, 49, 90, 367.36316230125203, 51
1, 454150, 259370, 194780, 1945778.0108845867, 35, 35, 0, 255.22992790977875, 35
1, 454226, 259416, 194810, 1946090.5700569605, 76, 46, 30, 312.5591723737189, 47
1, 454267, 259457, 194810, 1946356.814010404, 41, 41, 0, 266.24395344352433, 41
1, 454306, 259496, 194810, 1946619.513950348, 39, 39, 0, 262.6999399439383, 39
51, 454435, 259535, 194900, 1946978.5275508391, 129, 39, 90, 359.01360049114555, 41
1, 454513, 259583, 194930, 1947293.4103374593, 78, 48, 30, 314.8827866200841, 49
1, 454551, 259621, 194930, 1947554.2927170792, 38, 38, 0, 260.88237961983884, 38
1, 454590, 259660, 194930, 1947816.992657023, 39, 39, 0, 262.6999399439383, 39
1, 454695, 259695, 195000, 1948156.3012443173, 105, 35, 70, 339.30858729436795, 37
51, 454780, 259730, 195050, 1948477.0382719885, 85, 35, 50, 320.73702767108114, 36
1, 454827, 259777, 195050, 1948753.271321858, 47, 47, 0, 276.2330498695885, 47
1, 454905, 259815, 195090, 1949067.1541084782, 78, 38, 40, 313.8827866200841, 39
1, 454940, 259850, 195090, 1949322.384036388, 35, 35, 0, 255.22992790977875, 35
51, 455063, 259893, 195170, 1949677.20860765, 123, 43, 80, 354.8245712617827, 45
1, 455144, 259934, 195210, 1949994.50860765, 81, 41, 40, 317.3, 42
1, 455212, 259972, 195240, 1950297.3707787525, 68, 38, 30, 302.86217110259, 39
1, 455293, 260013, 195280, 1950614.6707787525, 81, 41, 40, 317.3, 42
51, 455388, 260058, 195330, 1950945.9693428879, 95, 45, 50, 331.2985641352145, 46
1, 455451, 260091, 195360, 1951242.400667614, 63, 33, 30, 296.43132472612575, 34
1, 455494, 260134, 195360, 1951512.075627817, 43, 43, 0, 269.6749602031015, 43
51, 455632, 260182, 195450, 1951878.619557369, 138, 48, 90, 366.54392955194305, 50
1, 455678, 260228, 195450, 1952153.2486260831, 46, 46, 0, 274.6290687140218, 46
1, 455712, 260262, 195450, 1952406.5222663598, 34, 34, 0, 253.2736402766418, 34
1, 455790, 260300, 195490, 1952720.40505298, 78, 38, 40, 313.8827866200841, 39
51, 455910, 260340, 195570, 1953072.5801449446, 120, 40, 80, 352.1750919646873, 42
1, 455952, 260382, 195570, 1953340.5531344467, 42, 42, 0, 267.97298950218305, 42
1, 456028, 260418, 195610, 1953652.1123068205, 76, 36, 40, 311.5591723737189, 37
1, 456070, 260460, 195610, 1953920.0852963226, 42, 42, 0, 267.97298950218305, 42
51, 456161, 260501, 195660, 1954247.2443582613, 91, 41, 50, 327.1590619387661, 42
1, 456244, 260544, 195700, 1954566.7793061906, 83, 43, 40, 319.5349479292333, 44
1, 456314, 260584, 195730, 1954872.1300670425, 70, 40, 30, 305.3507608519078, 41
1, 456356, 260626, 195730, 1955140.1030565447, 42, 42, 0, 267.97298950218305, 42
1, 456424, 260654, 195770, 1955441.9652276472, 68, 28, 40, 301.86217110259, 29
51, 456541, 260691, 195850, 1955791.4520444458, 117, 37, 80, 349.4868167986058, 39
1, 456619, 260729, 195890, 1956105.334831066, 78, 38, 40, 313.8827866200841, 39
1, 456651, 260761, 195890, 1956354.5762540665, 32, 32, 0, 249.24142300054422, 32
1, 456690, 260800, 195890, 1956617.2761940104, 39, 39, 0, 262.6999399439383, 39
51, 456789, 260849, 195940, 1956952.6104085634, 99, 49, 50, 335.33421455299043, 50
1, 456832, 260892, 195940, 1957222.2853687664, 43, 43, 0, 269.6749602031015, 43
1, 456955, 260945, 196010, 1957578.1099400283, 123, 53, 70, 355.8245712617827, 55
1, 456988, 260978, 196010, 1957829.388112721, 33, 33, 0, 251.27817269284301, 33
1, 457065, 261025, 196040, 1958143.1137764875, 77, 47, 30, 313.72566376652986, 48
51, 457150, 261060, 196090, 1958463.8508041587, 85, 35, 50, 320.73702767108114, 36
1, 457263, 261103, 196160, 1958810.6898480281, 113, 43, 70, 346.83904386951343, 45
1, 457313, 261153, 196160, 1959091.6046428753, 50, 50, 0, 280.9147948472494, 50
1, 457388, 261198, 196190, 1959402.9877385136, 75, 45, 30, 311.38309563827124, 46
51, 457472, 261232, 196240, 1959722.627748917, 84, 34, 50, 319.64001040350905, 35
1, 457515, 261275, 196240, 1959992.30270912, 43, 43, 0, 269.6749602031015, 43
1, 457555, 261315, 196240, 1960256.7893950567, 40, 40, 0, 264.4866859365871, 40
1, 457668, 261358, 196310, 1960603.628438926, 113, 43, 70, 346.83904386951343, 45
51, 457747, 261387, 196360, 1960917.6591890561, 79, 29, 50, 314.03075013013313, 30
1, 457822, 261422, 196400, 1961228.0422846945, 75, 35, 40, 310.38309563827124, 36
1, 457866, 261466, 196400, 1961499.3932423845, 44, 44, 0, 271.35095769013947, 44
1, 457904, 261504, 196400, 1961760.2756220044, 38, 38, 0, 260.88237961983884, 38
1, 457972, 261542, 196430, 1962063.137793107, 68, 38, 30, 302.86217110259, 39
51, 458104, 261584, 196520, 1962424.693915534, 132, 42, 90, 361.55612242701943, 44
1, 458149, 261629, 196520, 1962697.6959219452, 45, 45, 0, 273.00200641113514, 45
1, 458187, 261667, 196520, 1962958.578301565, 38, 38, 0, 260.88237961983884, 38
51, 458306, 261706, 196600, 1963309.8616967674, 119, 39, 80, 351.28339520229764, 41
1, 458352, 261752, 196600, 1963584.4907654815, 46, 46, 0, 274.6290687140218, 46
1, 458393, 261793, 196600, 1963850.734718925, 41, 41, 0, 266.24395344352433, 41
1, 458474, 261834, 196640, 1964168.0347189251, 81, 41, 40, 317.3, 42
1, 458540, 261870, 196670, 1964468.3617072024, 66, 36, 30, 300.32698827717985, 37
51, 458632, 261912, 196720, 1964796.5658086706, 92, 42, 50, 328.20410146824725, 43
1, 458711, 261951, 196760, 1965111.5965588007, 79, 39, 40, 315.03075013013313, 40
1, 458744, 261984, 196760, 1965362.8747314934, 33, 33, 0, 251.27817269284301, 33
1, 458827, 262027, 196800, 1965682.4096794226, 83, 43, 40, 319.5349479292333, 44
1, 458889, 262059, 196830, 1965977.5163057523, 62, 32, 30, 295.1066263296683, 33
51, 458983, 262103, 196880, 1966307.7900316, 94, 44, 50, 330.273725847777, 45
1, 459058, 262138, 196920, 1966618.1731272384, 75, 35, 40, 310.38309563827124, 36
1, 459109, 262189, 196920, 1966900.6076390168, 51, 51, 0, 282.43451177837886, 51
1, 459150, 262230, 196920, 1967166.8515924604, 41, 41, 0, 266.24395344352433, 41
51, 459279, 262269, 197010, 1967525.8651929516, 129, 39, 90, 359.01360049114555, 41
1, 459360, 262320, 197040, 1967844.1651929517, 81, 51, 30, 318.3, 52
1, 459398, 262358, 197040, 1968105.0475725716, 38, 38, 0, 260.88237961983884, 38
1, 459443, 262403, 197040, 1968378.0495789826, 45, 45, 0, 273.00200641113514, 45
1, 459480, 262440, 197040, 1968637.0821504386, 37, 37, 0, 259.03257145596604, 37
51, 459598, 262478, 197120, 1968987.4694756074, 118, 38, 80, 350.3873251689181, 40
1, 459680, 262520, 197160, 1969305.8911454508, 82, 42, 40, 318.42166984345636, 43
1, 459719, 262559, 197160, 1969568.5910853946, 39, 39, 0, 262.6999399439383, 39
1, 459789, 262599, 197190, 1969873.9418462466, 70, 40, 30, 305.3507608519078, 41
1, 459829, 262639, 197190, 1970138.4285321832, 40, 40, 0, 264.4866859365871, 40
51, 459964, 262684, 197280, 1970502.4943421234, 135, 45, 90, 364.06580994024984, 47
1, 460001, 262721, 197280, 1970761.5269135793, 37, 37, 0, 259.03257145596604, 37
1, 460030, 262750, 197280, 1971004.3864922898, 29, 29, 0, 242.8595787106084, 29
1, 460075, 262795, 197280, 1971277.388498701, 45, 45, 0, 273.00200641113514, 45
51, 460233, 262833, 197400, 1971656.8277079568, 158, 38, 120, 379.43920925585275, 41
1, 460276, 262876, 197400, 1971926.5026681598, 43, 43, 0, 269.6749602031015, 43
1, 460324, 262924, 197400, 1972204.3174707503, 48, 48, 0, 277.8148025904985, 48
1, 460406, 262966, 197440, 1972522.7391405937, 82, 42, 40, 318.42166984345636, 43
51, 460524, 263004, 197520, 1972873.1264657625, 118, 38, 80, 350.3873251689181, 40
1, 460569, 263049, 197520, 1973146.1284721736, 45, 45, 0, 273.00200641113514, 45
1, 460643, 263093, 197550, 1973456.3256809404, 74, 44, 30, 310.1972087668518, 45
1, 460723, 263133, 197590, 1973772.4954371846, 80, 40, 40, 316.1697562442441, 41
1, 460770, 263180, 197590, 1974048.7284870541, 47, 47, 0, 276.2330498695885, 47
51, 460868, 263228, 197640, 1974383.0631154187, 98, 48, 50, 334.33462836457886, 49
1, 460949, 263269, 197680, 1974700.3631154187, 81, 41, 40, 317.3, 42
1, 461016, 263306, 197710, 1975001.9636706763, 67, 37, 30, 301.6005552576305, 38
1, 461067, 263357, 197710, 1975284.3981824548, 51, 51, 0, 282.43451177837886, 51
1, 461098, 263388, 197710, 1975531.559288632, 31, 31, 0, 247.1611061770567, 31
51, 461231, 263431, 197800, 1975893.955557673, 133, 43, 90, 362.3962690412072, 45
1, 461302, 263472, 197830, 1976200.5338684916, 71, 41, 30, 306.57831081870995, 42
1, 461374, 263504, 197870, 1976507.328931516, 72, 32, 40, 306.79506302439404, 33
1, 461401, 263531, 197870, 1976745.6796372116, 27, 27, 0, 238.35070569547776, 27
51, 461528, 263568, 197960, 1977102.979319511, 127, 37, 90, 357.2996822992933, 39
1, 461563, 263603, 197960, 1977358.2092474208, 35, 35, 0, 255.22992790977875, 35
1, 461612, 263652, 197960, 1977637.5843785272, 49, 49, 0, 279.3751311064591, 49
1, 461728, 263698, 198030, 1977987.1661820184, 116, 46, 70, 349.5818034911291, 48
1, 461761, 263731, 198030, 1978238.444354711, 33, 33, 0, 251.27817269284301, 33
51, 461854, 263774, 198080, 1978567.6866346183, 93, 43, 50, 329.24227990714814, 44
1, 461896, 263816, 198080, 1978835.6596241205, 42, 42, 0, 267.97298950218305, 42
1, 462015, 263865, 198150, 1979187.9430193228, 119, 49, 70, 352.28339520229764, 51
1, 462056, 263906, 198150, 1979454.1869727664, 41, 41, 0, 266.24395344352433, 41
1, 462115, 263965, 198150, 1979748.135773014, 59, 59, 0, 293.94880024760363, 59
51, 462227, 263997, 198230, 1980093.0510853536, 112, 32, 80, 344.91531233955715, 34
1, 462268, 264038, 198230, 1980359.2950387972, 41, 41, 0, 266.24395344352433, 41
1, 462373, 264073, 198300, 1980698.6036260915, 105, 35, 70, 339.30858729436795, 37
51, 462462, 264112, 198350, 1981023.6514916555, 89, 39, 50, 325.0478655640733, 40
1, 462503, 264153, 198350, 1981289.895445099, 41, 41, 0, 266.24395344352433, 41
1, 462596, 264206, 198390, 1981620.1377250063, 93, 53, 40, 330.24227990714814, 54
1, 462665, 264245, 198420, 1981924.2498667166, 69, 39, 30, 304.1121417102006, 40
51, 462747, 264277, 198470, 1982241.67153656, 82, 32, 50, 317.42166984345636, 33
1, 462825, 264315, 198510, 1982555.55432318, 78, 38, 40, 313.8827866200841, 39
1, 462903, 264363, 198540, 1982870.4371098003, 78, 48, 30, 314.8827866200841, 49
1, 462945, 264405, 198540, 1983138.4100993024, 42, 42, 0, 267.97298950218305, 42
1, 462978, 264438, 198540, 1983389.6882719952, 33, 33, 0, 251.27817269284301, 33
51, 463109, 264479, 198630, 1983750.4006002108, 131, 41, 90, 360.7123282155055, 43
1, 463176, 264516, 198660, 1984052.0011554684, 67, 37, 30, 301.6005552576305, 38
1, 463210, 264550, 198660, 1984305.274795745, 34, 34, 0, 253.2736402766418, 34
51, 463337, 264587, 198750, 1984662.5744780444, 127, 37, 90, 357.2996822992933, 39
1, 463380, 264630, 198750, 1984932.2494382474, 43, 43, 0, 269.6749602031015, 43
1, 463411, 264661, 198750, 1985179.4105444246, 31, 31, 0, 247.1611061770567, 31
51, 463499, 264699, 198800, 1985503.3919757854, 88, 38, 50, 323.98143136087856, 39
1, 463570, 264740, 198830, 1985809.970286604, 71, 41, 30, 306.57831081870995, 42
1, 463648, 264778, 198870, 1986123.8530732242, 78, 38, 40, 313.8827866200841, 39
1, 463682, 264812, 198870, 1986377.1267135008, 34, 34, 0, 253.2736402766418, 34
1, 463724, 264854, 198870, 1986645.099703003, 42, 42, 0, 267.97298950218305, 42
51, 463843, 264893, 198950, 1986996.3830982053, 119, 39, 80, 351.28339520229764, 41
1, 463921, 264931, 198990, 1987310.2658848255, 78, 38, 40, 313.8827866200841, 39
1, 463968, 264978, 198990, 1987586.498934695, 47, 47, 0, 276.2330498695885, 47
1, 464000, 265010, 198990, 1987835.7403576956, 32, 32, 0, 249.24142300054422, 32
1, 464060, 265040, 199020, 1988128.156126067, 60, 30, 30, 292.41576837137404, 31
51, 464148, 265078, 199070, 1988452.1375574279, 88, 38, 50, 323.98143136087856, 39
1, 464228, 265118, 199110, 1988768.307313672, 80, 40, 40, 316.1697562442441, 41
1, 464269, 265159, 199110, 1989034.5512671156, 41, 41, 0, 266.24395344352433, 41
1, 464340, 265200, 199140, 1989341.1295779343, 71, 41, 30, 306.57831081870995, 42
51, 464433, 265243, 199190, 1989670.3718578415, 93, 43, 50, 329.24227990714814, 44
1, 464466, 265276, 199190, 1989921.6500305342, 33, 33, 0, 251.27817269284301, 33
1, 464572, 265312, 199260, 1990261.9180741438, 106, 36, 70, 340.2680436096278, 38
1, 464611, 265351, 199260, 1990524.6180140877, 39, 39, 0, 262.6999399439383, 39
51, 464696, 265386, 199310, 1990845.3550417589, 85, 35, 50, 320.73702767108114, 36
1, 464763, 265423, 199340, 1991146.9555970165, 67, 37, 30, 301.6005552576305, 38
1, 464810, 265470, 199340, 1991423.188646886, 47, 47, 0, 276.2330498695885, 47
51, 464978, 265518, 199460, 1991810.1092212538, 168, 48, 120, 386.9205743678508, 51
1, 465024, 265564, 199460, 1992084.7382899679, 46, 46, 0, 274.6290687140218, 46
1, 465070, 265610, 199460, 1992359.367358682, 46, 46, 0, 274.6290687140218, 46
1, 465110, 265650, 199460, 1992623.8540446186, 40, 40, 0, 264.4866859365871, 40
51, 465212, 265702, 199510, 1992962.1512273997, 102, 52, 50, 338.29718278112654, 53
1, 465259, 265749, 199510, 1993238.3842772692, 47, 47, 0, 276.2330498695885, 47
1, 465381, 265801, 199580, 1993593.329895823, 122, 52, 70, 354.9456185537469, 54
1, 465420, 265840, 199580, 1993856.0298357669, 39, 39, 0, 262.6999399439383, 39
1, 465454, 265874, 199580, 1994109.3034760435, 34, 34, 0, 253.2736402766418, 34
51, 465546, 265916, 199630, 1994437.5075775117, 92, 42, 50, 328.20410146824725, 43
1, 465628, 265958, 199670, 1994755.929247355, 82, 42, 40, 318.42166984345636, 43
1, 465668, 265998, 199670, 1995020.4159332917, 40, 40, 0, 264.4866859365871, 40
1, 465731, 266031, 199700, 1995316.8472580179, 63, 33, 30, 296.43132472612575, 34
51, 465826, 266076, 199750, 1995648.1458221532, 95, 45, 50, 331.2985641352145, 46
1, 465908, 266118, 199790, 1995966.5674919966, 82, 42, 40, 318.42166984345636, 43
1, 465960, 266170, 199790, 1996250.5024534247, 52, 52, 0, 283.93496142826496, 52
1, 466002, 266212, 199790, 1996518.4754429269, 42, 42, 0, 267.97298950218305, 42
51, 466093, 266253, 199840, 1996845.6345048656, 91, 41, 50, 327.1590619387661, 42
1, 466162, 266292, 199870, 1997149.7466465759, 69, 39, 30, 304.1121417102006, 40
1, 466190, 266320, 199870, 1997390.379309955, 28, 28, 0, 240.63266337912057, 28
1, 466296, 266356, 199940, 1997730.6473535646, 106, 36, 70, 340.2680436096278, 38
51, 466387, 266397, 199990, 1998057.8064155034, 91, 41, 50, 327.1590619387661, 42
1, 466439, 266449, 199990, 1998341.7413769315, 52, 52, 0, 283.93496142826496, 52
1, 466516, 266496, 200020, 1998655.467040698, 77, 47, 30, 313.72566376652986, 48
1, 466552, 266532, 200020, 1998912.6160149763, 36, 36, 0, 257.1489742783178, 36
51, 466679, 266569, 200110, 1999269.9156972757, 127, 37, 90, 357.2996822992933, 39
1, 466725, 266615, 200110, 1999544.5447659898, 46, 46, 0, 274.6290687140218, 46
1, 466775, 266665, 200110, 1999825.459560837, 50, 50, 0, 280.9147948472494, 50
1, 466860, 266710, 200150, 2000147.196588508, 85, 45, 40, 321.73702767108114, 46
51, 466971, 266741, 200230, 2000491.183306549, 111, 31, 80, 343.9867180408456, 33
1, 467009, 266779, 200230, 2000752.0656861688, 38, 38, 0, 260.88237961983884, 38
1, 467043, 266813, 200230, 2001005.3393264455, 34, 34, 0, 253.2736402766418, 34
51, 467208, 266858, 200350, 2001390.041789867, 165, 45, 120, 384.7024634215721, 48
1, 467249, 266899, 200350, 2001656.2857433106, 41, 41, 0, 266.24395344352433, 41
1, 467288, 266938, 200350, 2001918.9856832544, 39, 39, 0, 262.6999399439383, 39
51, 467386, 266986, 200400, 2002253.320311619, 98, 48, 50, 334.33462836457886, 49
1, 467456, 267026, 200430, 2002558.671072471, 70, 40, 30, 305.3507608519078, 41
1, 467500, 267070, 200430, 2002830.022030161, 44, 44, 0, 271.35095769013947, 44
1, 467601, 267101, 200500, 2003165.4374181333, 101, 31, 70, 335.41538797227, 33
1, 467644, 267144, 200500, 2003435.1123783363, 43, 43, 0, 269.6749602031015, 43
51, 467733, 267183, 200550, 2003760.1602439003, 89, 39, 50, 325.0478655640733, 40
1, 467771, 267221, 200550, 2004021.0426235201, 38, 38, 0, 260.88237961983884, 38
1, 467851, 267261, 200590, 2004337.2123797643, 80, 40, 40, 316.1697562442441, 41
1, 467915, 267295, 200620, 2004634.955092239, 64, 34, 30, 297.742712474619, 35
1, 467954, 267334, 200620, 2004897.6550321828, 39, 39, 0, 262.6999399439383, 39
51, 468055, 267385, 200670, 2005234.970420155, 101, 51, 50, 337.31538797227006, 52
1, 468092, 267422, 200670, 2005494.002991611, 37, 37, 0, 259.03257145596604, 37
1, 468199, 267459, 200740, 2005835.2251368805, 107, 37, 70, 341.2221452697031, 39
1, 468228, 267488, 200740, 2006078.084715591, 29, 29, 0, 242.8595787106084, 29
51, 468351, 267531, 200820, 2006432.909286853, 123, 43, 80, 354.8245712617827, 45
1, 468399, 267579, 200820, 2006710.7240894435, 48, 48, 0, 277.8148025904985, 48
1, 468483, 267623, 200860, 2007031.364099847, 84, 44, 40, 320.64001040350905, 45
1, 468521, 267661, 200860, 2007292.2464794668, 38, 38, 0, 260.88237961983884, 38
1, 468587, 267697, 200890, 2007592.573467744, 66, 36, 30, 300.32698827717985, 37
51, 468714, 267734, 200980, 2007949.8731500434, 127, 37, 90, 357.2996822992933, 39
1, 468752, 267772, 200980, 2008210.7555296633, 38, 38, 0, 260.88237961983884, 38
1, 468793, 267813, 200980, 2008476.999483107, 41, 41, 0, 266.24395344352433, 41
1, 468865, 267855, 201010, 2008784.7945461313, 72, 42, 30, 307.79506302439404, 43
51, 468954, 267894, 201060, 2009109.8424116953, 89, 39, 50, 325.0478655640733, 40
1, 468987, 267927, 201060, 2009361.120584388, 33, 33, 0, 251.27817269284301, 33
1, 469069, 267969, 201100, 2009679.5422542314, 82, 42, 40, 318.42166984345636, 43
1, 469101, 268001, 201100, 2009928.783677232, 32, 32, 0, 249.24142300054422, 32
1, 469175, 268045, 201130, 2010238.9808859988, 74, 44, 30, 310.1972087668518, 45
51, 469273, 268093, 201180, 2010573.3155143633, 98, 48, 50, 334.33462836457886, 49
1, 469358, 268138, 201220, 2010895.0525420345, 85, 45, 40, 321.73702767108114, 46
1, 469429, 268179, 201250, 2011201.6308528532, 71, 41, 30, 306.57831081870995, 42
1, 469470, 268220, 201250, 2011467.8748062968, 41, 41, 0, 266.24395344352433, 41
51, 469558, 268258, 201300, 2011791.8562376576, 88, 38, 50, 323.98143136087856, 39
1, 469596, 268296, 201300, 2012052.7386172775, 38, 38, 0, 260.88237961983884, 38
1, 469706, 268336, 201370, 2012396.7918013239, 110, 40, 70, 344.0531840464366, 42
51, 469805, 268385, 201420, 2012732.126015877, 99, 49, 50, 335.33421455299043, 50
1, 469884, 268424, 201460, 2013047.156766007, 79, 39, 40, 315.03075013013313, 40
1, 469946, 268456, 201490, 2013342.2633923367, 62, 32, 30, 295.1066263296683, 33
1, 470023, 268493, 201530, 2013654.9890561032, 77, 37, 40, 312.72566376652986, 38
1, 470057, 268527, 201530, 2013908.2626963798, 34, 34, 0, 253.2736402766418, 34
51, 470189, 268569, 201620, 2014269.818818807, 132, 42, 90, 361.55612242701943, 44
1, 470238, 268618, 201620, 2014549.1939499134, 49, 49, 0, 279.3751311064591, 49
1, 470271, 268651, 201620, 2014800.4721226061, 33, 33, 0, 251.27817269284301, 33
1, 470351, 268701, 201650, 2015117.6418788503, 80, 50, 30, 317.1697562442441, 51
1, 470385, 268735, 201650, 2015370.915519127, 34, 34, 0, 253.2736402766418, 34
51, 470471, 268771, 201700, 2015692.7416837744, 86, 36, 50, 321.82616464756694, 37
1, 470541, 268801, 201740, 2015997.0924446264, 70, 30, 40, 304.3507608519078, 31
1, 470582, 268842, 201740, 2016263.33639807, 41, 41, 0, 266.24395344352433, 41
51, 470703, 268883, 201820, 2016616.3988771054, 121, 41, 80, 353.06247903554, 43
1, 470746, 268926, 201820, 2016886.0738373084, 43, 43, 0, 269.6749602031015, 43
1, 470791, 268971, 201820, 2017159.0758437195, 45, 45, 0, 273.00200641113514, 45
1, 470828, 269008, 201820, 2017418.1084151755, 37, 37, 0, 259.03257145596604, 37
51, 470995, 269055, 201940, 2017804.2920446126, 167, 47, 120, 386.1836294370035, 50
1, 471033, 269093, 201940, 2018065.1744242324, 38, 38, 0, 260.88237961983884, 38
1, 471072, 269132, 201940, 2018327.8743641763, 39, 39, 0, 262.6999399439383, 39
1, 471113, 269173, 201940, 2018594.11831762, 41, 41, 0, 266.24395344352433, 41
1, 471155, 269215, 201940, 2018862.091307122, 42, 42, 0, 267.97298950218305, 42
51, 471320, 269260, 202060, 2019246.7937705435, 165, 45, 120, 384.7024634215721, 48
1, 471359, 269299, 202060, 2019509.4937104874, 39, 39, 0, 262.6999399439383, 39
1, 471420, 269330, 202090, 2019803.2619497546, 61, 31, 30, 293.7682392671241, 32
1, 471469, 269379, 202090, 2020082.637080861, 49, 49, 0, 279.3751311064591, 49
51, 471548, 269408, 202140, 2020396.667830991, 79, 29, 50, 314.03075013013313, 30
1, 471629, 269449, 202180, 2020713.9678309911, 81, 41, 40, 317.3, 42
1, 471668, 269488, 202180, 2020976.667770935, 39, 39, 0, 262.6999399439383, 39
1, 471751, 269541, 202210, 2021297.2027188642, 83, 53, 30, 320.5349479292333, 54
51, 471839, 269579, 202260, 2021621.184150225, 88, 38, 50, 323.98143136087856, 39
1, 471872, 269612, 202260, 2021872.4623229178, 33, 33, 0, 251.27817269284301, 33
1, 471952, 269652, 202300, 2022188.632079162, 80, 40, 40, 316.1697562442441, 41
1, 471997, 269697, 202300, 2022461.634085573, 45, 45, 0, 273.00200641113514, 45
51, 472079, 269729, 202350, 2022779.0557554164, 82, 32, 50, 317.42166984345636, 33
1, 472139, 269759, 202380, 2023071.4715237878, 60, 30, 30, 292.41576837137404, 31
1, 472218, 269798, 202420, 2023386.502273918, 79, 39, 40, 315.03075013013313, 40
1, 472259, 269839, 202420, 2023652.7462273615, 41, 41, 0, 266.24395344352433, 41
51, 472349, 269879, 202470, 2023978.8532561855, 90, 40, 50, 326.1070288241023, 41
1, 472397, 269927, 202470, 2024256.668058776, 48, 48, 0, 277.8148025904985, 48
1, 472472, 269972, 202500, 2024568.0511544144, 75, 45, 30, 311.38309563827124, 46
1, 472547, 270007, 202540, 2024878.4342500528, 75, 35, 40, 310.38309563827124, 36
51, 472647, 270057, 202590, 2025214.7620160696, 100, 50, 50, 336.327766016838, 51
1, 472684, 270094, 202590, 2025473.7945875255, 37, 37, 0, 259.03257145596604, 37
1, 472781, 270121, 202660, 2025805.223486797, 97, 27, 70, 331.42889927149963, 29
1, 472822, 270162, 202660, 2026071.4674402406, 41, 41, 0, 266.24395344352433, 41
51, 472905, 270195, 202710, 2026390.0023881698, 83, 33, 50, 318.5349479292333, 34
1, 472973, 270233, 202740, 2026692.8645592723, 68, 38, 30, 302.86217110259, 39
1, 473049, 270269, 202780, 2027004.423731646, 76, 36, 40, 311.5591723737189, 37
1, 473115, 270305, 202810, 2027304.7507199233, 66, 36, 30, 300.32698827717985, 37
51, 473208, 270348, 202860, 2027633.9929998305, 93, 43, 50, 329.24227990714814, 44
1, 473247, 270387, 202860, 2027896.6929397744, 39, 39, 0, 262.6999399439383, 39
1, 473278, 270418, 202860, 2028143.8540459515, 31, 31, 0, 247.1611061770567, 31
1, 473354, 270454, 202900, 2028455.4132183252, 76, 36, 40, 311.5591723737189, 37
51, 473446, 270496, 202950, 2028783.6173197934, 92, 42, 50, 328.20410146824725, 43
1, 473554, 270534, 203020, 2029125.7882993405, 108, 38, 70, 342.1709795470626, 40
1, 473591, 270571, 203020, 2029384.8208707965, 37, 37, 0, 259.03257145596604, 37
1, 473621, 270601, 203020, 2029629.8556027284, 30, 30, 0, 245.0347319320716, 30
51, 473735, 270635, 203100, 2029976.6135904202, 114, 34, 80, 346.75798769167545, 36
1, 473776, 270676, 203100, 2030242.8575438638, 41, 41, 0, 266.24395344352433, 41
1, 473853, 270713, 203140, 2030555.5832076303, 77, 37, 40, 312.72566376652986, 38
1, 473896, 270756, 203140, 2030825.2581678333, 43, 43, 0, 269.6749602031015, 43
51, 473993, 270803, 203190, 2031158.5870671049, 97, 47, 50, 333.3288992714996, 48
1, 474072, 270842, 203230, 2031473.617817235, 79, 39, 40, 315.03075013013313, 40
1, 474141, 270881, 203260, 2031777.7299589452, 69, 39, 30, 304.1121417102006, 40
1, 474214, 270914, 203300, 2032085.7312375144, 73, 33, 40, 308.00127856917646, 34
51, 474297, 270947, 203350, 2032404.2661854436, 83, 33, 50, 318.5349479292333, 34
1, 474377, 270987, 203390, 2032720.4359416878, 80, 40, 40, 316.1697562442441, 41
1, 474442, 271022, 203420, 2033019.477093131, 65, 35, 30, 299.04115144336777, 36
1, 474478, 271058, 203420, 2033276.6260674093, 36, 36, 0, 257.1489742783178, 36
1, 474549, 271089, 203460, 2033582.204378228, 71, 31, 40, 305.57831081870995, 32
51, 474672, 271132, 203540, 2033937.0289494898, 123, 43, 80, 354.8245712617827, 45
1, 474712, 271172, 203540, 2034201.5156354264, 40, 40, 0, 264.4866859365871, 40
1, 474748, 271208, 203540, 2034458.6646097046, 36, 36, 0, 257.1489742783178, 36
1, 474857, 271247, 203610, 2034801.7792412043, 109, 39, 70, 343.114631499574, 41
51, 474945, 271285, 203660, 2035125.760672565, 88, 38, 50, 323.98143136087856, 39
1, 475009, 271319, 203690, 2035423.5033850397, 64, 34, 30, 297.742712474619, 35
1, 475046, 271356, 203690, 2035682.5359564957, 37, 37, 0, 259.03257145596604, 37
51, 475134, 271394, 203740, 2036006.5173878565, 88, 38, 50, 323.98143136087856, 39
1, 475209, 271439, 203770, 2036317.9004834949, 75, 45, 30, 311.38309563827124, 46
1, 475280, 271470, 203810, 2036623.4787943135, 71, 31, 40, 305.57831081870995, 32
1, 475319, 271509, 203810, 2036886.1787342574, 39, 39, 0, 262.6999399439383, 39
1, 475357, 271547, 203810, 2037147.0611138772, 38, 38, 0, 260.88237961983884, 38
51, 475436, 271576, 203860, 2037461.0918640073, 79, 29, 50, 314.03075013013313, 30
1, 475552, 271622, 203930, 2037810.6736674984, 116, 46, 70, 349.5818034911291, 48
1, 475584, 271654, 203930, 2038059.915090499, 32, 32, 0, 249.24142300054422, 32
1, 475691, 271691, 204000, 2038401.1372357686, 107, 37, 70, 341.2221452697031, 39
1, 475738, 271738, 204000, 2038677.3702856381, 47, 47, 0, 276.2330498695885, 47
51, 475824, 271774, 204050, 2038999.1964502856, 86, 36, 50, 321.82616464756694, 37
1, 475868, 271818, 204050, 2039270.5474079757, 44, 44, 0, 271.35095769013947, 44
1, 475949, 271859, 204090, 2039587.8474079757, 81, 41, 40, 317.3, 42
51, 476070, 271900, 204170, 2039940.9098870112, 121, 41, 80, 353.06247903554, 43
1, 476154, 271944, 204210, 2040261.5498974146, 84, 44, 40, 320.64001040350905, 45
1, 476194, 271984, 204210, 2040526.0365833512, 40, 40, 0, 264.4866859365871, 40
1, 476266, 272026, 204240, 2040833.8316463756, 72, 42, 30, 307.79506302439404, 43
1, 476308, 272068, 204240, 2041101.8046358777, 42, 42, 0, 267.97298950218305, 42
51, 476450, 272120, 204330, 2041471.6056684344, 142, 52, 90, 369.8010325565812, 54
1, 476493, 272163, 204330, 2041741.2806286374, 43, 43, 0, 269.6749602031015, 43
1, 476558, 272198, 204360, 2042040.3217800807, 65, 35, 30, 299.04115144336777, 36
1, 476646, 272246, 204400, 2042365.3032114415, 88, 48, 40, 324.98143136087856, 49
1, 476707, 272277, 204430, 2042659.0714507087, 61, 31, 30, 293.7682392671241, 32
51, 476804, 272324, 204480, 2042992.4003499802, 97, 47, 50, 333.3288992714996, 48
1, 476883, 272373, 204510, 2043308.4311001103, 79, 49, 30, 316.03075013013313, 50
1, 476931, 272421, 204510, 2043586.2459027008, 48, 48, 0, 277.8148025904985, 48
1, 477010, 272460, 204550, 2043901.276652831, 79, 39, 40, 315.03075013013313, 40
1, 477083, 272503, 204580, 2044210.2779314, 73, 43, 30, 309.00127856917646, 44
51, 477176, 272546, 204630, 2044539.5202113073, 93, 43, 50, 329.24227990714814, 44
1, 477257, 272587, 204670, 2044856.8202113074, 81, 41, 40, 317.3, 42
1, 477298, 272628, 204670, 2045123.064164751, 41, 41, 0, 266.24395344352433, 41
1, 477367, 272667, 204700, 2045427.1763064612, 69, 39, 30, 304.1121417102006, 40
51, 477450, 272700, 204750, 2045745.7112543904, 83, 33, 50, 318.5349479292333, 34
1, 477523, 272733, 204790, 2046053.7125329596, 73, 33, 40, 308.00127856917646, 34
1, 477560, 272770, 204790, 2046312.7451044156, 37, 37, 0, 259.03257145596604, 37
1, 477593, 272803, 204790, 2046564.0232771083, 33, 33, 0, 251.27817269284301, 33
51, 477682, 272842, 204840, 2046889.0711426723, 89, 39, 50, 325.0478655640733, 40
1, 477751, 272881, 204870, 2047193.1832843826, 69, 39, 30, 304.1121417102006, 40
1, 477826, 272916, 204910, 2047503.566380021, 75, 35, 40, 310.38309563827124, 36
1, 477866, 272956, 204910, 2047768.0530659575, 40, 40, 0, 264.4866859365871, 40
1, 477912, 273002, 204910, 2048042.6821346716, 46, 46, 0, 274.6290687140218, 46
51, 478005, 273045, 204960, 2048371.9244145788, 93, 43, 50, 329.24227990714814, 44
1, 478043, 273083, 204960, 2048632.8067941987, 38, 38, 0, 260.88237961983884, 38
1, 478109, 273119, 204990, 2048933.133782476, 66, 36, 30, 300.32698827717985, 37
1, 478192, 273162, 205030, 2049252.6687304052, 83, 43, 40, 319.5349479292333, 44
51, 478280, 273200, 205080, 2049576.650161766, 88, 38, 50, 323.98143136087856, 39
1, 478356, 273236, 205120, 2049888.2093341397, 76, 36, 40, 311.5591723737189, 37
1, 478425, 273275, 205150, 2050192.32147585, 69, 39, 30, 304.1121417102006, 40
1, 478467, 273317, 205150, 2050460.294465352, 42, 42, 0, 267.97298950218305, 42
51, 478556, 273356, 205200, 2050785.342330916, 89, 39, 50, 325.0478655640733, 40
1, 478593, 273393, 205200, 2051044.374902372, 37, 37, 0, 259.03257145596604, 37
1, 478682, 273442, 205240, 2051370.422767936, 89, 49, 40, 326.0478655640733, 50
1, 478755, 273485, 205270, 2051679.4240465052, 73, 43, 30, 309.00127856917646, 44
1, 478794, 273524, 205270, 2051942.123986449, 39, 39, 0, 262.6999399439383, 39
51, 478884, 273564, 205320, 2052268.2310152731, 90, 40, 50, 326.1070288241023, 41
1, 478964, 273604, 205360, 2052584.4007715173, 80, 40, 40, 316.1697562442441, 41
1, 479029, 273639, 205390, 2052883.4419229606, 65, 35, 30, 299.04115144336777, 36
1, 479116, 273686, 205430, 2053207.3495039584, 87, 47, 40, 323.9075809977351, 48
51, 479215, 273735, 205480, 2053542.6837185114, 99, 49, 50, 335.33421455299043, 50
1, 479259, 273779, 205480, 2053814.0346762014, 44, 44, 0, 271.35095769013947, 44
1, 479297, 273817, 205480, 2054074.9170558213, 38, 38, 0, 260.88237961983884, 38
1, 479406, 273856, 205550, 2054418.031687321, 109, 39, 70, 343.114631499574, 41
51, 479494, 273894, 205600, 2054742.0131186817, 88, 38, 50, 323.98143136087856, 39
1, 479534, 273934, 205600, 2055006.4998046183, 40, 40, 0, 264.4866859365871, 40
1, 479572, 273972, 205600, 2055267.3821842382, 38, 38, 0, 260.88237961983884, 38
51, 479706, 274016, 205690, 2055630.6150001567, 134, 44, 90, 363.23281591860336, 46
1, 479745, 274055, 205690, 2055893.3149401005, 39, 39, 0, 262.6999399439383, 39
1, 479814, 274094, 205720, 2056197.4270818108, 69, 39, 30, 304.1121417102006, 40
1, 479853, 274133, 205720, 2056460.1270217546, 39, 39, 0, 262.6999399439383, 39
51, 479952, 274182, 205770, 2056795.4612363076, 99, 49, 50, 335.33421455299043, 50
1, 480038, 274228, 205810, 2057118.287400955, 86, 46, 40, 322.82616464756694, 47
1, 480081, 274271, 205810, 2057387.962361158, 43, 43, 0, 269.6749602031015, 43
1, 480114, 274304, 205810, 2057639.2405338509, 33, 33, 0, 251.27817269284301, 33
51, 480277, 274347, 205930, 2058022.4519573292, 163, 43, 120, 383.21142347822723, 46
1, 480319, 274389, 205930, 2058290.4249468313, 42, 42, 0, 267.97298950218305, 42
1, 480401, 274431, 205970, 2058608.8466166747, 82, 42, 40, 318.42166984345636, 43
1, 480451, 274481, 205970, 2058889.7614115218, 50, 50, 0, 280.9147948472494, 50
51, 480541, 274521, 206020, 2059215.8684403459, 90, 40, 50, 326.1070288241023, 41
1, 480613, 274553, 206060, 2059522.6635033702, 72, 32, 40, 306.79506302439404, 33
1, 480684, 274594, 206090, 2059829.241814189, 71, 41, 30, 306.57831081870995, 42
1, 480722, 274632, 206090, 2060090.1241938088, 38, 38, 0, 260.88237961983884, 38
1, 480758, 274668, 206090, 2060347.273168087, 36, 36, 0, 257.1489742783178, 36
51, 480853, 274713, 206140, 2060678.5717322223, 95, 45, 50, 331.2985641352145, 46
1, 480928, 274748, 206180, 2060988.9548278607, 75, 35, 40, 310.38309563827124, 36
1, 480969, 274789, 206180, 2061255.1987813043, 41, 41, 0, 266.24395344352433, 41
1, 481083, 274833, 206250, 2061602.956768996, 114, 44, 70, 347.75798769167545, 46
51, 481177, 274877, 206300, 2061933.2304948438, 94, 44, 50, 330.273725847777, 45
1, 481241, 274911, 206330, 2062230.9732073185, 64, 34, 30, 297.742712474619, 35
1, 481276, 274946, 206330, 2062486.2031352283, 35, 35, 0, 255.22992790977875, 35
1, 481378, 274978, 206400, 2062822.6003180093, 102, 32, 70, 336.39718278112656, 34
51, 481468, 275018, 206450, 2063148.7073468333, 90, 40, 50, 326.1070288241023, 41
1, 481531, 275051, 206480, 2063445.1386715595, 63, 33, 30, 296.43132472612575, 34
1, 481571, 275091, 206480, 2063709.625357496, 40, 40, 0, 264.4866859365871, 40
1, 481614, 275134, 206480, 2063979.300317699, 43, 43, 0, 269.6749602031015, 43
1, 481733, 275183, 206550, 2064331.5837129015, 119, 49, 70, 352.28339520229764, 51
51, 481822, 275222, 206600, 2064656.6315784655, 89, 39, 50, 325.0478655640733, 40
1, 481863, 275263, 206600, 2064922.875531909, 41, 41, 0, 266.24395344352433, 41
1, 481910, 275310, 206600, 2065199.1085817786, 47, 47, 0, 276.2330498695885, 47
1, 482002, 275362, 206640, 2065528.3126832468, 92, 52, 40, 329.20410146824725, 53
51, 482094, 275404, 206690, 2065856.516784715, 92, 42, 50, 328.20410146824725, 43
1, 482163, 275443, 206720, 2066160.6289264252, 69, 39, 30, 304.1121417102006, 40
1, 482213, 275493, 206720, 2066441.5437212724, 50, 50, 0, 280.9147948472494, 50
1, 482325, 275535, 206790, 2066787.459033612, 112, 42, 70, 345.91531233955715, 44
1, 482368, 275578, 206790, 2067057.133993815, 43, 43, 0, 269.6749602031015, 43
51, 482455, 275615, 206840, 2067380.0415748127, 87, 37, 50, 322.9075809977351, 38
1, 482501, 275661, 206840, 2067654.6706435268, 46, 46, 0, 274.6290687140218, 46
1, 482535, 275695, 206840, 2067907.9442838035, 34, 34, 0, 253.2736402766418, 34
1, 482643, 275733, 206910, 2068250.1152633505, 108, 38, 70, 342.1709795470626, 40
1, 482678, 275768, 206910, 2068505.3451912603, 35, 35, 0, 255.22992790977875, 35
51, 482763, 275803, 206960, 2068826.0822189315, 85, 35, 50, 320.73702767108114, 36
1, 482851, 275851, 207000, 2069151.0636502923, 88, 48, 40, 324.98143136087856, 49
1, 482926, 275896, 207030, 2069462.4467459307, 75, 45, 30, 311.38309563827124, 46
1, 482972, 275942, 207030, 2069737.0758146448, 46, 46, 0, 274.6290687140218, 46
1, 483017, 275987, 207030, 2070010.077821056, 45, 45, 0, 273.00200641113514, 45
51, 483113, 276033, 207080, 2070342.3947370707, 96, 46, 50, 332.31691601465747, 47
1, 483226, 276076, 207150, 2070689.23378094, 113, 43, 70, 346.83904386951343, 45
1, 483263, 276113, 207150, 2070948.266352396, 37, 37, 0, 259.03257145596604, 37
51, 483390, 276150, 207240, 2071305.5660346954, 127, 37, 90, 357.2996822992933, 39
1, 483434, 276194, 207240, 2071576.9169923854, 44, 44, 0, 271.35095769013947, 44
1, 483472, 276232, 207240, 2071837.7993720053, 38, 38, 0, 260.88237961983884, 38
1, 483540, 276270, 207270, 2072140.6615431078, 68, 38, 30, 302.86217110259, 39
51, 483667, 276307, 207360, 2072497.9612254072, 127, 37, 90, 357.2996822992933, 39
1, 483706, 276346, 207360, 2072760.661165351, 39, 39, 0, 262.6999399439383, 39
1, 483743, 276383, 207360, 2073019.693736807, 37, 37, 0, 259.03257145596604, 37
1, 483778, 276418, 207360, 2073274.9236647168, 35, 35, 0, 255.22992790977875, 35
51, 483909, 276469, 207440, 2073636.6359929324, 131, 51, 80, 361.7123282155055, 53
1, 483985, 276505, 207480, 2073948.195165306, 76, 36, 40, 311.5591723737189, 37
1, 484033, 276553, 207480, 2074226.0099678966, 48, 48, 0, 277.8148025904985, 48
51, 484129, 276599, 207530, 2074558.3268839114, 96, 46, 50, 332.31691601465747, 47
1, 484168, 276638, 207530, 2074821.0268238552, 39, 39, 0, 262.6999399439383, 39
1, 484211, 276681, 207530, 2075090.7017840582, 43, 43, 0, 269.6749602031015, 43
1, 484322, 276722, 207600, 2075435.6885020991, 111, 41, 70, 344.9867180408456, 43
51, 484406, 276756, 207650, 2075755.3285125026, 84, 34, 50, 319.64001040350905, 35
1, 484511, 276791, 207720, 2076094.637099797, 105, 35, 70, 339.30858729436795, 37
1, 484553, 276833, 207720, 2076362.610089299, 42, 42, 0, 267.97298950218305, 42
1, 484591, 276871, 207720, 2076623.492468919, 38, 38, 0, 260.88237961983884, 38
1, 484633, 276913, 207720, 2076891.465458421, 42, 42, 0, 267.97298950218305, 42
51, 484720, 276950, 207770, 2077214.3730394188, 87, 37, 50, 322.9075809977351, 38
1, 484791, 276991, 207800, 2077520.9513502375, 71, 41, 30, 306.57831081870995, 42
1, 484867, 277027, 207840, 2077832.5105226112, 76, 36, 40, 311.5591723737189, 37
1, 484905, 277065, 207840, 2078093.392902231, 38, 38, 0, 260.88237961983884, 38
51, 484993, 277103, 207890, 2078417.374333592, 88, 38, 50, 323.98143136087856, 39
1, 485069, 277149, 207920, 2078729.9335059656, 76, 46, 30, 312.5591723737189, 47
1, 485152, 277192, 207960, 2079049.4684538948, 83, 43, 40, 319.5349479292333, 44
1, 485193, 277233, 207960, 2079315.7124073384, 41, 41, 0, 266.24395344352433, 41
51, 485273, 277263, 208010, 2079630.8821635826, 80, 30, 50, 315.1697562442441, 31
1, 485375, 277295, 208080, 2079967.2793463636, 102, 32, 70, 336.39718278112656, 34
1, 485426, 277346, 208080, 2080249.713858142, 51, 51, 0, 282.43451177837886, 51
1, 485497, 277387, 208110, 2080556.2921689607, 71, 41, 30, 306.57831081870995, 42
51, 485591, 277431, 208160, 2080886.5658948084, 94, 44, 50, 330.273725847777, 45
1, 485678, 277478, 208200, 2081210.4734758062, 87, 47, 40, 323.9075809977351, 48
1, 485714, 277514, 208200, 2081467.6224500844, 36, 36, 0, 257.1489742783178, 36
1, 485758, 277558, 208200, 2081738.9734077745, 44, 44, 0, 271.35095769013947, 44
51, 485877, 277597, 208280, 2082090.2568029768, 119, 39, 80, 351.28339520229764, 41
1, 485921, 277641, 208280, 2082361.6077606669, 44, 44, 0, 271.35095769013947, 44
1, 485997, 277677, 208320, 2082673.1669330406, 76, 36, 40, 311.5591723737189, 37
1, 486036, 277716, 208320, 2082935.8668729845, 39, 39, 0, 262.6999399439383, 39
51, 486131, 277761, 208370, 2083267.1654371198, 95, 45, 50, 331.2985641352145, 46
1, 486205, 277805, 208400, 2083577.3626458866, 74, 44, 30, 310.1972087668518, 45
1, 486236, 277836, 208400, 2083824.5237520637, 31, 31, 0, 247.1611061770567, 31
1, 486312, 277872, 208440, 2084136.0829244375, 76, 36, 40, 311.5591723737189, 37
51, 486401, 277911, 208490, 2084461.1307900015, 89, 39, 50, 325.0478655640733, 40
1, 486473, 277953, 208520, 2084768.9258530259, 72, 42, 30, 307.79506302439404, 43
1, 486510, 277990, 208520, 2085027.9584244818, 37, 37, 0, 259.03257145596604, 37
51, 486597, 278027, 208570, 2085350.8660054796, 87, 37, 50, 322.9075809977351, 38
1, 486689, 278079, 208610, 2085680.0701069478, 92, 52, 40, 329.20410146824725, 53
1, 486724, 278114, 208610, 2085935.3000348576, 35, 35, 0, 255.22992790977875, 35
1, 486800, 278150, 208650, 2086246.8592072313, 76, 36, 40, 311.5591723737189, 37
51, 486917, 278187, 208730, 2086596.34602403, 117, 37, 80, 349.4868167986058, 39
1, 486950, 278220, 208730, 2086847.6241967226, 33, 33, 0, 251.27817269284301, 33
1, 486991, 278261, 208730, 2087113.8681501662, 41, 41, 0, 266.24395344352433, 41
1, 487032, 278302, 208730, 2087380.1121036098, 41, 41, 0, 266.24395344352433, 41
51, 487165, 278345, 208820, 2087742.508372651, 133, 43, 90, 362.3962690412072, 45
1, 487230, 278380, 208850, 2088041.5495240942, 65, 35, 30, 299.04115144336777, 36
1, 487269, 278419, 208850, 2088304.249464038, 39, 39, 0, 262.6999399439383, 39
1, 487332, 278452, 208880, 2088600.6807887643, 63, 33, 30, 296.43132472612575, 34
1, 487415, 278495, 208920, 2088920.2157366935, 83, 43, 40, 319.5349479292333, 44
51, 487506, 278536, 208970, 2089247.3747986322, 91, 41, 50, 327.1590619387661, 42
1, 487615, 278575, 209040, 2089590.4894301319, 109, 39, 70, 343.114631499574, 41
1, 487650, 278610, 209040, 2089845.7193580416, 35, 35, 0, 255.22992790977875, 35
51, 487738, 278648, 209090, 2090169.7007894025, 88, 38, 50, 323.98143136087856, 39
1, 487783, 278693, 209090, 2090442.7027958136, 45, 45, 0, 273.00200641113514, 45
1, 487898, 278738, 209160, 2090791.3750128758, 115, 45, 70, 348.6722170622053, 47
1, 487941, 278781, 209160, 2091061.0499730788, 43, 43, 0, 269.6749602031015, 43
51, 488066, 278826, 209240, 2091417.620125567, 125, 45, 80, 356.57015248821097, 47
1, 488116, 278876, 209240, 2091698.5349204142, 50, 50, 0, 280.9147948472494, 50
1, 488152, 278912, 209240, 2091955.6838946925, 36, 36, 0, 257.1489742783178, 36
1, 488197, 278957, 209240, 2092228.6859011035, 45, 45, 0, 273.00200641113514, 45
51, 488326, 278996, 209330, 2092587.6995015948, 129, 39, 90, 359.01360049114555, 41
1, 488405, 279045, 209360, 2092903.7302517248, 79, 49, 30, 316.03075013013313, 50
1, 488441, 279081, 209360, 2093160.879226003, 36, 36, 0, 257.1489742783178, 36
1, 488481, 279121, 209360, 2093425.3659119396, 40, 40, 0, 264.4866859365871, 40
51, 488610, 279160, 209450, 2093784.3795124309, 129, 39, 90, 359.01360049114555, 41
1, 488643, 279193, 209450, 2094035.6576851236, 33, 33, 0, 251.27817269284301, 33
1, 488688, 279238, 209450, 2094308.6596915347, 45, 45, 0, 273.00200641113514, 45
1, 488765, 279285, 209480, 2094622.3853553012, 77, 47, 30, 313.72566376652986, 48
1, 488796, 279316, 209480, 2094869.5464614783, 31, 31, 0, 247.1611061770567, 31
51, 488937, 279367, 209570, 2095238.5381341437, 141, 51, 90, 368.9916726654594, 53
1, 489016, 279416, 209600, 2095554.5688842738, 79, 49, 30, 316.03075013013313, 50
1, 489053, 279453, 209600, 2095813.6014557297, 37, 37, 0, 259.03257145596604, 37
1, 489125, 279485, 209640, 2096120.396518754, 72, 32, 40, 306.79506302439404, 33
1, 489166, 279526, 209640, 2096386.6404721977, 41, 41, 0, 266.24395344352433, 41
51, 489250, 279560, 209690, 2096706.2804826011, 84, 34, 50, 319.64001040350905, 35
1, 489313, 279593, 209720, 2097002.7118073273, 63, 33, 30, 296.43132472612575, 34
1, 489343, 279623, 209720, 2097247.7465392593, 30, 30, 0, 245.0347319320716, 30
1, 489376, 279656, 209720, 2097499.024711952, 33, 33, 0, 251.27817269284301, 33
51, 489524, 279714, 209810, 2097873.6158394283, 148, 58, 90, 374.5911274759787, 60
1, 489566, 279756, 209810, 2098141.5888289306, 42, 42, 0, 267.97298950218305, 42
1, 489643, 279793, 209850, 2098454.3144926974, 77, 37, 40, 312.72566376652986, 38
1, 489711, 279831, 209880, 2098757.1766638, 68, 38, 30, 302.86217110259, 39
51, 489793, 279863, 209930, 2099074.5983336437, 82, 32, 50, 317.42166984345636, 33
1, 489830, 279900, 209930, 2099333.6309050997, 37, 37, 0, 259.03257145596604, 37
1, 489897, 279937, 209960, 2099635.231460357, 67, 37, 30, 301.6005552576305, 38
1, 489980, 279980, 210000, 2099954.7664082865, 83, 43, 40, 319.5349479292333, 44
51, 490071, 280021, 210050, 2100281.9254702255, 91, 41, 50, 327.1590619387661, 42
1, 490112, 280062, 210050, 2100548.169423669, 41, 41, 0, 266.24395344352433, 41
1, 490147, 280097, 210050, 2100803.3993515787, 35, 35, 0, 255.22992790977875, 35
1, 490220, 280140, 210080, 2101112.4006301477, 73, 43, 30, 309.00127856917646, 44
51, 490353, 280183, 210170, 2101474.796899189, 133, 43, 90, 362.3962690412072, 45
1, 490431, 280231, 210200, 2101789.6796858087, 78, 48, 30, 314.8827866200841, 49
1, 490467, 280267, 210200, 2102046.828660087, 36, 36, 0, 257.1489742783178, 36
51, 490547, 280297, 210250, 2102361.9984163316, 80, 30, 50, 315.1697562442441, 31
1, 490598, 280348, 210250, 2102644.43292811, 51, 51, 0, 282.43451177837886, 51
1, 490691, 280401, 210290, 2102974.675208017, 93, 53, 40, 330.24227990714814, 54
1, 490729, 280439, 210290, 2103235.557587637, 38, 38, 0, 260.88237961983884, 38
51, 490847, 280477, 210370, 2103585.944912806, 118, 38, 80, 350.3873251689181, 40
1, 490888, 280518, 210370, 2103852.1888662498, 41, 41, 0, 266.24395344352433, 41
1, 490926, 280556, 210370, 2104113.0712458696, 38, 38, 0, 260.88237961983884, 38
1, 491037, 280597, 210440, 2104458.0579639105, 111, 41, 70, 344.9867180408456, 43
1, 491084, 280644, 210440, 2104734.29101378, 47, 47, 0, 276.2330498695885, 47
51, 491186, 280696, 210490, 2105072.588196561, 102, 52, 50, 338.29718278112654, 53
1, 491258, 280728, 210530, 2105379.3832595856, 72, 32, 40, 306.79506302439404, 33
1, 491294, 280764, 210530, 2105636.532233864, 36, 36, 0, 257.1489742783178, 36
51, 491384, 280804, 210580, 2105962.6392626883, 90, 40, 50, 326.1070288241023, 41
1, 491451, 280841, 210610, 2106264.2398179458, 67, 37, 30, 301.6005552576305, 38
1, 491497, 280887, 210610, 2106538.86888666, 46, 46, 0, 274.6290687140218, 46
51, 491624, 280924, 210700, 2106896.168568959, 127, 37, 90, 357.2996822992933, 39
1, 491663, 280963, 210700, 2107158.868508903, 39, 39, 0, 262.6999399439383, 39
1, 491704, 281004, 210700, 2107425.1124623464, 41, 41, 0, 266.24395344352433, 41
1, 491783, 281043, 210740, 2107740.1432124767, 79, 39, 40, 315.03075013013313, 40
51, 491907, 281087, 210820, 2108095.842609025, 124, 44, 80, 355.6993965481514, 46
1, 491946, 281126, 210820, 2108358.542548969, 39, 39, 0, 262.6999399439383, 39
1, 491981, 281161, 210820, 2108613.7724768785, 35, 35, 0, 255.22992790977875, 35
1, 492085, 281195, 210890, 2108952.116163636, 104, 34, 70, 338.343686757474, 36
51, 492177, 281237, 210940, 2109280.3202651045, 92, 42, 50, 328.20410146824725, 43
1, 492218, 281278, 210940, 2109546.564218548, 41, 41, 0, 266.24395344352433, 41
1, 492296, 281316, 210980, 2109860.447005168, 78, 38, 40, 313.8827866200841, 39
1, 492336, 281356, 210980, 2110124.933691105, 40, 40, 0, 264.4866859365871, 40
1, 492380, 281400, 210980, 2110396.284648795, 44, 44, 0, 271.35095769013947, 44
51, 492505, 281445, 211060, 2110752.854801283, 125, 45, 80, 356.57015248821097, 47
1, 492541, 281481, 211060, 2111010.0037755617, 36, 36, 0, 257.1489742783178, 36
1, 492630, 281530, 211100, 2111336.0516411257, 89, 49, 40, 326.0478655640733, 50
1, 492665, 281565, 211100, 2111591.2815690353, 35, 35, 0, 255.22992790977875, 35
51, 492751, 281601, 211150, 2111913.1077336827, 86, 36, 50, 321.82616464756694, 37
1, 492852, 281632, 211220, 2112248.523121655, 101, 31, 70, 335.41538797227, 33
1, 492893, 281673, 211220, 2112514.7670750986, 41, 41, 0, 266.24395344352433, 41
1, 493007, 281717, 211290, 2112862.52506279, 114, 44, 70, 347.75798769167545, 46
51, 493093, 281753, 211340, 2113184.3512274376, 86, 36, 50, 321.82616464756694, 37
1, 493135, 281795, 211340, 2113452.32421694, 42, 42, 0, 267.97298950218305, 42
1, 493177, 281837, 211340, 2113720.2972064423, 42, 42, 0, 267.97298950218305, 42
1, 493253, 281883, 211370, 2114032.856378816, 76, 46, 30, 312.5591723737189, 47
51, 493377, 281917, 211460, 2114387.5557753644, 124, 34, 90, 354.6993965481514, 36
1, 493412, 281952, 211460, 2114642.785703274, 35, 35, 0, 255.22992790977875, 35
1, 493447, 281987, 211460, 2114898.0156311835, 35, 35, 0, 255.22992790977875, 35
1, 493532, 282032, 211500, 2115219.7526588547, 85, 45, 40, 321.73702767108114, 46
51, 493624, 282074, 211550, 2115547.956760323, 92, 42, 50, 328.20410146824725, 43
1, 493698, 282118, 211580, 2115858.15396909, 74, 44, 30, 310.1972087668518, 45
1, 493737, 282157, 211580, 2116120.853909034, 39, 39, 0, 262.6999399439383, 39
1, 493785, 282205, 211580, 2116398.668711624, 48, 48, 0, 277.8148025904985, 48
51, 493949, 282249, 211700, 2116782.6269024606, 164, 44, 120, 383.9581908363381, 47
1, 493989, 282289, 211700, 2117047.1135883974, 40, 40, 0, 264.4866859365871, 40
1, 494021, 282321, 211700, 2117296.355011398, 32, 32, 0, 249.24142300054422, 32
1, 494091, 282361, 211730, 2117601.70577225, 70, 40, 30, 305.3507608519078, 41
51, 494218, 282398, 211820, 2117959.005454549, 127, 37, 90, 357.2996822992933, 39
1, 494295, 282445, 211850, 2118272.731118316, 77, 47, 30, 313.72566376652986, 48
1, 494337, 282487, 211850, 2118540.704107818, 42, 42, 0, 267.97298950218305, 42
51, 494430, 282530, 211900, 2118869.9463877254, 93, 43, 50, 329.24227990714814, 44
1, 494521, 282581, 211940, 2119198.1054496644, 91, 51, 40, 328.1590619387661, 52
1, 494598, 282628, 211970, 2119511.831113431, 77, 47, 30, 313.72566376652986, 48
51, 494684, 282664, 212020, 2119833.6572780786, 86, 36, 50, 321.82616464756694, 37
1, 494723, 282703, 212020, 2120096.3572180225, 39, 39, 0, 262.6999399439383, 39
1, 494762, 282742, 212020, 2120359.0571579663, 39, 39, 0, 262.6999399439383, 39
51, 494885, 282785, 212100, 2120713.881729228, 123, 43, 80, 354.8245712617827, 45
1, 494962, 282822, 212140, 2121026.6073929947, 77, 37, 40, 312.72566376652986, 38
1, 495005, 282865, 212140, 2121296.2823531977, 43, 43, 0, 269.6749602031015, 43
1, 495042, 282902, 212140, 2121555.3149246536, 37, 37, 0, 259.03257145596604, 37
1, 495111, 282941, 212170, 2121859.427066364, 69, 39, 30, 304.1121417102006, 40
51, 495242, 282982, 212260, 2122220.1393945795, 131, 41, 90, 360.7123282155055, 43
1, 495285, 283025, 212260, 2122489.8143547825, 43, 43, 0, 269.6749602031015, 43
1, 495329, 283069, 212260, 2122761.1653124727, 44, 44, 0, 271.35095769013947, 44
1, 495377, 283117, 212260, 2123038.980115063, 48, 48, 0, 277.8148025904985, 48
51, 495498, 283158, 212340, 2123392.0425940985, 121, 41, 80, 353.06247903554, 43
1, 495576, 283196, 212380, 2123705.9253807184, 78, 38, 40, 313.8827866200841, 39
1, 495616, 283236, 212380, 2123970.4120666552, 40, 40, 0, 264.4866859365871, 40
51, 495734, 283274, 212460, 2124320.7993918243, 118, 38, 80, 350.3873251689181, 40
1, 495781, 283321, 212460, 2124597.032441694, 47, 47, 0, 276.2330498695885, 47
1, 495827, 283367, 212460, 2124871.661510408, 46, 46, 0, 274.6290687140218, 46
1, 495902, 283402, 212500, 2125182.0446060463, 75, 35, 40, 310.38309563827124, 36
1, 495944, 283444, 212500, 2125450.0175955486, 42, 42, 0, 267.97298950218305, 42
51, 496032, 283482, 212550, 2125773.9990269095, 88, 38, 50, 323.98143136087856, 39
1, 496107, 283527, 212580, 2126085.382122548, 75, 45, 30, 311.38309563827124, 46
1, 496192, 283572, 212620, 2126407.119150219, 85, 45, 40, 321.73702767108114, 46
1, 496237, 283617, 212620, 2126680.12115663, 45, 45, 0, 273.00200641113514, 45
1, 496315, 283655, 212660, 2126994.00394325, 78, 38, 40, 313.8827866200841, 39
51, 496409, 283699, 212710, 2127324.2776690978, 94, 44, 50, 330.273725847777, 45
1, 496479, 283739, 212740, 2127629.6284299497, 70, 40, 30, 305.3507608519078, 41
1, 496535, 283795, 212740, 2127919.384909923, 56, 56, 0, 289.7564799734761, 56
51, 496622, 283832, 212790, 2128242.292490921, 87, 37, 50, 322.9075809977351, 38
1, 496663, 283873, 212790, 2128508.5364443646, 41, 41, 0, 266.24395344352433, 41
1, 496767, 283907, 212860, 2128846.880131122, 104, 34, 70, 338.343686757474, 36
1, 496800, 283940, 212860, 2129098.158303815, 33, 33, 0, 251.27817269284301, 33
1, 496846, 283986, 212860, 2129372.787372529, 46, 46, 0, 274.6290687140218, 46
51, 496973, 284033, 212940, 2129731.087054828, 127, 47, 80, 358.2996822992933, 49
1, 497015, 284075, 212940, 2129999.0600443305, 42, 42, 0, 267.97298950218305, 42
1, 497087, 284107, 212980, 2130305.855107355, 72, 32, 40, 306.79506302439404, 33
1, 497127, 284147, 212980, 2130570.3417932917, 40, 40, 0, 264.4866859365871, 40
51, 497215, 284185, 213030, 2130894.3232246526, 88, 38, 50, 323.98143136087856, 39
1, 497316, 284216, 213100, 2131229.738612625, 101, 31, 70, 335.41538797227, 33
1, 497362, 284262, 213100, 2131504.367681339, 46, 46, 0, 274.6290687140218, 46
1, 497405, 284305, 213100, 2131774.042641542, 43, 43, 0, 269.6749602031015, 43
51, 497529, 284349, 213180, 2132129.7420380902, 124, 44, 80, 355.6993965481514, 46
1, 497621, 284401, 213220, 2132458.9461395587, 92, 52, 40, 329.20410146824725, 53
1, 497668, 284448, 213220, 2132735.179189428, 47, 47, 0, 276.2330498695885, 47
1, 497703, 284483, 213220, 2132990.409117338, 35, 35, 0, 255.22992790977875, 35
51, 497797, 284527, 213270, 2133320.6828431855, 94, 44, 50, 330.273725847777, 45
1, 497909, 284569, 213340, 2133666.598155525, 112, 42, 70, 345.91531233955715, 44
1, 497950, 284610, 213340, 2133932.8421089686, 41, 41, 0, 266.24395344352433, 41
1, 498035, 284655, 213380, 2134254.57913664, 85, 45, 40, 321.73702767108114, 46
1, 498086, 284706, 213380, 2134537.0136484182, 51, 51, 0, 282.43451177837886, 51
51, 498212, 284742, 213470, 2134893.450544302, 126, 36, 90, 356.43689588345075, 38
1, 498282, 284782, 213500, 2135198.801305154, 70, 40, 30, 305.3507608519078, 41
1, 498315, 284815, 213500, 2135450.0794778466, 33, 33, 0, 251.27817269284301, 33
1, 498398, 284858, 213540, 2135769.614425776, 83, 43, 40, 319.5349479292333, 44
1, 498445, 284905, 213540, 2136045.8474756456, 47, 47, 0, 276.2330498695885, 47
51, 498562, 284942, 213620, 2136395.3342924444, 117, 37, 80, 349.4868167986058, 39
1, 498636, 284976, 213660, 2136704.531501211, 74, 34, 40, 309.1972087668518, 35
1, 498709, 285019, 213690, 2137013.53277978, 73, 43, 30, 309.00127856917646, 44
51, 498804, 285064, 213740, 2137344.8313439153, 95, 45, 50, 331.2985641352145, 46
1, 498838, 285098, 213740, 2137598.104984192, 34, 34, 0, 253.2736402766418, 34
1, 498882, 285142, 213740, 2137869.4559418825, 44, 44, 0, 271.35095769013947, 44
1, 498959, 285179, 213780, 2138182.181605649, 77, 37, 40, 312.72566376652986, 38
1, 499024, 285214, 213810, 2138481.2227570927, 65, 35, 30, 299.04115144336777, 36
51, 499117, 285257, 213860, 2138810.465037, 93, 43, 50, 329.24227990714814, 44
1, 499151, 285291, 213860, 2139063.7386772768, 34, 34, 0, 253.2736402766418, 34
1, 499185, 285325, 213860, 2139317.0123175536, 34, 34, 0, 253.2736402766418, 34
51, 499316, 285366, 213950, 2139677.724645769, 131, 41, 90, 360.7123282155055, 43
1, 499352, 285402, 213950, 2139934.8736200477, 36, 36, 0, 257.1489742783178, 36
1, 499420, 285440, 213980, 2140237.7357911505, 68, 38, 30, 302.86217110259, 39
1, 499505, 285485, 214020, 2140559.4728188217, 85, 45, 40, 321.73702767108114, 46
1, 499542, 285522, 214020, 2140818.5053902776, 37, 37, 0, 259.03257145596604, 37
51, 499699, 285559, 214140, 2141197.1822833954, 157, 37, 120, 378.67689311792185, 40
1, 499742, 285602, 214140, 2141466.8572435984, 43, 43, 0, 269.6749602031015, 43
1, 499778, 285638, 214140, 2141724.006217877, 36, 36, 0, 257.1489742783178, 36
51, 499870, 285680, 214190, 2142052.2103193454, 92, 42, 50, 328.20410146824725, 43
1, 499951, 285721, 214230, 2142369.510319345, 81, 41, 40, 317.3, 42
1, 499993, 285763, 214230, 2142637.4833088475, 42, 42, 0, 267.97298950218305, 42
1, 500102, 285802, 214300, 2142980.597940347, 109, 39, 70, 343.114631499574, 41
51, 500200, 285850, 214350, 2143314.9325687117, 98, 48, 50, 334.33462836457886, 49
1, 500278, 285888, 214390, 2143628.8153553316, 78, 38, 40, 313.8827866200841, 39
1, 500323, 285933, 214390, 2143901.8173617427, 45, 45, 0, 273.00200641113514, 45
1, 500390, 285970, 214420, 2144203.417917, 67, 37, 30, 301.6005552576305, 38
51, 500475, 286005, 214470, 2144524.1549446713, 85, 35, 50, 320.73702767108114, 36
1, 500523, 286053, 214470, 2144801.9697472616, 48, 48, 0, 277.8148025904985, 48
1, 500565, 286095, 214470, 2145069.942736764, 42, 42, 0, 267.97298950218305, 42
1, 500637, 286127, 214510, 2145376.7377997884, 72, 32, 40, 306.79506302439404, 33
51, 500716, 286156, 214560, 2145690.7685499187, 79, 29, 50, 314.03075013013313, 30
1, 500832, 286202, 214630, 2146040.35035341, 116, 46, 70, 349.5818034911291, 48
1, 500875, 286245, 214630, 2146310.025313613, 43, 43, 0, 269.6749602031015, 43
1, 500938, 286278, 214660, 2146606.456638339, 63, 33, 30, 296.43132472612575, 34
51, 501023, 286313, 214710, 2146927.19366601, 85, 35, 50, 320.73702767108114, 36
1, 501059, 286349, 214710, 2147184.3426402886, 36, 36, 0, 257.1489742783178, 36
1, 501147, 286397, 214750, 2147509.3240716495, 88, 48, 40, 324.98143136087856, 49
1, 501188, 286438, 214750, 2147775.568025093, 41, 41, 0, 266.24395344352433, 41
1, 501236, 286486, 214750, 2148053.3828276834, 48, 48, 0, 277.8148025904985, 48
51, 501353, 286523, 214830, 2148402.869644482, 117, 37, 80, 349.4868167986058, 39
1, 501384, 286554, 214830, 2148650.0307506593, 31, 31, 0, 247.1611061770567, 31
1, 501466, 286596, 214870, 2148968.452420503, 82, 42, 40, 318.42166984345636, 43
1, 501507, 286637, 214870, 2149234.6963739465, 41, 41, 0, 266.24395344352433, 41
51, 501623, 286673, 214950, 2149583.278177438, 116, 36, 80, 348.5818034911291, 38
1, 501657, 286707, 214950, 2149836.5518177147, 34, 34, 0, 253.2736402766418, 34
1, 501694, 286744, 214950, 2150095.5843891706, 37, 37, 0, 259.03257145596604, 37
1, 501770, 286780, 214990, 2150407.1435615444, 76, 36, 40, 311.5591723737189, 37
51, 501861, 286821, 215040, 2150734.3026234834, 91, 41, 50, 327.1590619387661, 42
1, 501914, 286874, 215040, 2151019.719411124, 53, 53, 0, 285.4167876408086, 53
1, 501993, 286923, 215070, 2151335.7501612543, 79, 49, 30, 316.03075013013313, 50
1, 502065, 286955, 215110, 2151642.5452242787, 72, 32, 40, 306.79506302439404, 33
51, 502144, 286984, 215160, 2151956.575974409, 79, 29, 50, 314.03075013013313, 30
1, 502230, 287030, 215200, 2152279.4021390565, 86, 46, 40, 322.82616464756694, 47
1, 502268, 287068, 215200, 2152540.2845186763, 38, 38, 0, 260.88237961983884, 38
51, 502364, 287114, 215250, 2152872.601434691, 96, 46, 50, 332.31691601465747, 47
1, 502437, 287157, 215280, 2153181.60271326, 73, 43, 30, 309.00127856917646, 44
1, 502478, 287198, 215280, 2153447.8466667035, 41, 41, 0, 266.24395344352433, 41
1, 502588, 287238, 215350, 2153791.89985075, 110, 40, 70, 344.0531840464366, 42
1, 502618, 287268, 215350, 2154036.934582682, 30, 30, 0, 245.0347319320716, 30
51, 502704, 287304, 215400, 2154358.7607473293, 86, 36, 50, 321.82616464756694, 37
1, 502742, 287342, 215400, 2154619.643126949, 38, 38, 0, 260.88237961983884, 38
1, 502825, 287385, 215440, 2154939.1780748786, 83, 43, 40, 319.5349479292333, 44
1, 502898, 287428, 215470, 2155248.1793534476, 73, 43, 30, 309.00127856917646, 44
51, 502993, 287473, 215520, 2155579.4779175827, 95, 45, 50, 331.2985641352145, 46
1, 503071, 287521, 215550, 2155894.3607042027, 78, 48, 30, 314.8827866200841, 49
1, 503157, 287567, 215590, 2156217.18686885, 86, 46, 40, 322.82616464756694, 47
1, 503226, 287606, 215620, 2156521.2990105604, 69, 39, 30, 304.1121417102006, 40
1, 503276, 287656, 215620, 2156802.2138054078, 50, 50, 0, 280.9147948472494, 50
51, 503408, 287698, 215710, 2157163.7699278346, 132, 42, 90, 361.55612242701943, 44
1, 503451, 287741, 215710, 2157433.4448880376, 43, 43, 0, 269.6749602031015, 43
1, 503495, 287785, 215710, 2157704.795845728, 44, 44, 0, 271.35095769013947, 44
1, 503556, 287816, 215740, 2157998.564084995, 61, 31, 30, 293.7682392671241, 32
1, 503635, 287855, 215780, 2158313.5948351254, 79, 39, 40, 315.03075013013313, 40
51, 503756, 287896, 215860, 2158666.657314161, 121, 41, 80, 353.06247903554, 43
1, 503805, 287945, 215860, 2158946.0324452673, 49, 49, 0, 279.3751311064591, 49
1, 503914, 287984, 215930, 2159289.147076767, 109, 39, 70, 343.114631499574, 41
1, 503963, 288033, 215930, 2159568.5222078734, 49, 49, 0, 279.3751311064591, 49
51, 504049, 288069, 215980, 2159890.348372521, 86, 36, 50, 321.82616464756694, 37
1, 504089, 288109, 215980, 2160154.8350584577, 40, 40, 0, 264.4866859365871, 40
1, 504128, 288148, 215980, 2160417.5349984015, 39, 39, 0, 262.6999399439383, 39
51, 504252, 288182, 216070, 2160772.23439495, 124, 34, 90, 354.6993965481514, 36
1, 504318, 288218, 216100, 2161072.561383227, 66, 36, 30, 300.32698827717985, 37
1, 504356, 288256, 216100, 2161333.4437628468, 38, 38, 0, 260.88237961983884, 38
51, 504515, 288295, 216220, 2161713.6426253193, 159, 39, 120, 380.1988624723894, 42
1, 504559, 288339, 216220, 2161984.9935830096, 44, 44, 0, 271.35095769013947, 44
1, 504608, 288388, 216220, 2162264.368714116, 49, 49, 0, 279.3751311064591, 49
51, 504697, 288427, 216270, 2162589.41657968, 89, 39, 50, 325.0478655640733, 40
1, 504741, 288471, 216270, 2162860.7675373703, 44, 44, 0, 271.35095769013947, 44
1, 504783, 288513, 216270, 2163128.7405268727, 42, 42, 0, 267.97298950218305, 42
1, 504897, 288557, 216340, 2163476.4985145642, 114, 44, 70, 347.75798769167545, 46
51, 504988, 288598, 216390, 2163803.657576503, 91, 41, 50, 327.1590619387661, 42
1, 505065, 288635, 216430, 2164116.38324027, 77, 37, 40, 312.72566376652986, 38
1, 505097, 288667, 216430, 2164365.6246632705, 32, 32, 0, 249.24142300054422, 32
1, 505168, 288708, 216460, 2164672.2029740894, 71, 41, 30, 306.57831081870995, 42
1, 505206, 288746, 216460, 2164933.0853537093, 38, 38, 0, 260.88237961983884, 38
51, 505304, 288794, 216510, 2165267.419982074, 98, 48, 50, 334.33462836457886, 49
1, 505389, 288839, 216550, 2165589.157009745, 85, 45, 40, 321.73702767108114, 46
1, 505458, 288878, 216580, 2165893.2691514553, 69, 39, 30, 304.1121417102006, 40
51, 505538, 288908, 216630, 2166208.4389076997, 80, 30, 50, 315.1697562442441, 31
1, 505575, 288945, 216630, 2166467.4714791556, 37, 37, 0, 259.03257145596604, 37
1, 505646, 288986, 216660, 2166774.0497899745, 71, 41, 30, 306.57831081870995, 42
51, 505772, 289022, 216750, 2167130.486685858, 126, 36, 90, 356.43689588345075, 38
1, 505805, 289055, 216750, 2167381.764858551, 33, 33, 0, 251.27817269284301, 33
1, 505880, 289100, 216780, 2167693.147954189, 75, 45, 30, 311.38309563827124, 46
1, 505960, 289140, 216820, 2168009.3177104336, 80, 40, 40, 316.1697562442441, 41
1, 506007, 289187, 216820, 2168285.550760303, 47, 47, 0, 276.2330498695885, 47
51, 506105, 289235, 216870, 2168619.8853886677, 98, 48, 50, 334.33462836457886, 49
1, 506145, 289275, 216870, 2168884.3720746045, 40, 40, 0, 264.4866859365871, 40
1, 506226, 289316, 216910, 2169201.6720746043, 81, 41, 40, 317.3, 42
51, 506342, 289352, 216990, 2169550.2538780957, 116, 36, 80, 348.5818034911291, 38
1, 506374, 289384, 216990, 2169799.4953010962, 32, 32, 0, 249.24142300054422, 32
1, 506416, 289426, 216990, 2170067.4682905986, 42, 42, 0, 267.97298950218305, 42
1, 506506, 289476, 217030, 2170394.575319423, 90, 50, 40, 327.1070288241023, 51
51, 506624, 289514, 217110, 2170744.962644592, 118, 38, 80, 350.3873251689181, 40
1, 506706, 289556, 217150, 2171063.3843144355, 82, 42, 40, 318.42166984345636, 43
1, 506744, 289594, 217150, 2171324.2666940554, 38, 38, 0, 260.88237961983884, 38
1, 506822, 289632, 217190, 2171638.1494806753, 78, 38, 40, 313.8827866200841, 39
1, 506866, 289676, 217190, 2171909.5004383656, 44, 44, 0, 271.35095769013947, 44
51, 506977, 289707, 217270, 2172253.4871564065, 111, 31, 80, 343.9867180408456, 33
1, 507014, 289744, 217270, 2172512.5197278624, 37, 37, 0, 259.03257145596604, 37
1, 507061, 289791, 217270, 2172788.752777732, 47, 47, 0, 276.2330498695885, 47
1, 507106, 289836, 217270, 2173061.754784143, 45, 45, 0, 273.00200641113514, 45
51, 507240, 289880, 217360, 2173424.9876000616, 134, 44, 90, 363.23281591860336, 46
1, 507306, 289916, 217390, 2173725.3145883386, 66, 36, 30, 300.32698827717985, 37
1, 507337, 289947, 217390, 2173972.4756945157, 31, 31, 0, 247.1611061770567, 31
1, 507383, 289993, 217390, 2174247.10476323, 46, 46, 0, 274.6290687140218, 46
1, 507417, 290027, 217390, 2174500.3784035067, 34, 34, 0, 253.2736402766418, 34
51, 507538, 290068, 217470, 2174853.440882542, 121, 41, 80, 353.06247903554, 43
1, 507615, 290105, 217510, 2175166.166546309, 77, 37, 40, 312.72566376652986, 38
1, 507653, 290143, 217510, 2175427.048925929, 38, 38, 0, 260.88237961983884, 38
1, 507694, 290184, 217510, 2175693.2928793724, 41, 41, 0, 266.24395344352433, 41
51, 507844, 290214, 217630, 2176066.5564305303, 150, 30, 120, 373.26355115805836, 33
1, 507889, 290259, 217630, 2176339.5584369414, 45, 45, 0, 273.00200641113514, 45
1, 507931, 290301, 217630, 2176607.5314264437, 42, 42, 0, 267.97298950218305, 42
1, 507968, 290338, 217630, 2176866.5639978996, 37, 37, 0, 259.03257145596604, 37
51, 508058, 290378, 217680, 2177192.671026724, 90, 40, 50, 326.1070288241023, 41
1, 508139, 290419, 217720, 2177509.9710267237, 81, 41, 40, 317.3, 42
1, 508203, 290453, 217750, 2177807.713739198, 64, 34, 30, 297.742712474619, 35
1, 508241, 290491, 217750, 2178068.596118818, 38, 38, 0, 260.88237961983884, 38
1, 508274, 290524, 217750, 2178319.874291511, 33, 33, 0, 251.27817269284301, 33
51, 508403, 290563, 217840, 2178678.887892002, 129, 39, 90, 359.01360049114555, 41
1, 508447, 290607, 217840, 2178950.238849692, 44, 44, 0, 271.35095769013947, 44
1, 508539, 290659, 217880, 2179279.4429511605, 92, 52, 40, 329.20410146824725, 53
1, 508607, 290697, 217910, 2179582.3051222633, 68, 38, 30, 302.86217110259, 39
51, 508692, 290732, 217960, 2179903.0421499345, 85, 35, 50, 320.73702767108114, 36
1, 508743, 290783, 217960, 2180185.476661713, 51, 51, 0, 282.43451177837886, 51
1, 508785, 290825, 217960, 2180453.449651215, 42, 42, 0, 267.97298950218305, 42
1, 508851, 290861, 217990, 2180753.7766394923, 66, 36, 30, 300.32698827717985, 37
1, 508933, 290903, 218030, 2181072.198309336, 82, 42, 40, 318.42166984345636, 43
51, 509044, 290934, 218110, 2181416.1850273767, 111, 31, 80, 343.9867180408456, 33
1, 509087, 290977, 218110, 2181685.8599875798, 43, 43, 0, 269.6749602031015, 43
1, 509124, 291014, 218110, 2181944.8925590357, 37, 37, 0, 259.03257145596604, 37
1, 509199, 291049, 218150, 2182255.275654674, 75, 35, 40, 310.38309563827124, 36
51, 509298, 291098, 218200, 2182590.609869227, 99, 49, 50, 335.33421455299043, 50
1, 509369, 291139, 218230, 2182897.1881800457, 71, 41, 30, 306.57831081870995, 42
1, 509409, 291179, 218230, 2183161.6748659825, 40, 40, 0, 264.4866859365871, 40
51, 509531, 291211, 218320, 2183514.620484536, 122, 32, 90, 352.9456185537469, 34
1, 509566, 291246, 218320, 2183769.8504124456, 35, 35, 0, 255.22992790977875, 35
1, 509602, 291282, 218320, 2184026.999386724, 36, 36, 0, 257.1489742783178, 36
1, 509680, 291330, 218350, 2184341.882173344, 78, 48, 30, 314.8827866200841, 49
1, 509764, 291374, 218390, 2184662.5221837475, 84, 44, 40, 320.64001040350905, 45
51, 509855, 291415, 218440, 2184989.6812456865, 91, 41, 50, 327.1590619387661, 42
1, 509905, 291465, 218440, 2185270.596040534, 50, 50, 0, 280.9147948472494, 50
1, 509989, 291519, 218470, 2185592.2360509373, 84, 54, 30, 321.64001040350905, 55
1, 510067, 291557, 218510, 2185906.1188375573, 78, 38, 40, 313.8827866200841, 39
51, 510155, 291595, 218560, 2186230.100268918, 88, 38, 50, 323.98143136087856, 39
1, 510195, 291635, 218560, 2186494.586954855, 40, 40, 0, 264.4866859365871, 40
1, 510274, 291674, 218600, 2186809.617704985, 79, 39, 40, 315.03075013013313, 40
1, 510351, 291721, 218630, 2187123.343368752, 77, 47, 30, 313.72566376652986, 48
51, 510453, 291773, 218680, 2187461.640551533, 102, 52, 50, 338.29718278112654, 53
1, 510521, 291811, 218710, 2187764.502722636, 68, 38, 30, 302.86217110259, 39
1, 510557, 291847, 218710, 2188021.6516969143, 36, 36, 0, 257.1489742783178, 36
1, 510593, 291883, 218710, 2188278.800671193, 36, 36, 0, 257.1489742783178, 36
1, 510673, 291923, 218750, 2188594.970427437, 80, 40, 40, 316.1697562442441, 41
51, 510790, 291960, 218830, 2188944.457244236, 117, 37, 80, 349.4868167986058, 39
1, 510832, 292002, 218830, 2189212.4302337384, 42, 42, 0, 267.97298950218305, 42
1, 510866, 292036, 218830, 2189465.7038740152, 34, 34, 0, 253.2736402766418, 34
1, 510951, 292081, 218870, 2189787.4409016864, 85, 45, 40, 321.73702767108114, 46
1, 511037, 292137, 218900, 2190111.267066334, 86, 56, 30, 323.82616464756694, 57
51, 511132, 292182, 218950, 2190442.565630469, 95, 45, 50, 331.2985641352145, 46
1, 511207, 292217, 218990, 2190752.9487261074, 75, 35, 40, 310.38309563827124, 36
1, 511250, 292260, 218990, 2191022.6236863104, 43, 43, 0, 269.6749602031015, 43
1, 511286, 292296, 218990, 2191279.772660589, 36, 36, 0, 257.1489742783178, 36
1, 511335, 292345, 218990, 2191559.1477916953, 49, 49, 0, 279.3751311064591, 49
51, 511463, 292393, 219070, 2191918.306357797, 128, 48, 80, 359.1585661014858, 50
1, 511543, 292433, 219110, 2192234.476114041, 80, 40, 40, 316.1697562442441, 41
1, 511589, 292479, 219110, 2192509.1051827553, 46, 46, 0, 274.6290687140218, 46
1, 511631, 292521, 219110, 2192777.0781722576, 42, 42, 0, 267.97298950218305, 42
51, 511784, 292554, 219230, 2193152.678568573, 153, 33, 120, 375.6003963155711, 36
1, 511815, 292585, 219230, 2193399.8396747503, 31, 31, 0, 247.1611061770567, 31
1, 511847, 292617, 219230, 2193649.081097751, 32, 32, 0, 249.24142300054422, 32
1, 511889, 292659, 219230, 2193917.0540872533, 42, 42, 0, 267.97298950218305, 42
51, 512012, 292692, 219320, 2194270.878658515, 123, 33, 90, 353.8245712617827, 35
1, 512054, 292734, 219320, 2194538.8516480173, 42, 42, 0, 267.97298950218305, 42
1, 512126, 292776, 219350, 2194846.6467110417, 72, 42, 30, 307.79506302439404, 43
1, 512172, 292822, 219350, 2195121.275779756, 46, 46, 0, 274.6290687140218, 46
51, 512258, 292858, 219400, 2195443.1019444033, 86, 36, 50, 321.82616464756694, 37
1, 512339, 292899, 219440, 2195760.401944403, 81, 41, 40, 317.3, 42
1, 512383, 292943, 219440, 2196031.7529020933, 44, 44, 0, 271.35095769013947, 44
1, 512426, 292986, 219440, 2196301.4278622963, 43, 43, 0, 269.6749602031015, 43
51, 512542, 293022, 219520, 2196650.0096657877, 116, 36, 80, 348.5818034911291, 38
1, 512624, 293064, 219560, 2196968.4313356313, 82, 42, 40, 318.42166984345636, 43
1, 512660, 293100, 219560, 2197225.58030991, 36, 36, 0, 257.1489742783178, 36
51, 512751, 293141, 219610, 2197552.7393718488, 91, 41, 50, 327.1590619387661, 42
1, 512860, 293180, 219680, 2197895.8540033484, 109, 39, 70, 343.114631499574, 41
1, 512904, 293224, 219680, 2198167.2049610387, 44, 44, 0, 271.35095769013947, 44
1, 512951, 293271, 219680, 2198443.438010908, 47, 47, 0, 276.2330498695885, 47
51, 513063, 293303, 219760, 2198788.3533232477, 112, 32, 80, 344.91531233955715, 34
1, 513133, 293333, 219800, 2199092.7040840997, 70, 30, 40, 304.3507608519078, 31
1, 513194, 293364, 219830, 2199386.472323367, 61, 31, 30, 293.7682392671241, 32
51, 513276, 293396, 219880, 2199703.8939932105, 82, 32, 50, 317.42166984345636, 33
1, 513306, 293426, 219880, 2199948.9287251425, 30, 30, 0, 245.0347319320716, 30
1, 513350, 293470, 219880, 2200220.279682833, 44, 44, 0, 271.35095769013947, 44
1, 513430, 293510, 219920, 2200536.449439077, 80, 40, 40, 316.1697562442441, 41
51, 513545, 293545, 220000, 2200884.1216561394, 115, 35, 80, 347.6722170622053, 37
1, 513576, 293576, 220000, 2201131.2827623165, 31, 31, 0, 247.1611061770567, 31
1, 513619, 293619, 220000, 2201400.9577225195, 43, 43, 0, 269.6749602031015, 43
51, 513706, 293656, 220050, 2201723.8653035173, 87, 37, 50, 322.9075809977351, 38
1, 513773, 293693, 220080, 2202025.4658587747, 67, 37, 30, 301.6005552576305, 38
1, 513842, 293722, 220120, 2202328.578000485, 69, 29, 40, 303.1121417102006, 30
1, 513883, 293763, 220120, 2202594.8219539286, 41, 41, 0, 266.24395344352433, 41
1, 513912, 293792, 220120, 2202837.681532639, 29, 29, 0, 242.8595787106084, 29
51, 514003, 293833, 220170, 2203164.840594578, 91, 41, 50, 327.1590619387661, 42
1, 514066, 293866, 220200, 2203461.271919304, 63, 33, 30, 296.43132472612575, 34
1, 514149, 293909, 220240, 2203780.8068672335, 83, 43, 40, 319.5349479292333, 44
51, 514239, 293949, 220290, 2204106.9138960578, 90, 40, 50, 326.1070288241023, 41
1, 514274, 293984, 220290, 2204362.1438239673, 35, 35, 0, 255.22992790977875, 35
1, 514322, 294032, 220290, 2204639.9586265576, 48, 48, 0, 277.8148025904985, 48
1, 514366, 294076, 220290, 2204911.309584248, 44, 44, 0, 271.35095769013947, 44
51, 514491, 294121, 220370, 2205267.879736736, 125, 45, 80, 356.57015248821097, 47
1, 514570, 294160, 220410, 2205582.9104868663, 79, 39, 40, 315.03075013013313, 40
1, 514633, 294193, 220440, 2205879.341811592, 63, 33, 30, 296.43132472612575, 34
51, 514726, 294236, 220490, 2206208.5840914994, 93, 43, 50, 329.24227990714814, 44
1, 514770, 294280, 220490, 2206479.9350491897, 44, 44, 0, 271.35095769013947, 44
1, 514873, 294313, 220560, 2206817.3082992453, 103, 33, 70, 337.37325005549695, 35
1, 514913, 294353, 220560, 2207081.794985182, 40, 40, 0, 264.4866859365871, 40
51, 515035, 294395, 220640, 2207435.7406037357, 122, 42, 80, 353.9456185537469, 44
1, 515073, 294433, 220640, 2207696.6229833555, 38, 38, 0, 260.88237961983884, 38
1, 515168, 294488, 220680, 2208028.9215474906, 95, 55, 40, 332.2985641352145, 56
1, 515215, 294535, 220680, 2208305.15459736, 47, 47, 0, 276.2330498695885, 47
51, 515298, 294568, 220730, 2208623.6895452896, 83, 33, 50, 318.5349479292333, 34
1, 515343, 294613, 220730, 2208896.6915517007, 45, 45, 0, 273.00200641113514, 45
1, 515453, 294653, 220800, 2209240.744735747, 110, 40, 70, 344.0531840464366, 42
1, 515484, 294684, 220800, 2209487.9058419243, 31, 31, 0, 247.1611061770567, 31
1, 515519, 294719, 220800, 2209743.135769834, 35, 35, 0, 255.22992790977875, 35
51, 515652, 294762, 220890, 2210105.532038875, 133, 43, 90, 362.3962690412072, 45
1, 515691, 294801, 220890, 2210368.231978819, 39, 39, 0, 262.6999399439383, 39
1, 515732, 294842, 220890, 2210634.4759322624, 41, 41, 0, 266.24395344352433, 41
1, 515808, 294888, 220920, 2210947.035104636, 76, 46, 30, 312.5591723737189, 47
1, 515889, 294929, 220960, 2211264.335104636, 81, 41, 40, 317.3, 42
51, 515975, 294965, 221010, 2211586.1612692834, 86, 36, 50, 321.82616464756694, 37
1, 516022, 295012, 221010, 2211862.394319153, 47, 47, 0, 276.2330498695885, 47
1, 516062, 295052, 221010, 2212126.8810050897, 40, 40, 0, 264.4866859365871, 40
1, 516097, 295087, 221010, 2212382.1109329993, 35, 35, 0, 255.22992790977875, 35
51, 516265, 295135, 221130, 2212769.0315073673, 168, 48, 120, 386.9205743678508, 51
1, 516310, 295180, 221130, 2213042.0335137784, 45, 45, 0, 273.00200641113514, 45
1, 516385, 295225, 221160, 2213353.4166094167, 75, 45, 30, 311.38309563827124, 46
1, 516432, 295272, 221160, 2213629.6496592863, 47, 47, 0, 276.2330498695885, 47
51, 516563, 295313, 221250, 2213990.361987502, 131, 41, 90, 360.7123282155055, 43
1, 516596, 295346, 221250, 2214241.6401601946, 33, 33, 0, 251.27817269284301, 33
1, 516666, 295386, 221280, 2214546.9909210466, 70, 40, 30, 305.3507608519078, 41
51, 516760, 295430, 221330, 2214877.2646468943, 94, 44, 50, 330.273725847777, 45
1, 516801, 295471, 221330, 2215143.508600338, 41, 41, 0, 266.24395344352433, 41
1, 516870, 295500, 221370, 2215446.620742048, 69, 29, 40, 303.1121417102006, 30
1, 516911, 295541, 221370, 2215712.8646954917, 41, 41, 0, 266.24395344352433, 41
51, 517002, 295582, 221420, 2216040.0237574307, 91, 41, 50, 327.1590619387661, 42
1, 517073, 295623, 221450, 2216346.6020682496, 71, 41, 30, 306.57831081870995, 42
1, 517124, 295674, 221450, 2216629.036580028, 51, 51, 0, 282.43451177837886, 51
1, 517204, 295714, 221490, 2216945.2063362724, 80, 40, 40, 316.1697562442441, 41
51, 517299, 295759, 221540, 2217276.5049004075, 95, 45, 50, 331.2985641352145, 46
1, 517345, 295805, 221540, 2217551.1339691216, 46, 46, 0, 274.6290687140218, 46
1, 517421, 295851, 221570, 2217863.6931414953, 76, 46, 30, 312.5591723737189, 47
1, 517463, 295893, 221570, 2218131.6661309977, 42, 42, 0, 267.97298950218305, 42
51, 517542, 295922, 221620, 2218445.696881128, 79, 29, 50, 314.03075013013313, 30
1, 517616, 295956, 221660, 2218754.894089895, 74, 34, 40, 309.1972087668518, 35
1, 517682, 295992, 221690, 2219055.221078172, 66, 36, 30, 300.32698827717985, 37
51, 517771, 296031, 221740, 2219380.268943736, 89, 39, 50, 325.0478655640733, 40
1, 517836, 296066, 221770, 2219679.3100951794, 65, 35, 30, 299.04115144336777, 36
1, 517872, 296102, 221770, 2219936.459069458, 36, 36, 0, 257.1489742783178, 36
1, 517910, 296140, 221770, 2220197.3414490777, 38, 38, 0, 260.88237961983884, 38
51, 518046, 296186, 221860, 2220562.2367461124, 136, 46, 90, 364.89529703482884, 48
1, 518113, 296223, 221890, 2220863.8373013698, 67, 37, 30, 301.6005552576305, 38
1, 518149, 296259, 221890, 2221120.986275648, 36, 36, 0, 257.1489742783178, 36
1, 518232, 296302, 221930, 2221440.5212235777, 83, 43, 40, 319.5349479292333, 44
51, 518319, 296339, 221980, 2221763.4288045755, 87, 37, 50, 322.9075809977351, 38
1, 518386, 296376, 222010, 2222065.029359833, 67, 37, 30, 301.6005552576305, 38
1, 518467, 296417, 222050, 2222382.3293598327, 81, 41, 40, 317.3, 42
1, 518515, 296465, 222050, 2222660.144162423, 48, 48, 0, 277.8148025904985, 48
51, 518630, 296500, 222130, 2223007.816379485, 115, 35, 80, 347.6722170622053, 37
1, 518659, 296529, 222130, 2223250.6759581957, 29, 29, 0, 242.8595787106084, 29
1, 518739, 296569, 222170, 2223566.84571444, 80, 40, 40, 316.1697562442441, 41
1, 518783, 296613, 222170, 2223838.1966721304, 44, 44, 0, 271.35095769013947, 44
1, 518815, 296645, 222170, 2224087.438095131, 32, 32, 0, 249.24142300054422, 32
51, 518912, 296692, 222220, 2224420.7669944023, 97, 47, 50, 333.3288992714996, 48
1, 518989, 296739, 222250, 2224734.492658169, 77, 47, 30, 313.72566376652986, 48
1, 519068, 296778, 222290, 2225049.5234082993, 79, 39, 40, 315.03075013013313, 40
51, 519162, 296822, 222340, 2225379.797134147, 94, 44, 50, 330.273725847777, 45
1, 519192, 296852, 222340, 2225624.831866079, 30, 30, 0, 245.0347319320716, 30
1, 519235, 296895, 222340, 2225894.506826282, 43, 43, 0, 269.6749602031015, 43
51, 519352, 296932, 222420, 2226243.993643081, 117, 37, 80, 349.4868167986058, 39
1, 519391, 296971, 222420, 2226506.6935830247, 39, 39, 0, 262.6999399439383, 39
1, 519504, 297014, 222490, 2226853.5326268943, 113, 43, 70, 346.83904386951343, 45
1, 519550, 297060, 222490, 2227128.1616956084, 46, 46, 0, 274.6290687140218, 46
1, 519576, 297086, 222490, 2227364.1717820438, 26, 26, 0, 236.01008643532256, 26
51, 519733, 297123, 222610, 2227742.8486751616, 157, 37, 120, 378.67689311792185, 40
1, 519772, 297162, 222610, 2228005.5486151055, 39, 39, 0, 262.6999399439383, 39
1, 519822, 297212, 222610, 2228286.463409953, 50, 50, 0, 280.9147948472494, 50
51, 519945, 297255, 222690, 2228641.2879812145, 123, 43, 80, 354.8245712617827, 45
1, 519989, 297299, 222690, 2228912.6389389047, 44, 44, 0, 271.35095769013947, 44
1, 520027, 297337, 222690, 2229173.5213185246, 38, 38, 0, 260.88237961983884, 38
1, 520105, 297375, 222730, 2229487.4041051446, 78, 38, 40, 313.8827866200841, 39
51, 520193, 297413, 222780, 2229811.3855365054, 88, 38, 50, 323.98143136087856, 39
1, 520270, 297460, 222810, 2230125.111200272, 77, 47, 30, 313.72566376652986, 48
1, 520311, 297501, 222810, 2230391.3551537157, 41, 41, 0, 266.24395344352433, 41
1, 520359, 297549, 222810, 2230669.169956306, 48, 48, 0, 277.8148025904985, 48
51, 520438, 297578, 222860, 2230983.2007064363, 79, 29, 50, 314.03075013013313, 30
1, 520551, 297621, 222930, 2231330.039750306, 113, 43, 70, 346.83904386951343, 45
1, 520590, 297660, 222930, 2231592.73969025, 39, 39, 0, 262.6999399439383, 39
1, 520663, 297703, 222960, 2231901.740968819, 73, 43, 30, 309.00127856917646, 44
51, 520746, 297736, 223010, 2232220.275916748, 83, 33, 50, 318.5349479292333, 34
1, 520783, 297773, 223010, 2232479.308488204, 37, 37, 0, 259.03257145596604, 37
1, 520863, 297813, 223050, 2232795.4782444485, 80, 40, 40, 316.1697562442441, 41
51, 520946, 297846, 223100, 2233114.013192378, 83, 33, 50, 318.5349479292333, 34
1, 521026, 297896, 223130, 2233431.1829486224, 80, 50, 30, 317.1697562442441, 51
1, 521064, 297934, 223130, 2233692.0653282423, 38, 38, 0, 260.88237961983884, 38
1, 521139, 297969, 223170, 2234002.4484238806, 75, 35, 40, 310.38309563827124, 36
51, 521264, 298014, 223250, 2234359.0185763687, 125, 45, 80, 356.57015248821097, 47
1, 521309, 298059, 223250, 2234632.02058278, 45, 45, 0, 273.00200641113514, 45
1, 521349, 298099, 223250, 2234896.5072687166, 40, 40, 0, 264.4866859365871, 40
1, 521433, 298143, 223290, 2235217.14727912, 84, 44, 40, 320.64001040350905, 45
1, 521463, 298173, 223290, 2235462.182011052, 30, 30, 0, 245.0347319320716, 30
51, 521577, 298207, 223370, 2235808.9399987436, 114, 34, 80, 346.75798769167545, 36
1, 521618, 298248, 223370, 2236075.183952187, 41, 41, 0, 266.24395344352433, 41
1, 521651, 298281, 223370, 2236326.46212488, 33, 33, 0, 251.27817269284301, 33
1, 521734, 298324, 223410, 2236645.9970728094, 83, 43, 40, 319.5349479292333, 44
51, 521822, 298362, 223460, 2236969.97850417, 88, 38, 50, 323.98143136087856, 39
1, 521869, 298409, 223460, 2237246.2115540397, 47, 47, 0, 276.2330498695885, 47
1, 521936, 298446, 223490, 2237547.812109297, 67, 37, 30, 301.6005552576305, 38
1, 521979, 298489, 223490, 2237817.4870695, 43, 43, 0, 269.6749602031015, 43
1, 522053, 298523, 223530, 2238126.684278267, 74, 34, 40, 309.1972087668518, 35
51, 522142, 298562, 223580, 2238451.732143831, 89, 39, 50, 325.0478655640733, 40
1, 522192, 298612, 223580, 2238732.6469386783, 50, 50, 0, 280.9147948472494, 50
1, 522269, 298659, 223610, 2239046.372602445, 77, 47, 30, 313.72566376652986, 48
51, 522364, 298704, 223660, 2239377.67116658, 95, 45, 50, 331.2985641352145, 46
1, 522411, 298751, 223660, 2239653.9042164497, 47, 47, 0, 276.2330498695885, 47
1, 522487, 298787, 223700, 2239965.4633888234, 76, 36, 40, 311.5591723737189, 37
51, 522590, 298840, 223750, 2240304.736638879, 103, 53, 50, 339.27325005549693, 54
1, 522656, 298876, 223780, 2240605.063627156, 66, 36, 30, 300.32698827717985, 37
1, 522696, 298916, 223780, 2240869.550313093, 40, 40, 0, 264.4866859365871, 40
1, 522742, 298962, 223780, 2241144.179381807, 46, 46, 0, 274.6290687140218, 46
51, 522880, 299010, 223870, 2241510.7233113586, 138, 48, 90, 366.54392955194305, 50
1, 522953, 299053, 223900, 2241819.7245899276, 73, 43, 30, 309.00127856917646, 44
1, 522992, 299092, 223900, 2242082.4245298714, 39, 39, 0, 262.6999399439383, 39
1, 523100, 299130, 223970, 2242424.5955094183, 108, 38, 70, 342.1709795470626, 40
51, 523188, 299168, 224020, 2242748.576940779, 88, 38, 50, 323.98143136087856, 39
1, 523227, 299207, 224020, 2243011.276880723, 39, 39, 0, 262.6999399439383, 39
1, 523309, 299249, 224060, 2243329.6985505666, 82, 42, 40, 318.42166984345636, 43
1, 523350, 299290, 224060, 2243595.94250401, 41, 41, 0, 266.24395344352433, 41
51, 523459, 299319, 224140, 2243938.05713551, 109, 29, 80, 342.114631499574, 31
1, 523533, 299353, 224180, 2244247.2543442766, 74, 34, 40, 309.1972087668518, 35
1, 523580, 299400, 224180, 2244523.487394146, 47, 47, 0, 276.2330498695885, 47
1, 523647, 299437, 224210, 2244825.0879494036, 67, 37, 30, 301.6005552576305, 38
1, 523694, 299484, 224210, 2245101.320999273, 47, 47, 0, 276.2330498695885, 47
51, 523860, 299530, 224330, 2245486.765266907, 166, 46, 120, 385.4442676339201, 49
1, 523890, 299560, 224330, 2245731.799998839, 30, 30, 0, 245.0347319320716, 30
1, 523958, 299598, 224360, 2246034.6621699417, 68, 38, 30, 302.86217110259, 39
1, 524009, 299649, 224360, 2246317.09668172, 51, 51, 0, 282.43451177837886, 51
1, 524050, 299690, 224360, 2246583.3406351637, 41, 41, 0, 266.24395344352433, 41
51, 524178, 299728, 224450, 2246941.499201265, 128, 38, 90, 358.1585661014858, 40
1, 524210, 299760, 224450, 2247190.7406242657, 32, 32, 0, 249.24142300054422, 32
1, 524252, 299802, 224450, 2247458.713613768, 42, 42, 0, 267.97298950218305, 42
51, 524379, 299849, 224530, 2247817.0132960672, 127, 47, 80, 358.2996822992933, 49
1, 524463, 299893, 224570, 2248137.6533064707, 84, 44, 40, 320.64001040350905, 45
1, 524504, 299934, 224570, 2248403.8972599143, 41, 41, 0, 266.24395344352433, 41
51, 524589, 299969, 224620, 2248724.6342875855, 85, 35, 50, 320.73702767108114, 36
1, 524620, 300000, 224620, 2248971.7953937626, 31, 31, 0, 247.1611061770567, 31
1, 524734, 300044, 224690, 2249319.553381454, 114, 44, 70, 347.75798769167545, 46
1, 524771, 300081, 224690, 2249578.58595291, 37, 37, 0, 259.03257145596604, 37
51, 524855, 300115, 224740, 2249898.2259633136, 84, 34, 50, 319.64001040350905, 35
1, 524890, 300150, 224740, 2250153.455891223, 35, 35, 0, 255.22992790977875, 35
1, 524928, 300188, 224740, 2250414.338270843, 38, 38, 0, 260.88237961983884, 38
1, 525005, 300225, 224780, 2250727.0639346098, 77, 37, 40, 312.72566376652986, 38
51, 525121, 300261, 224860, 2251075.645738101, 116, 36, 80, 348.5818034911291, 38
1, 525169, 300309, 224860, 2251353.4605406914, 48, 48, 0, 277.8148025904985, 48
1, 525208, 300348, 224860, 2251616.1604806352, 39, 39, 0, 262.6999399439383, 39
1, 525294, 300394, 224900, 2251938.9866452827, 86, 46, 40, 322.82616464756694, 47
1, 525339, 300439, 224900, 2252211.988651694, 45, 45, 0, 273.00200641113514, 45
51, 525460, 300480, 224980, 2252565.0511307293, 121, 41, 80, 353.06247903554, 43
1, 525534, 300514, 225020, 2252874.248339496, 74, 34, 40, 309.1972087668518, 35
1, 525576, 300556, 225020, 2253142.2213289985, 42, 42, 0, 267.97298950218305, 42
1, 525626, 300606, 225020, 2253423.136123846, 50, 50, 0, 280.9147948472494, 50
51, 525746, 300646, 225100, 2253775.3112158105, 120, 40, 80, 352.1750919646873, 42
1, 525789, 300689, 225100, 2254044.9861760135, 43, 43, 0, 269.6749602031015, 43
1, 525903, 300733, 225170, 2254392.744163705, 114, 44, 70, 347.75798769167545, 46
1, 525946, 300776, 225170, 2254662.419123908, 43, 43, 0, 269.6749602031015, 43
51, 526036, 300816, 225220, 2254988.5261527323, 90, 40, 50, 326.1070288241023, 41
1, 526068, 300848, 225220, 2255237.767575733, 32, 32, 0, 249.24142300054422, 32
1, 526118, 300898, 225220, 2255518.6823705803, 50, 50, 0, 280.9147948472494, 50
1, 526225, 300935, 225290, 2255859.90451585, 107, 37, 70, 341.2221452697031, 39
1, 526257, 300967, 225290, 2256109.1459388505, 32, 32, 0, 249.24142300054422, 32
51, 526341, 301001, 225340, 2256428.785949254, 84, 34, 50, 319.64001040350905, 35
1, 526394, 301054, 225340, 2256714.2027368946, 53, 53, 0, 285.4167876408086, 53
1, 526464, 301084, 225380, 2257018.5534977466, 70, 30, 40, 304.3507608519078, 31
51, 526550, 301120, 225430, 2257340.379662394, 86, 36, 50, 321.82616464756694, 37
1, 526617, 301157, 225460, 2257641.9802176515, 67, 37, 30, 301.6005552576305, 38
1, 526707, 301207, 225500, 2257969.0872464757, 90, 50, 40, 327.1070288241023, 51
1, 526749, 301249, 225500, 2258237.060235978, 42, 42, 0, 267.97298950218305, 42
51, 526835, 301285, 225550, 2258558.8864006256, 86, 36, 50, 321.82616464756694, 37
1, 526883, 301333, 225550, 2258836.701203216, 48, 48, 0, 277.8148025904985, 48
1, 526969, 301379, 225590, 2259159.5273678633, 86, 46, 40, 322.82616464756694, 47
51, 527085, 301415, 225670, 2259508.1091713547, 116, 36, 80, 348.5818034911291, 38
1, 527128, 301458, 225670, 2259777.7841315577, 43, 43, 0, 269.6749602031015, 43
1, 527167, 301497, 225670, 2260040.4840715015, 39, 39, 0, 262.6999399439383, 39
1, 527215, 301545, 225670, 2260318.298874092, 48, 48, 0, 277.8148025904985, 48
1, 527295, 301585, 225710, 2260634.468630336, 80, 40, 40, 316.1697562442441, 41
51, 527413, 301623, 225790, 2260984.8559555053, 118, 38, 80, 350.3873251689181, 40
1, 527452, 301662, 225790, 2261247.555895449, 39, 39, 0, 262.6999399439383, 39
1, 527527, 301697, 225830, 2261557.9389910875, 75, 35, 40, 310.38309563827124, 36
1, 527564, 301734, 225830, 2261816.9715625434, 37, 37, 0, 259.03257145596604, 37
51, 527660, 301780, 225880, 2262149.288478558, 96, 46, 50, 332.31691601465747, 47
1, 527737, 301817, 225920, 2262462.0141423247, 77, 37, 40, 312.72566376652986, 38
1, 527809, 301859, 225950, 2262769.809205349, 72, 42, 30, 307.79506302439404, 43
1, 527849, 301899, 225950, 2263034.295891286, 40, 40, 0, 264.4866859365871, 40
51, 527930, 301930, 226000, 2263350.5958912857, 81, 31, 50, 316.3, 32
1, 528042, 301972, 226070, 2263696.5112036252, 112, 42, 70, 345.91531233955715, 44
1, 528078, 302008, 226070, 2263953.6601779037, 36, 36, 0, 257.1489742783178, 36
51, 528162, 302042, 226120, 2264273.300188307, 84, 34, 50, 319.64001040350905, 35
1, 528281, 302091, 226190, 2264625.5835835095, 119, 49, 70, 352.28339520229764, 51
1, 528320, 302130, 226190, 2264888.2835234534, 39, 39, 0, 262.6999399439383, 39
51, 528408, 302168, 226240, 2265212.264954814, 88, 38, 50, 323.98143136087856, 39
1, 528436, 302196, 226240, 2265452.897618193, 28, 28, 0, 240.63266337912057, 28
1, 528528, 302248, 226280, 2265782.1017196616, 92, 52, 40, 329.20410146824725, 53
1, 528603, 302293, 226310, 2266093.4848153, 75, 45, 30, 311.38309563827124, 46
51, 528688, 302328, 226360, 2266414.221842971, 85, 35, 50, 320.73702767108114, 36
1, 528800, 302370, 226430, 2266760.1371553107, 112, 42, 70, 345.91531233955715, 44
1, 528845, 302415, 226430, 2267033.139161722, 45, 45, 0, 273.00200641113514, 45
1, 528914, 302454, 226460, 2267337.251303432, 69, 39, 30, 304.1121417102006, 40
51, 529001, 302491, 226510, 2267660.15888443, 87, 37, 50, 322.9075809977351, 38
1, 529042, 302532, 226510, 2267926.4028378734, 41, 41, 0, 266.24395344352433, 41
1, 529078, 302568, 226510, 2268183.551812152, 36, 36, 0, 257.1489742783178, 36
51, 529245, 302615, 226630, 2268569.735441589, 167, 47, 120, 386.1836294370035, 50
1, 529288, 302658, 226630, 2268839.410401792, 43, 43, 0, 269.6749602031015, 43
1, 529352, 302692, 226660, 2269137.153114266, 64, 34, 30, 297.742712474619, 35
51, 529447, 302737, 226710, 2269468.4516784013, 95, 45, 50, 331.2985641352145, 46
1, 529481, 302771, 226710, 2269721.725318678, 34, 34, 0, 253.2736402766418, 34
1, 529523, 302813, 226710, 2269989.6983081806, 42, 42, 0, 267.97298950218305, 42
51, 529655, 302855, 226800, 2270351.2544306074, 132, 42, 90, 361.55612242701943, 44
1, 529722, 302892, 226830, 2270652.854985865, 67, 37, 30, 301.6005552576305, 38
1, 529798, 302928, 226870, 2270964.4141582386, 76, 36, 40, 311.5591723737189, 37
1, 529838, 302968, 226870, 2271228.9008441754, 40, 40, 0, 264.4866859365871, 40
51, 529924, 303004, 226920, 2271550.727008823, 86, 36, 50, 321.82616464756694, 37
1, 530028, 303038, 226990, 2271889.0706955804, 104, 34, 70, 338.343686757474, 36
1, 530061, 303071, 226990, 2272140.348868273, 33, 33, 0, 251.27817269284301, 33
1, 530117, 303127, 226990, 2272430.1053482466, 56, 56, 0, 289.7564799734761, 56
1, 530194, 303164, 227030, 2272742.8310120134, 77, 37, 40, 312.72566376652986, 38
51, 530286, 303206, 227080, 2273071.035113482, 92, 42, 50, 328.20410146824725, 43
1, 530349, 303239, 227110, 2273367.466438208, 63, 33, 30, 296.43132472612575, 34
1, 530394, 303284, 227110, 2273640.468444619, 45, 45, 0, 273.00200641113514, 45
1, 530430, 303320, 227110, 2273897.6174188973, 36, 36, 0, 257.1489742783178, 36
51, 530550, 303350, 227200, 2274248.792510862, 120, 30, 90, 351.1750919646873, 32
1, 530593, 303393, 227200, 2274518.467471065, 43, 43, 0, 269.6749602031015, 43
1, 530677, 303447, 227230, 2274840.1074814685, 84, 54, 30, 321.64001040350905, 55
51, 530764, 303484, 227280, 2275163.0150624663, 87, 37, 50, 322.9075809977351, 38
1, 530831, 303521, 227310, 2275464.6156177237, 67, 37, 30, 301.6005552576305, 38
1, 530866, 303556, 227310, 2275719.845545633, 35, 35, 0, 255.22992790977875, 35
1, 530943, 303593, 227350, 2276032.5712094, 77, 37, 40, 312.72566376652986, 38
1, 531008, 303628, 227380, 2276331.6123608435, 65, 35, 30, 299.04115144336777, 36
51, 531094, 303664, 227430, 2276653.438525491, 86, 36, 50, 321.82616464756694, 37
1, 531134, 303704, 227430, 2276917.9252114277, 40, 40, 0, 264.4866859365871, 40
1, 531179, 303749, 227430, 2277190.927217839, 45, 45, 0, 273.00200641113514, 45
1, 531224, 303794, 227430, 2277463.92922425, 45, 45, 0, 273.00200641113514, 45
51, 531357, 303837, 227520, 2277826.325493291, 133, 43, 90, 362.3962690412072, 45
1, 531428, 303878, 227550, 2278132.90380411, 71, 41, 30, 306.57831081870995, 42
1, 531479, 303929, 227550, 2278415.3383158883, 51, 51, 0, 282.43451177837886, 51
1, 531544, 303964, 227580, 2278714.379467332, 65, 35, 30, 299.04115144336777, 36
51, 531634, 304004, 227630, 2279040.486496156, 90, 40, 50, 326.1070288241023, 41
1, 531712, 304042, 227670, 2279354.369282776, 78, 38, 40, 313.8827866200841, 39
1, 531781, 304081, 227700, 2279658.4814244863, 69, 39, 30, 304.1121417102006, 40
1, 531823, 304123, 227700, 2279926.4544139886, 42, 42, 0, 267.97298950218305, 42
51, 531920, 304170, 227750, 2280259.78331326, 97, 47, 50, 333.3288992714996, 48
1, 532040, 304220, 227820, 2280612.9584052246, 120, 50, 70, 353.1750919646873, 52
1, 532094, 304274, 227820, 2280899.8390063075, 54, 54, 0, 286.88060108295343, 54
1, 532134, 304314, 227820, 2281164.3256922443, 40, 40, 0, 264.4866859365871, 40
51, 532227, 304357, 227870, 2281493.5679721516, 93, 43, 50, 329.24227990714814, 44
1, 532308, 304398, 227910, 2281810.8679721514, 81, 41, 40, 317.3, 42
1, 532376, 304436, 227940, 2282113.730143254, 68, 38, 30, 302.86217110259, 39
51, 532511, 304481, 228030, 2282477.7959531946, 135, 45, 90, 364.06580994024984, 47
1, 532580, 304520, 228060, 2282781.908094905, 69, 39, 30, 304.1121417102006, 40
1, 532616, 304556, 228060, 2283039.0570691833, 36, 36, 0, 257.1489742783178, 36
1, 532706, 304606, 228100, 2283366.1640980076, 90, 50, 40, 327.1070288241023, 51
1, 532752, 304652, 228100, 2283640.7931667217, 46, 46, 0, 274.6290687140218, 46
51, 532833, 304683, 228150, 2283957.0931667215, 81, 31, 50, 316.3, 32
1, 532905, 304725, 228180, 2284264.888229746, 72, 42, 30, 307.79506302439404, 43
1, 532939, 304759, 228180, 2284518.161870023, 34, 34, 0, 253.2736402766418, 34
1, 532980, 304800, 228180, 2284784.4058234664, 41, 41, 0, 266.24395344352433, 41
1, 533078, 304828, 228250, 2285116.840451831, 98, 28, 70, 332.4346283645789, 30
51, 533163, 304863, 228300, 2285437.577479502, 85, 35, 50, 320.73702767108114, 36
1, 533234, 304904, 228330, 2285744.155790321, 71, 41, 30, 306.57831081870995, 42
1, 533286, 304956, 228330, 2286028.0907517495, 52, 52, 0, 283.93496142826496, 52
1, 533330, 305000, 228330, 2286299.4417094397, 44, 44, 0, 271.35095769013947, 44
51, 533449, 305039, 228410, 2286650.725104642, 119, 39, 80, 351.28339520229764, 41
1, 533526, 305076, 228450, 2286963.450768409, 77, 37, 40, 312.72566376652986, 38
1, 533558, 305108, 228450, 2287212.6921914094, 32, 32, 0, 249.24142300054422, 32
1, 533597, 305147, 228450, 2287475.3921313533, 39, 39, 0, 262.6999399439383, 39
1, 533633, 305183, 228450, 2287732.5411056317, 36, 36, 0, 257.1489742783178, 36
51, 533757, 305217, 228540, 2288087.24050218, 124, 34, 90, 354.6993965481514, 36
1, 533825, 305255, 228570, 2288390.102673283, 68, 38, 30, 302.86217110259, 39
1, 533869, 305299, 228570, 2288661.453630973, 44, 44, 0, 271.35095769013947, 44
1, 533910, 305340, 228570, 2288927.6975844167, 41, 41, 0, 266.24395344352433, 41
51, 534063, 305373, 228690, 2289303.2979807323, 153, 33, 120, 375.6003963155711, 36
1, 534098, 305408, 228690, 2289558.527908642, 35, 35, 0, 255.22992790977875, 35
1, 534141, 305451, 228690, 2289828.202868845, 43, 43, 0, 269.6749602031015, 43
1, 534208, 305488, 228720, 2290129.8034241023, 67, 37, 30, 301.6005552576305, 38
51, 534337, 305527, 228810, 2290488.8170245932, 129, 39, 90, 359.01360049114555, 41
1, 534385, 305575, 228810, 2290766.6318271835, 48, 48, 0, 277.8148025904985, 48
1, 534424, 305614, 228810, 2291029.3317671274, 39, 39, 0, 262.6999399439383, 39
1, 534461, 305651, 228810, 2291288.3643385833, 37, 37, 0, 259.03257145596604, 37
1, 534503, 305693, 228810, 2291556.3373280857, 42, 42, 0, 267.97298950218305, 42
51, 534652, 305722, 228930, 2291928.8161427802, 149, 29, 120, 372.4788146945047, 32
1, 534690, 305760, 228930, 2292189.6985224, 38, 38, 0, 260.88237961983884, 38
1, 534735, 305805, 228930, 2292462.700528811, 45, 45, 0, 273.00200641113514, 45
1, 534776, 305846, 228930, 2292728.944482255, 41, 41, 0, 266.24395344352433, 41
51, 534867, 305887, 228980, 2293056.103544194, 91, 41, 50, 327.1590619387661, 42
1, 534946, 305926, 229020, 2293371.134294324, 79, 39, 40, 315.03075013013313, 40
1, 535016, 305966, 229050, 2293676.485055176, 70, 40, 30, 305.3507608519078, 41
51, 535103, 306003, 229100, 2293999.392636174, 87, 37, 50, 322.9075809977351, 38
1, 535184, 306044, 229140, 2294316.6926361737, 81, 41, 40, 317.3, 42
1, 535262, 306092, 229170, 2294631.5754227936, 78, 48, 30, 314.8827866200841, 49
1, 535303, 306133, 229170, 2294897.819376237, 41, 41, 0, 266.24395344352433, 41
1, 535342, 306172, 229170, 2295160.519316181, 39, 39, 0, 262.6999399439383, 39
51, 535462, 306212, 229250, 2295512.6944081457, 120, 40, 80, 352.1750919646873, 42
1, 535502, 306252, 229250, 2295777.1810940825, 40, 40, 0, 264.4866859365871, 40
1, 535573, 306283, 229290, 2296082.7594049014, 71, 31, 40, 305.57831081870995, 32
1, 535609, 306319, 229290, 2296339.90837918, 36, 36, 0, 257.1489742783178, 36
51, 535729, 306359, 229370, 2296692.0834711445, 120, 40, 80, 352.1750919646873, 42
1, 535783, 306413, 229370, 2296978.9640722275, 54, 54, 0, 286.88060108295343, 54
1, 535827, 306457, 229370, 2297250.3150299178, 44, 44, 0, 271.35095769013947, 44
1, 535862, 306492, 229370, 2297505.5449578273, 35, 35, 0, 255.22992790977875, 35
1, 535952, 306542, 229410, 2297832.6519866516, 90, 50, 40, 327.1070288241023, 51
51, 536036, 306576, 229460, 2298152.291997055, 84, 34, 50, 319.64001040350905, 35
1, 536149, 306619, 229530, 2298499.1310409247, 113, 43, 70, 346.83904386951343, 45
1, 536185, 306655, 229530, 2298756.280015203, 36, 36, 0, 257.1489742783178, 36
1, 536232, 306702, 229530, 2299032.5130650727, 47, 47, 0, 276.2330498695885, 47
51, 536327, 306747, 229580, 2299363.811629208, 95, 45, 50, 331.2985641352145, 46
1, 536401, 306791, 229610, 2299674.0088379746, 74, 44, 30, 310.1972087668518, 45
1, 536443, 306833, 229610, 2299941.981827477, 42, 42, 0, 267.97298950218305, 42
51, 536600, 306870, 229730, 2300320.658720595, 157, 37, 120, 378.67689311792185, 40
1, 536644, 306914, 229730, 2300592.009678285, 44, 44, 0, 271.35095769013947, 44
1, 536719, 306959, 229760, 2300903.3927739235, 75, 45, 30, 311.38309563827124, 46
1, 536759, 306999, 229760, 2301167.8794598603, 40, 40, 0, 264.4866859365871, 40
51, 536885, 307035, 229850, 2301524.316355744, 126, 36, 90, 356.43689588345075, 38
1, 536945, 307065, 229880, 2301816.7321241153, 60, 30, 30, 292.41576837137404, 31
1, 536972, 307092, 229880, 2302055.0828298107, 27, 27, 0, 238.35070569547776, 27
1, 537038, 307118, 229920, 2302354.4098180877, 66, 26, 40, 299.32698827717985, 27
51, 537124, 307154, 229970, 2302676.235982735, 86, 36, 50, 321.82616464756694, 37
1, 537195, 307195, 230000, 2302982.814293554, 71, 41, 30, 306.57831081870995, 42
1, 537236, 307236, 230000, 2303249.0582469977, 41, 41, 0, 266.24395344352433, 41
1, 537270, 307270, 230000, 2303502.3318872745, 34, 34, 0, 253.2736402766418, 34
51, 537357, 307307, 230050, 2303825.2394682723, 87, 37, 50, 322.9075809977351, 38
1, 537445, 307355, 230090, 2304150.220899633, 88, 48, 40, 324.98143136087856, 49
1, 537490, 307400, 230090, 2304423.222906044, 45, 45, 0, 273.00200641113514, 45
1, 537550, 307430, 230120, 2304715.6386744156, 60, 30, 30, 292.41576837137404, 31
51, 537643, 307473, 230170, 2305044.880954323, 93, 43, 50, 329.24227990714814, 44
1, 537715, 307515, 230200, 2305352.6760173473, 72, 42, 30, 307.79506302439404, 43
1, 537761, 307561, 230200, 2305627.3050860614, 46, 46, 0, 274.6290687140218, 46
1, 537866, 307596, 230270, 2305966.613673356, 105, 35, 70, 339.30858729436795, 37
51, 537961, 307641, 230320, 2306297.912237491, 95, 45, 50, 331.2985641352145, 46
1, 537993, 307673, 230320, 2306547.1536604916, 32, 32, 0, 249.24142300054422, 32
1, 538028, 307708, 230320, 2306802.383588401, 35, 35, 0, 255.22992790977875, 35
1, 538109, 307749, 230360, 2307119.683588401, 81, 41, 40, 317.3, 42
51, 538227, 307787, 230440, 2307470.07091357, 118, 38, 80, 350.3873251689181, 40
1, 538263, 307823, 230440, 2307727.2198878485, 36, 36, 0, 257.1489742783178, 36
1, 538297, 307857, 230440, 2307980.4935281253, 34, 34, 0, 253.2736402766418, 34
1, 538364, 307894, 230470, 2308282.0940833827, 67, 37, 30, 301.6005552576305, 38
1, 538398, 307928, 230470, 2308535.3677236596, 34, 34, 0, 253.2736402766418, 34
51, 538531, 307971, 230560, 2308897.7639927007, 133, 43, 90, 362.3962690412072, 45
1, 538568, 308008, 230560, 2309156.7965641567, 37, 37, 0, 259.03257145596604, 37
1, 538600, 308040, 230560, 2309406.0379871572, 32, 32, 0, 249.24142300054422, 32
51, 538716, 308076, 230640, 2309754.6197906486, 116, 36, 80, 348.5818034911291, 38
1, 538759, 308119, 230640, 2310024.2947508516, 43, 43, 0, 269.6749602031015, 43
1, 538866, 308156, 230710, 2310365.516896121, 107, 37, 70, 341.2221452697031, 39
1, 538906, 308196, 230710, 2310630.003582058, 40, 40, 0, 264.4866859365871, 40
1, 538949, 308239, 230710, 2310899.678542261, 43, 43, 0, 269.6749602031015, 43
51, 539080, 308280, 230800, 2311260.3908704766, 131, 41, 90, 360.7123282155055, 43
1, 539117, 308317, 230800, 2311519.4234419325, 37, 37, 0, 259.03257145596604, 37
1, 539184, 308354, 230830, 2311821.02399719, 67, 37, 30, 301.6005552576305, 38
1, 539220, 308390, 230830, 2312078.1729714684, 36, 36, 0, 257.1489742783178, 36
1, 539265, 308435, 230830, 2312351.1749778795, 45, 45, 0, 273.00200641113514, 45
51, 539401, 308481, 230920, 2312716.070274914, 136, 46, 90, 364.89529703482884, 48
1, 539441, 308521, 230920, 2312980.556960851, 40, 40, 0, 264.4866859365871, 40
1, 539518, 308558, 230960, 2313293.2826246177, 77, 37, 40, 312.72566376652986, 38
1, 539595, 308605, 230990, 2313607.0082883844, 77, 47, 30, 313.72566376652986, 48
51, 539681, 308641, 231040, 2313928.834453032, 86, 36, 50, 321.82616464756694, 37
1, 539714, 308674, 231040, 2314180.1126257246, 33, 33, 0, 251.27817269284301, 33
1, 539799, 308719, 231080, 2314501.849653396, 85, 45, 40, 321.73702767108114, 46
1, 539837, 308757, 231080, 2314762.7320330157, 38, 38, 0, 260.88237961983884, 38
51, 540002, 308802, 231200, 2315147.434496437, 165, 45, 120, 384.7024634215721, 48
1, 540043, 308843, 231200, 2315413.678449881, 41, 41, 0, 266.24395344352433, 41
1, 540090, 308890, 231200, 2315689.9114997503, 47, 47, 0, 276.2330498695885, 47
1, 540136, 308936, 231200, 2315964.5405684644, 46, 46, 0, 274.6290687140218, 46
1, 540177, 308977, 231200, 2316230.784521908, 41, 41, 0, 266.24395344352433, 41
51, 540268, 309018, 231250, 2316557.943583847, 91, 41, 50, 327.1590619387661, 42
1, 540381, 309061, 231320, 2316904.7826277167, 113, 43, 70, 346.83904386951343, 45
1, 540421, 309101, 231320, 2317169.2693136535, 40, 40, 0, 264.4866859365871, 40
1, 540458, 309138, 231320, 2317428.3018851094, 37, 37, 0, 259.03257145596604, 37
51, 540561, 309191, 231370, 2317767.575135165, 103, 53, 50, 339.27325005549693, 54
1, 540636, 309236, 231400, 2318078.9582308033, 75, 45, 30, 311.38309563827124, 46
1, 540683, 309283, 231400, 2318355.191280673, 47, 47, 0, 276.2330498695885, 47
1, 540764, 309324, 231440, 2318672.4912806726, 81, 41, 40, 317.3, 42
51, 540853, 309363, 231490, 2318997.5391462366, 89, 39, 50, 325.0478655640733, 40
1, 540922, 309402, 231520, 2319301.651287947, 69, 39, 30, 304.1121417102006, 40
1, 540970, 309450, 231520, 2319579.466090537, 48, 48, 0, 277.8148025904985, 48
1, 541046, 309496, 231550, 2319892.025262911, 76, 46, 30, 312.5591723737189, 47
1, 541124, 309534, 231590, 2320205.908049531, 78, 38, 40, 313.8827866200841, 39
51, 541218, 309578, 231640, 2320536.1817753785, 94, 44, 50, 330.273725847777, 45
1, 541285, 309615, 231670, 2320837.782330636, 67, 37, 30, 301.6005552576305, 38
1, 541329, 309659, 231670, 2321109.133288326, 44, 44, 0, 271.35095769013947, 44
1, 541371, 309701, 231670, 2321377.1062778286, 42, 42, 0, 267.97298950218305, 42
51, 541543, 309753, 231790, 2321766.950959532, 172, 52, 120, 389.8446817033767, 55
1, 541577, 309787, 231790, 2322020.224599809, 34, 34, 0, 253.2736402766418, 34
1, 541643, 309823, 231820, 2322320.551588086, 66, 36, 30, 300.32698827717985, 37
1, 541724, 309864, 231860, 2322637.8515880858, 81, 41, 40, 317.3, 42
51, 541811, 309901, 231910, 2322960.7591690836, 87, 37, 50, 322.9075809977351, 38
1, 541856, 309946, 231910, 2323233.7611754946, 45, 45, 0, 273.00200641113514, 45
1, 541932, 309992, 231940, 2323546.3203478684, 76, 46, 30, 312.5591723737189, 47
1, 541968, 310028, 231940, 2323803.469322147, 36, 36, 0, 257.1489742783178, 36
51, 542100, 310070, 232030, 2324165.0254445737, 132, 42, 90, 361.55612242701943, 44
1, 542137, 310107, 232030, 2324424.0580160297, 37, 37, 0, 259.03257145596604, 37
1, 542224, 310154, 232070, 2324747.9655970274, 87, 47, 40, 323.9075809977351, 48
51, 542313, 310193, 232120, 2325073.0134625915, 89, 39, 50, 325.0478655640733, 40
1, 542379, 310229, 232150, 2325373.3404508685, 66, 36, 30, 300.32698827717985, 37
1, 542419, 310269, 232150, 2325637.8271368053, 40, 40, 0, 264.4866859365871, 40
1, 542457, 310307, 232150, 2325898.709516425, 38, 38, 0, 260.88237961983884, 38
1, 542539, 310349, 232190, 2326217.1311862688, 82, 42, 40, 318.42166984345636, 43
51, 542630, 310390, 232240, 2326544.2902482077, 91, 41, 50, 327.1590619387661, 42
1, 542709, 310439, 232270, 2326860.320998338, 79, 49, 30, 316.03075013013313, 50
1, 542751, 310481, 232270, 2327128.2939878404, 42, 42, 0, 267.97298950218305, 42
1, 542864, 310524, 232340, 2327475.13303171, 113, 43, 70, 346.83904386951343, 45
51, 542960, 310570, 232390, 2327807.4499477246, 96, 46, 50, 332.31691601465747, 47
1, 543011, 310621, 232390, 2328089.884459503, 51, 51, 0, 282.43451177837886, 51
1, 543075, 310655, 232420, 2328387.6271719774, 64, 34, 30, 297.742712474619, 35
1, 543111, 310691, 232420, 2328644.776146256, 36, 36, 0, 257.1489742783178, 36
1, 543190, 310730, 232460, 2328959.806896386, 79, 39, 40, 315.03075013013313, 40
51, 543277, 310767, 232510, 2329282.714477384, 87, 37, 50, 322.9075809977351, 38
1, 543312, 310802, 232510, 2329537.9444052936, 35, 35, 0, 255.22992790977875, 35
1, 543362, 310852, 232510, 2329818.859200141, 50, 50, 0, 280.9147948472494, 50
51, 543523, 310893, 232630, 2330200.569496742, 161, 41, 120, 381.7102966008917, 44
1, 543551, 310921, 232630, 2330441.202160121, 28, 28, 0, 240.63266337912057, 28
1, 543589, 310959, 232630, 2330702.084539741, 38, 38, 0, 260.88237961983884, 38
51, 543681, 311001, 232680, 2331030.2886412092, 92, 42, 50, 328.20410146824725, 43
1, 543762, 311042, 232720, 2331347.588641209, 81, 41, 40, 317.3, 42
1, 543825, 311075, 232750, 2331644.019965935, 63, 33, 30, 296.43132472612575, 34
1, 543863, 311113, 232750, 2331904.902345555, 38, 38, 0, 260.88237961983884, 38
51, 543950, 311150, 232800, 2332227.8099265527, 87, 37, 50, 322.9075809977351, 38
1, 543982, 311182, 232800, 2332477.0513495533, 32, 32, 0, 249.24142300054422, 32
1, 544046, 311216, 232830, 2332774.7940620277, 64, 34, 30, 297.742712474619, 35
51, 544179, 311259, 232920, 2333137.190331069, 133, 43, 90, 362.3962690412072, 45
1, 544226, 311306, 232920, 2333413.4233809384, 47, 47, 0, 276.2330498695885, 47
1, 544300, 311350, 232950, 2333723.620589705, 74, 44, 30, 310.1972087668518, 45
1, 544344, 311394, 232950, 2333994.9715473955, 44, 44, 0, 271.35095769013947, 44
1, 544381, 311431, 232950, 2334254.0041188514, 37, 37, 0, 259.03257145596604, 37
51, 544471, 311471, 233000, 2334580.1111476757, 90, 40, 50, 326.1070288241023, 41
1, 544580, 311510, 233070, 2334923.2257791753, 109, 39, 70, 343.114631499574, 41
1, 544619, 311549, 233070, 2335185.925719119, 39, 39, 0, 262.6999399439383, 39
1, 544659, 311589, 233070, 2335450.412405056, 40, 40, 0, 264.4866859365871, 40
1, 544723, 311623, 233100, 2335748.1551175304, 64, 34, 30, 297.742712474619, 35
51, 544813, 311663, 233150, 2336074.2621463547, 90, 40, 50, 326.1070288241023, 41
1, 544892, 311702, 233190, 2336389.292896485, 79, 39, 40, 315.03075013013313, 40
1, 544964, 311744, 233220, 2336697.0879595093, 72, 42, 30, 307.79506302439404, 43
1, 545044, 311784, 233260, 2337013.2577157537, 80, 40, 40, 316.1697562442441, 41
51, 545139, 311829, 233310, 2337344.556279889, 95, 45, 50, 331.2985641352145, 46
1, 545180, 311870, 233310, 2337610.8002333324, 41, 41, 0, 266.24395344352433, 41
1, 545262, 311912, 233350, 2337929.221903176, 82, 42, 40, 318.42166984345636, 43
1, 545342, 311962, 233380, 2338246.3916594204, 80, 50, 30, 317.1697562442441, 51
1, 545392, 312012, 233380, 2338527.306454268, 50, 50, 0, 280.9147948472494, 50
51, 545523, 312053, 233470, 2338888.0187824834, 131, 41, 90, 360.7123282155055, 43
1, 545592, 312092, 233500, 2339192.1309241937, 69, 39, 30, 304.1121417102006, 40
1, 545630, 312130, 233500, 2339453.0133038135, 38, 38, 0, 260.88237961983884, 38
1, 545695, 312165, 233530, 2339752.054455257, 65, 35, 30, 299.04115144336777, 36
1, 545735, 312205, 233530, 2340016.541141194, 40, 40, 0, 264.4866859365871, 40
51, 545834, 312254, 233580, 2340351.8753557466, 99, 49, 50, 335.33421455299043, 50
1, 545900, 312280, 233620, 2340651.2023440236, 66, 26, 40, 299.32698827717985, 27
1, 545968, 312318, 233650, 2340954.0645151264, 68, 38, 30, 302.86217110259, 39
1, 546048, 312358, 233690, 2341270.234271371, 80, 40, 40, 316.1697562442441, 41
51, 546178, 312408, 233770, 2341631.0991089093, 130, 50, 80, 360.86483753851803, 52
1, 546229, 312459, 233770, 2341913.5336206877, 51, 51, 0, 282.43451177837886, 51
1, 546267, 312497, 233770, 2342174.4160003075, 38, 38, 0, 260.88237961983884, 38
51, 546361, 312541, 233820, 2342504.6897261553, 94, 44, 50, 330.273725847777, 45
1, 546443, 312583, 233860, 2342823.111395999, 82, 42, 40, 318.42166984345636, 43
1, 546511, 312621, 233890, 2343125.9735671016, 68, 38, 30, 302.86217110259, 39
1, 546535, 312645, 233890, 2343357.1099510416, 24, 24, 0, 231.13638394006432, 24
51, 546625, 312685, 233940, 2343683.216979866, 90, 40, 50, 326.1070288241023, 41
1, 546663, 312723, 233940, 2343944.099359486, 38, 38, 0, 260.88237961983884, 38
1, 546742, 312762, 233980, 2344259.130109616, 79, 39, 40, 315.03075013013313, 40
1, 546817, 312807, 234010, 2344570.5132052545, 75, 45, 30, 311.38309563827124, 46
1, 546858, 312848, 234010, 2344836.757158698, 41, 41, 0, 266.24395344352433, 41
51, 546994, 312894, 234100, 2345201.6524557327, 136, 46, 90, 364.89529703482884, 48
1, 547037, 312937, 234100, 2345471.3274159357, 43, 43, 0, 269.6749602031015, 43
1, 547080, 312980, 234100, 2345741.0023761387, 43, 43, 0, 269.6749602031015, 43
1, 547153, 313023, 234130, 2346050.0036547077, 73, 43, 30, 309.00127856917646, 44
1, 547238, 313068, 234170, 2346371.740682379, 85, 45, 40, 321.73702767108114, 46
51, 547332, 313112, 234220, 2346702.0144082266, 94, 44, 50, 330.273725847777, 45
1, 547374, 313154, 234220, 2346969.987397729, 42, 42, 0, 267.97298950218305, 42
1, 547437, 313187, 234250, 2347266.418722455, 63, 33, 30, 296.43132472612575, 34
1, 547472, 313222, 234250, 2347521.6486503645, 35, 35, 0, 255.22992790977875, 35
51, 547560, 313260, 234300, 2347845.6300817253, 88, 38, 50, 323.98143136087856, 39
1, 547634, 313294, 234340, 2348154.827290492, 74, 34, 40, 309.1972087668518, 35
1, 547679, 313339, 234340, 2348427.829296903, 45, 45, 0, 273.00200641113514, 45
1, 547757, 313387, 234370, 2348742.712083523, 78, 48, 30, 314.8827866200841, 49
51, 547885, 313425, 234460, 2349100.8706496246, 128, 38, 90, 358.1585661014858, 40
1, 547921, 313461, 234460, 2349358.019623903, 36, 36, 0, 257.1489742783178, 36
1, 547955, 313495, 234460, 2349611.29326418, 34, 34, 0, 253.2736402766418, 34
1, 548005, 313545, 234460, 2349892.2080590273, 50, 50, 0, 280.9147948472494, 50
51, 548121, 313581, 234540, 2350240.7898625187, 116, 36, 80, 348.5818034911291, 38
1, 548153, 313613, 234540, 2350490.0312855192, 32, 32, 0, 249.24142300054422, 32
1, 548242, 313662, 234580, 2350816.0791510832, 89, 49, 40, 326.0478655640733, 50
51, 548363, 313703, 234660, 2351169.1416301187, 121, 41, 80, 353.06247903554, 43
1, 548408, 313748, 234660, 2351442.14363653, 45, 45, 0, 273.00200641113514, 45
1, 548450, 313790, 234660, 2351710.116626032, 42, 42, 0, 267.97298950218305, 42
1, 548527, 313837, 234690, 2352023.842289799, 77, 47, 30, 313.72566376652986, 48
51, 548611, 313871, 234740, 2352343.4823002024, 84, 34, 50, 319.64001040350905, 35
1, 548688, 313908, 234780, 2352656.207963969, 77, 37, 40, 312.72566376652986, 38
1, 548719, 313939, 234780, 2352903.3690701462, 31, 31, 0, 247.1611061770567, 31
1, 548772, 313992, 234780, 2353188.785857787, 53, 53, 0, 285.4167876408086, 53
51, 548894, 314034, 234860, 2353542.7314763404, 122, 42, 80, 353.9456185537469, 44
1, 548944, 314084, 234860, 2353823.646271188, 50, 50, 0, 280.9147948472494, 50
1, 549011, 314121, 234890, 2354125.246826445, 67, 37, 30, 301.6005552576305, 38
51, 549130, 314150, 234980, 2354475.5302216476, 119, 29, 90, 350.28339520229764, 31
1, 549165, 314185, 234980, 2354730.760149557, 35, 35, 0, 255.22992790977875, 35
1, 549220, 314240, 234980, 2355019.0871310905, 55, 55, 0, 288.32698153315005, 55
1, 549267, 314287, 234980, 2355295.32018096, 47, 47, 0, 276.2330498695885, 47
1, 549324, 314314, 235010, 2355583.5898014656, 57, 27, 30, 288.2696205054472, 28
51, 549416, 314356, 235060, 2355911.793902934, 92, 42, 50, 328.20410146824725, 43
1, 549483, 314383, 235100, 2356212.3944581915, 67, 27, 40, 300.6005552576305, 28
1, 549520, 314420, 235100, 2356471.4270296474, 37, 37, 0, 259.03257145596604, 37
51, 549611, 314461, 235150, 2356798.5860915864, 91, 41, 50, 327.1590619387661, 42
1, 549649, 314499, 235150, 2357059.4684712063, 38, 38, 0, 260.88237961983884, 38
1, 549758, 314538, 235220, 2357402.583102706, 109, 39, 70, 343.114631499574, 41
1, 549805, 314585, 235220, 2357678.8161525754, 47, 47, 0, 276.2330498695885, 47
51, 549904, 314634, 235270, 2358014.150367128, 99, 49, 50, 335.33421455299043, 50
1, 549946, 314676, 235270, 2358282.1233566306, 42, 42, 0, 267.97298950218305, 42
1, 549981, 314711, 235270, 2358537.35328454, 35, 35, 0, 255.22992790977875, 35
1, 550087, 314747, 235340, 2358877.62132815, 106, 36, 70, 340.2680436096278, 38
1, 550130, 314790, 235340, 2359147.296288353, 43, 43, 0, 269.6749602031015, 43
51, 550221, 314831, 235390, 2359474.455350292, 91, 41, 50, 327.1590619387661, 42
1, 550328, 314868, 235460, 2359815.6774955615, 107, 37, 70, 341.2221452697031, 39
1, 550372, 314912, 235460, 2360087.028453252, 44, 44, 0, 271.35095769013947, 44
1, 550408, 314948, 235460, 2360344.1774275303, 36, 36, 0, 257.1489742783178, 36
51, 550487, 314977, 235510, 2360658.2081776606, 79, 29, 50, 314.03075013013313, 30
1, 550521, 315011, 235510, 2360911.4818179375, 34, 34, 0, 253.2736402766418, 34
1, 550622, 315042, 235580, 2361246.8972059097, 101, 31, 70, 335.41538797227, 33
1, 550659, 315079, 235580, 2361505.9297773656, 37, 37, 0, 259.03257145596604, 37
1, 550719, 315109, 235610, 2361798.345545737, 60, 30, 30, 292.41576837137404, 31
51, 550844, 315144, 235700, 2362153.915698225, 125, 35, 90, 355.57015248821097, 37
1, 550911, 315181, 235730, 2362455.5162534826, 67, 37, 30, 301.6005552576305, 38
1, 550987, 315217, 235770, 2362767.0754258563, 76, 36, 40, 311.5591723737189, 37
1, 551050, 315250, 235800, 2363063.5067505823, 63, 33, 30, 296.43132472612575, 34
1, 551086, 315286, 235800, 2363320.6557248607, 36, 36, 0, 257.1489742783178, 36
51, 551210, 315320, 235890, 2363675.355121409, 124, 34, 90, 354.6993965481514, 36
1, 551250, 315360, 235890, 2363939.841807346, 40, 40, 0, 264.4866859365871, 40
1, 551320, 315400, 235920, 2364245.192568198, 70, 40, 30, 305.3507608519078, 41
1, 551401, 315441, 235960, 2364562.4925681977, 81, 41, 40, 317.3, 42
51, 551499, 315489, 236010, 2364896.827196562, 98, 48, 50, 334.33462836457886, 49
1, 551541, 315531, 236010, 2365164.8001860646, 42, 42, 0, 267.97298950218305, 42
1, 551611, 315571, 236040, 2365470.1509469165, 70, 40, 30, 305.3507608519078, 41
1, 551657, 315617, 236040, 2365744.7800156306, 46, 46, 0, 274.6290687140218, 46
51, 551782, 315652, 236130, 2366100.3501681187, 125, 35, 90, 355.57015248821097, 37
1, 551856, 315696, 236160, 2366410.5473768855, 74, 44, 30, 310.1972087668518, 45
1, 551899, 315739, 236160, 2366680.2223370885, 43, 43, 0, 269.6749602031015, 43
51, 551989, 315779, 236210, 2367006.329365913, 90, 40, 50, 326.1070288241023, 41
1, 552071, 315821, 236250, 2367324.7510357564, 82, 42, 40, 318.42166984345636, 43
1, 552111, 315861, 236250, 2367589.2377216932, 40, 40, 0, 264.4866859365871, 40
1, 552138, 315888, 236250, 2367827.5884273886, 27, 27, 0, 238.35070569547776, 27
1, 552247, 315927, 236320, 2368170.703058888, 109, 39, 70, 343.114631499574, 41
51, 552341, 315971, 236370, 2368500.976784736, 94, 44, 50, 330.273725847777, 45
1, 552381, 316011, 236370, 2368765.4634706727, 40, 40, 0, 264.4866859365871, 40
1, 552455, 316055, 236400, 2369075.6606794395, 74, 44, 30, 310.1972087668518, 45
1, 552545, 316105, 236440, 2369402.767708264, 90, 50, 40, 327.1070288241023, 51
51, 552634, 316144, 236490, 2369727.815573828, 89, 39, 50, 325.0478655640733, 40
1, 552685, 316195, 236490, 2370010.2500856062, 51, 51, 0, 282.43451177837886, 51
1, 552731, 316241, 236490, 2370284.8791543203, 46, 46, 0, 274.6290687140218, 46
1, 552800, 316280, 236520, 2370588.9912960306, 69, 39, 30, 304.1121417102006, 40
51, 552890, 316320, 236570, 2370915.098324855, 90, 40, 50, 326.1070288241023, 41
1, 553002, 316362, 236640, 2371261.0136371944, 112, 42, 70, 345.91531233955715, 44
1, 553047, 316407, 236640, 2371534.0156436055, 45, 45, 0, 273.00200641113514, 45
51, 553177, 316457, 236720, 2371894.880481144, 130, 50, 80, 360.86483753851803, 52
1, 553258, 316498, 236760, 2372212.1804811438, 81, 41, 40, 317.3, 42
1, 553304, 316544, 236760, 2372486.809549858, 46, 46, 0, 274.6290687140218, 46
1, 553349, 316589, 236760, 2372759.811556269, 45, 45, 0, 273.00200641113514, 45
1, 553474, 316644, 236830, 2373117.381708757, 125, 55, 70, 357.57015248821097, 57
51, 553560, 316680, 236880, 2373439.2078734045, 86, 36, 50, 321.82616464756694, 37
1, 553630, 316720, 236910, 2373744.5586342565, 70, 40, 30, 305.3507608519078, 41
1, 553706, 316756, 236950, 2374056.11780663, 76, 36, 40, 311.5591723737189, 37
1, 553743, 316793, 236950, 2374315.150378086, 37, 37, 0, 259.03257145596604, 37
51, 553826, 316826, 237000, 2374633.6853260156, 83, 33, 50, 318.5349479292333, 34
1, 553863, 316863, 237000, 2374892.7178974715, 37, 37, 0, 259.03257145596604, 37
1, 553937, 316897, 237040, 2375201.9151062383, 74, 34, 40, 309.1972087668518, 35
1, 554009, 316939, 237070, 2375509.7101692627, 72, 42, 30, 307.79506302439404, 43
1, 554048, 316978, 237070, 2375772.4101092066, 39, 39, 0, 262.6999399439383, 39
51, 554176, 317026, 237150, 2376131.568675308, 128, 48, 80, 359.1585661014858, 50
1, 554211, 317061, 237150, 2376386.7986032176, 35, 35, 0, 255.22992790977875, 35
1, 554290, 317100, 237190, 2376701.829353348, 79, 39, 40, 315.03075013013313, 40
51, 554407, 317137, 237270, 2377051.3161701467, 117, 37, 80, 349.4868167986058, 39
1, 554504, 317194, 237310, 2377385.645069418, 97, 57, 40, 334.3288992714996, 58
1, 554548, 317238, 237310, 2377656.9960271083, 44, 44, 0, 271.35095769013947, 44
1, 554617, 317277, 237340, 2377961.1081688185, 69, 39, 30, 304.1121417102006, 40
51, 554704, 317314, 237390, 2378284.0157498163, 87, 37, 50, 322.9075809977351, 38
1, 554738, 317348, 237390, 2378537.289390093, 34, 34, 0, 253.2736402766418, 34
1, 554822, 317392, 237430, 2378857.9294004967, 84, 44, 40, 320.64001040350905, 45
51, 554934, 317424, 237510, 2379202.844712836, 112, 32, 80, 344.91531233955715, 34
1, 554968, 317458, 237510, 2379456.118353113, 34, 34, 0, 253.2736402766418, 34
1, 555052, 317502, 237550, 2379776.7583635165, 84, 44, 40, 320.64001040350905, 45
51, 555138, 317538, 237600, 2380098.584528164, 86, 36, 50, 321.82616464756694, 37
1, 555207, 317577, 237630, 2380402.6966698742, 69, 39, 30, 304.1121417102006, 40
1, 555250, 317620, 237630, 2380672.3716300773, 43, 43, 0, 269.6749602031015, 43
1, 555316, 317656, 237660, 2380972.6986183543, 66, 36, 30, 300.32698827717985, 37
51, 555448, 317698, 237750, 2381334.254740781, 132, 42, 90, 361.55612242701943, 44
1, 555490, 317740, 237750, 2381602.2277302835, 42, 42, 0, 267.97298950218305, 42
1, 555527, 317777, 237750, 2381861.2603017394, 37, 37, 0, 259.03257145596604, 37
1, 555563, 317813, 237750, 2382118.409276018, 36, 36, 0, 257.1489742783178, 36
51, 555694, 317854, 237840, 2382479.1216042335, 131, 41, 90, 360.7123282155055, 43
1, 555769, 317899, 237870, 2382790.504699872, 75, 45, 30, 311.38309563827124, 46
1, 555800, 317930, 237870, 2383037.665806049, 31, 31, 0, 247.1611061770567, 31
51, 555895, 317975, 237920, 2383368.964370184, 95, 45, 50, 331.2985641352145, 46
1, 555924, 318004, 237920, 2383611.8239488946, 29, 29, 0, 242.8595787106084, 29
1, 555964, 318044, 237920, 2383876.3106348314, 40, 40, 0, 264.4866859365871, 40
1, 556048, 318088, 237960, 2384196.950645235, 84, 44, 40, 320.64001040350905, 45
51, 556171, 318131, 238040, 2384551.7752164965, 123, 43, 80, 354.8245712617827, 45
1, 556217, 318177, 238040, 2384826.4042852107, 46, 46, 0, 274.6290687140218, 46
1, 556252, 318212, 238040, 2385081.63421312, 35, 35, 0, 255.22992790977875, 35
1, 556294, 318254, 238040, 2385349.6072026226, 42, 42, 0, 267.97298950218305, 42
51, 556391, 318301, 238090, 2385682.936101894, 97, 47, 50, 333.3288992714996, 48
1, 556502, 318342, 238160, 2386027.922819935, 111, 41, 70, 344.9867180408456, 43
1, 556537, 318377, 238160, 2386283.1527478443, 35, 35, 0, 255.22992790977875, 35
1, 556580, 318420, 238160, 2386552.8277080473, 43, 43, 0, 269.6749602031015, 43
1, 556658, 318458, 238200, 2386866.7104946673, 78, 38, 40, 313.8827866200841, 39
51, 556783, 318503, 238280, 2387223.2806471554, 125, 45, 80, 356.57015248821097, 47
1, 556819, 318539, 238280, 2387480.429621434, 36, 36, 0, 257.1489742783178, 36
1, 556851, 318571, 238280, 2387729.6710444344, 32, 32, 0, 249.24142300054422, 32
51, 556925, 318595, 238330, 2388037.8682532012, 74, 24, 50, 308.1972087668518, 25
1, 557000, 318630, 238370, 2388348.2513488396, 75, 35, 40, 310.38309563827124, 36
1, 557071, 318671, 238400, 2388654.8296596585, 71, 41, 30, 306.57831081870995, 42
1, 557105, 318705, 238400, 2388908.1032999353, 34, 34, 0, 253.2736402766418, 34
51, 557186, 318736, 238450, 2389224.403299935, 81, 31, 50, 316.3, 32
1, 557229, 318779, 238450, 2389494.078260138, 43, 43, 0, 269.6749602031015, 43
1, 557309, 318819, 238490, 2389810.2480163826, 80, 40, 40, 316.1697562442441, 41
1, 557349, 318859, 238490, 2390074.7347023194, 40, 40, 0, 264.4866859365871, 40
1, 557418, 318898, 238520, 2390378.8468440296, 69, 39, 30, 304.1121417102006, 40
51, 557520, 318950, 238570, 2390717.144026811, 102, 52, 50, 338.29718278112654, 53
1, 557593, 318983, 238610, 2391025.1453053798, 73, 33, 40, 308.00127856917646, 34
1, 557635, 319025, 238610, 2391293.118294882, 42, 42, 0, 267.97298950218305, 42
1, 557670, 319060, 238610, 2391548.3482227917, 35, 35, 0, 255.22992790977875, 35
1, 557709, 319099, 238610, 2391811.0481627355, 39, 39, 0, 262.6999399439383, 39
51, 557869, 319139, 238730, 2392192.0040447433, 160, 40, 120, 380.95588200778457, 43
1, 557904, 319174, 238730, 2392447.233972653, 35, 35, 0, 255.22992790977875, 35
1, 557944, 319214, 238730, 2392711.7206585896, 40, 40, 0, 264.4866859365871, 40
1, 558058, 319258, 238800, 2393059.478646281, 114, 44, 70, 347.75798769167545, 46
51, 558145, 319295, 238850, 2393382.386227279, 87, 37, 50, 322.9075809977351, 38
1, 558218, 319328, 238890, 2393690.387505848, 73, 33, 40, 308.00127856917646, 34
1, 558288, 319368, 238920, 2393995.7382667, 70, 40, 30, 305.3507608519078, 41
1, 558319, 319399, 238920, 2394242.899372877, 31, 31, 0, 247.1611061770567, 31
1, 558404, 319444, 238960, 2394564.6364005483, 85, 45, 40, 321.73702767108114, 46
51, 558490, 319480, 239010, 2394886.4625651957, 86, 36, 50, 321.82616464756694, 37
1, 558553, 319513, 239040, 2395182.8938899217, 63, 33, 30, 296.43132472612575, 34
1, 558632, 319552, 239080, 2395497.924640052, 79, 39, 40, 315.03075013013313, 40
1, 558693, 319583, 239110, 2395791.692879319, 61, 31, 30, 293.7682392671241, 32
51, 558779, 319619, 239160, 2396113.5190439667, 86, 36, 50, 321.82616464756694, 37
1, 558820, 319660, 239160, 2396379.7629974103, 41, 41, 0, 266.24395344352433, 41
1, 558893, 319693, 239200, 2396687.7642759793, 73, 33, 40, 308.00127856917646, 34
1, 558937, 319737, 239200, 2396959.1152336695, 44, 44, 0, 271.35095769013947, 44
1, 559001, 319771, 239230, 2397256.857946144, 64, 34, 30, 297.742712474619, 35
51, 559093, 319813, 239280, 2397585.0620476124, 92, 42, 50, 328.20410146824725, 43
1, 559138, 319858, 239280, 2397858.0640540235, 45, 45, 0, 273.00200641113514, 45
1, 559211, 319901, 239310, 2398167.0653325925, 73, 43, 30, 309.00127856917646, 44
1, 559291, 319941, 239350, 2398483.235088837, 80, 40, 40, 316.1697562442441, 41
51, 559413, 319983, 239430, 2398837.1807073904, 122, 42, 80, 353.9456185537469, 44
1, 559440, 320010, 239430, 2399075.5314130858, 27, 27, 0, 238.35070569547776, 27
1, 559544, 320044, 239500, 2399413.8750998434, 104, 34, 70, 338.343686757474, 36
1, 559584, 320084, 239500, 2399678.36178578, 40, 40, 0, 264.4866859365871, 40
51, 559746, 320126, 239620, 2400060.823920281, 162, 42, 120, 382.4621345008163, 45
1, 559790, 320170, 239620, 2400332.1748779714, 44, 44, 0, 271.35095769013947, 44
1, 559857, 320207, 239650, 2400633.775433229, 67, 37, 30, 301.6005552576305, 38
1, 559936, 320246, 239690, 2400948.806183359, 79, 39, 40, 315.03075013013313, 40
51, 560032, 320292, 239740, 2401281.1230993737, 96, 46, 50, 332.31691601465747, 47
1, 560098, 320328, 239770, 2401581.4500876507, 66, 36, 30, 300.32698827717985, 37
1, 560181, 320371, 239810, 2401900.98503558, 83, 43, 40, 319.5349479292333, 44
1, 560227, 320417, 239810, 2402175.614104294, 46, 46, 0, 274.6290687140218, 46
51, 560318, 320458, 239860, 2402502.773166233, 91, 41, 50, 327.1590619387661, 42
1, 560354, 320494, 239860, 2402759.9221405117, 36, 36, 0, 257.1489742783178, 36
1, 560464, 320534, 239930, 2403103.975324558, 110, 40, 70, 344.0531840464366, 42
1, 560515, 320585, 239930, 2403386.4098363365, 51, 51, 0, 282.43451177837886, 51
51, 560603, 320623, 239980, 2403710.3912676973, 88, 38, 50, 323.98143136087856, 39
1, 560638, 320658, 239980, 2403965.621195607, 35, 35, 0, 255.22992790977875, 35
1, 560676, 320696, 239980, 2404226.5035752268, 38, 38, 0, 260.88237961983884, 38
51, 560813, 320743, 240070, 2404592.2248974317, 137, 47, 90, 365.72132220485213, 49
1, 560884, 320784, 240100, 2404898.8032082506, 71, 41, 30, 306.57831081870995, 42
1, 560930, 320830, 240100, 2405173.4322769647, 46, 46, 0, 274.6290687140218, 46
1, 560967, 320867, 240100, 2405432.4648484206, 37, 37, 0, 259.03257145596604, 37
1, 561042, 320902, 240140, 2405742.847944059, 75, 35, 40, 310.38309563827124, 36
51, 561134, 320944, 240190, 2406071.0520455274, 92, 42, 50, 328.20410146824725, 43
1, 561228, 320998, 240230, 2406402.325771375, 94, 54, 40, 331.273725847777, 55
1, 561293, 321033, 240260, 2406701.3669228186, 65, 35, 30, 299.04115144336777, 36
1, 561333, 321073, 240260, 2406965.8536087554, 40, 40, 0, 264.4866859365871, 40
51, 561424, 321114, 240310, 2407293.0126706944, 91, 41, 50, 327.1590619387661, 42
1, 561473, 321163, 240310, 2407572.387801801, 49, 49, 0, 279.3751311064591, 49
1, 561551, 321201, 240350, 2407886.270588421, 78, 38, 40, 313.8827866200841, 39
1, 561589, 321239, 240350, 2408147.1529680407, 38, 38, 0, 260.88237961983884, 38
1, 561661, 321281, 240380, 2408454.948031065, 72, 42, 30, 307.79506302439404, 43
51, 561750, 321320, 240430, 2408779.995896629, 89, 39, 50, 325.0478655640733, 40
1, 561799, 321369, 240430, 2409059.3710277355, 49, 49, 0, 279.3751311064591, 49
1, 561870, 321400, 240470, 2409364.9493385544, 71, 31, 40, 305.57831081870995, 32
1, 561937, 321437, 240500, 2409666.549893812, 67, 37, 30, 301.6005552576305, 38
51, 562029, 321479, 240550, 2409994.7539952802, 92, 42, 50, 328.20410146824725, 43
1, 562116, 321526, 240590, 2410318.661576278, 87, 47, 40, 323.9075809977351, 48
1, 562162, 321572, 240590, 2410593.290644992, 46, 46, 0, 274.6290687140218, 46
1, 562201, 321611, 240590, 2410855.990584936, 39, 39, 0, 262.6999399439383, 39
51, 562281, 321641, 240640, 2411171.1603411804, 80, 30, 50, 315.1697562442441, 31
1, 562347, 321677, 240670, 2411471.4873294574, 66, 36, 30, 300.32698827717985, 37
1, 562421, 321711, 240710, 2411780.6845382242, 74, 34, 40, 309.1972087668518, 35
51, 562515, 321755, 240760, 2412110.958264072, 94, 44, 50, 330.273725847777, 45
1, 562550, 321790, 240760, 2412366.1881919815, 35, 35, 0, 255.22992790977875, 35
1, 562657, 321827, 240830, 2412707.410337251, 107, 37, 70, 341.2221452697031, 39
1, 562698, 321868, 240830, 2412973.6542906947, 41, 41, 0, 266.24395344352433, 41
1, 562729, 321899, 240830, 2413220.815396872, 31, 31, 0, 247.1611061770567, 31
51, 562812, 321932, 240880, 2413539.3503448013, 83, 33, 50, 318.5349479292333, 34
1, 562923, 321973, 240950, 2413884.337062842, 111, 41, 70, 344.9867180408456, 43
1, 562968, 322018, 240950, 2414157.3390692533, 45, 45, 0, 273.00200641113514, 45
1, 563019, 322069, 240950, 2414439.7735810317, 51, 51, 0, 282.43451177837886, 51
1, 563091, 322111, 240980, 2414747.568644056, 72, 42, 30, 307.79506302439404, 43
51, 563214, 322144, 241070, 2415101.3932153177, 123, 33, 90, 353.8245712617827, 35
1, 563253, 322183, 241070, 2415364.0931552616, 39, 39, 0, 262.6999399439383, 39
1, 563292, 322222, 241070, 2415626.7930952054, 39, 39, 0, 262.6999399439383, 39
51, 563376, 322256, 241120, 2415946.433105609, 84, 34, 50, 319.64001040350905, 35
1, 563458, 322298, 241160, 2416264.8547754525, 82, 42, 40, 318.42166984345636, 43
1, 563530, 322340, 241190, 2416572.649838477, 72, 42, 30, 307.79506302439404, 43
1, 563565, 322375, 241190, 2416827.8797663865, 35, 35, 0, 255.22992790977875, 35
51, 563698, 322418, 241280, 2417190.2760354276, 133, 43, 90, 362.3962690412072, 45
1, 563773, 322463, 241310, 2417501.659131066, 75, 45, 30, 311.38309563827124, 46
1, 563824, 322514, 241310, 2417784.0936428444, 51, 51, 0, 282.43451177837886, 51
1, 563866, 322556, 241310, 2418052.0666323467, 42, 42, 0, 267.97298950218305, 42
51, 564003, 322603, 241400, 2418417.7879545516, 137, 47, 90, 365.72132220485213, 49
1, 564042, 322642, 241400, 2418680.4878944955, 39, 39, 0, 262.6999399439383, 39
1, 564083, 322683, 241400, 2418946.731847939, 41, 41, 0, 266.24395344352433, 41
1, 564155, 322725, 241430, 2419254.5269109635, 72, 42, 30, 307.79506302439404, 43
51, 564284, 322764, 241520, 2419613.5405114545, 129, 39, 90, 359.01360049114555, 41
1, 564328, 322808, 241520, 2419884.8914691447, 44, 44, 0, 271.35095769013947, 44
1, 564394, 322844, 241550, 2420185.2184574218, 66, 36, 30, 300.32698827717985, 37
1, 564434, 322884, 241550, 2420449.7051433586, 40, 40, 0, 264.4866859365871, 40
51, 564563, 322923, 241640, 2420808.7187438495, 129, 39, 90, 359.01360049114555, 41
1, 564635, 322965, 241670, 2421116.513806874, 72, 42, 30, 307.79506302439404, 43
1, 564673, 323003, 241670, 2421377.396186494, 38, 38, 0, 260.88237961983884, 38
1, 564714, 323044, 241670, 2421643.6401399374, 41, 41, 0, 266.24395344352433, 41
51, 564797, 323077, 241720, 2421962.175087867, 83, 33, 50, 318.5349479292333, 34
1, 564873, 323113, 241760, 2422273.7342602406, 76, 36, 40, 311.5591723737189, 37
1, 564920, 323160, 241760, 2422549.96731011, 47, 47, 0, 276.2330498695885, 47
1, 564991, 323201, 241790, 2422856.545620929, 71, 41, 30, 306.57831081870995, 42
51, 565117, 323237, 241880, 2423212.9825168126, 126, 36, 90, 356.43689588345075, 38
1, 565157, 323277, 241880, 2423477.4692027494, 40, 40, 0, 264.4866859365871, 40
1, 565194, 323314, 241880, 2423736.5017742054, 37, 37, 0, 259.03257145596604, 37
1, 565236, 323356, 241880, 2424004.4747637077, 42, 42, 0, 267.97298950218305, 42
1, 565312, 323392, 241920, 2424316.0339360815, 76, 36, 40, 311.5591723737189, 37
51, 565436, 323436, 242000, 2424671.73333263, 124, 44, 80, 355.6993965481514, 46
1, 565470, 323470, 242000, 2424925.0069729066, 34, 34, 0, 253.2736402766418, 34
1, 565498, 323498, 242000, 2425165.6396362856, 28, 28, 0, 240.63266337912057, 28
51, 565591, 323541, 242050, 2425494.881916193, 93, 43, 50, 329.24227990714814, 44
1, 565662, 323572, 242090, 2425800.4602270117, 71, 31, 40, 305.57831081870995, 32
1, 565731, 323611, 242120, 2426104.572368722, 69, 39, 30, 304.1121417102006, 40
1, 565764, 323644, 242120, 2426355.8505414147, 33, 33, 0, 251.27817269284301, 33
51, 565894, 323684, 242210, 2426715.715378953, 130, 40, 90, 359.86483753851803, 42
1, 565927, 323717, 242210, 2426966.993551646, 33, 33, 0, 251.27817269284301, 33
1, 565997, 323757, 242240, 2427272.344312498, 70, 40, 30, 305.3507608519078, 41
51, 566087, 323797, 242290, 2427598.451341322, 90, 40, 50, 326.1070288241023, 41
1, 566117, 323827, 242290, 2427843.486073254, 30, 30, 0, 245.0347319320716, 30
1, 566198, 323868, 242330, 2428160.786073254, 81, 41, 40, 317.3, 42
1, 566241, 323911, 242330, 2428430.461033457, 43, 43, 0, 269.6749602031015, 43
1, 566274, 323944, 242330, 2428681.7392061497, 33, 33, 0, 251.27817269284301, 33
51, 566390, 323980, 242410, 2429030.321009641, 116, 36, 80, 348.5818034911291, 38
1, 566423, 324013, 242410, 2429281.599182334, 33, 33, 0, 251.27817269284301, 33
1, 566504, 324054, 242450, 2429598.8991823336, 81, 41, 40, 317.3, 42
51, 566629, 324099, 242530, 2429955.4693348217, 125, 45, 80, 356.57015248821097, 47
1, 566670, 324140, 242530, 2430221.7132882653, 41, 41, 0, 266.24395344352433, 41
1, 566718, 324188, 242530, 2430499.5280908556, 48, 48, 0, 277.8148025904985, 48
51, 566807, 324227, 242580, 2430824.5759564196, 89, 39, 50, 325.0478655640733, 40
1, 566911, 324261, 242650, 2431162.919643177, 104, 34, 70, 338.343686757474, 36
1, 566942, 324292, 242650, 2431410.0807493543, 31, 31, 0, 247.1611061770567, 31
1, 566982, 324332, 242650, 2431674.567435291, 40, 40, 0, 264.4866859365871, 40
1, 567044, 324364, 242680, 2431969.6740616206, 62, 32, 30, 295.1066263296683, 33
51, 567125, 324395, 242730, 2432285.9740616204, 81, 31, 50, 316.3, 32
1, 567240, 324440, 242800, 2432634.6462786826, 115, 45, 70, 348.6722170622053, 47
1, 567281, 324481, 242800, 2432900.890232126, 41, 41, 0, 266.24395344352433, 41
1, 567361, 324521, 242840, 2433217.0599883706, 80, 40, 40, 316.1697562442441, 41
51, 567445, 324555, 242890, 2433536.699998774, 84, 34, 50, 319.64001040350905, 35
1, 567514, 324594, 242920, 2433840.8121404843, 69, 39, 30, 304.1121417102006, 40
1, 567595, 324635, 242960, 2434158.112140484, 81, 41, 40, 317.3, 42
1, 567632, 324672, 242960, 2434417.14471194, 37, 37, 0, 259.03257145596604, 37
51, 567720, 324710, 243010, 2434741.126143301, 88, 38, 50, 323.98143136087856, 39
1, 567799, 324749, 243050, 2435056.156893431, 79, 39, 40, 315.03075013013313, 40
1, 567852, 324802, 243050, 2435341.573681072, 53, 53, 0, 285.4167876408086, 53
51, 567973, 324843, 243130, 2435694.6361601073, 121, 41, 80, 353.06247903554, 43
1, 568005, 324875, 243130, 2435943.877583108, 32, 32, 0, 249.24142300054422, 32
1, 568048, 324918, 243130, 2436213.552543311, 43, 43, 0, 269.6749602031015, 43
1, 568115, 324955, 243160, 2436515.1530985683, 67, 37, 30, 301.6005552576305, 38
1, 568189, 324989, 243200, 2436824.350307335, 74, 34, 40, 309.1972087668518, 35
51, 568280, 325030, 243250, 2437151.509369274, 91, 41, 50, 327.1590619387661, 42
1, 568355, 325075, 243280, 2437462.8924649125, 75, 45, 30, 311.38309563827124, 46
1, 568444, 325124, 243320, 2437788.9403304765, 89, 49, 40, 326.0478655640733, 50
1, 568477, 325157, 243320, 2438040.2185031692, 33, 33, 0, 251.27817269284301, 33
1, 568513, 325193, 243320, 2438297.3674774477, 36, 36, 0, 257.1489742783178, 36
51, 568635, 325225, 243410, 2438650.3130960013, 122, 32, 90, 352.9456185537469, 34
1, 568679, 325269, 243410, 2438921.6640536916, 44, 44, 0, 271.35095769013947, 44
1, 568745, 325305, 243440, 2439221.9910419686, 66, 36, 30, 300.32698827717985, 37
1, 568783, 325343, 243440, 2439482.8734215884, 38, 38, 0, 260.88237961983884, 38
51, 568916, 325386, 243530, 2439845.2696906296, 133, 43, 90, 362.3962690412072, 45
1, 568949, 325419, 243530, 2440096.5478633223, 33, 33, 0, 251.27817269284301, 33
1, 569019, 325459, 243560, 2440401.8986241743, 70, 40, 30, 305.3507608519078, 41
1, 569108, 325508, 243600, 2440727.9464897383, 89, 49, 40, 326.0478655640733, 50
51, 569206, 325556, 243650, 2441062.281118103, 98, 48, 50, 334.33462836457886, 49
1, 569252, 325602, 243650, 2441336.910186817, 46, 46, 0, 274.6290687140218, 46
1, 569289, 325639, 243650, 2441595.942758273, 37, 37, 0, 259.03257145596604, 37
1, 569353, 325673, 243680, 2441893.6854707473, 64, 34, 30, 297.742712474619, 35
1, 569430, 325710, 243720, 2442206.411134514, 77, 37, 40, 312.72566376652986, 38
51, 569528, 325758, 243770, 2442540.7457628786, 98, 48, 50, 334.33462836457886, 49
1, 569564, 325794, 243770, 2442797.894737157, 36, 36, 0, 257.1489742783178, 36
1, 569672, 325832, 243840, 2443140.065716704, 108, 38, 70, 342.1709795470626, 40
1, 569713, 325873, 243840, 2443406.3096701475, 41, 41, 0, 266.24395344352433, 41
51, 569803, 325913, 243890, 2443732.4166989718, 90, 40, 50, 326.1070288241023, 41
1, 569884, 325954, 243930, 2444049.7166989716, 81, 41, 40, 317.3, 42
1, 569920, 325990, 243930, 2444306.86567325, 36, 36, 0, 257.1489742783178, 36
1, 570026, 326026, 244000, 2444647.13371686, 106, 36, 70, 340.2680436096278, 38
51, 570121, 326071, 244050, 2444978.432280995, 95, 45, 50, 331.2985641352145, 46
1, 570158, 326108, 244050, 2445237.464852451, 37, 37, 0, 259.03257145596604, 37
1, 570266, 326146, 244120, 2445579.6358319977, 108, 38, 70, 342.1709795470626, 40
1, 570314, 326194, 244120, 2445857.450634588, 48, 48, 0, 277.8148025904985, 48
51, 570408, 326238, 244170, 2446187.7243604357, 94, 44, 50, 330.273725847777, 45
1, 570448, 326278, 244170, 2446452.2110463725, 40, 40, 0, 264.4866859365871, 40
1, 570500, 326330, 244170, 2446736.146007801, 52, 52, 0, 283.93496142826496, 52
1, 570568, 326368, 244200, 2447039.0081789037, 68, 38, 30, 302.86217110259, 39
51, 570691, 326401, 244290, 2447392.8327501654, 123, 33, 90, 353.8245712617827, 35
1, 570766, 326446, 244320, 2447704.2158458037, 75, 45, 30, 311.38309563827124, 46
1, 570806, 326486, 244320, 2447968.7025317405, 40, 40, 0, 264.4866859365871, 40
1, 570840, 326520, 244320, 2448221.9761720174, 34, 34, 0, 253.2736402766418, 34
1, 570884, 326564, 244320, 2448493.3271297077, 44, 44, 0, 271.35095769013947, 44
51, 571017, 326607, 244410, 2448855.723398749, 133, 43, 90, 362.3962690412072, 45
1, 571060, 326650, 244410, 2449125.398358952, 43, 43, 0, 269.6749602031015, 43
1, 571166, 326686, 244480, 2449465.6664025616, 106, 36, 70, 340.2680436096278, 38
1, 571190, 326710, 244480, 2449696.8027865016, 24, 24, 0, 231.13638394006432, 24
1, 571231, 326751, 244480, 2449963.046739945, 41, 41, 0, 266.24395344352433, 41
51, 571322, 326792, 244530, 2450290.205801884, 91, 41, 50, 327.1590619387661, 42
1, 571425, 326825, 244600, 2450627.57905194, 103, 33, 70, 337.37325005549695, 35
1, 571471, 326871, 244600, 2450902.208120654, 46, 46, 0, 274.6290687140218, 46
51, 571593, 326913, 244680, 2451256.1537392074, 122, 42, 80, 353.9456185537469, 44
1, 571675, 326955, 244720, 2451574.575409051, 82, 42, 40, 318.42166984345636, 43
1, 571744, 326994, 244750, 2451878.6875507613, 69, 39, 30, 304.1121417102006, 40
51, 571839, 327039, 244800, 2452209.9861148964, 95, 45, 50, 331.2985641352145, 46
1, 571909, 327069, 244840, 2452514.3368757484, 70, 30, 40, 304.3507608519078, 31
1, 571951, 327111, 244840, 2452782.3098652507, 42, 42, 0, 267.97298950218305, 42
1, 572041, 327161, 244880, 2453109.416894075, 90, 50, 40, 327.1070288241023, 51
1, 572083, 327203, 244880, 2453377.3898835774, 42, 42, 0, 267.97298950218305, 42
51, 572257, 327257, 245000, 2453768.682751876, 174, 54, 120, 391.2928682982765, 57
1, 572303, 327303, 245000, 2454043.31182059, 46, 46, 0, 274.6290687140218, 46
1, 572342, 327342, 245000, 2454306.011760534, 39, 39, 0, 262.6999399439383, 39
1, 572377, 327377, 245000, 2454561.2416884433, 35, 35, 0, 255.22992790977875, 35
1, 572417, 327417, 245000, 2454825.72837438, 40, 40, 0, 264.4866859365871, 40
51, 572545, 327455, 245090, 2455183.8869404816, 128, 38, 90, 358.1585661014858, 40
1, 572613, 327493, 245120, 2455486.7491115844, 68, 38, 30, 302.86217110259, 39
1, 572658, 327538, 245120, 2455759.7511179955, 45, 45, 0, 273.00200641113514, 45
51, 572793, 327583, 245210, 2456123.816927936, 135, 45, 90, 364.06580994024984, 47
1, 572839, 327629, 245210, 2456398.44599665, 46, 46, 0, 274.6290687140218, 46
1, 572915, 327665, 245250, 2456710.0051690238, 76, 36, 40, 311.5591723737189, 37
1, 572948, 327698, 245250, 2456961.2833417165, 33, 33, 0, 251.27817269284301, 33
51, 573080, 327750, 245330, 2457323.8394641434, 132, 52, 80, 362.55612242701943, 54
1, 573160, 327790, 245370, 2457640.009220388, 80, 40, 40, 316.1697562442441, 41
1, 573204, 327834, 245370, 2457911.360178078, 44, 44, 0, 271.35095769013947, 44
1, 573264, 327864, 245400, 2458203.7759464495, 60, 30, 30, 292.41576837137404, 31
51, 573354, 327904, 245450, 2458529.8829752738, 90, 40, 50, 326.1070288241023, 41
1, 573388, 327938, 245450, 2458783.1566155506, 34, 34, 0, 253.2736402766418, 34
1, 573436, 327986, 245450, 2459060.971418141, 48, 48, 0, 277.8148025904985, 48
1, 573512, 328022, 245490, 2459372.5305905147, 76, 36, 40, 311.5591723737189, 37
51, 573625, 328055, 245570, 2459718.3696343843, 113, 33, 80, 345.83904386951343, 35
1, 573658, 328088, 245570, 2459969.647807077, 33, 33, 0, 251.27817269284301, 33
1, 573699, 328129, 245570, 2460235.8917605206, 41, 41, 0, 266.24395344352433, 41
1, 573749, 328179, 245570, 2460516.806555368, 50, 50, 0, 280.9147948472494, 50
51, 573873, 328223, 245650, 2460872.5059519163, 124, 44, 80, 355.6993965481514, 46
1, 573950, 328260, 245690, 2461185.231615683, 77, 37, 40, 312.72566376652986, 38
1, 573994, 328304, 245690, 2461456.5825733733, 44, 44, 0, 271.35095769013947, 44
1, 574022, 328332, 245690, 2461697.2152367523, 28, 28, 0, 240.63266337912057, 28
51, 574156, 328376, 245780, 2462060.448052671, 134, 44, 90, 363.23281591860336, 46
1, 574241, 328431, 245810, 2462383.185080342, 85, 55, 30, 322.73702767108114, 56
1, 574315, 328465, 245850, 2462692.382289109, 74, 34, 40, 309.1972087668518, 35
51, 574405, 328505, 245900, 2463018.489317933, 90, 40, 50, 326.1070288241023, 41
1, 574447, 328547, 245900, 2463286.4623074355, 42, 42, 0, 267.97298950218305, 42
1, 574493, 328593, 245900, 2463561.0913761496, 46, 46, 0, 274.6290687140218, 46
1, 574538, 328638, 245900, 2463834.0933825606, 45, 45, 0, 273.00200641113514, 45
51, 574697, 328677, 246020, 2464214.292245033, 159, 39, 120, 380.1988624723894, 42
1, 574735, 328715, 246020, 2464475.174624653, 38, 38, 0, 260.88237961983884, 38
1, 574776, 328756, 246020, 2464741.4185780967, 41, 41, 0, 266.24395344352433, 41
1, 574820, 328800, 246020, 2465012.769535787, 44, 44, 0, 271.35095769013947, 44
51, 574955, 328845, 246110, 2465376.8353457274, 135, 45, 90, 364.06580994024984, 47
1, 575021, 328881, 246140, 2465677.1623340044, 66, 36, 30, 300.32698827717985, 37
1, 575063, 328923, 246140, 2465945.135323507, 42, 42, 0, 267.97298950218305, 42
51, 575143, 328953, 246190, 2466260.305079751, 80, 30, 50, 315.1697562442441, 31
1, 575203, 328983, 246220, 2466552.7208481226, 60, 30, 30, 292.41576837137404, 31
1, 575276, 329016, 246260, 2466860.7221266916, 73, 33, 40, 308.00127856917646, 34
1, 575324, 329064, 246260, 2467138.536929282, 48, 48, 0, 277.8148025904985, 48
51, 575414, 329104, 246310, 2467464.643958106, 90, 40, 50, 326.1070288241023, 41
1, 575455, 329145, 246310, 2467730.88791155, 41, 41, 0, 266.24395344352433, 41
1, 575527, 329187, 246340, 2468038.682974574, 72, 42, 30, 307.79506302439404, 43
1, 575568, 329228, 246340, 2468304.9269280178, 41, 41, 0, 266.24395344352433, 41
51, 575690, 329260, 246430, 2468657.8725465713, 122, 32, 90, 352.9456185537469, 34
1, 575729, 329299, 246430, 2468920.572486515, 39, 39, 0, 262.6999399439383, 39
1, 575798, 329338, 246460, 2469224.6846282254, 69, 39, 30, 304.1121417102006, 40
1, 575884, 329384, 246500, 2469547.510792873, 86, 46, 40, 322.82616464756694, 47
51, 575978, 329428, 246550, 2469877.7845187206, 94, 44, 50, 330.273725847777, 45
1, 576022, 329472, 246550, 2470149.135476411, 44, 44, 0, 271.35095769013947, 44
1, 576086, 329506, 246580, 2470446.8781888853, 64, 34, 30, 297.742712474619, 35
1, 576134, 329554, 246580, 2470724.6929914756, 48, 48, 0, 277.8148025904985, 48
51, 576264, 329594, 246670, 2471084.557829014, 130, 40, 90, 359.86483753851803, 42
1, 576297, 329627, 246670, 2471335.836001707, 33, 33, 0, 251.27817269284301, 33
1, 576338, 329668, 246670, 2471602.0799551504, 41, 41, 0, 266.24395344352433, 41
1, 576391, 329721, 246670, 2471887.496742791, 53, 53, 0, 285.4167876408086, 53
1, 576459, 329759, 246700, 2472190.358913894, 68, 38, 30, 302.86217110259, 39
51, 576547, 329797, 246750, 2472514.3403452546, 88, 38, 50, 323.98143136087856, 39
1, 576656, 329836, 246820, 2472857.4549767543, 109, 39, 70, 343.114631499574, 41
1, 576691, 329871, 246820, 2473112.684904664, 35, 35, 0, 255.22992790977875, 35
1, 576725, 329905, 246820, 2473365.9585449407, 34, 34, 0, 253.2736402766418, 34
1, 576765, 329945, 246820, 2473630.4452308775, 40, 40, 0, 264.4866859365871, 40
51, 576856, 329986, 246870, 2473957.6042928165, 91, 41, 50, 327.1590619387661, 42
1, 576902, 330032, 246870, 2474232.2333615306, 46, 46, 0, 274.6290687140218, 46
1, 577013, 330073, 246940, 2474577.2200795715, 111, 41, 70, 344.9867180408456, 43
51, 577106, 330116, 246990, 2474906.4623594787, 93, 43, 50, 329.24227990714814, 44
1, 577182, 330162, 247020, 2475219.0215318524, 76, 46, 30, 312.5591723737189, 47
1, 577229, 330209, 247020, 2475495.254581722, 47, 47, 0, 276.2330498695885, 47
1, 577268, 330248, 247020, 2475757.954521666, 39, 39, 0, 262.6999399439383, 39
1, 577377, 330287, 247090, 2476101.0691531654, 109, 39, 70, 343.114631499574, 41
51, 577474, 330334, 247140, 2476434.3980524368, 97, 47, 50, 333.3288992714996, 48
1, 577507, 330367, 247140, 2476685.6762251295, 33, 33, 0, 251.27817269284301, 33
1, 577550, 330410, 247140, 2476955.3511853325, 43, 43, 0, 269.6749602031015, 43
1, 577585, 330445, 247140, 2477210.581113242, 35, 35, 0, 255.22992790977875, 35
1, 577658, 330478, 247180, 2477518.582391811, 73, 33, 40, 308.00127856917646, 34
51, 577787, 330527, 247260, 2477878.595992302, 129, 49, 80, 360.01360049114555, 51
1, 577819, 330559, 247260, 2478127.8374153026, 32, 32, 0, 249.24142300054422, 32
1, 577865, 330605, 247260, 2478402.4664840167, 46, 46, 0, 274.6290687140218, 46
51, 577995, 330645, 247350, 2478762.331321555, 130, 40, 90, 359.86483753851803, 42
1, 578033, 330683, 247350, 2479023.213701175, 38, 38, 0, 260.88237961983884, 38
1, 578071, 330721, 247350, 2479284.096080795, 38, 38, 0, 260.88237961983884, 38
51, 578233, 330763, 247470, 2479666.558215296, 162, 42, 120, 382.4621345008163, 45
1, 578264, 330794, 247470, 2479913.719321473, 31, 31, 0, 247.1611061770567, 31
1, 578304, 330834, 247470, 2480178.20600741, 40, 40, 0, 264.4866859365871, 40
51, 578397, 330877, 247520, 2480507.448287317, 93, 43, 50, 329.24227990714814, 44
1, 578509, 330919, 247590, 2480853.3635996566, 112, 42, 70, 345.91531233955715, 44
1, 578556, 330966, 247590, 2481129.596649526, 47, 47, 0, 276.2330498695885, 47
1, 578586, 330996, 247590, 2481374.631381458, 30, 30, 0, 245.0347319320716, 30
51, 578702, 331032, 247670, 2481723.2131849495, 116, 36, 80, 348.5818034911291, 38
1, 578772, 331062, 247710, 2482027.5639458015, 70, 30, 40, 304.3507608519078, 31
1, 578847, 331107, 247740, 2482338.94704144, 75, 45, 30, 311.38309563827124, 46
1, 578935, 331155, 247780, 2482663.9284728006, 88, 48, 40, 324.98143136087856, 49
51, 579020, 331190, 247830, 2482984.665500472, 85, 35, 50, 320.73702767108114, 36
1, 579052, 331222, 247830, 2483233.9069234724, 32, 32, 0, 249.24142300054422, 32
1, 579112, 331252, 247860, 2483526.322691844, 60, 30, 30, 292.41576837137404, 31
1, 579204, 331304, 247900, 2483855.5267933123, 92, 52, 40, 329.20410146824725, 53
1, 579245, 331345, 247900, 2484121.770746756, 41, 41, 0, 266.24395344352433, 41
51, 579343, 331393, 247950, 2484456.1053751204, 98, 48, 50, 334.33462836457886, 49
1, 579425, 331445, 247980, 2484775.527044964, 82, 52, 30, 319.42166984345636, 53
1, 579468, 331488, 247980, 2485045.202005167, 43, 43, 0, 269.6749602031015, 43
1, 579551, 331531, 248020, 2485364.7369530965, 83, 43, 40, 319.5349479292333, 44
51, 579638, 331568, 248070, 2485687.6445340943, 87, 37, 50, 322.9075809977351, 38
1, 579701, 331601, 248100, 2485984.07585882, 63, 33, 30, 296.43132472612575, 34
1, 579743, 331643, 248100, 2486252.0488483226, 42, 42, 0, 267.97298950218305, 42
51, 579901, 331681, 248220, 2486631.4880575784, 158, 38, 120, 379.43920925585275, 41
1, 579947, 331727, 248220, 2486906.1171262925, 46, 46, 0, 274.6290687140218, 46
1, 579975, 331755, 248220, 2487146.7497896715, 28, 28, 0, 240.63266337912057, 28
51, 580098, 331798, 248300, 2487501.574360933, 123, 43, 80, 354.8245712617827, 45
1, 580134, 331834, 248300, 2487758.7233352116, 36, 36, 0, 257.1489742783178, 36
1, 580217, 331877, 248340, 2488078.258283141, 83, 43, 40, 319.5349479292333, 44
1, 580298, 331928, 248370, 2488396.558283141, 81, 51, 30, 318.3, 52
51, 580385, 331965, 248420, 2488719.4658641387, 87, 37, 50, 322.9075809977351, 38
1, 580420, 332000, 248420, 2488974.6957920482, 35, 35, 0, 255.22992790977875, 35
1, 580530, 332040, 248490, 2489318.7489760946, 110, 40, 70, 344.0531840464366, 42
1, 580569, 332079, 248490, 2489581.4489160385, 39, 39, 0, 262.6999399439383, 39
51, 580658, 332118, 248540, 2489906.4967816025, 89, 39, 50, 325.0478655640733, 40
1, 580701, 332161, 248540, 2490176.1717418055, 43, 43, 0, 269.6749602031015, 43
1, 580781, 332201, 248580, 2490492.34149805, 80, 40, 40, 316.1697562442441, 41
51, 580870, 332240, 248630, 2490817.389363614, 89, 39, 50, 325.0478655640733, 40
1, 580940, 332280, 248660, 2491122.740124466, 70, 40, 30, 305.3507608519078, 41
1, 581021, 332321, 248700, 2491440.0401244657, 81, 41, 40, 317.3, 42
1, 581087, 332357, 248730, 2491740.3671127427, 66, 36, 30, 300.32698827717985, 37
1, 581129, 332399, 248730, 2492008.340102245, 42, 42, 0, 267.97298950218305, 42
51, 581219, 332439, 248780, 2492334.4471310694, 90, 40, 50, 326.1070288241023, 41
1, 581297, 332487, 248810, 2492649.3299176893, 78, 48, 30, 314.8827866200841, 49
1, 581377, 332527, 248850, 2492965.4996739337, 80, 40, 40, 316.1697562442441, 41
1, 581418, 332568, 248850, 2493231.7436273773, 41, 41, 0, 266.24395344352433, 41
51, 581538, 332608, 248930, 2493583.918719342, 120, 40, 80, 352.1750919646873, 42
1, 581569, 332639, 248930, 2493831.079825519, 31, 31, 0, 247.1611061770567, 31
1, 581602, 332672, 248930, 2494082.357998212, 33, 33, 0, 251.27817269284301, 33
1, 581684, 332714, 248970, 2494400.7796680555, 82, 42, 40, 318.42166984345636, 43
1, 581740, 332770, 248970, 2494690.536148029, 56, 56, 0, 289.7564799734761, 56
51, 581859, 332809, 249050, 2495041.8195432313, 119, 39, 80, 351.28339520229764, 41
1, 581897, 332847, 249050, 2495302.701922851, 38, 38, 0, 260.88237961983884, 38
1, 581972, 332882, 249090, 2495613.0850184895, 75, 35, 40, 310.38309563827124, 36
1, 582014, 332924, 249090, 2495881.058007992, 42, 42, 0, 267.97298950218305, 42
51, 582161, 332951, 249210, 2496251.9584625144, 147, 27, 120, 370.90045452270937, 30
1, 582199, 332989, 249210, 2496512.8408421343, 38, 38, 0, 260.88237961983884, 38
1, 582238, 333028, 249210, 2496775.540782078, 39, 39, 0, 262.6999399439383, 39
51, 582358, 333068, 249290, 2497127.715874043, 120, 40, 80, 352.1750919646873, 42
1, 582429, 333099, 249330, 2497433.2941848617, 71, 31, 40, 305.57831081870995, 32
1, 582467, 333137, 249330, 2497694.1765644816, 38, 38, 0, 260.88237961983884, 38
1, 582515, 333185, 249330, 2497971.991367072, 48, 48, 0, 277.8148025904985, 48
51, 582639, 333229, 249410, 2498327.69076362, 124, 44, 80, 355.6993965481514, 46
1, 582684, 333274, 249410, 2498600.6927700313, 45, 45, 0, 273.00200641113514, 45
1, 582722, 333312, 249410, 2498861.575149651, 38, 38, 0, 260.88237961983884, 38
1, 582804, 333354, 249450, 2499179.9968194948, 82, 42, 40, 318.42166984345636, 43
1, 582845, 333395, 249450, 2499446.2407729384, 41, 41, 0, 266.24395344352433, 41
51, 582962, 333432, 249530, 2499795.727589737, 117, 37, 80, 349.4868167986058, 39
1, 583001, 333471, 249530, 2500058.427529681, 39, 39, 0, 262.6999399439383, 39
1, 583081, 333511, 249570, 2500374.5972859254, 80, 40, 40, 316.1697562442441, 41
51, 583164, 333544, 249620, 2500693.132233855, 83, 33, 50, 318.5349479292333, 34
1, 583200, 333580, 249620, 2500950.2812081333, 36, 36, 0, 257.1489742783178, 36
1, 583274, 333624, 249650, 2501260.4784169, 74, 44, 30, 310.1972087668518, 45
51, 583356, 333656, 249700, 2501577.9000867438, 82, 32, 50, 317.42166984345636, 33
1, 583435, 333695, 249740, 2501892.930836874, 79, 39, 40, 315.03075013013313, 40
1, 583464, 333724, 249740, 2502135.7904155846, 29, 29, 0, 242.8595787106084, 29
1, 583533, 333763, 249770, 2502439.902557295, 69, 39, 30, 304.1121417102006, 40
1, 583569, 333799, 249770, 2502697.0515315733, 36, 36, 0, 257.1489742783178, 36
51, 583653, 333833, 249820, 2503016.6915419768, 84, 34, 50, 319.64001040350905, 35
1, 583735, 333875, 249860, 2503335.1132118204, 82, 42, 40, 318.42166984345636, 43
1, 583775, 333915, 249860, 2503599.599897757, 40, 40, 0, 264.4866859365871, 40
1, 583813, 333953, 249860, 2503860.482277377, 38, 38, 0, 260.88237961983884, 38
51, 583933, 333993, 249940, 2504212.6573693417, 120, 40, 80, 352.1750919646873, 42
1, 583972, 334032, 249940, 2504475.3573092856, 39, 39, 0, 262.6999399439383, 39
1, 584051, 334071, 249980, 2504790.388059416, 79, 39, 40, 315.03075013013313, 40
1, 584124, 334114, 250010, 2505099.389337985, 73, 43, 30, 309.00127856917646, 44
1, 584174, 334164, 250010, 2505380.304132832, 50, 50, 0, 280.9147948472494, 50
51, 584271, 334211, 250060, 2505713.6330321035, 97, 47, 50, 333.3288992714996, 48
1, 584351, 334261, 250090, 2506030.802788348, 80, 50, 30, 317.1697562442441, 51
1, 584430, 334300, 250130, 2506345.8335384782, 79, 39, 40, 315.03075013013313, 40
1, 584463, 334333, 250130, 2506597.111711171, 33, 33, 0, 251.27817269284301, 33
51, 584582, 334372, 250210, 2506948.3951063734, 119, 39, 80, 351.28339520229764, 41
1, 584617, 334407, 250210, 2507203.625034283, 35, 35, 0, 255.22992790977875, 35
1, 584653, 334443, 250210, 2507460.7740085614, 36, 36, 0, 257.1489742783178, 36
51, 584775, 334475, 250300, 2507813.719627115, 122, 32, 90, 352.9456185537469, 34
1, 584846, 334516, 250330, 2508120.297937934, 71, 41, 30, 306.57831081870995, 42
1, 584884, 334554, 250330, 2508381.1803175537, 38, 38, 0, 260.88237961983884, 38
1, 584929, 334599, 250330, 2508654.182323965, 45, 45, 0, 273.00200641113514, 45
51, 585060, 334640, 250420, 2509014.8946521804, 131, 41, 90, 360.7123282155055, 43
1, 585117, 334667, 250450, 2509303.164272686, 57, 27, 30, 288.2696205054472, 28
1, 585156, 334706, 250450, 2509565.86421263, 39, 39, 0, 262.6999399439383, 39
1, 585227, 334737, 250490, 2509871.4425234487, 71, 31, 40, 305.57831081870995, 32
51, 585324, 334784, 250540, 2510204.77142272, 97, 47, 50, 333.3288992714996, 48
1, 585358, 334818, 250540, 2510458.045062997, 34, 34, 0, 253.2736402766418, 34
1, 585428, 334858, 250570, 2510763.395823849, 70, 40, 30, 305.3507608519078, 41
1, 585467, 334897, 250570, 2511026.0957637927, 39, 39, 0, 262.6999399439383, 39
51, 585558, 334938, 250620, 2511353.2548257317, 91, 41, 50, 327.1590619387661, 42
1, 585635, 334975, 250660, 2511665.9804894985, 77, 37, 40, 312.72566376652986, 38
1, 585703, 335013, 250690, 2511968.8426606013, 68, 38, 30, 302.86217110259, 39
1, 585744, 335054, 250690, 2512235.086614045, 41, 41, 0, 266.24395344352433, 41
51, 585836, 335096, 250740, 2512563.2907155133, 92, 42, 50, 328.20410146824725, 43
1, 585918, 335138, 250780, 2512881.712385357, 82, 42, 40, 318.42166984345636, 43
1, 585959, 335179, 250780, 2513147.9563388005, 41, 41, 0, 266.24395344352433, 41
1, 586064, 335214, 250850, 2513487.264926095, 105, 35, 70, 339.30858729436795, 37
1, 586107, 335257, 250850, 2513756.939886298, 43, 43, 0, 269.6749602031015, 43
51, 586188, 335288, 250900, 2514073.239886298, 81, 31, 50, 316.3, 32
1, 586236, 335336, 250900, 2514351.054688888, 48, 48, 0, 277.8148025904985, 48
1, 586309, 335379, 250930, 2514660.055967457, 73, 43, 30, 309.00127856917646, 44
1, 586384, 335414, 250970, 2514970.4390630955, 75, 35, 40, 310.38309563827124, 36
1, 586457, 335457, 251000, 2515279.4403416645, 73, 43, 30, 309.00127856917646, 44
51, 586559, 335509, 251050, 2515617.7375244456, 102, 52, 50, 338.29718278112654, 53
1, 586592, 335542, 251050, 2515869.0156971384, 33, 33, 0, 251.27817269284301, 33
1, 586684, 335594, 251090, 2516198.219798607, 92, 52, 40, 329.20410146824725, 53
51, 586774, 335634, 251140, 2516524.326827431, 90, 40, 50, 326.1070288241023, 41
1, 586842, 335672, 251170, 2516827.188998534, 68, 38, 30, 302.86217110259, 39
1, 586928, 335718, 251210, 2517150.0151631813, 86, 46, 40, 322.82616464756694, 47
1, 586967, 335757, 251210, 2517412.715103125, 39, 39, 0, 262.6999399439383, 39
51, 587067, 335807, 251260, 2517749.0428691423, 100, 50, 50, 336.327766016838, 51
1, 587136, 335846, 251290, 2518053.1550108525, 69, 39, 30, 304.1121417102006, 40
1, 587168, 335878, 251290, 2518302.396433853, 32, 32, 0, 249.24142300054422, 32
1, 587245, 335915, 251330, 2518615.12209762, 77, 37, 40, 312.72566376652986, 38
1, 587287, 335957, 251330, 2518883.095087122, 42, 42, 0, 267.97298950218305, 42
51, 587376, 335996, 251380, 2519208.142952686, 89, 39, 50, 325.0478655640733, 40
1, 587422, 336042, 251380, 2519482.7720214003, 46, 46, 0, 274.6290687140218, 46
1, 587535, 336085, 251450, 2519829.61106527, 113, 43, 70, 346.83904386951343, 45
51, 587621, 336121, 251500, 2520151.4372299174, 86, 36, 50, 321.82616464756694, 37
1, 587664, 336164, 251500, 2520421.1121901204, 43, 43, 0, 269.6749602031015, 43
1, 587708, 336208, 251500, 2520692.4631478107, 44, 44, 0, 271.35095769013947, 44
1, 587749, 336249, 251500, 2520958.7071012543, 41, 41, 0, 266.24395344352433, 41
1, 587791, 336291, 251500, 2521226.6800907566, 42, 42, 0, 267.97298950218305, 42
51, 587949, 336329, 251620, 2521606.1193000125, 158, 38, 120, 379.43920925585275, 41
1, 587986, 336366, 251620, 2521865.1518714684, 37, 37, 0, 259.03257145596604, 37
1, 588025, 336405, 251620, 2522127.8518114123, 39, 39, 0, 262.6999399439383, 39
51, 588115, 336445, 251670, 2522453.9588402365, 90, 40, 50, 326.1070288241023, 41
1, 588183, 336483, 251700, 2522756.8210113393, 68, 38, 30, 302.86217110259, 39
1, 588252, 336512, 251740, 2523059.9331530496, 69, 29, 40, 303.1121417102006, 30
1, 588288, 336548, 251740, 2523317.082127328, 36, 36, 0, 257.1489742783178, 36
51, 588385, 336595, 251790, 2523650.4110265994, 97, 47, 50, 333.3288992714996, 48
1, 588433, 336643, 251790, 2523928.2258291896, 48, 48, 0, 277.8148025904985, 48
1, 588498, 336678, 251820, 2524227.266980633, 65, 35, 30, 299.04115144336777, 36
1, 588582, 336722, 251860, 2524547.9069910366, 84, 44, 40, 320.64001040350905, 45
51, 588688, 336778, 251910, 2524890.0750346463, 106, 56, 50, 342.16804360962783, 57
1, 588755, 336815, 251940, 2525191.6755899037, 67, 37, 30, 301.6005552576305, 38
1, 588836, 336856, 251980, 2525508.9755899035, 81, 41, 40, 317.3, 42
1, 588907, 336897, 252010, 2525815.5539007224, 71, 41, 30, 306.57831081870995, 42
51, 589034, 336934, 252100, 2526172.8535830216, 127, 37, 90, 357.2996822992933, 39
1, 589078, 336978, 252100, 2526444.204540712, 44, 44, 0, 271.35095769013947, 44
1, 589144, 337014, 252130, 2526744.531528989, 66, 36, 30, 300.32698827717985, 37
1, 589220, 337050, 252170, 2527056.0907013626, 76, 36, 40, 311.5591723737189, 37
51, 589300, 337080, 252220, 2527371.260457607, 80, 30, 50, 315.1697562442441, 31
1, 589346, 337126, 252220, 2527645.889526321, 46, 46, 0, 274.6290687140218, 46
1, 589382, 337162, 252220, 2527903.0385005996, 36, 36, 0, 257.1489742783178, 36
51, 589559, 337219, 252340, 2528296.4868343263, 177, 57, 120, 393.4483337268324, 60
1, 589600, 337260, 252340, 2528562.73078777, 41, 41, 0, 266.24395344352433, 41
1, 589641, 337301, 252340, 2528828.9747412135, 41, 41, 0, 266.24395344352433, 41
1, 589675, 337335, 252340, 2529082.2483814904, 34, 34, 0, 253.2736402766418, 34
1, 589711, 337371, 252340, 2529339.397355769, 36, 36, 0, 257.1489742783178, 36
51, 589830, 337410, 252420, 2529690.680750971, 119, 39, 80, 351.28339520229764, 41
1, 589913, 337453, 252460, 2530010.2156989006, 83, 43, 40, 319.5349479292333, 44
1, 589950, 337490, 252460, 2530269.2482703566, 37, 37, 0, 259.03257145596604, 37
1, 590021, 337531, 252490, 2530575.8265811754, 71, 41, 30, 306.57831081870995, 42
51, 590114, 337574, 252540, 2530905.0688610827, 93, 43, 50, 329.24227990714814, 44
1, 590159, 337619, 252540, 2531178.0708674937, 45, 45, 0, 273.00200641113514, 45
1, 590270, 337660, 252610, 2531523.0575855346, 111, 41, 70, 344.9867180408456, 43
1, 590313, 337703, 252610, 2531792.7325457376, 43, 43, 0, 269.6749602031015, 43
1, 590384, 337744, 252640, 2532099.3108565565, 71, 41, 30, 306.57831081870995, 42
51, 590478, 337788, 252690, 2532429.5845824042, 94, 44, 50, 330.273725847777, 45
1, 590512, 337822, 252690, 2532682.858222681, 34, 34, 0, 253.2736402766418, 34
1, 590544, 337854, 252690, 2532932.0996456817, 32, 32, 0, 249.24142300054422, 32
1, 590618, 337888, 252730, 2533241.2968544485, 74, 34, 40, 309.1972087668518, 35
1, 590693, 337933, 252760, 2533552.679950087, 75, 45, 30, 311.38309563827124, 46
51, 590791, 337981, 252810, 2533887.0145784514, 98, 48, 50, 334.33462836457886, 49
1, 590822, 338012, 252810, 2534134.1756846285, 31, 31, 0, 247.1611061770567, 31
1, 590864, 338054, 252810, 2534402.148674131, 42, 42, 0, 267.97298950218305, 42
1, 590943, 338093, 252850, 2534717.179424261, 79, 39, 40, 315.03075013013313, 40
1, 590980, 338130, 252850, 2534976.211995717, 37, 37, 0, 259.03257145596604, 37
51, 591103, 338173, 252930, 2535331.036566979, 123, 43, 80, 354.8245712617827, 45
1, 591154, 338224, 252930, 2535613.471078757, 51, 51, 0, 282.43451177837886, 51
1, 591198, 338268, 252930, 2535884.8220364475, 44, 44, 0, 271.35095769013947, 44
1, 591262, 338302, 252960, 2536182.564748922, 64, 34, 30, 297.742712474619, 35
1, 591341, 338341, 253000, 2536497.595499052, 79, 39, 40, 315.03075013013313, 40
51, 591433, 338383, 253050, 2536825.7996005206, 92, 42, 50, 328.20410146824725, 43
1, 591500, 338420, 253080, 2537127.400155778, 67, 37, 30, 301.6005552576305, 38
1, 591540, 338460, 253080, 2537391.886841715, 40, 40, 0, 264.4866859365871, 40
1, 591624, 338504, 253120, 2537712.5268521183, 84, 44, 40, 320.64001040350905, 45
51, 591725, 338555, 253170, 2538049.8422400905, 101, 51, 50, 337.31538797227006, 52
1, 591832, 338592, 253240, 2538391.06438536, 107, 37, 70, 341.2221452697031, 39
1, 591873, 338633, 253240, 2538657.3083388037, 41, 41, 0, 266.24395344352433, 41
1, 591960, 338680, 253280, 2538981.2159198015, 87, 47, 40, 323.9075809977351, 48
51, 592040, 338710, 253330, 2539296.385676046, 80, 30, 50, 315.1697562442441, 31
1, 592078, 338748, 253330, 2539557.268055666, 38, 38, 0, 260.88237961983884, 38
1, 592147, 338787, 253360, 2539861.380197376, 69, 39, 30, 304.1121417102006, 40
1, 592181, 338821, 253360, 2540114.653837653, 34, 34, 0, 253.2736402766418, 34
51, 592272, 338862, 253410, 2540441.812899592, 91, 41, 50, 327.1590619387661, 42
1, 592357, 338907, 253450, 2540763.549927263, 85, 45, 40, 321.73702767108114, 46
1, 592392, 338942, 253450, 2541018.7798551726, 35, 35, 0, 255.22992790977875, 35
1, 592435, 338985, 253450, 2541288.4548153756, 43, 43, 0, 269.6749602031015, 43
51, 592566, 339036, 253530, 2541650.167143591, 131, 51, 80, 361.7123282155055, 53
1, 592639, 339069, 253570, 2541958.16842216, 73, 33, 40, 308.00127856917646, 34
1, 592684, 339114, 253570, 2542231.1704285713, 45, 45, 0, 273.00200641113514, 45
1, 592722, 339152, 253570, 2542492.052808191, 38, 38, 0, 260.88237961983884, 38
51, 592880, 339190, 253690, 2542871.492017447, 158, 38, 120, 379.43920925585275, 41
1, 592921, 339231, 253690, 2543137.7359708906, 41, 41, 0, 266.24395344352433, 41
1, 592958, 339268, 253690, 2543396.7685423465, 37, 37, 0, 259.03257145596604, 37
1, 593027, 339307, 253720, 2543700.880684057, 69, 39, 30, 304.1121417102006, 40
51, 593120, 339350, 253770, 2544030.122963964, 93, 43, 50, 329.24227990714814, 44
1, 593194, 339394, 253800, 2544340.320172731, 74, 44, 30, 310.1972087668518, 45
1, 593266, 339426, 253840, 2544647.115235755, 72, 32, 40, 306.79506302439404, 33
1, 593341, 339471, 253870, 2544958.4983313936, 75, 45, 30, 311.38309563827124, 46
51, 593428, 339508, 253920, 2545281.4059123914, 87, 37, 50, 322.9075809977351, 38
1, 593464, 339544, 253920, 2545538.55488667, 36, 36, 0, 257.1489742783178, 36
1, 593502, 339582, 253920, 2545799.4372662897, 38, 38, 0, 260.88237961983884, 38
1, 593588, 339628, 253960, 2546122.263430937, 86, 46, 40, 322.82616464756694, 47
51, 593678, 339668, 254010, 2546448.3704597615, 90, 40, 50, 326.1070288241023, 41
1, 593744, 339704, 254040, 2546748.6974480385, 66, 36, 30, 300.32698827717985, 37
1, 593787, 339747, 254040, 2547018.3724082415, 43, 43, 0, 269.6749602031015, 43
1, 593823, 339783, 254040, 2547275.52138252, 36, 36, 0, 257.1489742783178, 36
1, 593905, 339825, 254080, 2547593.9430523636, 82, 42, 40, 318.42166984345636, 43
51, 593994, 339864, 254130, 2547918.9909179276, 89, 39, 50, 325.0478655640733, 40
1, 594057, 339897, 254160, 2548215.4222426536, 63, 33, 30, 296.43132472612575, 34
1, 594096, 339936, 254160, 2548478.1221825974, 39, 39, 0, 262.6999399439383, 39
51, 594192, 339982, 254210, 2548810.439098612, 96, 46, 50, 332.31691601465747, 47
1, 594278, 340028, 254250, 2549133.2652632594, 86, 46, 40, 322.82616464756694, 47
1, 594312, 340062, 254250, 2549386.5389035363, 34, 34, 0, 253.2736402766418, 34
51, 594429, 340099, 254330, 2549736.025720335, 117, 37, 80, 349.4868167986058, 39
1, 594467, 340137, 254330, 2549996.908099955, 38, 38, 0, 260.88237961983884, 38
1, 594544, 340174, 254370, 2550309.6337637217, 77, 37, 40, 312.72566376652986, 38
51, 594668, 340218, 254450, 2550665.33316027, 124, 44, 80, 355.6993965481514, 46
1, 594708, 340258, 254450, 2550929.819846207, 40, 40, 0, 264.4866859365871, 40
1, 594744, 340294, 254450, 2551186.9688204853, 36, 36, 0, 257.1489742783178, 36
51, 594874, 340334, 254540, 2551546.8336580237, 130, 40, 90, 359.86483753851803, 42
1, 594913, 340373, 254540, 2551809.5335979676, 39, 39, 0, 262.6999399439383, 39
1, 594949, 340409, 254540, 2552066.682572246, 36, 36, 0, 257.1489742783178, 36
1, 595010, 340440, 254570, 2552360.4508115132, 61, 31, 30, 293.7682392671241, 32
51, 595097, 340477, 254620, 2552683.358392511, 87, 37, 50, 322.9075809977351, 38
1, 595132, 340512, 254620, 2552938.5883204206, 35, 35, 0, 255.22992790977875, 35
1, 595203, 340543, 254660, 2553244.1666312395, 71, 31, 40, 305.57831081870995, 32
51, 595292, 340582, 254710, 2553569.2144968035, 89, 39, 50, 325.0478655640733, 40
1, 595372, 340632, 254740, 2553886.384253048, 80, 50, 30, 317.1697562442441, 51
1, 595413, 340673, 254740, 2554152.6282064915, 41, 41, 0, 266.24395344352433, 41
1, 595458, 340718, 254740, 2554425.6302129026, 45, 45, 0, 273.00200641113514, 45
51, 595547, 340757, 254790, 2554750.6780784666, 89, 39, 50, 325.0478655640733, 40
1, 595657, 340797, 254860, 2555094.731262513, 110, 40, 70, 344.0531840464366, 42
1, 595692, 340832, 254860, 2555349.9611904225, 35, 35, 0, 255.22992790977875, 35
1, 595731, 340871, 254860, 2555612.6611303664, 39, 39, 0, 262.6999399439383, 39
51, 595859, 340919, 254940, 2555971.819696468, 128, 48, 80, 359.1585661014858, 50
1, 595901, 340961, 254940, 2556239.79268597, 42, 42, 0, 267.97298950218305, 42
1, 595941, 341001, 254940, 2556504.279371907, 40, 40, 0, 264.4866859365871, 40
1, 596053, 341043, 255010, 2556850.1946842466, 112, 42, 70, 345.91531233955715, 44
51, 596155, 341095, 255060, 2557188.4918670277, 102, 52, 50, 338.29718278112654, 53
1, 596193, 341133, 255060, 2557449.3742466476, 38, 38, 0, 260.88237961983884, 38
1, 596225, 341165, 255060, 2557698.615669648, 32, 32, 0, 249.24142300054422, 32
1, 596256, 341196, 255060, 2557945.7767758253, 31, 31, 0, 247.1611061770567, 31
51, 596378, 341228, 255150, 2558298.722394379, 122, 32, 90, 352.9456185537469, 34
1, 596449, 341269, 255180, 2558605.3007051977, 71, 41, 30, 306.57831081870995, 42
1, 596485, 341305, 255180, 2558862.449679476, 36, 36, 0, 257.1489742783178, 36
51, 596582, 341352, 255230, 2559195.7785787475, 97, 47, 50, 333.3288992714996, 48
1, 596622, 341392, 255230, 2559460.2652646843, 40, 40, 0, 264.4866859365871, 40
1, 596710, 341440, 255270, 2559785.246696045, 88, 48, 40, 324.98143136087856, 49
1, 596782, 341482, 255300, 2560093.0417590695, 72, 42, 30, 307.79506302439404, 43
51, 596873, 341523, 255350, 2560420.2008210085, 91, 41, 50, 327.1590619387661, 42
1, 596923, 341573, 255350, 2560701.115615856, 50, 50, 0, 280.9147948472494, 50
1, 597008, 341618, 255390, 2561022.852643527, 85, 45, 40, 321.73702767108114, 46
1, 597082, 341662, 255420, 2561333.049852294, 74, 44, 30, 310.1972087668518, 45
51, 597177, 341707, 255470, 2561664.348416429, 95, 45, 50, 331.2985641352145, 46
1, 597212, 341742, 255470, 2561919.5783443386, 35, 35, 0, 255.22992790977875, 35
1, 597287, 341777, 255510, 2562229.961439977, 75, 35, 40, 310.38309563827124, 36
1, 597328, 341818, 255510, 2562496.2053934205, 41, 41, 0, 266.24395344352433, 41
51, 597454, 341864, 255590, 2562853.642289304, 126, 46, 80, 357.43689588345075, 48
1, 597544, 341914, 255630, 2563180.7493181285, 90, 50, 40, 327.1070288241023, 51
1, 597582, 341952, 255630, 2563441.6316977483, 38, 38, 0, 260.88237961983884, 38
51, 597678, 341998, 255680, 2563773.948613763, 96, 46, 50, 332.31691601465747, 47
1, 597754, 342034, 255720, 2564085.5077861366, 76, 36, 40, 311.5591723737189, 37
1, 597800, 342080, 255720, 2564360.1368548507, 46, 46, 0, 274.6290687140218, 46
1, 597872, 342122, 255750, 2564667.931917875, 72, 42, 30, 307.79506302439404, 43
51, 597950, 342150, 255800, 2564980.814704495, 78, 28, 50, 312.8827866200841, 29
1, 597984, 342184, 255800, 2565234.088344772, 34, 34, 0, 253.2736402766418, 34
1, 598069, 342229, 255840, 2565555.825372443, 85, 45, 40, 321.73702767108114, 46
1, 598104, 342264, 255840, 2565811.0553003526, 35, 35, 0, 255.22992790977875, 35
51, 598184, 342294, 255890, 2566126.225056597, 80, 30, 50, 315.1697562442441, 31
1, 598244, 342324, 255920, 2566418.6408249685, 60, 30, 30, 292.41576837137404, 31
1, 598296, 342376, 255920, 2566702.575786397, 52, 52, 0, 283.93496142826496, 52
1, 598370, 342410, 255960, 2567011.7729951637, 74, 34, 40, 309.1972087668518, 35
51, 598457, 342447, 256010, 2567334.6805761615, 87, 37, 50, 322.9075809977351, 38
1, 598537, 342497, 256040, 2567651.850332406, 80, 50, 30, 317.1697562442441, 51
1, 598580, 342540, 256040, 2567921.525292609, 43, 43, 0, 269.6749602031015, 43
1, 598663, 342583, 256080, 2568241.0602405383, 83, 43, 40, 319.5349479292333, 44
51, 598760, 342630, 256130, 2568574.3891398096, 97, 47, 50, 333.3288992714996, 48
1, 598797, 342667, 256130, 2568833.4217112656, 37, 37, 0, 259.03257145596604, 37
1, 598863, 342703, 256160, 2569133.7486995426, 66, 36, 30, 300.32698827717985, 37
1, 598900, 342740, 256160, 2569392.7812709985, 37, 37, 0, 259.03257145596604, 37
51, 599032, 342782, 256250, 2569754.3373934254, 132, 42, 90, 361.55612242701943, 44
1, 599070, 342820, 256250, 2570015.2197730453, 38, 38, 0, 260.88237961983884, 38
1, 599140, 342860, 256280, 2570320.5705338973, 70, 40, 30, 305.3507608519078, 41
1, 599181, 342901, 256280, 2570586.814487341, 41, 41, 0, 266.24395344352433, 41
51, 599311, 342941, 256370, 2570946.6793248793, 130, 40, 90, 359.86483753851803, 42
1, 599349, 342979, 256370, 2571207.561704499, 38, 38, 0, 260.88237961983884, 38
1, 599428, 343028, 256400, 2571523.5924546295, 79, 49, 30, 316.03075013013313, 50
1, 599469, 343069, 256400, 2571789.836408073, 41, 41, 0, 266.24395344352433, 41
1, 599508, 343108, 256400, 2572052.536348017, 39, 39, 0, 262.6999399439383, 39
51, 599635, 343145, 256490, 2572409.836030316, 127, 37, 90, 357.2996822992933, 39
1, 599677, 343187, 256490, 2572677.8090198184, 42, 42, 0, 267.97298950218305, 42
1, 599750, 343230, 256520, 2572986.8102983874, 73, 43, 30, 309.00127856917646, 44
51, 599837, 343267, 256570, 2573309.717879385, 87, 37, 50, 322.9075809977351, 38
1, 599884, 343314, 256570, 2573585.9509292548, 47, 47, 0, 276.2330498695885, 47
1, 599966, 343356, 256610, 2573904.3725990984, 82, 42, 40, 318.42166984345636, 43
1, 600010, 343400, 256610, 2574175.7235567886, 44, 44, 0, 271.35095769013947, 44
1, 600082, 343442, 256640, 2574483.518619813, 72, 42, 30, 307.79506302439404, 43
51, 600177, 343487, 256690, 2574814.817183948, 95, 45, 50, 331.2985641352145, 46
1, 600241, 343521, 256720, 2575112.5598964226, 64, 34, 30, 297.742712474619, 35
1, 600314, 343554, 256760, 2575420.5611749915, 73, 33, 40, 308.00127856917646, 34
1, 600361, 343601, 256760, 2575696.794224861, 47, 47, 0, 276.2330498695885, 47
51, 600448, 343638, 256810, 2576019.701805859, 87, 37, 50, 322.9075809977351, 38
1, 600521, 343671, 256850, 2576327.703084428, 73, 33, 40, 308.00127856917646, 34
1, 600559, 343709, 256850, 2576588.5854640477, 38, 38, 0, 260.88237961983884, 38
1, 600634, 343754, 256880, 2576899.968559686, 75, 45, 30, 311.38309563827124, 46
51, 600724, 343794, 256930, 2577226.0755885104, 90, 40, 50, 326.1070288241023, 41
1, 600786, 343826, 256960, 2577521.18221484, 62, 32, 30, 295.1066263296683, 33
1, 600862, 343862, 257000, 2577832.7413872136, 76, 36, 40, 311.5591723737189, 37
1, 600932, 343902, 257030, 2578138.0921480656, 70, 40, 30, 305.3507608519078, 41
51, 601026, 343946, 257080, 2578468.3658739133, 94, 44, 50, 330.273725847777, 45
1, 601066, 343986, 257080, 2578732.85255985, 40, 40, 0, 264.4866859365871, 40
1, 601104, 344024, 257080, 2578993.73493947, 38, 38, 0, 260.88237961983884, 38
51, 601191, 344061, 257130, 2579316.6425204678, 87, 37, 50, 322.9075809977351, 38
1, 601272, 344102, 257170, 2579633.9425204676, 81, 41, 40, 317.3, 42
1, 601344, 344144, 257200, 2579941.737583492, 72, 42, 30, 307.79506302439404, 43
51, 601431, 344181, 257250, 2580264.6451644897, 87, 37, 50, 322.9075809977351, 38
1, 601469, 344219, 257250, 2580525.5275441096, 38, 38, 0, 260.88237961983884, 38
1, 601554, 344264, 257290, 2580847.264571781, 85, 45, 40, 321.73702767108114, 46
1, 601627, 344307, 257320, 2581156.26585035, 73, 43, 30, 309.00127856917646, 44
51, 601721, 344351, 257370, 2581486.5395761975, 94, 44, 50, 330.273725847777, 45
1, 601804, 344394, 257410, 2581806.074524127, 83, 43, 40, 319.5349479292333, 44
1, 601866, 344426, 257440, 2582101.1811504564, 62, 32, 30, 295.1066263296683, 33
1, 601905, 344465, 257440, 2582363.8810904003, 39, 39, 0, 262.6999399439383, 39
51, 602028, 344498, 257530, 2582717.705661662, 123, 33, 90, 353.8245712617827, 35
1, 602078, 344548, 257530, 2582998.6204565093, 50, 50, 0, 280.9147948472494, 50
1, 602123, 344593, 257530, 2583271.6224629204, 45, 45, 0, 273.00200641113514, 45
1, 602170, 344640, 257530, 2583547.85551279, 47, 47, 0, 276.2330498695885, 47
51, 602333, 344683, 257650, 2583931.066936268, 163, 43, 120, 383.21142347822723, 46
1, 602382, 344732, 257650, 2584210.4420673745, 49, 49, 0, 279.3751311064591, 49
1, 602417, 344767, 257650, 2584465.671995284, 35, 35, 0, 255.22992790977875, 35
1, 602504, 344814, 257690, 2584789.579576282, 87, 47, 40, 323.9075809977351, 48
51, 602619, 344849, 257770, 2585137.251793344, 115, 35, 80, 347.6722170622053, 37
1, 602646, 344876, 257770, 2585375.6024990394, 27, 27, 0, 238.35070569547776, 27
1, 602678, 344908, 257770, 2585624.84392204, 32, 32, 0, 249.24142300054422, 32
51, 602803, 344943, 257860, 2585980.414074528, 125, 35, 90, 355.57015248821097, 37
1, 602850, 344990, 257860, 2586256.6471243976, 47, 47, 0, 276.2330498695885, 47
1, 602914, 345024, 257890, 2586554.389836872, 64, 34, 30, 297.742712474619, 35
51, 603008, 345068, 257940, 2586884.6635627197, 94, 44, 50, 330.273725847777, 45
1, 603095, 345115, 257980, 2587208.5711437175, 87, 47, 40, 323.9075809977351, 48
1, 603134, 345154, 257980, 2587471.2710836614, 39, 39, 0, 262.6999399439383, 39
51, 603293, 345193, 258100, 2587851.469946134, 159, 39, 120, 380.1988624723894, 42
1, 603334, 345234, 258100, 2588117.7138995775, 41, 41, 0, 266.24395344352433, 41
1, 603405, 345275, 258130, 2588424.2922103964, 71, 41, 30, 306.57831081870995, 42
51, 603489, 345309, 258180, 2588743.9322208, 84, 34, 50, 319.64001040350905, 35
1, 603572, 345352, 258220, 2589063.4671687293, 83, 43, 40, 319.5349479292333, 44
1, 603622, 345402, 258220, 2589344.3819635767, 50, 50, 0, 280.9147948472494, 50
1, 603691, 345441, 258250, 2589648.494105287, 69, 39, 30, 304.1121417102006, 40
51, 603780, 345480, 258300, 2589973.541970851, 89, 39, 50, 325.0478655640733, 40
1, 603826, 345526, 258300, 2590248.171039565, 46, 46, 0, 274.6290687140218, 46
1, 603944, 345574, 258370, 2590599.558364734, 118, 48, 70, 351.3873251689181, 50
1, 603986, 345616, 258370, 2590867.5313542364, 42, 42, 0, 267.97298950218305, 42
1, 604023, 345653, 258370, 2591126.5639256923, 37, 37, 0, 259.03257145596604, 37
51, 604146, 345686, 258460, 2591480.388496954, 123, 33, 90, 353.8245712617827, 35
1, 604192, 345732, 258460, 2591755.017565668, 46, 46, 0, 274.6290687140218, 46
1, 604238, 345778, 258460, 2592029.646634382, 46, 46, 0, 274.6290687140218, 46
1, 604312, 345822, 258490, 2592339.843843149, 74, 44, 30, 310.1972087668518, 45
1, 604354, 345864, 258490, 2592607.8168326514, 42, 42, 0, 267.97298950218305, 42
51, 604476, 345906, 258570, 2592961.762451205, 122, 42, 80, 353.9456185537469, 44
1, 604558, 345948, 258610, 2593280.1841210485, 82, 42, 40, 318.42166984345636, 43
1, 604603, 345993, 258610, 2593553.1861274596, 45, 45, 0, 273.00200641113514, 45
1, 604644, 346034, 258610, 2593819.430080903, 41, 41, 0, 266.24395344352433, 41
51, 604805, 346075, 258730, 2594201.1403775043, 161, 41, 120, 381.7102966008917, 44
1, 604850, 346120, 258730, 2594474.1423839154, 45, 45, 0, 273.00200641113514, 45
1, 604931, 346161, 258770, 2594791.442383915, 81, 41, 40, 317.3, 42
1, 604963, 346193, 258770, 2595040.683806916, 32, 32, 0, 249.24142300054422, 32
1, 605041, 346241, 258800, 2595355.5665935357, 78, 48, 30, 314.8827866200841, 49
51, 605170, 346280, 258890, 2595714.5801940267, 129, 39, 90, 359.01360049114555, 41
1, 605205, 346315, 258890, 2595969.8101219363, 35, 35, 0, 255.22992790977875, 35
1, 605237, 346347, 258890, 2596219.051544937, 32, 32, 0, 249.24142300054422, 32
51, 605366, 346386, 258980, 2596578.065145428, 129, 39, 90, 359.01360049114555, 41
1, 605429, 346419, 259010, 2596874.496470154, 63, 33, 30, 296.43132472612575, 34
1, 605516, 346466, 259050, 2597198.4040511516, 87, 47, 40, 323.9075809977351, 48
1, 605554, 346504, 259050, 2597459.2864307715, 38, 38, 0, 260.88237961983884, 38
1, 605629, 346549, 259080, 2597770.66952641, 75, 45, 30, 311.38309563827124, 46
51, 605717, 346587, 259130, 2598094.6509577706, 88, 38, 50, 323.98143136087856, 39
1, 605790, 346620, 259170, 2598402.6522363396, 73, 33, 40, 308.00127856917646, 34
1, 605867, 346667, 259200, 2598716.3779001064, 77, 47, 30, 313.72566376652986, 48
1, 605908, 346708, 259200, 2598982.62185355, 41, 41, 0, 266.24395344352433, 41
1, 605974, 346744, 259230, 2599282.948841827, 66, 36, 30, 300.32698827717985, 37
51, 606067, 346787, 259280, 2599612.191121734, 93, 43, 50, 329.24227990714814, 44
1, 606149, 346829, 259320, 2599930.612791578, 82, 42, 40, 318.42166984345636, 43
1, 606222, 346872, 259350, 2600239.614070147, 73, 43, 30, 309.00127856917646, 44
51, 606317, 346917, 259400, 2600570.912634282, 95, 45, 50, 331.2985641352145, 46
1, 606353, 346953, 259400, 2600828.0616085604, 36, 36, 0, 257.1489742783178, 36
1, 606386, 346986, 259400, 2601079.339781253, 33, 33, 0, 251.27817269284301, 33
51, 606467, 347017, 259450, 2601395.639781253, 81, 31, 50, 316.3, 32
1, 606578, 347058, 259520, 2601740.626499294, 111, 41, 70, 344.9867180408456, 43
1, 606615, 347095, 259520, 2601999.6590707498, 37, 37, 0, 259.03257145596604, 37
1, 606705, 347145, 259560, 2602326.766099574, 90, 50, 40, 327.1070288241023, 51
1, 606772, 347182, 259590, 2602628.3666548315, 67, 37, 30, 301.6005552576305, 38
51, 606861, 347221, 259640, 2602953.4145203955, 89, 39, 50, 325.0478655640733, 40
1, 606904, 347264, 259640, 2603223.0894805985, 43, 43, 0, 269.6749602031015, 43
1, 606987, 347307, 259680, 2603542.624428528, 83, 43, 40, 319.5349479292333, 44
1, 607021, 347341, 259680, 2603795.8980688048, 34, 34, 0, 253.2736402766418, 34
51, 607139, 347379, 259760, 2604146.285393974, 118, 38, 80, 350.3873251689181, 40
1, 607181, 347421, 259760, 2604414.258383476, 42, 42, 0, 267.97298950218305, 42
1, 607261, 347461, 259800, 2604730.4281397206, 80, 40, 40, 316.1697562442441, 41
1, 607294, 347494, 259800, 2604981.7063124133, 33, 33, 0, 251.27817269284301, 33
51, 607406, 347526, 259880, 2605326.621624753, 112, 32, 80, 344.91531233955715, 34
1, 607455, 347575, 259880, 2605605.9967558593, 49, 49, 0, 279.3751311064591, 49
1, 607507, 347627, 259880, 2605889.9317172877, 52, 52, 0, 283.93496142826496, 52
1, 607549, 347669, 259880, 2606157.90470679, 42, 42, 0, 267.97298950218305, 42
1, 607620, 347700, 259920, 2606463.483017609, 71, 31, 40, 305.57831081870995, 32
51, 607716, 347746, 259970, 2606795.7999336235, 96, 46, 50, 332.31691601465747, 47
1, 607784, 347784, 260000, 2607098.6621047263, 68, 38, 30, 302.86217110259, 39
1, 607818, 347818, 260000, 2607351.935745003, 34, 34, 0, 253.2736402766418, 34
1, 607887, 347857, 260030, 2607656.0478867134, 69, 39, 30, 304.1121417102006, 40
51, 608015, 347895, 260120, 2608014.206452815, 128, 38, 90, 358.1585661014858, 40
1, 608058, 347938, 260120, 2608283.881413018, 43, 43, 0, 269.6749602031015, 43
1, 608102, 347982, 260120, 2608555.232370708, 44, 44, 0, 271.35095769013947, 44
51, 608227, 348017, 260210, 2608910.802523196, 125, 35, 90, 355.57015248821097, 37
1, 608291, 348051, 260240, 2609208.5452356706, 64, 34, 30, 297.742712474619, 35
1, 608332, 348092, 260240, 2609474.7891891142, 41, 41, 0, 266.24395344352433, 41
1, 608418, 348138, 260280, 2609797.6153537617, 86, 46, 40, 322.82616464756694, 47
51, 608534, 348174, 260360, 2610146.197157253, 116, 36, 80, 348.5818034911291, 38
1, 608577, 348217, 260360, 2610415.872117456, 43, 43, 0, 269.6749602031015, 43
1, 608664, 348264, 260400, 2610739.779698454, 87, 47, 40, 323.9075809977351, 48
1, 608736, 348306, 260430, 2611047.574761478, 72, 42, 30, 307.79506302439404, 43
51, 608842, 348362, 260480, 2611389.742805088, 106, 56, 50, 342.16804360962783, 57
1, 608954, 348404, 260550, 2611735.6581174275, 112, 42, 70, 345.91531233955715, 44
1, 608989, 348439, 260550, 2611990.888045337, 35, 35, 0, 255.22992790977875, 35
1, 609034, 348484, 260550, 2612263.890051748, 45, 45, 0, 273.00200641113514, 45
51, 609118, 348518, 260600, 2612583.5300621516, 84, 34, 50, 319.64001040350905, 35
1, 609230, 348560, 260670, 2612929.445374491, 112, 42, 70, 345.91531233955715, 44
1, 609281, 348611, 260670, 2613211.8798862696, 51, 51, 0, 282.43451177837886, 51
51, 609379, 348659, 260720, 2613546.214514634, 98, 48, 50, 334.33462836457886, 49
1, 609430, 348710, 260720, 2613828.6490264125, 51, 51, 0, 282.43451177837886, 51
1, 609502, 348742, 260760, 2614135.444089437, 72, 32, 40, 306.79506302439404, 33
1, 609573, 348783, 260790, 2614442.022400256, 71, 41, 30, 306.57831081870995, 42
51, 609707, 348827, 260880, 2614805.2552161743, 134, 44, 90, 363.23281591860336, 46
1, 609761, 348881, 260880, 2615092.135817257, 54, 54, 0, 286.88060108295343, 54
1, 609832, 348922, 260910, 2615398.714128076, 71, 41, 30, 306.57831081870995, 42
1, 609879, 348969, 260910, 2615674.9471779456, 47, 47, 0, 276.2330498695885, 47
1, 609977, 348997, 260980, 2616007.3818063103, 98, 28, 70, 332.4346283645789, 30
51, 610078, 349048, 261030, 2616344.6971942824, 101, 51, 50, 337.31538797227006, 52
1, 610114, 349084, 261030, 2616601.846168561, 36, 36, 0, 257.1489742783178, 36
1, 610158, 349128, 261030, 2616873.197126251, 44, 44, 0, 271.35095769013947, 44
51, 610317, 349167, 261150, 2617253.3959887237, 159, 39, 120, 380.1988624723894, 42
1, 610357, 349207, 261150, 2617517.8826746605, 40, 40, 0, 264.4866859365871, 40
1, 610439, 349249, 261190, 2617836.304344504, 82, 42, 40, 318.42166984345636, 43
1, 610468, 349278, 261190, 2618079.1639232147, 29, 29, 0, 242.8595787106084, 29
51, 610602, 349332, 261270, 2618443.396739133, 134, 54, 80, 364.23281591860336, 56
1, 610680, 349370, 261310, 2618757.279525753, 78, 38, 40, 313.8827866200841, 39
1, 610716, 349406, 261310, 2619014.4285000316, 36, 36, 0, 257.1489742783178, 36
1, 610757, 349447, 261310, 2619280.672453475, 41, 41, 0, 266.24395344352433, 41
1, 610802, 349492, 261310, 2619553.6744598863, 45, 45, 0, 273.00200641113514, 45
51, 610925, 349535, 261390, 2619908.499031148, 123, 43, 80, 354.8245712617827, 45
1, 611009, 349579, 261430, 2620229.1390415514, 84, 44, 40, 320.64001040350905, 45
1, 611054, 349624, 261430, 2620502.1410479625, 45, 45, 0, 273.00200641113514, 45
51, 611133, 349653, 261480, 2620816.171798093, 79, 29, 50, 314.03075013013313, 30
1, 611223, 349703, 261520, 2621143.278826917, 90, 50, 40, 327.1070288241023, 51
1, 611289, 349739, 261550, 2621443.605815194, 66, 36, 30, 300.32698827717985, 37
1, 611336, 349786, 261550, 2621719.8388650636, 47, 47, 0, 276.2330498695885, 47
1, 611376, 349826, 261550, 2621984.3255510004, 40, 40, 0, 264.4866859365871, 40
51, 611508, 349868, 261640, 2622345.8816734273, 132, 42, 90, 361.55612242701943, 44
1, 611549, 349909, 261640, 2622612.125626871, 41, 41, 0, 266.24395344352433, 41
1, 611619, 349949, 261670, 2622917.476387723, 70, 40, 30, 305.3507608519078, 41
51, 611709, 349989, 261720, 2623243.583416547, 90, 40, 50, 326.1070288241023, 41
1, 611749, 350029, 261720, 2623508.070102484, 40, 40, 0, 264.4866859365871, 40
1, 611792, 350072, 261720, 2623777.745062687, 43, 43, 0, 269.6749602031015, 43
1, 611871, 350111, 261760, 2624092.7758128173, 79, 39, 40, 315.03075013013313, 40
1, 611906, 350146, 261760, 2624348.005740727, 35, 35, 0, 255.22992790977875, 35
51, 612026, 350186, 261840, 2624700.1808326915, 120, 40, 80, 352.1750919646873, 42
1, 612079, 350239, 261840, 2624985.597620332, 53, 53, 0, 285.4167876408086, 53
1, 612119, 350279, 261840, 2625250.084306269, 40, 40, 0, 264.4866859365871, 40
1, 612204, 350324, 261880, 2625571.82133394, 85, 45, 40, 321.73702767108114, 46
1, 612274, 350364, 261910, 2625877.172094792, 70, 40, 30, 305.3507608519078, 41
51, 612369, 350409, 261960, 2626208.470658927, 95, 45, 50, 331.2985641352145, 46
1, 612413, 350453, 261960, 2626479.8216166175, 44, 44, 0, 271.35095769013947, 44
1, 612449, 350489, 261960, 2626736.970590896, 36, 36, 0, 257.1489742783178, 36
51, 612537, 350527, 262010, 2627060.952022257, 88, 38, 50, 323.98143136087856, 39
1, 612649, 350569, 262080, 2627406.8673345963, 112, 42, 70, 345.91531233955715, 44
1, 612690, 350610, 262080, 2627673.11128804, 41, 41, 0, 266.24395344352433, 41
1, 612798, 350648, 262150, 2628015.282267587, 108, 38, 70, 342.1709795470626, 40
51, 612900, 350700, 262200, 2628353.579450368, 102, 52, 50, 338.29718278112654, 53
1, 612974, 350744, 262230, 2628663.776659135, 74, 44, 30, 310.1972087668518, 45
1, 613006, 350776, 262230, 2628913.0180821354, 32, 32, 0, 249.24142300054422, 32
51, 613136, 350816, 262320, 2629272.882919674, 130, 40, 90, 359.86483753851803, 42
1, 613171, 350851, 262320, 2629528.1128475834, 35, 35, 0, 255.22992790977875, 35
1, 613237, 350887, 262350, 2629828.4398358604, 66, 36, 30, 300.32698827717985, 37
1, 613280, 350930, 262350, 2630098.1147960634, 43, 43, 0, 269.6749602031015, 43
51, 613398, 350968, 262430, 2630448.5021212325, 118, 38, 80, 350.3873251689181, 40
1, 613478, 351008, 262470, 2630764.671877477, 80, 40, 40, 316.1697562442441, 41
1, 613519, 351049, 262470, 2631030.9158309205, 41, 41, 0, 266.24395344352433, 41
1, 613558, 351088, 262470, 2631293.6157708643, 39, 39, 0, 262.6999399439383, 39
1, 613590, 351120, 262470, 2631542.857193865, 32, 32, 0, 249.24142300054422, 32
51, 613740, 351150, 262590, 2631916.120745023, 150, 30, 120, 373.26355115805836, 33
1, 613777, 351187, 262590, 2632175.1533164787, 37, 37, 0, 259.03257145596604, 37
1, 613890, 351230, 262660, 2632521.9923603483, 113, 43, 70, 346.83904386951343, 45
51, 613992, 351282, 262710, 2632860.2895431295, 102, 52, 50, 338.29718278112654, 53
1, 614024, 351314, 262710, 2633109.53096613, 32, 32, 0, 249.24142300054422, 32
1, 614067, 351357, 262710, 2633379.205926333, 43, 43, 0, 269.6749602031015, 43
1, 614158, 351408, 262750, 2633707.364988272, 91, 51, 40, 328.1590619387661, 52
51, 614249, 351449, 262800, 2634034.524050211, 91, 41, 50, 327.1590619387661, 42
1, 614322, 351492, 262830, 2634343.52532878, 73, 43, 30, 309.00127856917646, 44
1, 614361, 351531, 262830, 2634606.225268724, 39, 39, 0, 262.6999399439383, 39
1, 614402, 351572, 262830, 2634872.4692221675, 41, 41, 0, 266.24395344352433, 41
1, 614485, 351615, 262870, 2635192.004170097, 83, 43, 40, 319.5349479292333, 44
51, 614605, 351655, 262950, 2635544.1792620616, 120, 40, 80, 352.1750919646873, 42
1, 614647, 351697, 262950, 2635812.152251564, 42, 42, 0, 267.97298950218305, 42
1, 614683, 351733, 262950, 2636069.3012258424, 36, 36, 0, 257.1489742783178, 36
1, 614760, 351770, 262990, 2636382.026889609, 77, 37, 40, 312.72566376652986, 38
1, 614830, 351810, 263020, 2636687.377650461, 70, 40, 30, 305.3507608519078, 41
51, 614916, 351846, 263070, 2637009.2038151086, 86, 36, 50, 321.82616464756694, 37
1, 614951, 351881, 263070, 2637264.433743018, 35, 35, 0, 255.22992790977875, 35
1, 615028, 351918, 263110, 2637577.159406785, 77, 37, 40, 312.72566376652986, 38
51, 615123, 351963, 263160, 2637908.45797092, 95, 45, 50, 331.2985641352145, 46
1, 615173, 351983, 263190, 2638186.4727657675, 50, 20, 30, 278.01479484724945, 21
1, 615219, 352029, 263190, 2638461.1018344816, 46, 46, 0, 274.6290687140218, 46
51, 615340, 352070, 263270, 2638814.164313517, 121, 41, 80, 353.06247903554, 43
1, 615381, 352111, 263270, 2639080.4082669606, 41, 41, 0, 266.24395344352433, 41
1, 615459, 352149, 263310, 2639394.2910535806, 78, 38, 40, 313.8827866200841, 39
1, 615495, 352185, 263310, 2639651.440027859, 36, 36, 0, 257.1489742783178, 36
51, 615603, 352213, 263390, 2639992.611007406, 108, 28, 80, 341.1709795470626, 30
1, 615648, 352258, 263390, 2640265.613013817, 45, 45, 0, 273.00200641113514, 45
1, 615724, 352294, 263430, 2640577.1721861907, 76, 36, 40, 311.5591723737189, 37
1, 615758, 352328, 263430, 2640830.4458264676, 34, 34, 0, 253.2736402766418, 34
1, 615829, 352369, 263460, 2641137.0241372865, 71, 41, 30, 306.57831081870995, 42
51, 615911, 352401, 263510, 2641454.44580713, 82, 32, 50, 317.42166984345636, 33
1, 615960, 352450, 263510, 2641733.8209382365, 49, 49, 0, 279.3751311064591, 49
1, 616067, 352487, 263580, 2642075.043083506, 107, 37, 70, 341.2221452697031, 39
1, 616113, 352533, 263580, 2642349.6721522203, 46, 46, 0, 274.6290687140218, 46
51, 616248, 352578, 263670, 2642713.7379621607, 135, 45, 90, 364.06580994024984, 47
1, 616310, 352610, 263700, 2643008.84458849, 62, 32, 30, 295.1066263296683, 33
1, 616351, 352651, 263700, 2643275.088541934, 41, 41, 0, 266.24395344352433, 41
1, 616393, 352693, 263700, 2643543.061531436, 42, 42, 0, 267.97298950218305, 42
1, 616476, 352736, 263740, 2643862.5964793656, 83, 43, 40, 319.5349479292333, 44
51, 616571, 352781, 263790, 2644193.8950435007, 95, 45, 50, 331.2985641352145, 46
1, 616612, 352822, 263790, 2644460.1389969443, 41, 41, 0, 266.24395344352433, 41
1, 616686, 352866, 263820, 2644770.336205711, 74, 44, 30, 310.1972087668518, 45
51, 616780, 352910, 263870, 2645100.609931559, 94, 44, 50, 330.273725847777, 45
1, 616862, 352952, 263910, 2645419.0316014024, 82, 42, 40, 318.42166984345636, 43
1, 616895, 352985, 263910, 2645670.309774095, 33, 33, 0, 251.27817269284301, 33
1, 616957, 353017, 263940, 2645965.4164004247, 62, 32, 30, 295.1066263296683, 33
51, 617047, 353057, 263990, 2646291.523429249, 90, 40, 50, 326.1070288241023, 41
1, 617121, 353091, 264030, 2646600.720638016, 74, 34, 40, 309.1972087668518, 35
1, 617178, 353148, 264030, 2646891.8902585213, 57, 57, 0, 291.1696205054472, 57
51, 617293, 353183, 264110, 2647239.5624755835, 115, 35, 80, 347.6722170622053, 37
1, 617333, 353223, 264110, 2647504.0491615203, 40, 40, 0, 264.4866859365871, 40
1, 617448, 353268, 264180, 2647852.7213785825, 115, 45, 70, 348.6722170622053, 47
1, 617488, 353308, 264180, 2648117.2080645193, 40, 40, 0, 264.4866859365871, 40
51, 617583, 353353, 264230, 2648448.5066286544, 95, 45, 50, 331.2985641352145, 46
1, 617642, 353382, 264260, 2648739.555428902, 59, 29, 30, 291.0488002476036, 30
1, 617723, 353423, 264300, 2649056.855428902, 81, 41, 40, 317.3, 42
1, 617759, 353459, 264300, 2649314.0044031804, 36, 36, 0, 257.1489742783178, 36
51, 617840, 353490, 264350, 2649630.3044031803, 81, 31, 50, 316.3, 32
1, 617915, 353535, 264380, 2649941.6874988186, 75, 45, 30, 311.38309563827124, 46
1, 617954, 353574, 264380, 2650204.3874387625, 39, 39, 0, 262.6999399439383, 39
1, 618023, 353603, 264420, 2650507.4995804727, 69, 29, 40, 303.1121417102006, 30
51, 618113, 353643, 264470, 2650833.606609297, 90, 40, 50, 326.1070288241023, 41
1, 618185, 353685, 264500, 2651141.4016723214, 72, 42, 30, 307.79506302439404, 43
1, 618227, 353727, 264500, 2651409.3746618237, 42, 42, 0, 267.97298950218305, 42
1, 618275, 353775, 264500, 2651687.189464414, 48, 48, 0, 277.8148025904985, 48
1, 618390, 353820, 264570, 2652035.8616814762, 115, 45, 70, 348.6722170622053, 47
51, 618489, 353869, 264620, 2652371.195896029, 99, 49, 50, 335.33421455299043, 50
1, 618576, 353916, 264660, 2652695.103477027, 87, 47, 40, 323.9075809977351, 48
1, 618617, 353957, 264660, 2652961.3474304704, 41, 41, 0, 266.24395344352433, 41
51, 618738, 353998, 264740, 2653314.409909506, 121, 41, 80, 353.06247903554, 43
1, 618814, 354034, 264780, 2653625.9690818796, 76, 36, 40, 311.5591723737189, 37
1, 618852, 354072, 264780, 2653886.8514614995, 38, 38, 0, 260.88237961983884, 38
1, 618898, 354118, 264780, 2654161.4805302136, 46, 46, 0, 274.6290687140218, 46
51, 618981, 354151, 264830, 2654480.015478143, 83, 33, 50, 318.5349479292333, 34
1, 619028, 354198, 264830, 2654756.2485280125, 47, 47, 0, 276.2330498695885, 47
1, 619100, 354240, 264860, 2655064.043591037, 72, 42, 30, 307.79506302439404, 43
51, 619243, 354293, 264950, 2655434.6507734824, 143, 53, 90, 370.6071824456716, 55
1, 619308, 354328, 264980, 2655733.691924926, 65, 35, 30, 299.04115144336777, 36
1, 619343, 354363, 264980, 2655988.9218528355, 35, 35, 0, 255.22992790977875, 35
1, 619383, 354403, 264980, 2656253.4085387723, 40, 40, 0, 264.4866859365871, 40
1, 619429, 354449, 264980, 2656528.0376074864, 46, 46, 0, 274.6290687140218, 46
51, 619545, 354485, 265060, 2656876.6194109777, 116, 36, 80, 348.5818034911291, 38
1, 619635, 354535, 265100, 2657203.726439802, 90, 50, 40, 327.1070288241023, 51
1, 619709, 354579, 265130, 2657513.923648569, 74, 44, 30, 310.1972087668518, 45
1, 619783, 354613, 265170, 2657823.1208573356, 74, 34, 40, 309.1972087668518, 35
1, 619810, 354640, 265170, 2658061.471563031, 27, 27, 0, 238.35070569547776, 27
51, 619904, 354684, 265220, 2658391.7452888787, 94, 44, 50, 330.273725847777, 45
1, 619975, 354725, 265250, 2658698.3235996976, 71, 41, 30, 306.57831081870995, 42
1, 620003, 354753, 265250, 2658938.9562630765, 28, 28, 0, 240.63266337912057, 28
1, 620095, 354805, 265290, 2659268.160364545, 92, 52, 40, 329.20410146824725, 53
51, 620184, 354844, 265340, 2659593.208230109, 89, 39, 50, 325.0478655640733, 40
1, 620250, 354880, 265370, 2659893.535218386, 66, 36, 30, 300.32698827717985, 37
1, 620284, 354914, 265370, 2660146.808858663, 34, 34, 0, 253.2736402766418, 34
1, 620367, 354957, 265410, 2660466.3438065923, 83, 43, 40, 319.5349479292333, 44
51, 620461, 355001, 265460, 2660796.61753244, 94, 44, 50, 330.273725847777, 45
1, 620503, 355043, 265460, 2661064.5905219424, 42, 42, 0, 267.97298950218305, 42
1, 620578, 355078, 265500, 2661374.9736175807, 75, 35, 40, 310.38309563827124, 36
51, 620686, 355106, 265580, 2661716.1445971276, 108, 28, 80, 341.1709795470626, 30
1, 620725, 355145, 265580, 2661978.8445370714, 39, 39, 0, 262.6999399439383, 39
1, 620776, 355196, 265580, 2662261.27904885, 51, 51, 0, 282.43451177837886, 51
1, 620855, 355235, 265620, 2662576.30979898, 79, 39, 40, 315.03075013013313, 40
51, 620950, 355280, 265670, 2662907.608363115, 95, 45, 50, 331.2985641352145, 46
1, 621045, 355305, 265740, 2663237.0069272504, 95, 25, 70, 329.3985641352145, 27
1, 621090, 355350, 265740, 2663510.0089336615, 45, 45, 0, 273.00200641113514, 45
1, 621123, 355383, 265740, 2663761.2871063543, 33, 33, 0, 251.27817269284301, 33
51, 621242, 355422, 265820, 2664112.5705015566, 119, 39, 80, 351.28339520229764, 41
1, 621274, 355454, 265820, 2664361.811924557, 32, 32, 0, 249.24142300054422, 32
1, 621348, 355498, 265850, 2664672.009133324, 74, 44, 30, 310.1972087668518, 45
1, 621429, 355539, 265890, 2664989.309133324, 81, 41, 40, 317.3, 42
1, 621470, 355580, 265890, 2665255.5530867674, 41, 41, 0, 266.24395344352433, 41
51, 621595, 355625, 265970, 2665612.1232392555, 125, 45, 80, 356.57015248821097, 47
1, 621630, 355660, 265970, 2665867.353167165, 35, 35, 0, 255.22992790977875, 35
1, 621664, 355694, 265970, 2666120.626807442, 34, 34, 0, 253.2736402766418, 34
1, 621701, 355731, 265970, 2666379.659378898, 37, 37, 0, 259.03257145596604, 37
1, 621785, 355775, 266010, 2666700.2993893013, 84, 44, 40, 320.64001040350905, 45
51, 621901, 355811, 266090, 2667048.8811927927, 116, 36, 80, 348.5818034911291, 38
1, 621941, 355851, 266090, 2667313.3678787295, 40, 40, 0, 264.4866859365871, 40
1, 622010, 355890, 266120, 2667617.4800204397, 69, 39, 30, 304.1121417102006, 40
51, 622139, 355929, 266210, 2667976.4936209307, 129, 39, 90, 359.01360049114555, 41
1, 622209, 355969, 266240, 2668281.8443817827, 70, 40, 30, 305.3507608519078, 41
1, 622283, 356003, 266280, 2668591.0415905495, 74, 34, 40, 309.1972087668518, 35
1, 622316, 356036, 266280, 2668842.3197632423, 33, 33, 0, 251.27817269284301, 33
1, 622353, 356073, 266280, 2669101.352334698, 37, 37, 0, 259.03257145596604, 37
51, 622429, 356099, 266330, 2669411.911507072, 76, 26, 50, 310.5591723737189, 27
1, 622500, 356140, 266360, 2669718.489817891, 71, 41, 30, 306.57831081870995, 42
1, 622574, 356174, 266400, 2670027.6870266576, 74, 34, 40, 309.1972087668518, 35
1, 622616, 356216, 266400, 2670295.66001616, 42, 42, 0, 267.97298950218305, 42
51, 622753, 356263, 266490, 2670661.381338365, 137, 47, 90, 365.72132220485213, 49
1, 622798, 356308, 266490, 2670934.383344776, 45, 45, 0, 273.00200641113514, 45
1, 622865, 356345, 266520, 2671235.9839000334, 67, 37, 30, 301.6005552576305, 38
1, 622907, 356387, 266520, 2671503.9568895358, 42, 42, 0, 267.97298950218305, 42
51, 623001, 356431, 266570, 2671834.2306153835, 94, 44, 50, 330.273725847777, 45
1, 623071, 356471, 266600, 2672139.5813762355, 70, 40, 30, 305.3507608519078, 41
1, 623158, 356518, 266640, 2672463.4889572333, 87, 47, 40, 323.9075809977351, 48
1, 623203, 356563, 266640, 2672736.4909636443, 45, 45, 0, 273.00200641113514, 45
51, 623297, 356607, 266690, 2673066.764689492, 94, 44, 50, 330.273725847777, 45
1, 623335, 356645, 266690, 2673327.647069112, 38, 38, 0, 260.88237961983884, 38
1, 623410, 356690, 266720, 2673639.0301647503, 75, 45, 30, 311.38309563827124, 46
1, 623488, 356728, 266760, 2673952.9129513702, 78, 38, 40, 313.8827866200841, 39
1, 623524, 356764, 266760, 2674210.0619256487, 36, 36, 0, 257.1489742783178, 36
51, 623612, 356802, 266810, 2674534.0433570095, 88, 38, 50, 323.98143136087856, 39
1, 623654, 356844, 266810, 2674802.016346512, 42, 42, 0, 267.97298950218305, 42
1, 623738, 356888, 266850, 2675122.6563569154, 84, 44, 40, 320.64001040350905, 45
1, 623809, 356929, 266880, 2675429.2346677342, 71, 41, 30, 306.57831081870995, 42
1, 623850, 356970, 266880, 2675695.478621178, 41, 41, 0, 266.24395344352433, 41
51, 623937, 357007, 266930, 2676018.3862021756, 87, 37, 50, 322.9075809977351, 38
1, 623984, 357054, 266930, 2676294.619252045, 47, 47, 0, 276.2330498695885, 47
1, 624028, 357098, 266930, 2676565.9702097354, 44, 44, 0, 271.35095769013947, 44
1, 624097, 357127, 266970, 2676869.0823514457, 69, 29, 40, 303.1121417102006, 30
51, 624216, 357166, 267050, 2677220.365746648, 119, 39, 80, 351.28339520229764, 41
1, 624258, 357208, 267050, 2677488.3387361504, 42, 42, 0, 267.97298950218305, 42
1, 624309, 357259, 267050, 2677770.773247929, 51, 51, 0, 282.43451177837886, 51
51, 624408, 357308, 267100, 2678106.1074624816, 99, 49, 50, 335.33421455299043, 50
1, 624487, 357347, 267140, 2678421.138212612, 79, 39, 40, 315.03075013013313, 40
1, 624527, 357387, 267140, 2678685.6248985487, 40, 40, 0, 264.4866859365871, 40
51, 624647, 357427, 267220, 2679037.7999905134, 120, 40, 80, 352.1750919646873, 42
1, 624714, 357454, 267260, 2679338.400545771, 67, 27, 40, 300.6005552576305, 28
1, 624782, 357492, 267290, 2679641.2627168735, 68, 38, 30, 302.86217110259, 39
1, 624815, 357525, 267290, 2679892.5408895663, 33, 33, 0, 251.27817269284301, 33
51, 624943, 357573, 267370, 2680251.6994556678, 128, 48, 80, 359.1585661014858, 50
1, 624979, 357609, 267370, 2680508.848429946, 36, 36, 0, 257.1489742783178, 36
1, 625056, 357646, 267410, 2680821.574093713, 77, 37, 40, 312.72566376652986, 38
1, 625101, 357691, 267410, 2681094.576100124, 45, 45, 0, 273.00200641113514, 45
51, 625187, 357727, 267460, 2681416.4022647715, 86, 36, 50, 321.82616464756694, 37
1, 625254, 357764, 267490, 2681718.002820029, 67, 37, 30, 301.6005552576305, 38
1, 625342, 357812, 267530, 2682042.9842513897, 88, 48, 40, 324.98143136087856, 49
1, 625375, 357845, 267530, 2682294.2624240825, 33, 33, 0, 251.27817269284301, 33
51, 625463, 357883, 267580, 2682618.2438554433, 88, 38, 50, 323.98143136087856, 39
1, 625496, 357916, 267580, 2682869.522028136, 33, 33, 0, 251.27817269284301, 33
1, 625541, 357961, 267580, 2683142.524034547, 45, 45, 0, 273.00200641113514, 45
51, 625700, 358000, 267700, 2683522.7228970197, 159, 39, 120, 380.1988624723894, 42
1, 625738, 358038, 267700, 2683783.6052766396, 38, 38, 0, 260.88237961983884, 38
1, 625767, 358067, 267700, 2684026.46485535, 29, 29, 0, 242.8595787106084, 29
1, 625849, 358109, 267740, 2684344.8865251937, 82, 42, 40, 318.42166984345636, 43
51, 625938, 358148, 267790, 2684669.9343907577, 89, 39, 50, 325.0478655640733, 40
1, 625983, 358193, 267790, 2684942.936397169, 45, 45, 0, 273.00200641113514, 45
1, 626050, 358230, 267820, 2685244.536952426, 67, 37, 30, 301.6005552576305, 38
1, 626086, 358266, 267820, 2685501.6859267047, 36, 36, 0, 257.1489742783178, 36
1, 626119, 358299, 267820, 2685752.9640993974, 33, 33, 0, 251.27817269284301, 33
51, 626249, 358339, 267910, 2686112.828936936, 130, 40, 90, 359.86483753851803, 42
1, 626327, 358387, 267940, 2686427.711723556, 78, 48, 30, 314.8827866200841, 49
1, 626363, 358423, 267940, 2686684.8606978343, 36, 36, 0, 257.1489742783178, 36
1, 626446, 358466, 267980, 2687004.3956457637, 83, 43, 40, 319.5349479292333, 44
1, 626525, 358515, 268010, 2687320.426395894, 79, 49, 30, 316.03075013013313, 50
51, 626616, 358556, 268060, 2687647.585457833, 91, 41, 50, 327.1590619387661, 42
1, 626697, 358607, 268090, 2687965.885457833, 81, 51, 30, 318.3, 52
1, 626729, 358639, 268090, 2688215.1268808334, 32, 32, 0, 249.24142300054422, 32
1, 626804, 358674, 268130, 2688525.509976472, 75, 35, 40, 310.38309563827124, 36
51, 626885, 358705, 268180, 2688841.8099764716, 81, 31, 50, 316.3, 32
1, 626920, 358740, 268180, 2689097.039904381, 35, 35, 0, 255.22992790977875, 35
1, 626989, 358779, 268210, 2689401.1520460914, 69, 39, 30, 304.1121417102006, 40
51, 627088, 358828, 268260, 2689736.486260644, 99, 49, 50, 335.33421455299043, 50
1, 627168, 358868, 268300, 2690052.6560168886, 80, 40, 40, 316.1697562442441, 41
1, 627197, 358897, 268300, 2690295.515595599, 29, 29, 0, 242.8595787106084, 29
1, 627238, 358938, 268300, 2690561.7595490427, 41, 41, 0, 266.24395344352433, 41
51, 627324, 358974, 268350, 2690883.58571369, 86, 36, 50, 321.82616464756694, 37
1, 627398, 359018, 268380, 2691193.782922457, 74, 44, 30, 310.1972087668518, 45
1, 627483, 359063, 268420, 2691515.519950128, 85, 45, 40, 321.73702767108114, 46
1, 627533, 359113, 268420, 2691796.4347449755, 50, 50, 0, 280.9147948472494, 50
51, 627659, 359159, 268500, 2692153.871640859, 126, 46, 80, 357.43689588345075, 48
1, 627700, 359200, 268500, 2692420.115594303, 41, 41, 0, 266.24395344352433, 41
1, 627787, 359247, 268540, 2692744.0231753006, 87, 47, 40, 323.9075809977351, 48
1, 627830, 359290, 268540, 2693013.6981355036, 43, 43, 0, 269.6749602031015, 43
1, 627871, 359331, 268540, 2693279.942088947, 41, 41, 0, 266.24395344352433, 41
51, 627953, 359363, 268590, 2693597.363758791, 82, 32, 50, 317.42166984345636, 33
1, 628061, 359401, 268660, 2693939.5347383376, 108, 38, 70, 342.1709795470626, 40
1, 628114, 359454, 268660, 2694224.9515259783, 53, 53, 0, 285.4167876408086, 53
1, 628155, 359495, 268660, 2694491.195479422, 41, 41, 0, 266.24395344352433, 41
51, 628252, 359542, 268710, 2694824.524378693, 97, 47, 50, 333.3288992714996, 48
1, 628315, 359575, 268740, 2695120.955703419, 63, 33, 30, 296.43132472612575, 34
1, 628391, 359611, 268780, 2695432.514875793, 76, 36, 40, 311.5591723737189, 37
1, 628427, 359647, 268780, 2695689.6638500714, 36, 36, 0, 257.1489742783178, 36
1, 628503, 359693, 268810, 2696002.223022445, 76, 46, 30, 312.5591723737189, 47
51, 628597, 359737, 268860, 2696332.496748293, 94, 44, 50, 330.273725847777, 45
1, 628646, 359786, 268860, 2696611.8718793993, 49, 49, 0, 279.3751311064591, 49
1, 628687, 359827, 268860, 2696878.115832843, 41, 41, 0, 266.24395344352433, 41
1, 628803, 359873, 268930, 2697227.697636334, 116, 46, 70, 349.5818034911291, 48
51, 628896, 359916, 268980, 2697556.9399162414, 93, 43, 50, 329.24227990714814, 44
1, 628977, 359957, 269020, 2697874.2399162413, 81, 41, 40, 317.3, 42
1, 629017, 359997, 269020, 2698138.726602178, 40, 40, 0, 264.4866859365871, 40
1, 629056, 360036, 269020, 2698401.426542122, 39, 39, 0, 262.6999399439383, 39
51, 629140, 360070, 269070, 2698721.0665525254, 84, 34, 50, 319.64001040350905, 35
1, 629202, 360102, 269100, 2699016.173178855, 62, 32, 30, 295.1066263296683, 33
1, 629239, 360139, 269100, 2699275.205750311, 37, 37, 0, 259.03257145596604, 37
1, 629321, 360181, 269140, 2699593.6274201544, 82, 42, 40, 318.42166984345636, 43
51, 629407, 360217, 269190, 2699915.453584802, 86, 36, 50, 321.82616464756694, 37
1, 629451, 360261, 269190, 2700186.804542492, 44, 44, 0, 271.35095769013947, 44
1, 629493, 360303, 269190, 2700454.7775319945, 42, 42, 0, 267.97298950218305, 42
51, 629609, 360339, 269270, 2700803.359335486, 116, 36, 80, 348.5818034911291, 38
1, 629694, 360384, 269310, 2701125.096363157, 85, 45, 40, 321.73702767108114, 46
1, 629763, 360423, 269340, 2701429.2085048673, 69, 39, 30, 304.1121417102006, 40
1, 629812, 360472, 269340, 2701708.5836359737, 49, 49, 0, 279.3751311064591, 49
51, 629987, 360527, 269460, 2702100.5972122303, 175, 55, 120, 392.013576256413, 58
1, 630031, 360571, 269460, 2702371.9481699206, 44, 44, 0, 271.35095769013947, 44
1, 630098, 360608, 269490, 2702673.548725178, 67, 37, 30, 301.6005552576305, 38
1, 630169, 360639, 269530, 2702979.127035997, 71, 31, 40, 305.57831081870995, 32
51, 630264, 360684, 269580, 2703310.425600132, 95, 45, 50, 331.2985641352145, 46
1, 630349, 360729, 269620, 2703632.162627803, 85, 45, 40, 321.73702767108114, 46
1, 630392, 360772, 269620, 2703901.837588006, 43, 43, 0, 269.6749602031015, 43
1, 630434, 360814, 269620, 2704169.8105775085, 42, 42, 0, 267.97298950218305, 42
51, 630589, 360849, 269740, 2704546.954730046, 155, 35, 120, 377.14415253747273, 38
1, 630623, 360883, 269740, 2704800.228370323, 34, 34, 0, 253.2736402766418, 34
1, 630661, 360921, 269740, 2705061.1107499427, 38, 38, 0, 260.88237961983884, 38
1, 630729, 360959, 269770, 2705363.9729210455, 68, 38, 30, 302.86217110259, 39
1, 630796, 360986, 269810, 2705664.573476303, 67, 27, 40, 300.6005552576305, 28
51, 630913, 361023, 269890, 2706014.0602931017, 117, 37, 80, 349.4868167986058, 39
1, 630957, 361067, 269890, 2706285.411250792, 44, 44, 0, 271.35095769013947, 44
1, 630994, 361104, 269890, 2706544.443822248, 37, 37, 0, 259.03257145596604, 37
1, 631104, 361144, 269960, 2706888.4970062943, 110, 40, 70, 344.0531840464366, 42
51, 631192, 361182, 270010, 2707212.478437655, 88, 38, 50, 323.98143136087856, 39
1, 631228, 361218, 270010, 2707469.6274119336, 36, 36, 0, 257.1489742783178, 36
1, 631305, 361255, 270050, 2707782.3530757003, 77, 37, 40, 312.72566376652986, 38
1, 631344, 361294, 270050, 2708045.053015644, 39, 39, 0, 262.6999399439383, 39
51, 631479, 361339, 270140, 2708409.1188255847, 135, 45, 90, 364.06580994024984, 47
1, 631550, 361380, 270170, 2708715.6971364035, 71, 41, 30, 306.57831081870995, 42
1, 631592, 361422, 270170, 2708983.670125906, 42, 42, 0, 267.97298950218305, 42
51, 631682, 361462, 270220, 2709309.77715473, 90, 40, 50, 326.1070288241023, 41
1, 631753, 361493, 270260, 2709615.355465549, 71, 31, 40, 305.57831081870995, 32
1, 631796, 361536, 270260, 2709885.030425752, 43, 43, 0, 269.6749602031015, 43
1, 631868, 361578, 270290, 2710192.8254887764, 72, 42, 30, 307.79506302439404, 43
51, 631948, 361608, 270340, 2710507.995245021, 80, 30, 50, 315.1697562442441, 31
1, 632018, 361638, 270380, 2710812.346005873, 70, 30, 40, 304.3507608519078, 31
1, 632048, 361668, 270380, 2711057.380737805, 30, 30, 0, 245.0347319320716, 30
51, 632165, 361705, 270460, 2711406.8675546036, 117, 37, 80, 349.4868167986058, 39
1, 632251, 361751, 270500, 2711729.693719251, 86, 46, 40, 322.82616464756694, 47
1, 632286, 361786, 270500, 2711984.9236471606, 35, 35, 0, 255.22992790977875, 35
51, 632379, 361829, 270550, 2712314.165927068, 93, 43, 50, 329.24227990714814, 44
1, 632416, 361866, 270550, 2712573.198498524, 37, 37, 0, 259.03257145596604, 37
1, 632485, 361905, 270580, 2712877.310640234, 69, 39, 30, 304.1121417102006, 40
1, 632568, 361948, 270620, 2713196.8455881635, 83, 43, 40, 319.5349479292333, 44
51, 632653, 361983, 270670, 2713517.5826158347, 85, 35, 50, 320.73702767108114, 36
1, 632689, 362019, 270670, 2713774.731590113, 36, 36, 0, 257.1489742783178, 36
1, 632767, 362057, 270710, 2714088.614376733, 78, 38, 40, 313.8827866200841, 39
51, 632849, 362089, 270760, 2714406.0360465767, 82, 32, 50, 317.42166984345636, 33
1, 632924, 362134, 270790, 2714717.419142215, 75, 45, 30, 311.38309563827124, 46
1, 632964, 362174, 270790, 2714981.905828152, 40, 40, 0, 264.4866859365871, 40
1, 633011, 362221, 270790, 2715258.1388780214, 47, 47, 0, 276.2330498695885, 47
51, 633102, 362262, 270840, 2715585.2979399604, 91, 41, 50, 327.1590619387661, 42
1, 633185, 362305, 270880, 2715904.83288789, 83, 43, 40, 319.5349479292333, 44
1, 633232, 362352, 270880, 2716181.0659377594, 47, 47, 0, 276.2330498695885, 47
51, 633345, 362385, 270960, 2716526.904981629, 113, 33, 80, 345.83904386951343, 35
1, 633387, 362427, 270960, 2716794.8779711314, 42, 42, 0, 267.97298950218305, 42
1, 633465, 362475, 270990, 2717109.7607577513, 78, 48, 30, 314.8827866200841, 49
1, 633545, 362515, 271030, 2717425.9305139957, 80, 40, 40, 316.1697562442441, 41
51, 633631, 362551, 271080, 2717747.756678643, 86, 36, 50, 321.82616464756694, 37
1, 633674, 362594, 271080, 2718017.431638846, 43, 43, 0, 269.6749602031015, 43
1, 633717, 362637, 271080, 2718287.106599049, 43, 43, 0, 269.6749602031015, 43
51, 633826, 362666, 271160, 2718629.221230549, 109, 29, 80, 342.114631499574, 31
1, 633900, 362700, 271200, 2718938.4184393156, 74, 34, 40, 309.1972087668518, 35
1, 633946, 362746, 271200, 2719213.0475080297, 46, 46, 0, 274.6290687140218, 46
1, 633984, 362784, 271200, 2719473.9298876496, 38, 38, 0, 260.88237961983884, 38
51, 634078, 362828, 271250, 2719804.2036134973, 94, 44, 50, 330.273725847777, 45
1, 634161, 362871, 271290, 2720123.7385614268, 83, 43, 40, 319.5349479292333, 44
1, 634239, 362919, 271320, 2720438.6213480467, 78, 48, 30, 314.8827866200841, 49
1, 634281, 362961, 271320, 2720706.594337549, 42, 42, 0, 267.97298950218305, 42
51, 634371, 363001, 271370, 2721032.7013663733, 90, 40, 50, 326.1070288241023, 41
1, 634445, 363045, 271400, 2721342.89857514, 74, 44, 30, 310.1972087668518, 45
1, 634480, 363080, 271400, 2721598.1285030497, 35, 35, 0, 255.22992790977875, 35
1, 634556, 363116, 271440, 2721909.6876754235, 76, 36, 40, 311.5591723737189, 37
51, 634674, 363154, 271520, 2722260.0750005925, 118, 38, 80, 350.3873251689181, 40
1, 634712, 363192, 271520, 2722520.9573802124, 38, 38, 0, 260.88237961983884, 38
1, 634751, 363231, 271520, 2722783.657320156, 39, 39, 0, 262.6999399439383, 39
1, 634793, 363273, 271520, 2723051.6303096586, 42, 42, 0, 267.97298950218305, 42
1, 634879, 363319, 271560, 2723374.456474306, 86, 46, 40, 322.82616464756694, 47
51, 634968, 363358, 271610, 2723699.50433987, 89, 39, 50, 325.0478655640733, 40
1, 635036, 363396, 271640, 2724002.366510973, 68, 38, 30, 302.86217110259, 39
1, 635112, 363432, 271680, 2724313.9256833466, 76, 36, 40, 311.5591723737189, 37
1, 635155, 363475, 271680, 2724583.6006435496, 43, 43, 0, 269.6749602031015, 43
51, 635280, 363520, 271760, 2724940.1707960377, 125, 45, 80, 356.57015248821097, 47
1, 635319, 363559, 271760, 2725202.8707359815, 39, 39, 0, 262.6999399439383, 39
1, 635365, 363605, 271760, 2725477.4998046956, 46, 46, 0, 274.6290687140218, 46
1, 635441, 363641, 271800, 2725789.0589770693, 76, 36, 40, 311.5591723737189, 37
51, 635528, 363678, 271850, 2726111.966558067, 87, 37, 50, 322.9075809977351, 38
1, 635601, 363721, 271880, 2726420.967836636, 73, 43, 30, 309.00127856917646, 44
1, 635638, 363758, 271880, 2726680.000408092, 37, 37, 0, 259.03257145596604, 37
1, 635697, 363787, 271910, 2726971.04920834, 59, 29, 30, 291.0488002476036, 30
51, 635821, 363821, 272000, 2727325.748604888, 124, 34, 90, 354.6993965481514, 36
1, 635907, 363877, 272030, 2727649.5747695356, 86, 56, 30, 323.82616464756694, 57
1, 635957, 363927, 272030, 2727930.489564383, 50, 50, 0, 280.9147948472494, 50
51, 636081, 363961, 272120, 2728285.1889609313, 124, 34, 90, 354.6993965481514, 36
1, 636111, 363991, 272120, 2728530.2236928632, 30, 30, 0, 245.0347319320716, 30
1, 636229, 364039, 272190, 2728881.6110180323, 118, 48, 70, 351.3873251689181, 50
51, 636318, 364078, 272240, 2729206.6588835963, 89, 39, 50, 325.0478655640733, 40
1, 636392, 364122, 272270, 2729516.856092363, 74, 44, 30, 310.1972087668518, 45
1, 636466, 364156, 272310, 2729826.05330113, 74, 34, 40, 309.1972087668518, 35
1, 636529, 364189, 272340, 2730122.484625856, 63, 33, 30, 296.43132472612575, 34
51, 636622, 364232, 272390, 2730451.726905763, 93, 43, 50, 329.24227990714814, 44
1, 636708, 364278, 272430, 2730774.5530704106, 86, 46, 40, 322.82616464756694, 47
1, 636794, 364334, 272460, 2731098.379235058, 86, 56, 30, 323.82616464756694, 57
1, 636832, 364372, 272460, 2731359.261614678, 38, 38, 0, 260.88237961983884, 38
51, 636921, 364411, 272510, 2731684.309480242, 89, 39, 50, 325.0478655640733, 40
1, 636959, 364449, 272510, 2731945.191859862, 38, 38, 0, 260.88237961983884, 38
1, 637031, 364491, 272540, 2732252.986922886, 72, 42, 30, 307.79506302439404, 43
51, 637159, 364529, 272630, 2732611.1454889877, 128, 38, 90, 358.1585661014858, 40
1, 637195, 364565, 272630, 2732868.294463266, 36, 36, 0, 257.1489742783178, 36
1, 637240, 364610, 272630, 2733141.2964696772, 45, 45, 0, 273.00200641113514, 45
1, 637276, 364646, 272630, 2733398.4454439557, 36, 36, 0, 257.1489742783178, 36
1, 637344, 364684, 272660, 2733701.3076150585, 68, 38, 30, 302.86217110259, 39
51, 637478, 364728, 272750, 2734064.540430977, 134, 44, 90, 363.23281591860336, 46
1, 637512, 364762, 272750, 2734317.814071254, 34, 34, 0, 253.2736402766418, 34
1, 637579, 364799, 272780, 2734619.4146265113, 67, 37, 30, 301.6005552576305, 38
1, 637622, 364842, 272780, 2734889.0895867143, 43, 43, 0, 269.6749602031015, 43
1, 637706, 364886, 272820, 2735209.7295971178, 84, 44, 40, 320.64001040350905, 45
51, 637826, 364926, 272900, 2735561.9046890824, 120, 40, 80, 352.1750919646873, 42
1, 637871, 364971, 272900, 2735834.9066954935, 45, 45, 0, 273.00200641113514, 45
1, 637912, 365012, 272900, 2736101.150648937, 41, 41, 0, 266.24395344352433, 41
1, 637951, 365051, 272900, 2736363.850588881, 39, 39, 0, 262.6999399439383, 39
51, 638080, 365090, 272990, 2736722.864189372, 129, 39, 90, 359.01360049114555, 41
1, 638128, 365138, 272990, 2737000.678991962, 48, 48, 0, 277.8148025904985, 48
1, 638194, 365174, 273020, 2737301.0059802392, 66, 36, 30, 300.32698827717985, 37
51, 638284, 365214, 273070, 2737627.1130090635, 90, 40, 50, 326.1070288241023, 41
1, 638357, 365247, 273110, 2737935.1142876325, 73, 33, 40, 308.00127856917646, 34
1, 638410, 365300, 273110, 2738220.531075273, 53, 53, 0, 285.4167876408086, 53
1, 638452, 365342, 273110, 2738488.5040647755, 42, 42, 0, 267.97298950218305, 42
1, 638520, 365380, 273140, 2738791.3662358783, 68, 38, 30, 302.86217110259, 39
51, 638663, 365433, 273230, 2739161.973418324, 143, 53, 90, 370.6071824456716, 55
1, 638704, 365474, 273230, 2739428.2173717674, 41, 41, 0, 266.24395344352433, 41
1, 638751, 365521, 273230, 2739704.450421637, 47, 47, 0, 276.2330498695885, 47
1, 638821, 365551, 273270, 2740008.801182489, 70, 30, 40, 304.3507608519078, 31
51, 638913, 365593, 273320, 2740337.0052839573, 92, 42, 50, 328.20410146824725, 43
1, 638988, 365638, 273350, 2740648.3883795957, 75, 45, 30, 311.38309563827124, 46
1, 639036, 365686, 273350, 2740926.203182186, 48, 48, 0, 277.8148025904985, 48
1, 639110, 365720, 273390, 2741235.400390953, 74, 34, 40, 309.1972087668518, 35
51, 639233, 365763, 273470, 2741590.2249622145, 123, 43, 80, 354.8245712617827, 45
1, 639276, 365806, 273470, 2741859.8999224175, 43, 43, 0, 269.6749602031015, 43
1, 639318, 365848, 273470, 2742127.87291192, 42, 42, 0, 267.97298950218305, 42
1, 639362, 365892, 273470, 2742399.22386961, 44, 44, 0, 271.35095769013947, 44
1, 639447, 365937, 273510, 2742720.9608972813, 85, 45, 40, 321.73702767108114, 46
51, 639561, 365971, 273590, 2743067.718884973, 114, 34, 80, 346.75798769167545, 36
1, 639635, 366005, 273630, 2743376.9160937397, 74, 34, 40, 309.1972087668518, 35
1, 639666, 366036, 273630, 2743624.077199917, 31, 31, 0, 247.1611061770567, 31
51, 639796, 366076, 273720, 2743983.9420374553, 130, 40, 90, 359.86483753851803, 42
1, 639837, 366117, 273720, 2744250.185990899, 41, 41, 0, 266.24395344352433, 41
1, 639901, 366151, 273750, 2744547.9287033733, 64, 34, 30, 297.742712474619, 35
1, 639943, 366193, 273750, 2744815.9016928757, 42, 42, 0, 267.97298950218305, 42
1, 640017, 366227, 273790, 2745125.0989016425, 74, 34, 40, 309.1972087668518, 35
51, 640107, 366267, 273840, 2745451.2059304668, 90, 40, 50, 326.1070288241023, 41
1, 640143, 366303, 273840, 2745708.3549047452, 36, 36, 0, 257.1489742783178, 36
1, 640238, 366328, 273910, 2746037.7534688804, 95, 25, 70, 329.3985641352145, 27
51, 640322, 366362, 273960, 2746357.393479284, 84, 34, 50, 319.64001040350905, 35
1, 640370, 366410, 273960, 2746635.208281874, 48, 48, 0, 277.8148025904985, 48
1, 640407, 366447, 273960, 2746894.24085333, 37, 37, 0, 259.03257145596604, 37
51, 640493, 366483, 274010, 2747216.0670179776, 86, 36, 50, 321.82616464756694, 37
1, 640572, 366522, 274050, 2747531.097768108, 79, 39, 40, 315.03075013013313, 40
1, 640654, 366574, 274080, 2747850.5194379515, 82, 52, 30, 319.42166984345636, 53
51, 640748, 366618, 274130, 2748180.793163799, 94, 44, 50, 330.273725847777, 45
1, 640792, 366662, 274130, 2748452.1441214895, 44, 44, 0, 271.35095769013947, 44
1, 640885, 366715, 274170, 2748782.3864013967, 93, 53, 40, 330.24227990714814, 54
1, 640951, 366751, 274200, 2749082.7133896737, 66, 36, 30, 300.32698827717985, 37
51, 641042, 366792, 274250, 2749409.8724516127, 91, 41, 50, 327.1590619387661, 42
1, 641103, 366823, 274280, 2749703.64069088, 61, 31, 30, 293.7682392671241, 32
1, 641134, 366854, 274280, 2749950.801797057, 31, 31, 0, 247.1611061770567, 31
1, 641216, 366896, 274320, 2750269.2234669006, 82, 42, 40, 318.42166984345636, 43
51, 641304, 366934, 274370, 2750593.2048982615, 88, 38, 50, 323.98143136087856, 39
1, 641338, 366968, 274370, 2750846.4785385383, 34, 34, 0, 253.2736402766418, 34
1, 641382, 367012, 274370, 2751117.8294962286, 44, 44, 0, 271.35095769013947, 44
51, 641501, 367051, 274450, 2751469.112891431, 119, 39, 80, 351.28339520229764, 41
1, 641585, 367095, 274490, 2751789.7529018344, 84, 44, 40, 320.64001040350905, 45
1, 641620, 367130, 274490, 2752044.982829744, 35, 35, 0, 255.22992790977875, 35
1, 641658, 367168, 274490, 2752305.865209364, 38, 38, 0, 260.88237961983884, 38
1, 641698, 367208, 274490, 2752570.3518953007, 40, 40, 0, 264.4866859365871, 40
51, 641829, 367249, 274580, 2752931.0642235163, 131, 41, 90, 360.7123282155055, 43
1, 641904, 367294, 274610, 2753242.4473191546, 75, 45, 30, 311.38309563827124, 46
1, 641949, 367339, 274610, 2753515.4493255657, 45, 45, 0, 273.00200641113514, 45
1, 641985, 367375, 274610, 2753772.598299844, 36, 36, 0, 257.1489742783178, 36
51, 642080, 367420, 274660, 2754103.8968639793, 95, 45, 50, 331.2985641352145, 46
1, 642121, 367461, 274660, 2754370.140817423, 41, 41, 0, 266.24395344352433, 41
1, 642235, 367505, 274730, 2754717.8988051144, 114, 44, 70, 347.75798769167545, 46
1, 642275, 367545, 274730, 2754982.3854910512, 40, 40, 0, 264.4866859365871, 40
51, 642404, 367594, 274810, 2755342.399091542, 129, 49, 80, 360.01360049114555, 51
1, 642482, 367632, 274850, 2755656.281878162, 78, 38, 40, 313.8827866200841, 39
1, 642522, 367672, 274850, 2755920.768564099, 40, 40, 0, 264.4866859365871, 40
1, 642560, 367710, 274850, 2756181.650943719, 38, 38, 0, 260.88237961983884, 38
51, 642674, 367744, 274930, 2756528.4089314104, 114, 34, 80, 346.75798769167545, 36
1, 642708, 367778, 274930, 2756781.6825716873, 34, 34, 0, 253.2736402766418, 34
1, 642746, 367816, 274930, 2757042.564951307, 38, 38, 0, 260.88237961983884, 38
1, 642829, 367859, 274970, 2757362.0998992366, 83, 43, 40, 319.5349479292333, 44
51, 642921, 367901, 275020, 2757690.304000705, 92, 42, 50, 328.20410146824725, 43
1, 642965, 367945, 275020, 2757961.6549583953, 44, 44, 0, 271.35095769013947, 44
1, 643087, 367997, 275090, 2758316.600576949, 122, 52, 70, 354.9456185537469, 54
1, 643133, 368043, 275090, 2758591.229645663, 46, 46, 0, 274.6290687140218, 46
1, 643179, 368089, 275090, 2758865.858714377, 46, 46, 0, 274.6290687140218, 46
51, 643266, 368126, 275140, 2759188.766295375, 87, 37, 50, 322.9075809977351, 38
1, 643382, 368172, 275210, 2759538.348098866, 116, 46, 70, 349.5818034911291, 48
1, 643422, 368212, 275210, 2759802.834784803, 40, 40, 0, 264.4866859365871, 40
1, 643460, 368250, 275210, 2760063.717164423, 38, 38, 0, 260.88237961983884, 38
51, 643619, 368289, 275330, 2760443.9160268954, 159, 39, 120, 380.1988624723894, 42
1, 643655, 368325, 275330, 2760701.065001174, 36, 36, 0, 257.1489742783178, 36
1, 643693, 368363, 275330, 2760961.9473807937, 38, 38, 0, 260.88237961983884, 38
1, 643731, 368401, 275330, 2761222.8297604136, 38, 38, 0, 260.88237961983884, 38
51, 643867, 368447, 275420, 2761587.7250574483, 136, 46, 90, 364.89529703482884, 48
1, 643893, 368473, 275420, 2761823.7351438836, 26, 26, 0, 236.01008643532256, 26
1, 643963, 368513, 275450, 2762129.0859047356, 70, 40, 30, 305.3507608519078, 41
1, 644001, 368551, 275450, 2762389.9682843555, 38, 38, 0, 260.88237961983884, 38
51, 644131, 368591, 275540, 2762749.833121894, 130, 40, 90, 359.86483753851803, 42
1, 644170, 368630, 275540, 2763012.533061838, 39, 39, 0, 262.6999399439383, 39
1, 644216, 368676, 275540, 2763287.162130552, 46, 46, 0, 274.6290687140218, 46
1, 644291, 368721, 275570, 2763598.5452261902, 75, 45, 30, 311.38309563827124, 46
1, 644330, 368760, 275570, 2763861.245166134, 39, 39, 0, 262.6999399439383, 39
51, 644414, 368794, 275620, 2764180.8851765376, 84, 34, 50, 319.64001040350905, 35
1, 644532, 368842, 275690, 2764532.2725017066, 118, 48, 70, 351.3873251689181, 50
1, 644571, 368881, 275690, 2764794.9724416505, 39, 39, 0, 262.6999399439383, 39
1, 644609, 368919, 275690, 2765055.8548212703, 38, 38, 0, 260.88237961983884, 38
51, 644697, 368957, 275740, 2765379.836252631, 88, 38, 50, 323.98143136087856, 39
1, 644750, 369010, 275740, 2765665.253040272, 53, 53, 0, 285.4167876408086, 53
1, 644861, 369051, 275810, 2766010.2397583127, 111, 41, 70, 344.9867180408456, 43
1, 644902, 369092, 275810, 2766276.4837117563, 41, 41, 0, 266.24395344352433, 41
1, 644953, 369143, 275810, 2766558.9182235347, 51, 51, 0, 282.43451177837886, 51
51, 645040, 369180, 275860, 2766881.8258045325, 87, 37, 50, 322.9075809977351, 38
1, 645074, 369214, 275860, 2767135.0994448094, 34, 34, 0, 253.2736402766418, 34
1, 645186, 369256, 275930, 2767481.014757149, 112, 42, 70, 345.91531233955715, 44
1, 645239, 369309, 275930, 2767766.4315447896, 53, 53, 0, 285.4167876408086, 53
1, 645329, 369359, 275970, 2768093.538573614, 90, 50, 40, 327.1070288241023, 51
51, 645419, 369399, 276020, 2768419.645602438, 90, 40, 50, 326.1070288241023, 41
1, 645462, 369442, 276020, 2768689.320562641, 43, 43, 0, 269.6749602031015, 43
1, 645570, 369480, 276090, 2769031.491542188, 108, 38, 70, 342.1709795470626, 40
51, 645655, 369515, 276140, 2769352.228569859, 85, 35, 50, 320.73702767108114, 36
1, 645700, 369560, 276140, 2769625.2305762703, 45, 45, 0, 273.00200641113514, 45
1, 645742, 369602, 276140, 2769893.2035657726, 42, 42, 0, 267.97298950218305, 42
1, 645828, 369648, 276180, 2770216.02973042, 86, 46, 40, 322.82616464756694, 47
1, 645862, 369682, 276180, 2770469.303370697, 34, 34, 0, 253.2736402766418, 34
51, 645978, 369718, 276260, 2770817.8851741883, 116, 36, 80, 348.5818034911291, 38
1, 646030, 369770, 276260, 2771101.8201356167, 52, 52, 0, 283.93496142826496, 52
1, 646105, 369805, 276300, 2771412.203231255, 75, 35, 40, 310.38309563827124, 36
1, 646144, 369844, 276300, 2771674.903171199, 39, 39, 0, 262.6999399439383, 39
51, 646228, 369878, 276350, 2771994.5431816024, 84, 34, 50, 319.64001040350905, 35
1, 646269, 369919, 276350, 2772260.787135046, 41, 41, 0, 266.24395344352433, 41
1, 646343, 369963, 276380, 2772570.984343813, 74, 44, 30, 310.1972087668518, 45
51, 646471, 370001, 276470, 2772929.1429099143, 128, 38, 90, 358.1585661014858, 40
1, 646537, 370037, 276500, 2773229.4698981913, 66, 36, 30, 300.32698827717985, 37
1, 646585, 370085, 276500, 2773507.2847007816, 48, 48, 0, 277.8148025904985, 48
1, 646624, 370124, 276500, 2773769.9846407254, 39, 39, 0, 262.6999399439383, 39
1, 646672, 370172, 276500, 2774047.7994433157, 48, 48, 0, 277.8148025904985, 48
51, 646829, 370209, 276620, 2774426.4763364336, 157, 37, 120, 378.67689311792185, 40
1, 646871, 370251, 276620, 2774694.449325936, 42, 42, 0, 267.97298950218305, 42
1, 646914, 370294, 276620, 2774964.124286139, 43, 43, 0, 269.6749602031015, 43
1, 647032, 370342, 276690, 2775315.511611308, 118, 48, 70, 351.3873251689181, 50
51, 647126, 370386, 276740, 2775645.7853371557, 94, 44, 50, 330.273725847777, 45
1, 647234, 370424, 276810, 2775987.9563167025, 108, 38, 70, 342.1709795470626, 40
1, 647265, 370455, 276810, 2776235.1174228797, 31, 31, 0, 247.1611061770567, 31
51, 647375, 370485, 276890, 2776578.170606926, 110, 30, 80, 343.0531840464366, 32
1, 647454, 370524, 276930, 2776893.2013570564, 79, 39, 40, 315.03075013013313, 40
1, 647492, 370562, 276930, 2777154.0837366763, 38, 38, 0, 260.88237961983884, 38
1, 647530, 370600, 276930, 2777414.966116296, 38, 38, 0, 260.88237961983884, 38
1, 647593, 370633, 276960, 2777711.397441022, 63, 33, 30, 296.43132472612575, 34
51, 647726, 370676, 277050, 2778073.793710063, 133, 43, 90, 362.3962690412072, 45
1, 647767, 370717, 277050, 2778340.037663507, 41, 41, 0, 266.24395344352433, 41
1, 647852, 370772, 277080, 2778662.774691178, 85, 55, 30, 322.73702767108114, 56
51, 647936, 370806, 277130, 2778982.4147015815, 84, 34, 50, 319.64001040350905, 35
1, 648028, 370858, 277170, 2779311.61880305, 92, 52, 40, 329.20410146824725, 53
1, 648068, 370898, 277170, 2779576.1054889867, 40, 40, 0, 264.4866859365871, 40
1, 648114, 370944, 277170, 2779850.734557701, 46, 46, 0, 274.6290687140218, 46
1, 648186, 370986, 277200, 2780158.529620725, 72, 42, 30, 307.79506302439404, 43
51, 648319, 371029, 277290, 2780520.9258897663, 133, 43, 90, 362.3962690412072, 45
1, 648386, 371066, 277320, 2780822.5264450237, 67, 37, 30, 301.6005552576305, 38
1, 648425, 371105, 277320, 2781085.2263849676, 39, 39, 0, 262.6999399439383, 39
1, 648528, 371138, 277390, 2781422.599635023, 103, 33, 70, 337.37325005549695, 35
51, 648615, 371175, 277440, 2781745.507216021, 87, 37, 50, 322.9075809977351, 38
1, 648689, 371209, 277480, 2782054.704424788, 74, 34, 40, 309.1972087668518, 35
1, 648738, 371258, 277480, 2782334.0795558942, 49, 49, 0, 279.3751311064591, 49
1, 648776, 371296, 277480, 2782594.961935514, 38, 38, 0, 260.88237961983884, 38
51, 648912, 371342, 277570, 2782959.8572325488, 136, 46, 90, 364.89529703482884, 48
1, 648978, 371378, 277600, 2783260.184220826, 66, 36, 30, 300.32698827717985, 37
1, 649006, 371406, 277600, 2783500.8168842047, 28, 28, 0, 240.63266337912057, 28
1, 649043, 371443, 277600, 2783759.8494556607, 37, 37, 0, 259.03257145596604, 37
51, 649133, 371483, 277650, 2784085.956484485, 90, 40, 50, 326.1070288241023, 41
1, 649201, 371521, 277680, 2784388.8186555877, 68, 38, 30, 302.86217110259, 39
1, 649262, 371542, 277720, 2784681.586894855, 61, 21, 40, 292.7682392671241, 22
1, 649297, 371577, 277720, 2784936.8168227645, 35, 35, 0, 255.22992790977875, 35
51, 649391, 371621, 277770, 2785267.090548612, 94, 44, 50, 330.273725847777, 45
1, 649513, 371673, 277840, 2785622.0361671657, 122, 52, 70, 354.9456185537469, 54
1, 649554, 371714, 277840, 2785888.2801206093, 41, 41, 0, 266.24395344352433, 41
1, 649595, 371755, 277840, 2786154.524074053, 41, 41, 0, 266.24395344352433, 41
51, 649698, 371808, 277890, 2786493.7973241084, 103, 53, 50, 339.27325005549693, 54
1, 649739, 371849, 277890, 2786760.041277552, 41, 41, 0, 266.24395344352433, 41
1, 649855, 371895, 277960, 2787109.6230810434, 116, 46, 70, 349.5818034911291, 48
1, 649893, 371933, 277960, 2787370.5054606632, 38, 38, 0, 260.88237961983884, 38
1, 650001, 371971, 278030, 2787712.67644021, 108, 38, 70, 342.1709795470626, 40
51, 650090, 372010, 278080, 2788037.724305774, 89, 39, 50, 325.0478655640733, 40
1, 650134, 372054, 278080, 2788309.0752634644, 44, 44, 0, 271.35095769013947, 44
1, 650171, 372091, 278080, 2788568.1078349203, 37, 37, 0, 259.03257145596604, 37
51, 650324, 372124, 278200, 2788943.708231236, 153, 33, 120, 375.6003963155711, 36
1, 650360, 372160, 278200, 2789200.8572055143, 36, 36, 0, 257.1489742783178, 36
1, 650431, 372201, 278230, 2789507.435516333, 71, 41, 30, 306.57831081870995, 42
1, 650509, 372239, 278270, 2789821.318302953, 78, 38, 40, 313.8827866200841, 39
1, 650546, 372276, 278270, 2790080.350874409, 37, 37, 0, 259.03257145596604, 37
51, 650640, 372320, 278320, 2790410.624600257, 94, 44, 50, 330.273725847777, 45
1, 650688, 372368, 278320, 2790688.439402847, 48, 48, 0, 277.8148025904985, 48
1, 650766, 372406, 278360, 2791002.322189467, 78, 38, 40, 313.8827866200841, 39
51, 650883, 372443, 278440, 2791351.809006266, 117, 37, 80, 349.4868167986058, 39
1, 650926, 372486, 278440, 2791621.483966469, 43, 43, 0, 269.6749602031015, 43
1, 651006, 372526, 278480, 2791937.6537227132, 80, 40, 40, 316.1697562442441, 41
1, 651052, 372572, 278480, 2792212.2827914273, 46, 46, 0, 274.6290687140218, 46
51, 651139, 372609, 278530, 2792535.190372425, 87, 37, 50, 322.9075809977351, 38
1, 651180, 372650, 278530, 2792801.4343258687, 41, 41, 0, 266.24395344352433, 41
1, 651252, 372692, 278560, 2793109.229388893, 72, 42, 30, 307.79506302439404, 43
1, 651323, 372723, 278600, 2793414.807699712, 71, 31, 40, 305.57831081870995, 32
1, 651359, 372759, 278600, 2793671.9566739905, 36, 36, 0, 257.1489742783178, 36
51, 651447, 372797, 278650, 2793995.9381053513, 88, 38, 50, 323.98143136087856, 39
1, 651531, 372841, 278690, 2794316.5781157548, 84, 44, 40, 320.64001040350905, 45
1, 651575, 372885, 278690, 2794587.929073445, 44, 44, 0, 271.35095769013947, 44
51, 651686, 372916, 278770, 2794931.915791486, 111, 31, 80, 343.9867180408456, 33
1, 651764, 372954, 278810, 2795245.798578106, 78, 38, 40, 313.8827866200841, 39
1, 651799, 372989, 278810, 2795501.0285060154, 35, 35, 0, 255.22992790977875, 35
1, 651836, 373026, 278810, 2795760.0610774714, 37, 37, 0, 259.03257145596604, 37
51, 651936, 373076, 278860, 2796096.3888434884, 100, 50, 50, 336.327766016838, 51
1, 651977, 373117, 278860, 2796362.632796932, 41, 41, 0, 266.24395344352433, 41
1, 652047, 373157, 278890, 2796667.983557784, 70, 40, 30, 305.3507608519078, 41
51, 652177, 373197, 278980, 2797027.8483953224, 130, 40, 90, 359.86483753851803, 42
1, 652247, 373237, 279010, 2797333.1991561744, 70, 40, 30, 305.3507608519078, 41
1, 652315, 373265, 279050, 2797635.061327277, 68, 28, 40, 301.86217110259, 29
1, 652359, 373309, 279050, 2797906.4122849675, 44, 44, 0, 271.35095769013947, 44
1, 652400, 373350, 279050, 2798172.656238411, 41, 41, 0, 266.24395344352433, 41
51, 652497, 373397, 279100, 2798505.9851376824, 97, 47, 50, 333.3288992714996, 48
1, 652597, 373427, 279170, 2798840.412903699, 100, 30, 70, 334.42776601683795, 32
1, 652633, 373463, 279170, 2799097.5618779776, 36, 36, 0, 257.1489742783178, 36
51, 652717, 373497, 279220, 2799417.201888381, 84, 34, 50, 319.64001040350905, 35
1, 652759, 373539, 279220, 2799685.1748778834, 42, 42, 0, 267.97298950218305, 42
1, 652844, 373584, 279260, 2800006.9119055546, 85, 45, 40, 321.73702767108114, 46
51, 652967, 373627, 279340, 2800361.7364768162, 123, 43, 80, 354.8245712617827, 45
1, 653002, 373662, 279340, 2800616.966404726, 35, 35, 0, 255.22992790977875, 35
1, 653041, 373701, 279340, 2800879.6663446696, 39, 39, 0, 262.6999399439383, 39
1, 653075, 373735, 279340, 2801132.9399849465, 34, 34, 0, 253.2736402766418, 34
51, 653237, 373777, 279460, 2801515.4021194475, 162, 42, 120, 382.4621345008163, 45
1, 653280, 373820, 279460, 2801785.0770796505, 43, 43, 0, 269.6749602031015, 43
1, 653322, 373862, 279460, 2802053.050069153, 42, 42, 0, 267.97298950218305, 42
1, 653400, 373900, 279500, 2802366.932855773, 78, 38, 40, 313.8827866200841, 39
51, 653485, 373935, 279550, 2802687.669883444, 85, 35, 50, 320.73702767108114, 36
1, 653547, 373967, 279580, 2802982.7765097735, 62, 32, 30, 295.1066263296683, 33
1, 653642, 374022, 279620, 2803315.0750739085, 95, 55, 40, 332.2985641352145, 56
1, 653679, 374059, 279620, 2803574.1076453645, 37, 37, 0, 259.03257145596604, 37
1, 653707, 374087, 279620, 2803814.7403087434, 28, 28, 0, 240.63266337912057, 28
51, 653793, 374123, 279670, 2804136.566473391, 86, 36, 50, 321.82616464756694, 37
1, 653899, 374159, 279740, 2804476.8345170007, 106, 36, 70, 340.2680436096278, 38
1, 653940, 374200, 279740, 2804743.0784704443, 41, 41, 0, 266.24395344352433, 41
1, 653985, 374245, 279740, 2805016.0804768554, 45, 45, 0, 273.00200641113514, 45
1, 654059, 374279, 279780, 2805325.277685622, 74, 34, 40, 309.1972087668518, 35
51, 654146, 374316, 279830, 2805648.18526662, 87, 37, 50, 322.9075809977351, 38
1, 654185, 374355, 279830, 2805910.885206564, 39, 39, 0, 262.6999399439383, 39
1, 654254, 374394, 279860, 2806214.997348274, 69, 39, 30, 304.1121417102006, 40
1, 654291, 374431, 279860, 2806474.02991973, 37, 37, 0, 259.03257145596604, 37
51, 654408, 374468, 279940, 2806823.516736529, 117, 37, 80, 349.4868167986058, 39
1, 654488, 374508, 279980, 2807139.6864927732, 80, 40, 40, 316.1697562442441, 41
1, 654525, 374545, 279980, 2807398.719064229, 37, 37, 0, 259.03257145596604, 37
1, 654561, 374581, 279980, 2807655.8680385076, 36, 36, 0, 257.1489742783178, 36
51, 654691, 374621, 280070, 2808015.732876046, 130, 40, 90, 359.86483753851803, 42
1, 654755, 374655, 280100, 2808313.4755885205, 64, 34, 30, 297.742712474619, 35
1, 654795, 374695, 280100, 2808577.9622744573, 40, 40, 0, 264.4866859365871, 40
1, 654874, 374744, 280130, 2808893.9930245876, 79, 49, 30, 316.03075013013313, 50
51, 654970, 374790, 280180, 2809226.309940602, 96, 46, 50, 332.31691601465747, 47
1, 655084, 374834, 280250, 2809574.0679282937, 114, 44, 70, 347.75798769167545, 46
1, 655119, 374869, 280250, 2809829.2978562033, 35, 35, 0, 255.22992790977875, 35
51, 655208, 374908, 280300, 2810154.3457217673, 89, 39, 50, 325.0478655640733, 40
1, 655279, 374949, 280330, 2810460.924032586, 71, 41, 30, 306.57831081870995, 42
1, 655318, 374988, 280330, 2810723.62397253, 39, 39, 0, 262.6999399439383, 39
1, 655396, 375026, 280370, 2811037.50675915, 78, 38, 40, 313.8827866200841, 39
51, 655485, 375065, 280420, 2811362.554624714, 89, 39, 50, 325.0478655640733, 40
1, 655558, 375108, 280450, 2811671.555903283, 73, 43, 30, 309.00127856917646, 44
1, 655596, 375146, 280450, 2811932.438282903, 38, 38, 0, 260.88237961983884, 38
1, 655703, 375183, 280520, 2812273.6604281724, 107, 37, 70, 341.2221452697031, 39
51, 655802, 375232, 280570, 2812608.994642725, 99, 49, 50, 335.33421455299043, 50
1, 655836, 375266, 280570, 2812862.268283002, 34, 34, 0, 253.2736402766418, 34
1, 655904, 375304, 280600, 2813165.130454105, 68, 38, 30, 302.86217110259, 39
51, 656037, 375347, 280690, 2813527.526723146, 133, 43, 90, 362.3962690412072, 45
1, 656107, 375387, 280720, 2813832.877483998, 70, 40, 30, 305.3507608519078, 41
1, 656154, 375434, 280720, 2814109.1105338675, 47, 47, 0, 276.2330498695885, 47
1, 656225, 375475, 280750, 2814415.6888446864, 71, 41, 30, 306.57831081870995, 42
51, 656316, 375516, 280800, 2814742.8479066254, 91, 41, 50, 327.1590619387661, 42
1, 656401, 375561, 280840, 2815064.5849342966, 85, 45, 40, 321.73702767108114, 46
1, 656439, 375599, 280840, 2815325.4673139164, 38, 38, 0, 260.88237961983884, 38
1, 656481, 375641, 280840, 2815593.440303419, 42, 42, 0, 267.97298950218305, 42
51, 656602, 375672, 280930, 2815945.5027824542, 121, 31, 90, 352.06247903554, 33
1, 656671, 375711, 280960, 2816249.6149241645, 69, 39, 30, 304.1121417102006, 40
1, 656705, 375745, 280960, 2816502.8885644414, 34, 34, 0, 253.2736402766418, 34
1, 656772, 375782, 280990, 2816804.4891196988, 67, 37, 30, 301.6005552576305, 38
1, 656852, 375822, 281030, 2817120.658875943, 80, 40, 40, 316.1697562442441, 41
51, 656944, 375864, 281080, 2817448.8629774116, 92, 42, 50, 328.20410146824725, 43
1, 656993, 375913, 281080, 2817728.238108518, 49, 49, 0, 279.3751311064591, 49
1, 657034, 375954, 281080, 2817994.4820619617, 41, 41, 0, 266.24395344352433, 41
1, 657109, 375989, 281120, 2818304.8651576, 75, 35, 40, 310.38309563827124, 36
1, 657167, 376017, 281150, 2818594.532059707, 58, 28, 30, 289.66690210718946, 29
51, 657299, 376059, 281240, 2818956.088182134, 132, 42, 90, 361.55612242701943, 44
1, 657337, 376097, 281240, 2819216.970561754, 38, 38, 0, 260.88237961983884, 38
1, 657373, 376133, 281240, 2819474.1195360324, 36, 36, 0, 257.1489742783178, 36
51, 657496, 376176, 281320, 2819828.944107294, 123, 43, 80, 354.8245712617827, 45
1, 657571, 376211, 281360, 2820139.3272029324, 75, 35, 40, 310.38309563827124, 36
1, 657645, 376255, 281390, 2820449.5244116993, 74, 44, 30, 310.1972087668518, 45
1, 657681, 376291, 281390, 2820706.6733859777, 36, 36, 0, 257.1489742783178, 36
51, 657813, 376333, 281480, 2821068.2295084046, 132, 42, 90, 361.55612242701943, 44
1, 657878, 376368, 281510, 2821367.270659848, 65, 35, 30, 299.04115144336777, 36
1, 657914, 376404, 281510, 2821624.4196341266, 36, 36, 0, 257.1489742783178, 36
51, 658004, 376444, 281560, 2821950.526662951, 90, 40, 50, 326.1070288241023, 41
1, 658084, 376484, 281600, 2822266.6964191953, 80, 40, 40, 316.1697562442441, 41
1, 658126, 376526, 281600, 2822534.6694086976, 42, 42, 0, 267.97298950218305, 42
51, 658208, 376558, 281650, 2822852.0910785412, 82, 32, 50, 317.42166984345636, 33
1, 658312, 376592, 281720, 2823190.434765299, 104, 34, 70, 338.343686757474, 36
1, 658353, 376633, 281720, 2823456.6787187424, 41, 41, 0, 266.24395344352433, 41
1, 658420, 376670, 281750, 2823758.279274, 67, 37, 30, 301.6005552576305, 38
51, 658515, 376715, 281800, 2824089.577838135, 95, 45, 50, 331.2985641352145, 46
1, 658592, 376752, 281840, 2824402.3035019017, 77, 37, 40, 312.72566376652986, 38
1, 658637, 376797, 281840, 2824675.305508313, 45, 45, 0, 273.00200641113514, 45
1, 658714, 376844, 281870, 2824989.0311720795, 77, 47, 30, 313.72566376652986, 48
51, 658807, 376887, 281920, 2825318.2734519867, 93, 43, 50, 329.24227990714814, 44
1, 658852, 376932, 281920, 2825591.275458398, 45, 45, 0, 273.00200641113514, 45
1, 658919, 376959, 281960, 2825891.876013655, 67, 27, 40, 300.6005552576305, 28
1, 658960, 377000, 281960, 2826158.119967099, 41, 41, 0, 266.24395344352433, 41
51, 659048, 377038, 282010, 2826482.1013984596, 88, 38, 50, 323.98143136087856, 39
1, 659116, 377076, 282040, 2826784.9635695624, 68, 38, 30, 302.86217110259, 39
1, 659156, 377116, 282040, 2827049.450255499, 40, 40, 0, 264.4866859365871, 40
51, 659246, 377156, 282090, 2827375.5572843235, 90, 40, 50, 326.1070288241023, 41
1, 659329, 377199, 282130, 2827695.092232253, 83, 43, 40, 319.5349479292333, 44
1, 659373, 377243, 282130, 2827966.443189943, 44, 44, 0, 271.35095769013947, 44
51, 659489, 377279, 282210, 2828315.0249934345, 116, 36, 80, 348.5818034911291, 38
1, 659520, 377310, 282210, 2828562.1860996117, 31, 31, 0, 247.1611061770567, 31
1, 659605, 377355, 282250, 2828883.923127283, 85, 45, 40, 321.73702767108114, 46
1, 659642, 377392, 282250, 2829142.955698739, 37, 37, 0, 259.03257145596604, 37
51, 659762, 377422, 282340, 2829494.1307907035, 120, 30, 90, 351.1750919646873, 32
1, 659803, 377463, 282340, 2829760.374744147, 41, 41, 0, 266.24395344352433, 41
1, 659876, 377506, 282370, 2830069.376022716, 73, 43, 30, 309.00127856917646, 44
1, 659916, 377546, 282370, 2830333.862708653, 40, 40, 0, 264.4866859365871, 40
51, 660021, 377601, 282420, 2830675.0712959473, 105, 55, 50, 341.208587294368, 56
1, 660102, 377642, 282460, 2830992.371295947, 81, 41, 40, 317.3, 42
1, 660139, 377679, 282460, 2831251.403867403, 37, 37, 0, 259.03257145596604, 37
1, 660174, 377714, 282460, 2831506.6337953126, 35, 35, 0, 255.22992790977875, 35
51, 660335, 377755, 282580, 2831888.3440919137, 161, 41, 120, 381.7102966008917, 44
1, 660366, 377786, 282580, 2832135.505198091, 31, 31, 0, 247.1611061770567, 31
1, 660408, 377828, 282580, 2832403.478187593, 42, 42, 0, 267.97298950218305, 42
1, 660435, 377855, 282580, 2832641.8288932885, 27, 27, 0, 238.35070569547776, 27
51, 660525, 377895, 282630, 2832967.935922113, 90, 40, 50, 326.1070288241023, 41
1, 660603, 377933, 282670, 2833281.8187087327, 78, 38, 40, 313.8827866200841, 39
1, 660670, 377970, 282700, 2833583.41926399, 67, 37, 30, 301.6005552576305, 38
1, 660712, 378012, 282700, 2833851.3922534925, 42, 42, 0, 267.97298950218305, 42
51, 660831, 378051, 282780, 2834202.675648695, 119, 39, 80, 351.28339520229764, 41
1, 660874, 378094, 282780, 2834472.350608898, 43, 43, 0, 269.6749602031015, 43
1, 660952, 378142, 282810, 2834787.233395518, 78, 48, 30, 314.8827866200841, 49
1, 661034, 378184, 282850, 2835105.6550653614, 82, 42, 40, 318.42166984345636, 43
51, 661153, 378223, 282930, 2835456.938460564, 119, 39, 80, 351.28339520229764, 41
1, 661194, 378264, 282930, 2835723.1824140074, 41, 41, 0, 266.24395344352433, 41
1, 661229, 378299, 282930, 2835978.412341917, 35, 35, 0, 255.22992790977875, 35
1, 661302, 378332, 282970, 2836286.413620486, 73, 33, 40, 308.00127856917646, 34
51, 661402, 378382, 283020, 2836622.741386503, 100, 50, 50, 336.327766016838, 51
1, 661472, 378422, 283050, 2836928.092147355, 70, 40, 30, 305.3507608519078, 41
1, 661512, 378462, 283050, 2837192.578833292, 40, 40, 0, 264.4866859365871, 40
51, 661636, 378496, 283140, 2837547.27822984, 124, 34, 90, 354.6993965481514, 36
1, 661704, 378534, 283170, 2837850.140400943, 68, 38, 30, 302.86217110259, 39
1, 661745, 378575, 283170, 2838116.3843543865, 41, 41, 0, 266.24395344352433, 41
1, 661780, 378610, 283170, 2838371.614282296, 35, 35, 0, 255.22992790977875, 35
51, 661866, 378646, 283220, 2838693.4404469435, 86, 36, 50, 321.82616464756694, 37
1, 661950, 378690, 283260, 2839014.080457347, 84, 44, 40, 320.64001040350905, 45
1, 662022, 378732, 283290, 2839321.8755203714, 72, 42, 30, 307.79506302439404, 43
1, 662054, 378764, 283290, 2839571.116943372, 32, 32, 0, 249.24142300054422, 32
51, 662138, 378798, 283340, 2839890.7569537754, 84, 34, 50, 319.64001040350905, 35
1, 662172, 378832, 283340, 2840144.0305940523, 34, 34, 0, 253.2736402766418, 34
1, 662248, 378868, 283380, 2840455.589766426, 76, 36, 40, 311.5591723737189, 37
1, 662284, 378904, 283380, 2840712.7387407045, 36, 36, 0, 257.1489742783178, 36
51, 662400, 378940, 283460, 2841061.320544196, 116, 36, 80, 348.5818034911291, 38
1, 662425, 378965, 283460, 2841294.927341946, 25, 25, 0, 233.60679774997897, 25
1, 662477, 379017, 283460, 2841578.8623033743, 52, 52, 0, 283.93496142826496, 52
1, 662562, 379062, 283500, 2841900.5993310455, 85, 45, 40, 321.73702767108114, 46
51, 662679, 379099, 283580, 2842250.0861478443, 117, 37, 80, 349.4868167986058, 39
1, 662712, 379132, 283580, 2842501.364320537, 33, 33, 0, 251.27817269284301, 33
1, 662754, 379174, 283580, 2842769.3373100394, 42, 42, 0, 267.97298950218305, 42
1, 662825, 379215, 283610, 2843075.9156208583, 71, 41, 30, 306.57831081870995, 42
1, 662870, 379260, 283610, 2843348.9176272694, 45, 45, 0, 273.00200641113514, 45
51, 662999, 379299, 283700, 2843707.9312277604, 129, 39, 90, 359.01360049114555, 41
1, 663040, 379340, 283700, 2843974.175181204, 41, 41, 0, 266.24395344352433, 41
1, 663112, 379382, 283730, 2844281.9702442284, 72, 42, 30, 307.79506302439404, 43
1, 663158, 379428, 283730, 2844556.5993129425, 46, 46, 0, 274.6290687140218, 46
51, 663252, 379472, 283780, 2844886.87303879, 94, 44, 50, 330.273725847777, 45
1, 663289, 379509, 283780, 2845145.905610246, 37, 37, 0, 259.03257145596604, 37
1, 663373, 379553, 283820, 2845466.5456206496, 84, 44, 40, 320.64001040350905, 45
1, 663445, 379595, 283850, 2845774.340683674, 72, 42, 30, 307.79506302439404, 43
51, 663535, 379635, 283900, 2846100.4477124983, 90, 40, 50, 326.1070288241023, 41
1, 663575, 379675, 283900, 2846364.934398435, 40, 40, 0, 264.4866859365871, 40
1, 663685, 379715, 283970, 2846708.9875824815, 110, 40, 70, 344.0531840464366, 42
1, 663722, 379752, 283970, 2846968.0201539374, 37, 37, 0, 259.03257145596604, 37
51, 663853, 379793, 284060, 2847328.732482153, 131, 41, 90, 360.7123282155055, 43
1, 663885, 379825, 284060, 2847577.9739051536, 32, 32, 0, 249.24142300054422, 32
1, 663918, 379858, 284060, 2847829.2520778463, 33, 33, 0, 251.27817269284301, 33
1, 664005, 379905, 284100, 2848153.159658844, 87, 47, 40, 323.9075809977351, 48
51, 664115, 379935, 284180, 2848496.2128428905, 110, 30, 80, 343.0531840464366, 32
1, 664154, 379974, 284180, 2848758.9127828344, 39, 39, 0, 262.6999399439383, 39
1, 664228, 380008, 284220, 2849068.109991601, 74, 34, 40, 309.1972087668518, 35
1, 664293, 380043, 284250, 2849367.1511430447, 65, 35, 30, 299.04115144336777, 36
51, 664383, 380083, 284300, 2849693.258171869, 90, 40, 50, 326.1070288241023, 41
1, 664416, 380116, 284300, 2849944.5363445617, 33, 33, 0, 251.27817269284301, 33
1, 664459, 380159, 284300, 2850214.2113047647, 43, 43, 0, 269.6749602031015, 43
1, 664534, 380204, 284330, 2850525.594400403, 75, 45, 30, 311.38309563827124, 46
1, 664612, 380242, 284370, 2850839.477187023, 78, 38, 40, 313.8827866200841, 39
51, 664734, 380284, 284450, 2851193.4228055766, 122, 42, 80, 353.9456185537469, 44
1, 664769, 380319, 284450, 2851448.652733486, 35, 35, 0, 255.22992790977875, 35
1, 664856, 380366, 284490, 2851772.560314484, 87, 47, 40, 323.9075809977351, 48
51, 664979, 380409, 284570, 2852127.3848857456, 123, 43, 80, 354.8245712617827, 45
1, 665059, 380449, 284610, 2852443.55464199, 80, 40, 40, 316.1697562442441, 41
1, 665103, 380493, 284610, 2852714.9055996803, 44, 44, 0, 271.35095769013947, 44
1, 665149, 380539, 284610, 2852989.5346683944, 46, 46, 0, 274.6290687140218, 46
1, 665226, 380586, 284640, 2853303.260332161, 77, 47, 30, 313.72566376652986, 48
51, 665317, 380627, 284690, 2853630.4193941, 91, 41, 50, 327.1590619387661, 42
1, 665399, 380669, 284730, 2853948.8410639437, 82, 42, 40, 318.42166984345636, 43
1, 665436, 380706, 284730, 2854207.8736353996, 37, 37, 0, 259.03257145596604, 37
51, 665520, 380740, 284780, 2854527.513645803, 84, 34, 50, 319.64001040350905, 35
1, 665558, 380778, 284780, 2854788.396025423, 38, 38, 0, 260.88237961983884, 38
1, 665664, 380814, 284850, 2855128.6640690328, 106, 36, 70, 340.2680436096278, 38
51, 665754, 380854, 284900, 2855454.771097857, 90, 40, 50, 326.1070288241023, 41
1, 665791, 380891, 284900, 2855713.803669313, 37, 37, 0, 259.03257145596604, 37
1, 665866, 380926, 284940, 2856024.1867649513, 75, 35, 40, 310.38309563827124, 36
1, 665931, 380961, 284970, 2856323.227916395, 65, 35, 30, 299.04115144336777, 36
51, 666063, 381003, 285060, 2856684.7840388217, 132, 42, 90, 361.55612242701943, 44
1, 666101, 381041, 285060, 2856945.6664184416, 38, 38, 0, 260.88237961983884, 38
1, 666150, 381090, 285060, 2857225.041549548, 49, 49, 0, 279.3751311064591, 49
51, 666236, 381126, 285110, 2857546.8677141955, 86, 36, 50, 321.82616464756694, 37
1, 666306, 381166, 285140, 2857852.2184750475, 70, 40, 30, 305.3507608519078, 41
1, 666345, 381205, 285140, 2858114.9184149913, 39, 39, 0, 262.6999399439383, 39
51, 666487, 381257, 285230, 2858484.719447548, 142, 52, 90, 369.8010325565812, 54
1, 666526, 381296, 285230, 2858747.419387492, 39, 39, 0, 262.6999399439383, 39
1, 666559, 381329, 285230, 2858998.6975601846, 33, 33, 0, 251.27817269284301, 33
1, 666627, 381367, 285260, 2859301.5597312874, 68, 38, 30, 302.86217110259, 39
1, 666709, 381409, 285300, 2859619.981401131, 82, 42, 40, 318.42166984345636, 43
51, 666790, 381440, 285350, 2859936.281401131, 81, 31, 50, 316.3, 32
1, 666872, 381492, 285380, 2860255.7030709744, 82, 52, 30, 319.42166984345636, 53
1, 666958, 381538, 285420, 2860578.529235622, 86, 46, 40, 322.82616464756694, 47
1, 666991, 381571, 285420, 2860829.8074083147, 33, 33, 0, 251.27817269284301, 33
51, 667075, 381605, 285470, 2861149.447418718, 84, 34, 50, 319.64001040350905, 35
1, 667127, 381657, 285470, 2861433.3823801465, 52, 52, 0, 283.93496142826496, 52
1, 667166, 381696, 285470, 2861696.0823200904, 39, 39, 0, 262.6999399439383, 39
1, 667230, 381730, 285500, 2861993.825032565, 64, 34, 30, 297.742712474619, 35
51, 667359, 381769, 285590, 2862352.838633056, 129, 39, 90, 359.01360049114555, 41
1, 667399, 381809, 285590, 2862617.3253189926, 40, 40, 0, 264.4866859365871, 40
1, 667444, 381854, 285590, 2862890.3273254037, 45, 45, 0, 273.00200641113514, 45
1, 667478, 381888, 285590, 2863143.6009656806, 34, 34, 0, 253.2736402766418, 34
1, 667543, 381923, 285620, 2863442.642117124, 65, 35, 30, 299.04115144336777, 36
51, 667633, 381963, 285670, 2863768.7491459483, 90, 40, 50, 326.1070288241023, 41
1, 667716, 382006, 285710, 2864088.2840938778, 83, 43, 40, 319.5349479292333, 44
1, 667751, 382041, 285710, 2864343.5140217873, 35, 35, 0, 255.22992790977875, 35
1, 667790, 382080, 285710, 2864606.213961731, 39, 39, 0, 262.6999399439383, 39
51, 667923, 382123, 285800, 2864968.6102307723, 133, 43, 90, 362.3962690412072, 45
1, 668004, 382174, 285830, 2865286.910230772, 81, 51, 30, 318.3, 52
1, 668043, 382213, 285830, 2865549.610170716, 39, 39, 0, 262.6999399439383, 39
1, 668086, 382256, 285830, 2865819.285130919, 43, 43, 0, 269.6749602031015, 43
51, 668225, 382305, 285920, 2866186.6482932204, 139, 49, 90, 367.36316230125203, 51
1, 668265, 382345, 285920, 2866451.1349791572, 40, 40, 0, 264.4866859365871, 40
1, 668294, 382374, 285920, 2866693.9945578678, 29, 29, 0, 242.8595787106084, 29
1, 668366, 382416, 285950, 2867001.789620892, 72, 42, 30, 307.79506302439404, 43
51, 668457, 382457, 286000, 2867328.948682831, 91, 41, 50, 327.1590619387661, 42
1, 668498, 382498, 286000, 2867595.1926362747, 41, 41, 0, 266.24395344352433, 41
1, 668578, 382538, 286040, 2867911.362392519, 80, 40, 40, 316.1697562442441, 41
1, 668654, 382584, 286070, 2868223.921564893, 76, 46, 30, 312.5591723737189, 47
1, 668721, 382611, 286110, 2868524.5221201503, 67, 27, 40, 300.6005552576305, 28
51, 668805, 382645, 286160, 2868844.1621305537, 84, 34, 50, 319.64001040350905, 35
1, 668855, 382695, 286160, 2869125.076925401, 50, 50, 0, 280.9147948472494, 50
1, 668893, 382733, 286160, 2869385.959305021, 38, 38, 0, 260.88237961983884, 38
1, 668973, 382773, 286200, 2869702.1290612654, 80, 40, 40, 316.1697562442441, 41
51, 669091, 382811, 286280, 2870052.5163864344, 118, 38, 80, 350.3873251689181, 40
1, 669126, 382846, 286280, 2870307.746314344, 35, 35, 0, 255.22992790977875, 35
1, 669209, 382889, 286320, 2870627.2812622734, 83, 43, 40, 319.5349479292333, 44
1, 669287, 382937, 286350, 2870942.1640488934, 78, 48, 30, 314.8827866200841, 49
51, 669382, 382982, 286400, 2871273.4626130285, 95, 45, 50, 331.2985641352145, 46
1, 669421, 383021, 286400, 2871536.1625529723, 39, 39, 0, 262.6999399439383, 39
1, 669501, 383061, 286440, 2871852.3323092167, 80, 40, 40, 316.1697562442441, 41
1, 669544, 383104, 286440, 2872122.0072694197, 43, 43, 0, 269.6749602031015, 43
1, 669587, 383147, 286440, 2872391.6822296227, 43, 43, 0, 269.6749602031015, 43
51, 669701, 383181, 286520, 2872738.4402173143, 114, 34, 80, 346.75798769167545, 36
1, 669732, 383212, 286520, 2872985.6013234914, 31, 31, 0, 247.1611061770567, 31
1, 669809, 383249, 286560, 2873298.326987258, 77, 37, 40, 312.72566376652986, 38
51, 669926, 383286, 286640, 2873647.813804057, 117, 37, 80, 349.4868167986058, 39
1, 669968, 383328, 286640, 2873915.7867935593, 42, 42, 0, 267.97298950218305, 42
1, 670054, 383374, 286680, 2874238.612958207, 86, 46, 40, 322.82616464756694, 47
1, 670094, 383414, 286680, 2874503.0996441436, 40, 40, 0, 264.4866859365871, 40
1, 670166, 383446, 286720, 2874809.894707168, 72, 32, 40, 306.79506302439404, 33
51, 670253, 383483, 286770, 2875132.802288166, 87, 37, 50, 322.9075809977351, 38
1, 670321, 383521, 286800, 2875435.6644592686, 68, 38, 30, 302.86217110259, 39
1, 670367, 383567, 286800, 2875710.2935279827, 46, 46, 0, 274.6290687140218, 46
1, 670455, 383615, 286840, 2876035.2749593435, 88, 48, 40, 324.98143136087856, 49
51, 670538, 383648, 286890, 2876353.809907273, 83, 33, 50, 318.5349479292333, 34
1, 670572, 383682, 286890, 2876607.08354755, 34, 34, 0, 253.2736402766418, 34
1, 670656, 383736, 286920, 2876928.7235579533, 84, 54, 30, 321.64001040350905, 55
1, 670698, 383778, 286920, 2877196.6965474556, 42, 42, 0, 267.97298950218305, 42
51, 670829, 383819, 287010, 2877557.408875671, 131, 41, 90, 360.7123282155055, 43
1, 670873, 383863, 287010, 2877828.7598333615, 44, 44, 0, 271.35095769013947, 44
1, 670908, 383898, 287010, 2878083.989761271, 35, 35, 0, 255.22992790977875, 35
1, 671019, 383939, 287080, 2878428.976479312, 111, 41, 70, 344.9867180408456, 43
51, 671110, 383980, 287130, 2878756.135541251, 91, 41, 50, 327.1590619387661, 42
1, 671140, 384010, 287130, 2879001.170273183, 30, 30, 0, 245.0347319320716, 30
1, 671183, 384053, 287130, 2879270.845233386, 43, 43, 0, 269.6749602031015, 43
1, 671263, 384103, 287160, 2879588.0149896303, 80, 50, 30, 317.1697562442441, 51
51, 671396, 384146, 287250, 2879950.4112586714, 133, 43, 90, 362.3962690412072, 45
1, 671462, 384182, 287280, 2880250.7382469485, 66, 36, 30, 300.32698827717985, 37
1, 671549, 384229, 287320, 2880574.6458279463, 87, 47, 40, 323.9075809977351, 48
1, 671587, 384267, 287320, 2880835.528207566, 38, 38, 0, 260.88237961983884, 38
51, 671679, 384309, 287370, 2881163.7323090346, 92, 42, 50, 328.20410146824725, 43
1, 671779, 384339, 287440, 2881498.1600750512, 100, 30, 70, 334.42776601683795, 32
1, 671828, 384388, 287440, 2881777.5352061577, 49, 49, 0, 279.3751311064591, 49
51, 671924, 384434, 287490, 2882109.8521221722, 96, 46, 50, 332.31691601465747, 47
1, 671960, 384470, 287490, 2882367.0010964507, 36, 36, 0, 257.1489742783178, 36
1, 672040, 384510, 287530, 2882683.170852695, 80, 40, 40, 316.1697562442441, 41
1, 672100, 384540, 287560, 2882975.5866210666, 60, 30, 30, 292.41576837137404, 31
1, 672136, 384576, 287560, 2883232.735595345, 36, 36, 0, 257.1489742783178, 36
51, 672229, 384619, 287610, 2883561.9778752523, 93, 43, 50, 329.24227990714814, 44
1, 672310, 384660, 287650, 2883879.277875252, 81, 41, 40, 317.3, 42
1, 672365, 384685, 287680, 2884164.704856785, 55, 25, 30, 285.42698153315007, 26
1, 672401, 384721, 287680, 2884421.8538310635, 36, 36, 0, 257.1489742783178, 36
1, 672486, 384776, 287710, 2884744.5908587347, 85, 55, 30, 322.73702767108114, 56
51, 672572, 384812, 287760, 2885066.417023382, 86, 36, 50, 321.82616464756694, 37
1, 672644, 384844, 287800, 2885373.2120864065, 72, 32, 40, 306.79506302439404, 33
1, 672714, 384884, 287830, 2885678.5628472585, 70, 40, 30, 305.3507608519078, 41
1, 672766, 384936, 287830, 2885962.497808687, 52, 52, 0, 283.93496142826496, 52
51, 672847, 384967, 287880, 2886278.7978086867, 81, 31, 50, 316.3, 32
1, 672938, 385018, 287920, 2886606.9568706257, 91, 51, 40, 328.1590619387661, 52
1, 673010, 385060, 287950, 2886914.75193365, 72, 42, 30, 307.79506302439404, 43
1, 673051, 385101, 287950, 2887180.9958870937, 41, 41, 0, 266.24395344352433, 41
51, 673174, 385134, 288040, 2887534.8204583554, 123, 33, 90, 353.8245712617827, 35
1, 673215, 385175, 288040, 2887801.064411799, 41, 41, 0, 266.24395344352433, 41
1, 673248, 385208, 288040, 2888052.3425844917, 33, 33, 0, 251.27817269284301, 33
1, 673317, 385247, 288070, 2888356.454726202, 69, 39, 30, 304.1121417102006, 40
51, 673415, 385295, 288120, 2888690.7893545665, 98, 48, 50, 334.33462836457886, 49
1, 673531, 385341, 288190, 2889040.371158058, 116, 46, 70, 349.5818034911291, 48
1, 673561, 385371, 288190, 2889285.40588999, 30, 30, 0, 245.0347319320716, 30
1, 673637, 385407, 288230, 2889596.9650623635, 76, 36, 40, 311.5591723737189, 37
1, 673678, 385448, 288230, 2889863.209015807, 41, 41, 0, 266.24395344352433, 41
51, 673773, 385493, 288280, 2890194.5075799422, 95, 45, 50, 331.2985641352145, 46
1, 673850, 385530, 288320, 2890507.233243709, 77, 37, 40, 312.72566376652986, 38
1, 673923, 385573, 288350, 2890816.234522278, 73, 43, 30, 309.00127856917646, 44
51, 674008, 385608, 288400, 2891136.971549949, 85, 35, 50, 320.73702767108114, 36
1, 674036, 385636, 288400, 2891377.604213328, 28, 28, 0, 240.63266337912057, 28
1, 674113, 385673, 288440, 2891690.329877095, 77, 37, 40, 312.72566376652986, 38
1, 674142, 385702, 288440, 2891933.1894558053, 29, 29, 0, 242.8595787106084, 29
1, 674207, 385737, 288470, 2892232.230607249, 65, 35, 30, 299.04115144336777, 36
51, 674303, 385783, 288520, 2892564.5475232634, 96, 46, 50, 332.31691601465747, 47
1, 674334, 385814, 288520, 2892811.7086294405, 31, 31, 0, 247.1611061770567, 31
1, 674375, 385855, 288520, 2893077.952582884, 41, 41, 0, 266.24395344352433, 41
1, 674459, 385899, 288560, 2893398.5925932876, 84, 44, 40, 320.64001040350905, 45
1, 674524, 385934, 288590, 2893697.633744731, 65, 35, 30, 299.04115144336777, 36
51, 674604, 385964, 288640, 2894012.8035009755, 80, 30, 50, 315.1697562442441, 31
1, 674647, 386007, 288640, 2894282.4784611785, 43, 43, 0, 269.6749602031015, 43
1, 674688, 386048, 288640, 2894548.722414622, 41, 41, 0, 266.24395344352433, 41
51, 674780, 386090, 288690, 2894876.9265160905, 92, 42, 50, 328.20410146824725, 43
1, 674854, 386124, 288730, 2895186.1237248573, 74, 34, 40, 309.1972087668518, 35
1, 674914, 386154, 288760, 2895478.539493229, 60, 30, 30, 292.41576837137404, 31
51, 674998, 386188, 288810, 2895798.1795036322, 84, 34, 50, 319.64001040350905, 35
1, 675031, 386221, 288810, 2896049.457676325, 33, 33, 0, 251.27817269284301, 33
1, 675115, 386265, 288850, 2896370.0976867285, 84, 44, 40, 320.64001040350905, 45
1, 675142, 386292, 288850, 2896608.448392424, 27, 27, 0, 238.35070569547776, 27
51, 675303, 386333, 288970, 2896990.158689025, 161, 41, 120, 381.7102966008917, 44
1, 675341, 386371, 288970, 2897251.0410686447, 38, 38, 0, 260.88237961983884, 38
1, 675384, 386414, 288970, 2897520.7160288477, 43, 43, 0, 269.6749602031015, 43
1, 675422, 386452, 288970, 2897781.5984084676, 38, 38, 0, 260.88237961983884, 38
51, 675577, 386487, 289090, 2898158.742561005, 155, 35, 120, 377.14415253747273, 38
1, 675612, 386522, 289090, 2898413.9724889146, 35, 35, 0, 255.22992790977875, 35
1, 675649, 386559, 289090, 2898673.0050603705, 37, 37, 0, 259.03257145596604, 37
1, 675682, 386592, 289090, 2898924.2832330633, 33, 33, 0, 251.27817269284301, 33
51, 675765, 386625, 289140, 2899242.8181809927, 83, 33, 50, 318.5349479292333, 34
1, 675835, 386665, 289170, 2899548.1689418447, 70, 40, 30, 305.3507608519078, 41
1, 675913, 386703, 289210, 2899862.0517284647, 78, 38, 40, 313.8827866200841, 39
1, 675949, 386739, 289210, 2900119.200702743, 36, 36, 0, 257.1489742783178, 36
1, 675993, 386783, 289210, 2900390.5516604334, 44, 44, 0, 271.35095769013947, 44
51, 676118, 386828, 289290, 2900747.1218129215, 125, 45, 80, 356.57015248821097, 47
1, 676154, 386864, 289290, 2901004.2707872, 36, 36, 0, 257.1489742783178, 36
1, 676237, 386907, 289330, 2901323.8057351294, 83, 43, 40, 319.5349479292333, 44
51, 676333, 386953, 289380, 2901656.122651144, 96, 46, 50, 332.31691601465747, 47
1, 676368, 386988, 289380, 2901911.3525790535, 35, 35, 0, 255.22992790977875, 35
1, 676443, 387033, 289410, 2902222.735674692, 75, 45, 30, 311.38309563827124, 46
1, 676489, 387079, 289410, 2902497.364743406, 46, 46, 0, 274.6290687140218, 46
1, 676528, 387118, 289410, 2902760.06468335, 39, 39, 0, 262.6999399439383, 39
51, 676658, 387158, 289500, 2903119.9295208883, 130, 40, 90, 359.86483753851803, 42
1, 676701, 387201, 289500, 2903389.6044810913, 43, 43, 0, 269.6749602031015, 43
1, 676738, 387238, 289500, 2903648.637052547, 37, 37, 0, 259.03257145596604, 37
1, 676806, 387276, 289530, 2903951.49922365, 68, 38, 30, 302.86217110259, 39
51, 676946, 387326, 289620, 2904319.678286475, 140, 50, 90, 368.1790628250393, 52
1, 676988, 387368, 289620, 2904587.6512759775, 42, 42, 0, 267.97298950218305, 42
1, 677034, 387414, 289620, 2904862.2803446916, 46, 46, 0, 274.6290687140218, 46
51, 677207, 387467, 289740, 2905252.85025574, 173, 53, 120, 390.5699110481307, 56
1, 677243, 387503, 289740, 2905509.9992300184, 36, 36, 0, 257.1489742783178, 36
1, 677323, 387543, 289780, 2905826.1689862628, 80, 40, 40, 316.1697562442441, 41
1, 677357, 387577, 289780, 2906079.4426265396, 34, 34, 0, 253.2736402766418, 34
51, 677484, 387624, 289860, 2906437.7423088388, 127, 47, 80, 358.2996822992933, 49
1, 677561, 387661, 289900, 2906750.4679726055, 77, 37, 40, 312.72566376652986, 38
1, 677604, 387704, 289900, 2907020.1429328085, 43, 43, 0, 269.6749602031015, 43
1, 677640, 387740, 289900, 2907277.291907087, 36, 36, 0, 257.1489742783178, 36
1, 677714, 387784, 289930, 2907587.489115854, 74, 44, 30, 310.1972087668518, 45
51, 677841, 387821, 290020, 2907944.788798153, 127, 37, 90, 357.2996822992933, 39
1, 677884, 387864, 290020, 2908214.463758356, 43, 43, 0, 269.6749602031015, 43
1, 677924, 387904, 290020, 2908478.9504442927, 40, 40, 0, 264.4866859365871, 40
51, 678056, 387946, 290110, 2908840.5065667196, 132, 42, 90, 361.55612242701943, 44
1, 678126, 387986, 290140, 2909145.8573275716, 70, 40, 30, 305.3507608519078, 41
1, 678166, 388026, 290140, 2909410.3440135084, 40, 40, 0, 264.4866859365871, 40
51, 678287, 388067, 290220, 2909763.406492544, 121, 41, 80, 353.06247903554, 43
1, 678338, 388118, 290220, 2910045.8410043223, 51, 51, 0, 282.43451177837886, 51
1, 678448, 388158, 290290, 2910389.8941883687, 110, 40, 70, 344.0531840464366, 42
51, 678544, 388204, 290340, 2910722.211104383, 96, 46, 50, 332.31691601465747, 47
1, 678571, 388231, 290340, 2910960.5618100786, 27, 27, 0, 238.35070569547776, 27
1, 678651, 388271, 290380, 2911276.731566323, 80, 40, 40, 316.1697562442441, 41
51, 678735, 388305, 290430, 2911596.3715767264, 84, 34, 50, 319.64001040350905, 35
1, 678806, 388346, 290460, 2911902.9498875453, 71, 41, 30, 306.57831081870995, 42
1, 678884, 388384, 290500, 2912216.8326741653, 78, 38, 40, 313.8827866200841, 39
1, 678919, 388419, 290500, 2912472.062602075, 35, 35, 0, 255.22992790977875, 35
51, 679056, 388466, 290590, 2912837.7839242797, 137, 47, 90, 365.72132220485213, 49
1, 679095, 388505, 290590, 2913100.4838642236, 39, 39, 0, 262.6999399439383, 39
1, 679132, 388542, 290590, 2913359.5164356795, 37, 37, 0, 259.03257145596604, 37
1, 679204, 388584, 290620, 2913667.311498704, 72, 42, 30, 307.79506302439404, 43
51, 679290, 388620, 290670, 2913989.1376633514, 86, 36, 50, 321.82616464756694, 37
1, 679330, 388660, 290670, 2914253.624349288, 40, 40, 0, 264.4866859365871, 40
1, 679412, 388702, 290710, 2914572.046019132, 82, 42, 40, 318.42166984345636, 43
1, 679454, 388744, 290710, 2914840.019008634, 42, 42, 0, 267.97298950218305, 42
1, 679519, 388779, 290740, 2915139.0601600776, 65, 35, 30, 299.04115144336777, 36
51, 679598, 388808, 290790, 2915453.090910208, 79, 29, 50, 314.03075013013313, 30
1, 679638, 388848, 290790, 2915717.5775961448, 40, 40, 0, 264.4866859365871, 40
1, 679710, 388880, 290830, 2916024.372659169, 72, 32, 40, 306.79506302439404, 33
1, 679750, 388920, 290830, 2916288.859345106, 40, 40, 0, 264.4866859365871, 40
1, 679785, 388955, 290830, 2916544.0892730155, 35, 35, 0, 255.22992790977875, 35
51, 679897, 388987, 290910, 2916889.004585355, 112, 32, 80, 344.91531233955715, 34
1, 679936, 389026, 290910, 2917151.704525299, 39, 39, 0, 262.6999399439383, 39
1, 680041, 389061, 290980, 2917491.0131125934, 105, 35, 70, 339.30858729436795, 37
1, 680084, 389104, 290980, 2917760.6880727964, 43, 43, 0, 269.6749602031015, 43
51, 680178, 389148, 291030, 2918090.961798644, 94, 44, 50, 330.273725847777, 45
1, 680228, 389198, 291030, 2918371.8765934915, 50, 50, 0, 280.9147948472494, 50
1, 680295, 389235, 291060, 2918673.477148749, 67, 37, 30, 301.6005552576305, 38
1, 680326, 389266, 291060, 2918920.638254926, 31, 31, 0, 247.1611061770567, 31
51, 680452, 389302, 291150, 2919277.0751508097, 126, 36, 90, 356.43689588345075, 38
1, 680495, 389345, 291150, 2919546.7501110127, 43, 43, 0, 269.6749602031015, 43
1, 680562, 389382, 291180, 2919848.35066627, 67, 37, 30, 301.6005552576305, 38
1, 680643, 389423, 291220, 2920165.65066627, 81, 41, 40, 317.3, 42
1, 680679, 389459, 291220, 2920422.7996405484, 36, 36, 0, 257.1489742783178, 36
51, 680764, 389494, 291270, 2920743.5366682196, 85, 35, 50, 320.73702767108114, 36
1, 680839, 389539, 291300, 2921054.919763858, 75, 45, 30, 311.38309563827124, 46
1, 680882, 389582, 291300, 2921324.594724061, 43, 43, 0, 269.6749602031015, 43
51, 681009, 389619, 291390, 2921681.89440636, 127, 37, 90, 357.2996822992933, 39
1, 681047, 389657, 291390, 2921942.77678598, 38, 38, 0, 260.88237961983884, 38
1, 681090, 389700, 291390, 2922212.451746183, 43, 43, 0, 269.6749602031015, 43
1, 681166, 389746, 291420, 2922525.0109185567, 76, 46, 30, 312.5591723737189, 47
1, 681204, 389784, 291420, 2922785.8932981766, 38, 38, 0, 260.88237961983884, 38
51, 681339, 389829, 291510, 2923149.959108117, 135, 45, 90, 364.06580994024984, 47
1, 681378, 389868, 291510, 2923412.659048061, 39, 39, 0, 262.6999399439383, 39
1, 681413, 389903, 291510, 2923667.8889759704, 35, 35, 0, 255.22992790977875, 35
1, 681495, 389945, 291550, 2923986.310645814, 82, 42, 40, 318.42166984345636, 43
51, 681619, 389989, 291630, 2924342.0100423624, 124, 44, 80, 355.6993965481514, 46
1, 681661, 390031, 291630, 2924609.9830318647, 42, 42, 0, 267.97298950218305, 42
1, 681705, 390075, 291630, 2924881.333989555, 44, 44, 0, 271.35095769013947, 44
1, 681746, 390116, 291630, 2925147.5779429986, 41, 41, 0, 266.24395344352433, 41
51, 681909, 390159, 291750, 2925530.7893664767, 163, 43, 120, 383.21142347822723, 46
1, 681949, 390199, 291750, 2925795.2760524135, 40, 40, 0, 264.4866859365871, 40
1, 682027, 390247, 291780, 2926110.1588390335, 78, 48, 30, 314.8827866200841, 49
1, 682108, 390288, 291820, 2926427.4588390333, 81, 41, 40, 317.3, 42
51, 682201, 390331, 291870, 2926756.7011189405, 93, 43, 50, 329.24227990714814, 44
1, 682244, 390374, 291870, 2927026.3760791435, 43, 43, 0, 269.6749602031015, 43
1, 682320, 390420, 291900, 2927338.935251517, 76, 46, 30, 312.5591723737189, 47
1, 682360, 390460, 291900, 2927603.421937454, 40, 40, 0, 264.4866859365871, 40
51, 682520, 390500, 292020, 2927984.3778194617, 160, 40, 120, 380.95588200778457, 43
1, 682561, 390541, 292020, 2928250.6217729053, 41, 41, 0, 266.24395344352433, 41
1, 682603, 390583, 292020, 2928518.5947624077, 42, 42, 0, 267.97298950218305, 42
1, 682689, 390629, 292060, 2928841.420927055, 86, 46, 40, 322.82616464756694, 47
51, 682779, 390669, 292110, 2929167.5279558795, 90, 40, 50, 326.1070288241023, 41
1, 682815, 390705, 292110, 2929424.676930158, 36, 36, 0, 257.1489742783178, 36
1, 682920, 390740, 292180, 2929763.9855174525, 105, 35, 70, 339.30858729436795, 37
51, 683011, 390781, 292230, 2930091.1445793915, 91, 41, 50, 327.1590619387661, 42
1, 683048, 390818, 292230, 2930350.1771508474, 37, 37, 0, 259.03257145596604, 37
1, 683123, 390853, 292270, 2930660.5602464858, 75, 35, 40, 310.38309563827124, 36
1, 683159, 390889, 292270, 2930917.709220764, 36, 36, 0, 257.1489742783178, 36
51, 683279, 390929, 292350, 2931269.884312729, 120, 40, 80, 352.1750919646873, 42
1, 683318, 390968, 292350, 2931532.5842526727, 39, 39, 0, 262.6999399439383, 39
1, 683363, 391013, 292350, 2931805.586259084, 45, 45, 0, 273.00200641113514, 45
51, 683489, 391049, 292440, 2932162.0231549675, 126, 36, 90, 356.43689588345075, 38
1, 683530, 391090, 292440, 2932428.267108411, 41, 41, 0, 266.24395344352433, 41
1, 683602, 391132, 292470, 2932736.0621714354, 72, 42, 30, 307.79506302439404, 43
1, 683647, 391177, 292470, 2933009.0641778465, 45, 45, 0, 273.00200641113514, 45
1, 683721, 391221, 292500, 2933319.2613866134, 74, 44, 30, 310.1972087668518, 45
51, 683810, 391260, 292550, 2933644.3092521774, 89, 39, 50, 325.0478655640733, 40
1, 683883, 391293, 292590, 2933952.3105307464, 73, 33, 40, 308.00127856917646, 34
1, 683923, 391333, 292590, 2934216.797216683, 40, 40, 0, 264.4866859365871, 40
1, 683965, 391375, 292590, 2934484.7702061855, 42, 42, 0, 267.97298950218305, 42
1, 684012, 391422, 292590, 2934761.003256055, 47, 47, 0, 276.2330498695885, 47
51, 684169, 391459, 292710, 2935139.680149173, 157, 37, 120, 378.67689311792185, 40
1, 684213, 391503, 292710, 2935411.031106863, 44, 44, 0, 271.35095769013947, 44
1, 684301, 391551, 292750, 2935736.012538224, 88, 48, 40, 324.98143136087856, 49
1, 684348, 391598, 292750, 2936012.2455880935, 47, 47, 0, 276.2330498695885, 47
1, 684383, 391633, 292750, 2936267.475516003, 35, 35, 0, 255.22992790977875, 35
51, 684468, 391668, 292800, 2936588.2125436743, 85, 35, 50, 320.73702767108114, 36
1, 684576, 391706, 292870, 2936930.383523221, 108, 38, 70, 342.1709795470626, 40
1, 684626, 391756, 292870, 2937211.2983180685, 50, 50, 0, 280.9147948472494, 50
51, 684735, 391785, 292950, 2937553.412949568, 109, 29, 80, 342.114631499574, 31
1, 684808, 391818, 292990, 2937861.414228137, 73, 33, 40, 308.00127856917646, 34
1, 684855, 391865, 292990, 2938137.6472780067, 47, 47, 0, 276.2330498695885, 47
1, 684904, 391914, 292990, 2938417.022409113, 49, 49, 0, 279.3751311064591, 49
51, 684991, 391951, 293040, 2938739.929990111, 87, 37, 50, 322.9075809977351, 38
1, 685053, 391983, 293070, 2939035.0366164404, 62, 32, 30, 295.1066263296683, 33
1, 685132, 392022, 293110, 2939350.0673665707, 79, 39, 40, 315.03075013013313, 40
1, 685201, 392061, 293140, 2939654.179508281, 69, 39, 30, 304.1121417102006, 40
51, 685290, 392100, 293190, 2939979.227373845, 89, 39, 50, 325.0478655640733, 40
1, 685326, 392136, 293190, 2940236.3763481234, 36, 36, 0, 257.1489742783178, 36
1, 685372, 392182, 293190, 2940511.0054168375, 46, 46, 0, 274.6290687140218, 46
1, 685485, 392225, 293260, 2940857.844460707, 113, 43, 70, 346.83904386951343, 45
51, 685577, 392267, 293310, 2941186.0485621756, 92, 42, 50, 328.20410146824725, 43
1, 685612, 392302, 293310, 2941441.278490085, 35, 35, 0, 255.22992790977875, 35
1, 685651, 392341, 293310, 2941703.978430029, 39, 39, 0, 262.6999399439383, 39
51, 685777, 392387, 293390, 2942061.4153259126, 126, 46, 80, 357.43689588345075, 48
1, 685853, 392423, 293430, 2942372.9744982864, 76, 36, 40, 311.5591723737189, 37
1, 685897, 392467, 293430, 2942644.3254559767, 44, 44, 0, 271.35095769013947, 44
1, 685938, 392508, 293430, 2942910.5694094202, 41, 41, 0, 266.24395344352433, 41
51, 686054, 392544, 293510, 2943259.1512129116, 116, 36, 80, 348.5818034911291, 38
1, 686133, 392583, 293550, 2943574.181963042, 79, 39, 40, 315.03075013013313, 40
1, 686163, 392613, 293550, 2943819.216694974, 30, 30, 0, 245.0347319320716, 30
1, 686238, 392658, 293580, 2944130.5997906122, 75, 45, 30, 311.38309563827124, 46
51, 686371, 392701, 293670, 2944492.9960596533, 133, 43, 90, 362.3962690412072, 45
1, 686444, 392744, 293700, 2944801.9973382223, 73, 43, 30, 309.00127856917646, 44
1, 686482, 392782, 293700, 2945062.879717842, 38, 38, 0, 260.88237961983884, 38
1, 686517, 392817, 293700, 2945318.109645752, 35, 35, 0, 255.22992790977875, 35
51, 686653, 392863, 293790, 2945683.0049427864, 136, 46, 90, 364.89529703482884, 48
1, 686736, 392916, 293820, 2946003.539890716, 83, 53, 30, 320.5349479292333, 54
1, 686781, 392961, 293820, 2946276.541897127, 45, 45, 0, 273.00200641113514, 45
1, 686824, 393004, 293820, 2946546.21685733, 43, 43, 0, 269.6749602031015, 43
51, 686951, 393041, 293910, 2946903.516539629, 127, 37, 90, 357.2996822992933, 39
1, 686991, 393081, 293910, 2947168.003225566, 40, 40, 0, 264.4866859365871, 40
1, 687033, 393123, 293910, 2947435.9762150683, 42, 42, 0, 267.97298950218305, 42
1, 687101, 393161, 293940, 2947738.838386171, 68, 38, 30, 302.86217110259, 39
51, 687234, 393204, 294030, 2948101.234655212, 133, 43, 90, 362.3962690412072, 45
1, 687284, 393254, 294030, 2948382.1494500595, 50, 50, 0, 280.9147948472494, 50
1, 687328, 393298, 294030, 2948653.50040775, 44, 44, 0, 271.35095769013947, 44
1, 687369, 393339, 294030, 2948919.7443611934, 41, 41, 0, 266.24395344352433, 41
51, 687505, 393385, 294120, 2949284.639658228, 136, 46, 90, 364.89529703482884, 48
1, 687570, 393420, 294150, 2949583.6808096715, 65, 35, 30, 299.04115144336777, 36
1, 687600, 393450, 294150, 2949828.7155416035, 30, 30, 0, 245.0347319320716, 30
51, 687689, 393489, 294200, 2950153.7634071675, 89, 39, 50, 325.0478655640733, 40
1, 687732, 393532, 294200, 2950423.4383673705, 43, 43, 0, 269.6749602031015, 43
1, 687810, 393570, 294240, 2950737.3211539905, 78, 38, 40, 313.8827866200841, 39
1, 687845, 393605, 294240, 2950992.5510819, 35, 35, 0, 255.22992790977875, 35
51, 687960, 393640, 294320, 2951340.223298962, 115, 35, 80, 347.6722170622053, 37
1, 688008, 393688, 294320, 2951618.0381015525, 48, 48, 0, 277.8148025904985, 48
1, 688118, 393728, 294390, 2951962.091285599, 110, 40, 70, 344.0531840464366, 42
1, 688148, 393758, 294390, 2952207.126017531, 30, 30, 0, 245.0347319320716, 30
1, 688183, 393793, 294390, 2952462.3559454405, 35, 35, 0, 255.22992790977875, 35
51, 688313, 393833, 294480, 2952822.220782979, 130, 40, 90, 359.86483753851803, 42
1, 688389, 393879, 294510, 2953134.7799553527, 76, 46, 30, 312.5591723737189, 47
1, 688432, 393922, 294510, 2953404.4549155557, 43, 43, 0, 269.6749602031015, 43
51, 688560, 393960, 294600, 2953762.613481657, 128, 38, 90, 358.1585661014858, 40
1, 688602, 394002, 294600, 2954030.5864711595, 42, 42, 0, 267.97298950218305, 42
1, 688673, 394043, 294630, 2954337.1647819784, 71, 41, 30, 306.57831081870995, 42
1, 688710, 394080, 294630, 2954596.1973534343, 37, 37, 0, 259.03257145596604, 37
51, 688803, 394123, 294680, 2954925.4396333415, 93, 43, 50, 329.24227990714814, 44
1, 688873, 394153, 294720, 2955229.7903941935, 70, 30, 40, 304.3507608519078, 31
1, 688901, 394181, 294720, 2955470.4230575725, 28, 28, 0, 240.63266337912057, 28
51, 689023, 394223, 294800, 2955824.368676126, 122, 42, 80, 353.9456185537469, 44
1, 689070, 394270, 294800, 2956100.6017259955, 47, 47, 0, 276.2330498695885, 47
1, 689116, 394316, 294800, 2956375.2307947096, 46, 46, 0, 274.6290687140218, 46
1, 689183, 394353, 294830, 2956676.831349967, 67, 37, 30, 301.6005552576305, 38
51, 689317, 394397, 294920, 2957040.0641658856, 134, 44, 90, 363.23281591860336, 46
1, 689351, 394431, 294920, 2957293.3378061624, 34, 34, 0, 253.2736402766418, 34
1, 689441, 394481, 294960, 2957620.4448349867, 90, 50, 40, 327.1070288241023, 51
1, 689509, 394519, 294990, 2957923.3070060895, 68, 38, 30, 302.86217110259, 39
51, 689641, 394561, 295080, 2958284.8631285164, 132, 42, 90, 361.55612242701943, 44
1, 689681, 394601, 295080, 2958549.349814453, 40, 40, 0, 264.4866859365871, 40
1, 689725, 394645, 295080, 2958820.7007721434, 44, 44, 0, 271.35095769013947, 44
1, 689766, 394686, 295080, 2959086.944725587, 41, 41, 0, 266.24395344352433, 41
51, 689884, 394724, 295160, 2959437.332050756, 118, 38, 80, 350.3873251689181, 40
1, 689968, 394768, 295200, 2959757.9720611596, 84, 44, 40, 320.64001040350905, 45
1, 690016, 394816, 295200, 2960035.78686375, 48, 48, 0, 277.8148025904985, 48
51, 690106, 394856, 295250, 2960361.893892574, 90, 40, 50, 326.1070288241023, 41
1, 690149, 394899, 295250, 2960631.568852777, 43, 43, 0, 269.6749602031015, 43
1, 690188, 394938, 295250, 2960894.268792721, 39, 39, 0, 262.6999399439383, 39
1, 690302, 394982, 295320, 2961242.0267804125, 114, 44, 70, 347.75798769167545, 46
51, 690395, 395025, 295370, 2961571.2690603198, 93, 43, 50, 329.24227990714814, 44
1, 690477, 395067, 295410, 2961889.6907301634, 82, 42, 40, 318.42166984345636, 43
1, 690514, 395104, 295410, 2962148.7233016193, 37, 37, 0, 259.03257145596604, 37
1, 690579, 395139, 295440, 2962447.764453063, 65, 35, 30, 299.04115144336777, 36
1, 690624, 395184, 295440, 2962720.766459474, 45, 45, 0, 273.00200641113514, 45
51, 690720, 395230, 295490, 2963053.0833754884, 96, 46, 50, 332.31691601465747, 47
1, 690800, 395270, 295530, 2963369.253131733, 80, 40, 40, 316.1697562442441, 41
1, 690841, 395311, 295530, 2963635.4970851764, 41, 41, 0, 266.24395344352433, 41
51, 690934, 395354, 295580, 2963964.7393650836, 93, 43, 50, 329.24227990714814, 44
1, 691008, 395398, 295610, 2964274.9365738505, 74, 44, 30, 310.1972087668518, 45
1, 691047, 395437, 295610, 2964537.6365137943, 39, 39, 0, 262.6999399439383, 39
1, 691134, 395484, 295650, 2964861.544094792, 87, 47, 40, 323.9075809977351, 48
51, 691219, 395519, 295700, 2965182.2811224633, 85, 35, 50, 320.73702767108114, 36
1, 691297, 395557, 295740, 2965496.163909083, 78, 38, 40, 313.8827866200841, 39
1, 691327, 395587, 295740, 2965741.198641015, 30, 30, 0, 245.0347319320716, 30
51, 691440, 395620, 295820, 2966087.037684885, 113, 33, 80, 345.83904386951343, 35
1, 691489, 395669, 295820, 2966366.4128159913, 49, 49, 0, 279.3751311064591, 49
1, 691527, 395707, 295820, 2966627.295195611, 38, 38, 0, 260.88237961983884, 38
1, 691614, 395754, 295860, 2966951.202776609, 87, 47, 40, 323.9075809977351, 48
51, 691722, 395812, 295910, 2967295.273756156, 108, 58, 50, 344.07097954706256, 59
1, 691786, 395846, 295940, 2967593.0164686306, 64, 34, 30, 297.742712474619, 35
1, 691820, 395880, 295940, 2967846.2901089075, 34, 34, 0, 253.2736402766418, 34
51, 691944, 395914, 296030, 2968200.989505456, 124, 34, 90, 354.6993965481514, 36
1, 691977, 395947, 296030, 2968452.2676781486, 33, 33, 0, 251.27817269284301, 33
1, 692016, 395986, 296030, 2968714.9676180924, 39, 39, 0, 262.6999399439383, 39
51, 692132, 396022, 296110, 2969063.549421584, 116, 36, 80, 348.5818034911291, 38
1, 692174, 396064, 296110, 2969331.522411086, 42, 42, 0, 267.97298950218305, 42
1, 692254, 396104, 296150, 2969647.6921673305, 80, 40, 40, 316.1697562442441, 41
1, 692298, 396148, 296150, 2969919.043125021, 44, 44, 0, 271.35095769013947, 44
1, 692380, 396190, 296190, 2970237.4647948644, 82, 42, 40, 318.42166984345636, 43
51, 692470, 396230, 296240, 2970563.5718236887, 90, 40, 50, 326.1070288241023, 41
1, 692535, 396265, 296270, 2970862.612975132, 65, 35, 30, 299.04115144336777, 36
1, 692573, 396303, 296270, 2971123.495354752, 38, 38, 0, 260.88237961983884, 38
1, 692658, 396348, 296310, 2971445.2323824232, 85, 45, 40, 321.73702767108114, 46
51, 692751, 396391, 296360, 2971774.4746623305, 93, 43, 50, 329.24227990714814, 44
1, 692788, 396428, 296360, 2972033.5072337864, 37, 37, 0, 259.03257145596604, 37
1, 692865, 396465, 296400, 2972346.232897553, 77, 37, 40, 312.72566376652986, 38
51, 692990, 396510, 296480, 2972702.803050041, 125, 45, 80, 356.57015248821097, 47
1, 693032, 396552, 296480, 2972970.7760395436, 42, 42, 0, 267.97298950218305, 42
1, 693069, 396589, 296480, 2973229.8086109995, 37, 37, 0, 259.03257145596604, 37
1, 693139, 396619, 296520, 2973534.1593718515, 70, 30, 40, 304.3507608519078, 31
51, 693223, 396653, 296570, 2973853.799382255, 84, 34, 50, 319.64001040350905, 35
1, 693299, 396699, 296600, 2974166.3585546287, 76, 46, 30, 312.5591723737189, 47
1, 693340, 396740, 296600, 2974432.6025080723, 41, 41, 0, 266.24395344352433, 41
1, 693377, 396777, 296600, 2974691.635079528, 37, 37, 0, 259.03257145596604, 37
51, 693503, 396813, 296690, 2975048.071975412, 126, 36, 90, 356.43689588345075, 38
1, 693536, 396846, 296690, 2975299.3501481046, 33, 33, 0, 251.27817269284301, 33
1, 693581, 396891, 296690, 2975572.3521545157, 45, 45, 0, 273.00200641113514, 45
1, 693637, 396917, 296720, 2975859.208634489, 56, 26, 30, 286.8564799734761, 27
51, 693731, 396961, 296770, 2976189.482360337, 94, 44, 50, 330.273725847777, 45
1, 693805, 396995, 296810, 2976498.6795691038, 74, 34, 40, 309.1972087668518, 35
1, 693847, 397037, 296810, 2976766.652558606, 42, 42, 0, 267.97298950218305, 42
1, 693934, 397084, 296850, 2977090.560139604, 87, 47, 40, 323.9075809977351, 48
1, 694004, 397124, 296880, 2977395.910900456, 70, 40, 30, 305.3507608519078, 41
51, 694096, 397166, 296930, 2977724.1150019243, 92, 42, 50, 328.20410146824725, 43
1, 694177, 397207, 296970, 2978041.415001924, 81, 41, 40, 317.3, 42
1, 694217, 397247, 296970, 2978305.901687861, 40, 40, 0, 264.4866859365871, 40
1, 694260, 397290, 296970, 2978575.576648064, 43, 43, 0, 269.6749602031015, 43
51, 694351, 397331, 297020, 2978902.735710003, 91, 41, 50, 327.1590619387661, 42
1, 694418, 397368, 297050, 2979204.3362652604, 67, 37, 30, 301.6005552576305, 38
1, 694461, 397411, 297050, 2979474.0112254634, 43, 43, 0, 269.6749602031015, 43
1, 694537, 397447, 297090, 2979785.570397837, 76, 36, 40, 311.5591723737189, 37
51, 694651, 397481, 297170, 2980132.3283855286, 114, 34, 80, 346.75798769167545, 36
1, 694681, 397511, 297170, 2980377.3631174606, 30, 30, 0, 245.0347319320716, 30
1, 694714, 397544, 297170, 2980628.6412901534, 33, 33, 0, 251.27817269284301, 33
1, 694825, 397585, 297240, 2980973.6280081943, 111, 41, 70, 344.9867180408456, 43
1, 694857, 397617, 297240, 2981222.869431195, 32, 32, 0, 249.24142300054422, 32
51, 694945, 397655, 297290, 2981546.8508625557, 88, 38, 50, 323.98143136087856, 39
1, 694977, 397687, 297290, 2981796.0922855563, 32, 32, 0, 249.24142300054422, 32
1, 695053, 397723, 297330, 2982107.65145793, 76, 36, 40, 311.5591723737189, 37
1, 695123, 397763, 297360, 2982413.002218782, 70, 40, 30, 305.3507608519078, 41
51, 695214, 397804, 297410, 2982740.161280721, 91, 41, 50, 327.1590619387661, 42
1, 695258, 397848, 297410, 2983011.512238411, 44, 44, 0, 271.35095769013947, 44
1, 695299, 397889, 297410, 2983277.756191855, 41, 41, 0, 266.24395344352433, 41
1, 695344, 397934, 297410, 2983550.758198266, 45, 45, 0, 273.00200641113514, 45
51, 695480, 397980, 297500, 2983915.6534953006, 136, 46, 90, 364.89529703482884, 48
1, 695572, 398042, 297530, 2984245.857596769, 92, 62, 30, 330.20410146824725, 63
1, 695611, 398081, 297530, 2984508.557536713, 39, 39, 0, 262.6999399439383, 39
1, 695681, 398121, 297560, 2984813.908297565, 70, 40, 30, 305.3507608519078, 41
51, 695769, 398159, 297610, 2985137.8897289257, 88, 38, 50, 323.98143136087856, 39
1, 695834, 398194, 297640, 2985436.930880369, 65, 35, 30, 299.04115144336777, 36
1, 695907, 398227, 297680, 2985744.932158938, 73, 33, 40, 308.00127856917646, 34
1, 695942, 398262, 297680, 2986000.1620868477, 35, 35, 0, 255.22992790977875, 35
1, 695981, 398301, 297680, 2986262.8620267916, 39, 39, 0, 262.6999399439383, 39
51, 696070, 398340, 297730, 2986587.9098923556, 89, 39, 50, 325.0478655640733, 40
1, 696176, 398376, 297800, 2986928.1779359654, 106, 36, 70, 340.2680436096278, 38
1, 696207, 398407, 297800, 2987175.3390421425, 31, 31, 0, 247.1611061770567, 31
1, 696247, 398447, 297800, 2987439.8257280793, 40, 40, 0, 264.4866859365871, 40
51, 696378, 398488, 297890, 2987800.538056295, 131, 41, 90, 360.7123282155055, 43
1, 696420, 398530, 297890, 2988068.5110457973, 42, 42, 0, 267.97298950218305, 42
1, 696496, 398576, 297920, 2988381.070218171, 76, 46, 30, 312.5591723737189, 47
1, 696568, 398608, 297960, 2988687.8652811954, 72, 32, 40, 306.79506302439404, 33
51, 696662, 398652, 298010, 2989018.139007043, 94, 44, 50, 330.273725847777, 45
1, 696699, 398689, 298010, 2989277.171578499, 37, 37, 0, 259.03257145596604, 37
1, 696773, 398733, 298040, 2989587.368787266, 74, 44, 30, 310.1972087668518, 45
1, 696810, 398770, 298040, 2989846.401358722, 37, 37, 0, 259.03257145596604, 37
1, 696891, 398811, 298080, 2990163.7013587216, 81, 41, 40, 317.3, 42
51, 696980, 398850, 298130, 2990488.7492242856, 89, 39, 50, 325.0478655640733, 40
1, 697050, 398890, 298160, 2990794.0999851376, 70, 40, 30, 305.3507608519078, 41
1, 697131, 398931, 298200, 2991111.3999851374, 81, 41, 40, 317.3, 42
1, 697187, 398987, 298200, 2991401.156465111, 56, 56, 0, 289.7564799734761, 56
51, 697303, 399023, 298280, 2991749.738268602, 116, 36, 80, 348.5818034911291, 38
1, 697344, 399064, 298280, 2992015.982222046, 41, 41, 0, 266.24395344352433, 41
1, 697382, 399102, 298280, 2992276.8646016656, 38, 38, 0, 260.88237961983884, 38
1, 697453, 399133, 298320, 2992582.4429124845, 71, 31, 40, 305.57831081870995, 32
1, 697494, 399174, 298320, 2992848.686865928, 41, 41, 0, 266.24395344352433, 41
51, 697582, 399212, 298370, 2993172.668297289, 88, 38, 50, 323.98143136087856, 39
1, 697643, 399243, 298400, 2993466.436536556, 61, 31, 30, 293.7682392671241, 32
1, 697718, 399278, 298440, 2993776.8196321945, 75, 35, 40, 310.38309563827124, 36
1, 697762, 399322, 298440, 2994048.1705898847, 44, 44, 0, 271.35095769013947, 44
51, 697856, 399366, 298490, 2994378.4443157325, 94, 44, 50, 330.273725847777, 45
1, 697898, 399408, 298490, 2994646.417305235, 42, 42, 0, 267.97298950218305, 42
1, 697961, 399441, 298520, 2994942.848629961, 63, 33, 30, 296.43132472612575, 34
1, 698045, 399485, 298560, 2995263.4886403643, 84, 44, 40, 320.64001040350905, 45
51, 698133, 399523, 298610, 2995587.470071725, 88, 38, 50, 323.98143136087856, 39
1, 698166, 399556, 298610, 2995838.748244418, 33, 33, 0, 251.27817269284301, 33
1, 698202, 399592, 298610, 2996095.8972186963, 36, 36, 0, 257.1489742783178, 36
1, 698241, 399631, 298610, 2996358.59715864, 39, 39, 0, 262.6999399439383, 39
51, 698374, 399684, 298690, 2996721.9934276813, 133, 53, 80, 363.3962690412072, 55
1, 698459, 399729, 298730, 2997043.7304553525, 85, 45, 40, 321.73702767108114, 46
1, 698501, 399771, 298730, 2997311.703444855, 42, 42, 0, 267.97298950218305, 42
51, 698595, 399815, 298780, 2997641.9771707025, 94, 44, 50, 330.273725847777, 45
1, 698646, 399866, 298780, 2997924.411682481, 51, 51, 0, 282.43451177837886, 51
1, 698759, 399909, 298850, 2998271.2507263506, 113, 43, 70, 346.83904386951343, 45
1, 698805, 399955, 298850, 2998545.8797950647, 46, 46, 0, 274.6290687140218, 46
1, 698844, 399994, 298850, 2998808.5797350085, 39, 39, 0, 262.6999399439383, 39
51, 698932, 400032, 298900, 2999132.5611663694, 88, 38, 50, 323.98143136087856, 39
1, 698968, 400068, 298900, 2999389.710140648, 36, 36, 0, 257.1489742783178, 36
1, 699040, 400100, 298940, 2999696.505203672, 72, 32, 40, 306.79506302439404, 33
1, 699115, 400145, 298970, 3000007.8882993106, 75, 45, 30, 311.38309563827124, 46
51, 699201, 400181, 299020, 3000329.714463958, 86, 36, 50, 321.82616464756694, 37
1, 699239, 400219, 299020, 3000590.596843578, 38, 38, 0, 260.88237961983884, 38
1, 699307, 400257, 299050, 3000893.4590146807, 68, 38, 30, 302.86217110259, 39
1, 699383, 400293, 299090, 3001205.0181870544, 76, 36, 40, 311.5591723737189, 37
51, 699478, 400338, 299140, 3001536.3167511895, 95, 45, 50, 331.2985641352145, 46
1, 699523, 400383, 299140, 3001809.3187576006, 45, 45, 0, 273.00200641113514, 45
1, 699592, 400422, 299170, 3002113.430899311, 69, 39, 30, 304.1121417102006, 40
1, 699633, 400463, 299170, 3002379.6748527545, 41, 41, 0, 266.24395344352433, 41
51, 699762, 400502, 299260, 3002738.6884532454, 129, 39, 90, 359.01360049114555, 41
1, 699804, 400544, 299260, 3003006.661442748, 42, 42, 0, 267.97298950218305, 42
1, 699909, 400579, 299330, 3003345.9700300423, 105, 35, 70, 339.30858729436795, 37
1, 699944, 400614, 299330, 3003601.199957952, 35, 35, 0, 255.22992790977875, 35
51, 700031, 400651, 299380, 3003924.1075389497, 87, 37, 50, 322.9075809977351, 38
1, 700099, 400689, 299410, 3004226.9697100525, 68, 38, 30, 302.86217110259, 39
1, 700178, 400728, 299450, 3004542.000460183, 79, 39, 40, 315.03075013013313, 40
1, 700224, 400774, 299450, 3004816.629528897, 46, 46, 0, 274.6290687140218, 46
1, 700262, 400812, 299450, 3005077.5119085168, 38, 38, 0, 260.88237961983884, 38
51, 700356, 400856, 299500, 3005407.7856343645, 94, 44, 50, 330.273725847777, 45
1, 700442, 400902, 299540, 3005730.611799012, 86, 46, 40, 322.82616464756694, 47
1, 700510, 400940, 299570, 3006033.4739701147, 68, 38, 30, 302.86217110259, 39
1, 700553, 400983, 299570, 3006303.1489303177, 43, 43, 0, 269.6749602031015, 43
1, 700640, 401030, 299610, 3006627.0565113155, 87, 47, 40, 323.9075809977351, 48
51, 700732, 401072, 299660, 3006955.260612784, 92, 42, 50, 328.20410146824725, 43
1, 700798, 401108, 299690, 3007255.587601061, 66, 36, 30, 300.32698827717985, 37
1, 700829, 401139, 299690, 3007502.748707238, 31, 31, 0, 247.1611061770567, 31
51, 700917, 401177, 299740, 3007826.730138599, 88, 38, 50, 323.98143136087856, 39
1, 700963, 401223, 299740, 3008101.359207313, 46, 46, 0, 274.6290687140218, 46
1, 701038, 401258, 299780, 3008411.7423029514, 75, 35, 40, 310.38309563827124, 36
1, 701072, 401292, 299780, 3008665.0159432283, 34, 34, 0, 253.2736402766418, 34
51, 701194, 401334, 299860, 3009018.961561782, 122, 42, 80, 353.9456185537469, 44
1, 701271, 401371, 299900, 3009331.6872255486, 77, 37, 40, 312.72566376652986, 38
1, 701312, 401412, 299900, 3009597.931178992, 41, 41, 0, 266.24395344352433, 41
1, 701379, 401449, 299930, 3009899.5317342496, 67, 37, 30, 301.6005552576305, 38
51, 701509, 401489, 300020, 3010259.396571788, 130, 40, 90, 359.86483753851803, 42
1, 701574, 401524, 300050, 3010558.4377232315, 65, 35, 30, 299.04115144336777, 36
1, 701613, 401563, 300050, 3010821.1376631754, 39, 39, 0, 262.6999399439383, 39
1, 701651, 401601, 300050, 3011082.020042795, 38, 38, 0, 260.88237961983884, 38
1, 701689, 401639, 300050, 3011342.902422415, 38, 38, 0, 260.88237961983884, 38
51, 701819, 401679, 300140, 3011702.7672599535, 130, 40, 90, 359.86483753851803, 42
1, 701886, 401716, 300170, 3012004.367815211, 67, 37, 30, 301.6005552576305, 38
1, 701926, 401756, 300170, 3012268.8545011478, 40, 40, 0, 264.4866859365871, 40
1, 702011, 401801, 300210, 3012590.591528819, 85, 45, 40, 321.73702767108114, 46
1, 702083, 401843, 300240, 3012898.3865918433, 72, 42, 30, 307.79506302439404, 43
51, 702175, 401885, 300290, 3013226.5906933118, 92, 42, 50, 328.20410146824725, 43
1, 702209, 401919, 300290, 3013479.8643335886, 34, 34, 0, 253.2736402766418, 34
1, 702275, 401955, 300320, 3013780.1913218657, 66, 36, 30, 300.32698827717985, 37
1, 702344, 401984, 300360, 3014083.303463576, 69, 29, 40, 303.1121417102006, 30
51, 702437, 402027, 300410, 3014412.545743483, 93, 43, 50, 329.24227990714814, 44
1, 702515, 402065, 300450, 3014726.428530103, 78, 38, 40, 313.8827866200841, 39
1, 702555, 402105, 300450, 3014990.91521604, 40, 40, 0, 264.4866859365871, 40
1, 702633, 402153, 300480, 3015305.79800266, 78, 48, 30, 314.8827866200841, 49
1, 702673, 402193, 300480, 3015570.2846885966, 40, 40, 0, 264.4866859365871, 40
51, 702800, 402230, 300570, 3015927.5843708958, 127, 37, 90, 357.2996822992933, 39
1, 702835, 402265, 300570, 3016182.8142988053, 35, 35, 0, 255.22992790977875, 35
1, 702877, 402307, 300570, 3016450.7872883077, 42, 42, 0, 267.97298950218305, 42
1, 702912, 402342, 300570, 3016706.0172162172, 35, 35, 0, 255.22992790977875, 35
51, 703074, 402384, 300690, 3017088.479350718, 162, 42, 120, 382.4621345008163, 45
1, 703118, 402428, 300690, 3017359.8303084085, 44, 44, 0, 271.35095769013947, 44
1, 703195, 402475, 300720, 3017673.555972175, 77, 47, 30, 313.72566376652986, 48
1, 703235, 402515, 300720, 3017938.042658112, 40, 40, 0, 264.4866859365871, 40
1, 703274, 402554, 300720, 3018200.742598056, 39, 39, 0, 262.6999399439383, 39
51, 703432, 402592, 300840, 3018580.1818073117, 158, 38, 120, 379.43920925585275, 41
1, 703473, 402633, 300840, 3018846.4257607553, 41, 41, 0, 266.24395344352433, 41
1, 703514, 402674, 300840, 3019112.669714199, 41, 41, 0, 266.24395344352433, 41
51, 703671, 402711, 300960, 3019491.3466073168, 157, 37, 120, 378.67689311792185, 40
1, 703708, 402748, 300960, 3019750.3791787727, 37, 37, 0, 259.03257145596604, 37
1, 703742, 402782, 300960, 3020003.6528190495, 34, 34, 0, 253.2736402766418, 34
1, 703817, 402817, 301000, 3020314.035914688, 75, 35, 40, 310.38309563827124, 36
51, 703941, 402861, 301080, 3020669.735311236, 124, 44, 80, 355.6993965481514, 46
1, 703978, 402898, 301080, 3020928.767882692, 37, 37, 0, 259.03257145596604, 37
1, 704021, 402941, 301080, 3021198.442842895, 43, 43, 0, 269.6749602031015, 43
51, 704138, 402978, 301160, 3021547.929659694, 117, 37, 80, 349.4868167986058, 39
1, 704214, 403014, 301200, 3021859.4888320677, 76, 36, 40, 311.5591723737189, 37
1, 704277, 403047, 301230, 3022155.9201567937, 63, 33, 30, 296.43132472612575, 34
1, 704313, 403083, 301230, 3022413.069131072, 36, 36, 0, 257.1489742783178, 36
1, 704400, 403130, 301270, 3022736.97671207, 87, 47, 40, 323.9075809977351, 48
51, 704519, 403169, 301350, 3023088.2601072723, 119, 39, 80, 351.28339520229764, 41
1, 704553, 403203, 301350, 3023341.533747549, 34, 34, 0, 253.2736402766418, 34
1, 704624, 403244, 301380, 3023648.112058368, 71, 41, 30, 306.57831081870995, 42
1, 704698, 403278, 301420, 3023957.309267135, 74, 34, 40, 309.1972087668518, 35
51, 704784, 403314, 301470, 3024279.1354317823, 86, 36, 50, 321.82616464756694, 37
1, 704840, 403370, 301470, 3024568.891911756, 56, 56, 0, 289.7564799734761, 56
1, 704885, 403415, 301470, 3024841.893918167, 45, 45, 0, 273.00200641113514, 45
51, 705005, 403445, 301560, 3025193.0690101315, 120, 30, 90, 351.1750919646873, 32
1, 705076, 403486, 301590, 3025499.6473209504, 71, 41, 30, 306.57831081870995, 42
1, 705112, 403522, 301590, 3025756.796295229, 36, 36, 0, 257.1489742783178, 36
1, 705153, 403563, 301590, 3026023.0402486725, 41, 41, 0, 266.24395344352433, 41
51, 705265, 403595, 301670, 3026367.955561012, 112, 32, 80, 344.91531233955715, 34
1, 705338, 403628, 301710, 3026675.956839581, 73, 33, 40, 308.00127856917646, 34
1, 705374, 403664, 301710, 3026933.1058138595, 36, 36, 0, 257.1489742783178, 36
51, 705499, 403699, 301800, 3027288.6759663476, 125, 35, 90, 355.57015248821097, 37
1, 705564, 403734, 301830, 3027587.717117791, 65, 35, 30, 299.04115144336777, 36
1, 705599, 403769, 301830, 3027842.9470457006, 35, 35, 0, 255.22992790977875, 35
51, 705689, 403809, 301880, 3028169.054074525, 90, 40, 50, 326.1070288241023, 41
1, 705733, 403853, 301880, 3028440.405032215, 44, 44, 0, 271.35095769013947, 44
1, 705765, 403885, 301880, 3028689.6464552158, 32, 32, 0, 249.24142300054422, 32
1, 705843, 403923, 301920, 3029003.5292418357, 78, 38, 40, 313.8827866200841, 39
51, 705974, 403974, 302000, 3029365.2415700513, 131, 51, 80, 361.7123282155055, 53
1, 706013, 404013, 302000, 3029627.941509995, 39, 39, 0, 262.6999399439383, 39
1, 706045, 404045, 302000, 3029877.1829329957, 32, 32, 0, 249.24142300054422, 32
51, 706170, 404080, 302090, 3030232.753085484, 125, 35, 90, 355.57015248821097, 37
1, 706204, 404114, 302090, 3030486.0267257607, 34, 34, 0, 253.2736402766418, 34
1, 706242, 404152, 302090, 3030746.9091053805, 38, 38, 0, 260.88237961983884, 38
1, 706352, 404192, 302160, 3031090.962289427, 110, 40, 70, 344.0531840464366, 42
51, 706438, 404228, 302210, 3031412.7884540744, 86, 36, 50, 321.82616464756694, 37
1, 706472, 404262, 302210, 3031666.0620943513, 34, 34, 0, 253.2736402766418, 34
1, 706508, 404298, 302210, 3031923.2110686298, 36, 36, 0, 257.1489742783178, 36
1, 706588, 404348, 302240, 3032240.380824874, 80, 50, 30, 317.1697562442441, 51
51, 706673, 404383, 302290, 3032561.1178525453, 85, 35, 50, 320.73702767108114, 36
1, 706757, 404427, 302330, 3032881.757862949, 84, 44, 40, 320.64001040350905, 45
1, 706796, 404466, 302330, 3033144.4578028927, 39, 39, 0, 262.6999399439383, 39
1, 706846, 404516, 302330, 3033425.37259774, 50, 50, 0, 280.9147948472494, 50
51, 706936, 404556, 302380, 3033751.4796265643, 90, 40, 50, 326.1070288241023, 41
1, 707051, 404601, 302450, 3034100.1518436265, 115, 45, 70, 348.6722170622053, 47
1, 707073, 404623, 302450, 3034326.125520693, 22, 22, 0, 225.97367706679938, 22
51, 707157, 404657, 302500, 3034645.7655310966, 84, 34, 50, 319.64001040350905, 35
1, 707199, 404699, 302500, 3034913.738520599, 42, 42, 0, 267.97298950218305, 42
1, 707273, 404733, 302540, 3035222.935729366, 74, 34, 40, 309.1972087668518, 35
1, 707313, 404773, 302540, 3035487.4224153026, 40, 40, 0, 264.4866859365871, 40
1, 707384, 404814, 302570, 3035794.0007261215, 71, 41, 30, 306.57831081870995, 42
51, 707474, 404854, 302620, 3036120.1077549458, 90, 40, 50, 326.1070288241023, 41
1, 707509, 404889, 302620, 3036375.3376828553, 35, 35, 0, 255.22992790977875, 35
1, 707587, 404927, 302660, 3036689.2204694753, 78, 38, 40, 313.8827866200841, 39
1, 707629, 404969, 302660, 3036957.1934589776, 42, 42, 0, 267.97298950218305, 42
51, 707758, 405008, 302750, 3037316.2070594686, 129, 39, 90, 359.01360049114555, 41
1, 707838, 405058, 302780, 3037633.376815713, 80, 50, 30, 317.1697562442441, 51
1, 707876, 405096, 302780, 3037894.259195333, 38, 38, 0, 260.88237961983884, 38
1, 707953, 405133, 302820, 3038206.9848590996, 77, 37, 40, 312.72566376652986, 38
1, 707986, 405166, 302820, 3038458.2630317924, 33, 33, 0, 251.27817269284301, 33
51, 708106, 405206, 302900, 3038810.438123757, 120, 40, 80, 352.1750919646873, 42
1, 708179, 405239, 302940, 3039118.439402326, 73, 33, 40, 308.00127856917646, 34
1, 708227, 405287, 302940, 3039396.2542049163, 48, 48, 0, 277.8148025904985, 48
1, 708256, 405316, 302940, 3039639.113783627, 29, 29, 0, 242.8595787106084, 29
1, 708291, 405351, 302940, 3039894.3437115364, 35, 35, 0, 255.22992790977875, 35
51, 708377, 405387, 302990, 3040216.169876184, 86, 36, 50, 321.82616464756694, 37
1, 708451, 405431, 303020, 3040526.3670849507, 74, 44, 30, 310.1972087668518, 45
1, 708535, 405475, 303060, 3040847.007095354, 84, 44, 40, 320.64001040350905, 45
1, 708582, 405522, 303060, 3041123.2401452237, 47, 47, 0, 276.2330498695885, 47
1, 708616, 405556, 303060, 3041376.5137855005, 34, 34, 0, 253.2736402766418, 34
51, 708716, 405606, 303110, 3041712.8415515176, 100, 50, 50, 336.327766016838, 51
1, 708790, 405650, 303140, 3042023.0387602844, 74, 44, 30, 310.1972087668518, 45
1, 708866, 405686, 303180, 3042334.597932658, 76, 36, 40, 311.5591723737189, 37
1, 708934, 405724, 303210, 3042637.460103761, 68, 38, 30, 302.86217110259, 39
51, 709025, 405765, 303260, 3042964.6191657, 91, 41, 50, 327.1590619387661, 42
1, 709102, 405802, 303300, 3043277.3448294667, 77, 37, 40, 312.72566376652986, 38
1, 709141, 405841, 303300, 3043540.0447694105, 39, 39, 0, 262.6999399439383, 39
1, 709210, 405880, 303330, 3043844.1569111208, 69, 39, 30, 304.1121417102006, 40
1, 709294, 405924, 303370, 3044164.796921524, 84, 44, 40, 320.64001040350905, 45
51, 709385, 405965, 303420, 3044491.955983463, 91, 41, 50, 327.1590619387661, 42
1, 709465, 406015, 303450, 3044809.1257397076, 80, 50, 30, 317.1697562442441, 51
1, 709545, 406055, 303490, 3045125.295495952, 80, 40, 40, 316.1697562442441, 41
1, 709586, 406096, 303490, 3045391.5394493956, 41, 41, 0, 266.24395344352433, 41
51, 709676, 406136, 303540, 3045717.64647822, 90, 40, 50, 326.1070288241023, 41
1, 709714, 406174, 303540, 3045978.5288578398, 38, 38, 0, 260.88237961983884, 38
1, 709829, 406219, 303610, 3046327.201074902, 115, 45, 70, 348.6722170622053, 47
1, 709865, 406255, 303610, 3046584.3500491804, 36, 36, 0, 257.1489742783178, 36
51, 709952, 406292, 303660, 3046907.2576301782, 87, 37, 50, 322.9075809977351, 38
1, 710002, 406342, 303660, 3047188.1724250256, 50, 50, 0, 280.9147948472494, 50
1, 710111, 406381, 303730, 3047531.2870565252, 109, 39, 70, 343.114631499574, 41
51, 710194, 406414, 303780, 3047849.8220044547, 83, 33, 50, 318.5349479292333, 34
1, 710232, 406452, 303780, 3048110.7043840745, 38, 38, 0, 260.88237961983884, 38
1, 710271, 406491, 303780, 3048373.4043240184, 39, 39, 0, 262.6999399439383, 39
51, 710402, 406532, 303870, 3048734.116652234, 131, 41, 90, 360.7123282155055, 43
1, 710449, 406579, 303870, 3049010.3497021035, 47, 47, 0, 276.2330498695885, 47
1, 710519, 406619, 303900, 3049315.7004629555, 70, 40, 30, 305.3507608519078, 41
1, 710561, 406661, 303900, 3049583.673452458, 42, 42, 0, 267.97298950218305, 42
51, 710641, 406691, 303950, 3049898.8432087023, 80, 30, 50, 315.1697562442441, 31
1, 710677, 406727, 303950, 3050155.9921829808, 36, 36, 0, 257.1489742783178, 36
1, 710758, 406768, 303990, 3050473.2921829806, 81, 41, 40, 317.3, 42
1, 710825, 406805, 304020, 3050774.892738238, 67, 37, 30, 301.6005552576305, 38
51, 710912, 406842, 304070, 3051097.800319236, 87, 37, 50, 322.9075809977351, 38
1, 710982, 406872, 304110, 3051402.1510800878, 70, 30, 40, 304.3507608519078, 31
1, 711018, 406908, 304110, 3051659.3000543662, 36, 36, 0, 257.1489742783178, 36
51, 711106, 406946, 304160, 3051983.281485727, 88, 38, 50, 323.98143136087856, 39
1, 711140, 406980, 304160, 3052236.555126004, 34, 34, 0, 253.2736402766418, 34
1, 711255, 407025, 304230, 3052585.227343066, 115, 45, 70, 348.6722170622053, 47
1, 711298, 407068, 304230, 3052854.902303269, 43, 43, 0, 269.6749602031015, 43
51, 711412, 407102, 304310, 3053201.6602909607, 114, 34, 80, 346.75798769167545, 36
1, 711444, 407134, 304310, 3053450.9017139613, 32, 32, 0, 249.24142300054422, 32
1, 711521, 407171, 304350, 3053763.627377728, 77, 37, 40, 312.72566376652986, 38
1, 711564, 407214, 304350, 3054033.302337931, 43, 43, 0, 269.6749602031015, 43
51, 711658, 407258, 304400, 3054363.5760637787, 94, 44, 50, 330.273725847777, 45
1, 711728, 407298, 304430, 3054668.9268246307, 70, 40, 30, 305.3507608519078, 41
1, 711810, 407340, 304470, 3054987.3484944743, 82, 42, 40, 318.42166984345636, 43
1, 711857, 407387, 304470, 3055263.581544344, 47, 47, 0, 276.2330498695885, 47
1, 711908, 407438, 304470, 3055546.0160561223, 51, 51, 0, 282.43451177837886, 51
51, 712006, 407486, 304520, 3055880.350684487, 98, 48, 50, 334.33462836457886, 49
1, 712110, 407520, 304590, 3056218.6943712444, 104, 34, 70, 338.343686757474, 36
1, 712156, 407566, 304590, 3056493.3234399585, 46, 46, 0, 274.6290687140218, 46
1, 712204, 407614, 304590, 3056771.138242549, 48, 48, 0, 277.8148025904985, 48
51, 712290, 407650, 304640, 3057092.9644071963, 86, 36, 50, 321.82616464756694, 37
1, 712332, 407692, 304640, 3057360.9373966986, 42, 42, 0, 267.97298950218305, 42
1, 712406, 407726, 304680, 3057670.1346054655, 74, 34, 40, 309.1972087668518, 35
51, 712527, 407767, 304760, 3058023.197084501, 121, 41, 80, 353.06247903554, 43
1, 712566, 407806, 304760, 3058285.897024445, 39, 39, 0, 262.6999399439383, 39
1, 712609, 407849, 304760, 3058555.571984648, 43, 43, 0, 269.6749602031015, 43
1, 712679, 407889, 304790, 3058860.9227454998, 70, 40, 30, 305.3507608519078, 41
1, 712767, 407937, 304830, 3059185.9041768606, 88, 48, 40, 324.98143136087856, 49
51, 712850, 407970, 304880, 3059504.43912479, 83, 33, 50, 318.5349479292333, 34
1, 712924, 408014, 304910, 3059814.636333557, 74, 44, 30, 310.1972087668518, 45
1, 712964, 408054, 304910, 3060079.1230194937, 40, 40, 0, 264.4866859365871, 40
1, 713073, 408093, 304980, 3060422.2376509933, 109, 39, 70, 343.114631499574, 41
51, 713172, 408142, 305030, 3060757.571865546, 99, 49, 50, 335.33421455299043, 50
1, 713252, 408182, 305070, 3061073.7416217905, 80, 40, 40, 316.1697562442441, 41
1, 713292, 408222, 305070, 3061338.2283077273, 40, 40, 0, 264.4866859365871, 40
1, 713323, 408253, 305070, 3061585.3894139044, 31, 31, 0, 247.1611061770567, 31
51, 713456, 408306, 305150, 3061948.7856829455, 133, 53, 80, 363.3962690412072, 55
1, 713530, 408340, 305190, 3062257.9828917123, 74, 34, 40, 309.1972087668518, 35
1, 713569, 408379, 305190, 3062520.682831656, 39, 39, 0, 262.6999399439383, 39
1, 713643, 408423, 305220, 3062830.880040423, 74, 44, 30, 310.1972087668518, 45
1, 713690, 408470, 305220, 3063107.1130902926, 47, 47, 0, 276.2330498695885, 47
51, 713807, 408507, 305300, 3063456.5999070914, 117, 37, 80, 349.4868167986058, 39
1, 713845, 408545, 305300, 3063717.482286711, 38, 38, 0, 260.88237961983884, 38
1, 713921, 408581, 305340, 3064029.041459085, 76, 36, 40, 311.5591723737189, 37
1, 713962, 408622, 305340, 3064295.2854125286, 41, 41, 0, 266.24395344352433, 41
1, 714030, 408660, 305370, 3064598.1475836313, 68, 38, 30, 302.86217110259, 39
51, 714117, 408697, 305420, 3064921.055164629, 87, 37, 50, 322.9075809977351, 38
1, 714221, 408731, 305490, 3065259.3988513867, 104, 34, 70, 338.343686757474, 36
1, 714254, 408764, 305490, 3065510.6770240795, 33, 33, 0, 251.27817269284301, 33
1, 714285, 408795, 305490, 3065757.8381302566, 31, 31, 0, 247.1611061770567, 31
51, 714368, 408828, 305540, 3066076.373078186, 83, 33, 50, 318.5349479292333, 34
1, 714401, 408861, 305540, 3066327.651250879, 33, 33, 0, 251.27817269284301, 33
1, 714516, 408906, 305610, 3066676.323467941, 115, 45, 70, 348.6722170622053, 47
51, 714608, 408948, 305660, 3067004.5275694095, 92, 42, 50, 328.20410146824725, 43
1, 714650, 408990, 305660, 3067272.500558912, 42, 42, 0, 267.97298950218305, 42
1, 714695, 409035, 305660, 3067545.502565323, 45, 45, 0, 273.00200641113514, 45
1, 714758, 409068, 305690, 3067841.933890049, 63, 33, 30, 296.43132472612575, 34
51, 714886, 409106, 305780, 3068200.0924561503, 128, 38, 90, 358.1585661014858, 40
1, 714959, 409149, 305810, 3068509.0937347193, 73, 43, 30, 309.00127856917646, 44
1, 715036, 409186, 305850, 3068821.819398486, 77, 37, 40, 312.72566376652986, 38
51, 715123, 409223, 305900, 3069144.726979484, 87, 37, 50, 322.9075809977351, 38
1, 715169, 409269, 305900, 3069419.356048198, 46, 46, 0, 274.6290687140218, 46
1, 715239, 409309, 305930, 3069724.70680905, 70, 40, 30, 305.3507608519078, 41
51, 715368, 409348, 306020, 3070083.720409541, 129, 39, 90, 359.01360049114555, 41
1, 715417, 409397, 306020, 3070363.0955406474, 49, 49, 0, 279.3751311064591, 49
1, 715457, 409437, 306020, 3070627.582226584, 40, 40, 0, 264.4866859365871, 40
1, 715526, 409476, 306050, 3070931.6943682944, 69, 39, 30, 304.1121417102006, 40
1, 715559, 409509, 306050, 3071182.972540987, 33, 33, 0, 251.27817269284301, 33
51, 715692, 409552, 306140, 3071545.3688100283, 133, 43, 90, 362.3962690412072, 45
1, 715757, 409587, 306170, 3071844.409961472, 65, 35, 30, 299.04115144336777, 36
1, 715842, 409632, 306210, 3072166.146989143, 85, 45, 40, 321.73702767108114, 46
1, 715882, 409672, 306210, 3072430.63367508, 40, 40, 0, 264.4866859365871, 40
1, 715923, 409713, 306210, 3072696.8776285234, 41, 41, 0, 266.24395344352433, 41
51, 716043, 409753, 306290, 3073049.052720488, 120, 40, 80, 352.1750919646873, 42
1, 716080, 409790, 306290, 3073308.085291944, 37, 37, 0, 259.03257145596604, 37
1, 716113, 409823, 306290, 3073559.3634646367, 33, 33, 0, 251.27817269284301, 33
1, 716195, 409865, 306330, 3073877.7851344803, 82, 42, 40, 318.42166984345636, 43
51, 716298, 409918, 306380, 3074217.058384536, 103, 53, 50, 339.27325005549693, 54
1, 716335, 409955, 306380, 3074476.0909559918, 37, 37, 0, 259.03257145596604, 37
1, 716408, 409998, 306410, 3074785.0922345608, 73, 43, 30, 309.00127856917646, 44
51, 716529, 410029, 306500, 3075137.154713596, 121, 31, 90, 352.06247903554, 33
1, 716563, 410063, 306500, 3075390.428353873, 34, 34, 0, 253.2736402766418, 34
1, 716637, 410107, 306530, 3075700.62556264, 74, 44, 30, 310.1972087668518, 45
1, 716673, 410143, 306530, 3075957.7745369184, 36, 36, 0, 257.1489742783178, 36
1, 716712, 410182, 306530, 3076220.4744768622, 39, 39, 0, 262.6999399439383, 39
51, 716835, 410215, 306620, 3076574.299048124, 123, 33, 90, 353.8245712617827, 35
1, 716876, 410256, 306620, 3076840.5430015675, 41, 41, 0, 266.24395344352433, 41
1, 716983, 410293, 306690, 3077181.765146837, 107, 37, 70, 341.2221452697031, 39
1, 717024, 410334, 306690, 3077448.0091002807, 41, 41, 0, 266.24395344352433, 41
51, 717143, 410373, 306770, 3077799.292495483, 119, 39, 80, 351.28339520229764, 41
1, 717187, 410417, 306770, 3078070.6434531733, 44, 44, 0, 271.35095769013947, 44
1, 717223, 410453, 306770, 3078327.792427452, 36, 36, 0, 257.1489742783178, 36
51, 717311, 410491, 306820, 3078651.7738588126, 88, 38, 50, 323.98143136087856, 39
1, 717390, 410530, 306860, 3078966.804608943, 79, 39, 40, 315.03075013013313, 40
1, 717441, 410581, 306860, 3079249.2391207214, 51, 51, 0, 282.43451177837886, 51
1, 717509, 410619, 306890, 3079552.101291824, 68, 38, 30, 302.86217110259, 39
51, 717604, 410664, 306940, 3079883.399855959, 95, 45, 50, 331.2985641352145, 46
1, 717716, 410706, 307010, 3080229.315168299, 112, 42, 70, 345.91531233955715, 44
1, 717771, 410761, 307010, 3080517.642149832, 55, 55, 0, 288.32698153315005, 55
1, 717821, 410811, 307010, 3080798.5569446795, 50, 50, 0, 280.9147948472494, 50
51, 717946, 410856, 307090, 3081155.1270971675, 125, 45, 80, 356.57015248821097, 47
1, 717992, 410902, 307090, 3081429.7561658816, 46, 46, 0, 274.6290687140218, 46
1, 718075, 410945, 307130, 3081749.291113811, 83, 43, 40, 319.5349479292333, 44
1, 718142, 410982, 307160, 3082050.8916690685, 67, 37, 30, 301.6005552576305, 38
1, 718222, 411022, 307200, 3082367.061425313, 80, 40, 40, 316.1697562442441, 41
51, 718337, 411057, 307280, 3082714.733642375, 115, 35, 80, 347.6722170622053, 37
1, 718375, 411095, 307280, 3082975.616021995, 38, 38, 0, 260.88237961983884, 38
1, 718408, 411128, 307280, 3083226.8941946877, 33, 33, 0, 251.27817269284301, 33
1, 718490, 411180, 307310, 3083546.3158645313, 82, 52, 30, 319.42166984345636, 53
51, 718618, 411218, 307400, 3083904.474430633, 128, 38, 90, 358.1585661014858, 40
1, 718657, 411257, 307400, 3084167.1743705766, 39, 39, 0, 262.6999399439383, 39
1, 718728, 411298, 307430, 3084473.7526813955, 71, 41, 30, 306.57831081870995, 42
1, 718770, 411340, 307430, 3084741.725670898, 42, 42, 0, 267.97298950218305, 42
51, 718866, 411386, 307480, 3085074.0425869124, 96, 46, 50, 332.31691601465747, 47
1, 718952, 411432, 307520, 3085396.86875156, 86, 46, 40, 322.82616464756694, 47
1, 719000, 411480, 307520, 3085674.68355415, 48, 48, 0, 277.8148025904985, 48
1, 719045, 411525, 307520, 3085947.6855605613, 45, 45, 0, 273.00200641113514, 45
51, 719210, 411570, 307640, 3086332.3880239828, 165, 45, 120, 384.7024634215721, 48
1, 719240, 411600, 307640, 3086577.4227559147, 30, 30, 0, 245.0347319320716, 30
1, 719307, 411637, 307670, 3086879.023311172, 67, 37, 30, 301.6005552576305, 38
1, 719344, 411674, 307670, 3087138.055882628, 37, 37, 0, 259.03257145596604, 37
51, 719438, 411718, 307720, 3087468.329608476, 94, 44, 50, 330.273725847777, 45
1, 719474, 411754, 307720, 3087725.4785827543, 36, 36, 0, 257.1489742783178, 36
1, 719586, 411796, 307790, 3088071.393895094, 112, 42, 70, 345.91531233955715, 44
1, 719627, 411837, 307790, 3088337.6378485374, 41, 41, 0, 266.24395344352433, 41
51, 719750, 411880, 307870, 3088692.462419799, 123, 43, 80, 354.8245712617827, 45
1, 719836, 411926, 307910, 3089015.2885844465, 86, 46, 40, 322.82616464756694, 47
1, 719875, 411965, 307910, 3089277.9885243904, 39, 39, 0, 262.6999399439383, 39
51, 719998, 412008, 307990, 3089632.813095652, 123, 43, 80, 354.8245712617827, 45
1, 720078, 412048, 308030, 3089948.9828518964, 80, 40, 40, 316.1697562442441, 41
1, 720119, 412089, 308030, 3090215.22680534, 41, 41, 0, 266.24395344352433, 41
1, 720206, 412136, 308070, 3090539.134386338, 87, 47, 40, 323.9075809977351, 48
1, 720270, 412170, 308100, 3090836.8770988123, 64, 34, 30, 297.742712474619, 35
51, 720355, 412205, 308150, 3091157.6141264834, 85, 35, 50, 320.73702767108114, 36
1, 720402, 412252, 308150, 3091433.847176353, 47, 47, 0, 276.2330498695885, 47
1, 720493, 412303, 308190, 3091762.006238292, 91, 51, 40, 328.1590619387661, 52
1, 720561, 412341, 308220, 3092064.8684093948, 68, 38, 30, 302.86217110259, 39
51, 720652, 412382, 308270, 3092392.0274713337, 91, 41, 50, 327.1590619387661, 42
1, 720691, 412421, 308270, 3092654.7274112776, 39, 39, 0, 262.6999399439383, 39
1, 720735, 412465, 308270, 3092926.078368968, 44, 44, 0, 271.35095769013947, 44
1, 720856, 412516, 308340, 3093280.1408480033, 121, 51, 70, 354.06247903554, 53
51, 720948, 412558, 308390, 3093608.3449494718, 92, 42, 50, 328.20410146824725, 43
1, 720987, 412597, 308390, 3093871.0448894156, 39, 39, 0, 262.6999399439383, 39
1, 721029, 412639, 308390, 3094139.017878918, 42, 42, 0, 267.97298950218305, 42
1, 721108, 412688, 308420, 3094455.0486290483, 79, 49, 30, 316.03075013013313, 50
51, 721232, 412722, 308510, 3094809.7480255966, 124, 34, 90, 354.6993965481514, 36
1, 721267, 412757, 308510, 3095064.977953506, 35, 35, 0, 255.22992790977875, 35
1, 721314, 412804, 308510, 3095341.2110033757, 47, 47, 0, 276.2330498695885, 47
1, 721390, 412840, 308550, 3095652.7701757494, 76, 36, 40, 311.5591723737189, 37
1, 721457, 412877, 308580, 3095954.370731007, 67, 37, 30, 301.6005552576305, 38
51, 721557, 412927, 308630, 3096290.698497024, 100, 50, 50, 336.327766016838, 51
1, 721627, 412967, 308660, 3096596.049257876, 70, 40, 30, 305.3507608519078, 41
1, 721661, 413001, 308660, 3096849.3228981527, 34, 34, 0, 253.2736402766418, 34
51, 721791, 413041, 308750, 3097209.187735691, 130, 40, 90, 359.86483753851803, 42
1, 721819, 413069, 308750, 3097449.82039907, 28, 28, 0, 240.63266337912057, 28
1, 721856, 413106, 308750, 3097708.852970526, 37, 37, 0, 259.03257145596604, 37
1, 721929, 413149, 308780, 3098017.854249095, 73, 43, 30, 309.00127856917646, 44
1, 721971, 413191, 308780, 3098285.8272385974, 42, 42, 0, 267.97298950218305, 42
51, 722120, 413220, 308900, 3098658.306053292, 149, 29, 120, 372.4788146945047, 32
1, 722168, 413268, 308900, 3098936.1208558823, 48, 48, 0, 277.8148025904985, 48
1, 722211, 413311, 308900, 3099205.7958160853, 43, 43, 0, 269.6749602031015, 43
1, 722254, 413354, 308900, 3099475.4707762883, 43, 43, 0, 269.6749602031015, 43
51, 722374, 413384, 308990, 3099826.645868253, 120, 30, 90, 351.1750919646873, 32
1, 722423, 413433, 308990, 3100106.0209993594, 49, 49, 0, 279.3751311064591, 49
1, 722536, 413476, 309060, 3100452.860043229, 113, 43, 70, 346.83904386951343, 45
51, 722626, 413516, 309110, 3100778.9670720533, 90, 40, 50, 326.1070288241023, 41
1, 722662, 413552, 309110, 3101036.116046332, 36, 36, 0, 257.1489742783178, 36
1, 722746, 413596, 309150, 3101356.7560567353, 84, 44, 40, 320.64001040350905, 45
51, 722843, 413643, 309200, 3101690.0849560066, 97, 47, 50, 333.3288992714996, 48
1, 722883, 413683, 309200, 3101954.5716419434, 40, 40, 0, 264.4866859365871, 40
1, 722948, 413718, 309230, 3102253.612793387, 65, 35, 30, 299.04115144336777, 36
1, 722994, 413764, 309230, 3102528.241862101, 46, 46, 0, 274.6290687140218, 46
1, 723036, 413806, 309230, 3102796.2148516034, 42, 42, 0, 267.97298950218305, 42
51, 723168, 413848, 309320, 3103157.7709740303, 132, 42, 90, 361.55612242701943, 44
1, 723241, 413891, 309350, 3103466.7722525992, 73, 43, 30, 309.00127856917646, 44
1, 723280, 413930, 309350, 3103729.472192543, 39, 39, 0, 262.6999399439383, 39
1, 723318, 413968, 309350, 3103990.354572163, 38, 38, 0, 260.88237961983884, 38
51, 723444, 414004, 309440, 3104346.7914680466, 126, 36, 90, 356.43689588345075, 38
1, 723510, 414040, 309470, 3104647.1184563236, 66, 36, 30, 300.32698827717985, 37
1, 723548, 414078, 309470, 3104908.0008359435, 38, 38, 0, 260.88237961983884, 38
1, 723617, 414117, 309500, 3105212.1129776537, 69, 39, 30, 304.1121417102006, 40
1, 723662, 414162, 309500, 3105485.114984065, 45, 45, 0, 273.00200641113514, 45
51, 723793, 414203, 309590, 3105845.8273122804, 131, 41, 90, 360.7123282155055, 43
1, 723833, 414243, 309590, 3106110.313998217, 40, 40, 0, 264.4866859365871, 40
1, 723877, 414287, 309590, 3106381.6649559075, 44, 44, 0, 271.35095769013947, 44
1, 723942, 414322, 309620, 3106680.706107351, 65, 35, 30, 299.04115144336777, 36
51, 724032, 414362, 309670, 3107006.8131361753, 90, 40, 50, 326.1070288241023, 41
1, 724123, 414413, 309710, 3107334.9721981143, 91, 51, 40, 328.1590619387661, 52
1, 724186, 414446, 309740, 3107631.4035228402, 63, 33, 30, 296.43132472612575, 34
51, 724270, 414480, 309790, 3107951.0435332437, 84, 34, 50, 319.64001040350905, 35
1, 724303, 414513, 309790, 3108202.3217059365, 33, 33, 0, 251.27817269284301, 33
1, 724386, 414556, 309830, 3108521.856653866, 83, 43, 40, 319.5349479292333, 44
51, 724508, 414598, 309910, 3108875.8022724194, 122, 42, 80, 353.9456185537469, 44
1, 724545, 414635, 309910, 3109134.8348438754, 37, 37, 0, 259.03257145596604, 37
1, 724592, 414682, 309910, 3109411.067893745, 47, 47, 0, 276.2330498695885, 47
1, 724670, 414720, 309950, 3109724.950680365, 78, 38, 40, 313.8827866200841, 39
1, 724734, 414754, 309980, 3110022.6933928393, 64, 34, 30, 297.742712474619, 35
51, 724826, 414796, 310030, 3110350.8974943077, 92, 42, 50, 328.20410146824725, 43
1, 724902, 414842, 310060, 3110663.4566666814, 76, 46, 30, 312.5591723737189, 47
1, 724944, 414884, 310060, 3110931.429656184, 42, 42, 0, 267.97298950218305, 42
1, 724987, 414927, 310060, 3111201.104616387, 43, 43, 0, 269.6749602031015, 43
1, 725092, 414962, 310130, 3111540.4132036814, 105, 35, 70, 339.30858729436795, 37
51, 725176, 414996, 310180, 3111860.053214085, 84, 34, 50, 319.64001040350905, 35
1, 725228, 415048, 310180, 3112143.988175513, 52, 52, 0, 283.93496142826496, 52
1, 725298, 415078, 310220, 3112448.338936365, 70, 30, 40, 304.3507608519078, 31
1, 725335, 415115, 310220, 3112707.371507821, 37, 37, 0, 259.03257145596604, 37
51, 725468, 415168, 310300, 3113070.7677768623, 133, 53, 80, 363.3962690412072, 55
1, 725504, 415204, 310300, 3113327.9167511407, 36, 36, 0, 257.1489742783178, 36
1, 725588, 415248, 310340, 3113648.556761544, 84, 44, 40, 320.64001040350905, 45
1, 725624, 415284, 310340, 3113905.7057358227, 36, 36, 0, 257.1489742783178, 36
1, 725704, 415324, 310380, 3114221.875492067, 80, 40, 40, 316.1697562442441, 41
51, 725799, 415369, 310430, 3114553.174056202, 95, 45, 50, 331.2985641352145, 46
1, 725900, 415400, 310500, 3114888.5894441744, 101, 31, 70, 335.41538797227, 33
1, 725947, 415447, 310500, 3115164.822494044, 47, 47, 0, 276.2330498695885, 47
1, 726019, 415489, 310530, 3115472.6175570684, 72, 42, 30, 307.79506302439404, 43
51, 726150, 415530, 310620, 3115833.329885284, 131, 41, 90, 360.7123282155055, 43
1, 726183, 415563, 310620, 3116084.6080579767, 33, 33, 0, 251.27817269284301, 33
1, 726265, 415605, 310660, 3116403.0297278203, 82, 42, 40, 318.42166984345636, 43
51, 726382, 415642, 310740, 3116752.516544619, 117, 37, 80, 349.4868167986058, 39
1, 726422, 415682, 310740, 3117017.003230556, 40, 40, 0, 264.4866859365871, 40
1, 726513, 415733, 310780, 3117345.162292495, 91, 51, 40, 328.1590619387661, 52
1, 726559, 415779, 310780, 3117619.791361209, 46, 46, 0, 274.6290687140218, 46
51, 726672, 415812, 310860, 3117965.6304050786, 113, 33, 80, 345.83904386951343, 35
1, 726714, 415854, 310860, 3118233.603394581, 42, 42, 0, 267.97298950218305, 42
1, 726761, 415901, 310860, 3118509.8364444505, 47, 47, 0, 276.2330498695885, 47
1, 726838, 415948, 310890, 3118823.5621082173, 77, 47, 30, 313.72566376652986, 48
1, 726914, 415984, 310930, 3119135.121280591, 76, 36, 40, 311.5591723737189, 37
51, 727013, 416033, 310980, 3119470.455495144, 99, 49, 50, 335.33421455299043, 50
1, 727062, 416082, 310980, 3119749.8306262502, 49, 49, 0, 279.3751311064591, 49
1, 727092, 416112, 310980, 3119994.865358182, 30, 30, 0, 245.0347319320716, 30
1, 727162, 416152, 311010, 3120300.216119034, 70, 40, 30, 305.3507608519078, 41
1, 727200, 416190, 311010, 3120561.098498654, 38, 38, 0, 260.88237961983884, 38
51, 727369, 416239, 311130, 3120948.7536262004, 169, 49, 120, 387.65512754639894, 52
1, 727406, 416276, 311130, 3121207.7861976563, 37, 37, 0, 259.03257145596604, 37
1, 727442, 416312, 311130, 3121464.935171935, 36, 36, 0, 257.1489742783178, 36
1, 727479, 416349, 311130, 3121723.9677433907, 37, 37, 0, 259.03257145596604, 37
51, 727596, 416386, 311210, 3122073.4545601895, 117, 37, 80, 349.4868167986058, 39
1, 727677, 416427, 311250, 3122390.7545601893, 81, 41, 40, 317.3, 42
1, 727748, 416468, 311280, 3122697.332871008, 71, 41, 30, 306.57831081870995, 42
1, 727782, 416502, 311280, 3122950.606511285, 34, 34, 0, 253.2736402766418, 34
51, 727909, 416549, 311360, 3123308.906193584, 127, 47, 80, 358.2996822992933, 49
1, 727946, 416586, 311360, 3123567.93876504, 37, 37, 0, 259.03257145596604, 37
1, 728068, 416638, 311430, 3123922.8843835937, 122, 52, 70, 354.9456185537469, 54
1, 728103, 416673, 311430, 3124178.1143115032, 35, 35, 0, 255.22992790977875, 35
51, 728195, 416715, 311480, 3124506.3184129717, 92, 42, 50, 328.20410146824725, 43
1, 728229, 416749, 311480, 3124759.5920532485, 34, 34, 0, 253.2736402766418, 34
1, 728312, 416792, 311520, 3125079.127001178, 83, 43, 40, 319.5349479292333, 44
1, 728349, 416829, 311520, 3125338.159572634, 37, 37, 0, 259.03257145596604, 37
1, 728423, 416873, 311550, 3125648.3567814007, 74, 44, 30, 310.1972087668518, 45
51, 728549, 416909, 311640, 3126004.7936772844, 126, 36, 90, 356.43689588345075, 38
1, 728582, 416942, 311640, 3126256.071849977, 33, 33, 0, 251.27817269284301, 33
1, 728657, 416987, 311670, 3126567.4549456155, 75, 45, 30, 311.38309563827124, 46
1, 728698, 417028, 311670, 3126833.698899059, 41, 41, 0, 266.24395344352433, 41
51, 728834, 417074, 311760, 3127198.5941960937, 136, 46, 90, 364.89529703482884, 48
1, 728871, 417111, 311760, 3127457.6267675497, 37, 37, 0, 259.03257145596604, 37
1, 728912, 417152, 311760, 3127723.8707209933, 41, 41, 0, 266.24395344352433, 41
1, 728950, 417190, 311760, 3127984.753100613, 38, 38, 0, 260.88237961983884, 38
1, 729025, 417235, 311790, 3128296.1361962515, 75, 45, 30, 311.38309563827124, 46
51, 729113, 417273, 311840, 3128620.1176276123, 88, 38, 50, 323.98143136087856, 39
1, 729200, 417320, 311880, 3128944.02520861, 87, 47, 40, 323.9075809977351, 48
1, 729231, 417351, 311880, 3129191.1863147873, 31, 31, 0, 247.1611061770567, 31
1, 729270, 417390, 311880, 3129453.886254731, 39, 39, 0, 262.6999399439383, 39
51, 729383, 417423, 311960, 3129799.7252986007, 113, 33, 80, 345.83904386951343, 35
1, 729466, 417466, 312000, 3130119.26024653, 83, 43, 40, 319.5349479292333, 44
1, 729515, 417515, 312000, 3130398.6353776366, 49, 49, 0, 279.3751311064591, 49
1, 729589, 417559, 312030, 3130708.8325864035, 74, 44, 30, 310.1972087668518, 45
51, 729726, 417606, 312120, 3131074.5539086084, 137, 47, 90, 365.72132220485213, 49
1, 729793, 417643, 312150, 3131376.154463866, 67, 37, 30, 301.6005552576305, 38
1, 729828, 417678, 312150, 3131631.3843917754, 35, 35, 0, 255.22992790977875, 35
1, 729904, 417714, 312190, 3131942.943564149, 76, 36, 40, 311.5591723737189, 37
1, 729968, 417748, 312220, 3132240.6862766235, 64, 34, 30, 297.742712474619, 35
51, 730099, 417789, 312310, 3132601.398604839, 131, 41, 90, 360.7123282155055, 43
1, 730150, 417840, 312310, 3132883.8331166175, 51, 51, 0, 282.43451177837886, 51
1, 730184, 417874, 312310, 3133137.1067568944, 34, 34, 0, 253.2736402766418, 34
1, 730257, 417917, 312340, 3133446.1080354634, 73, 43, 30, 309.00127856917646, 44
51, 730384, 417954, 312430, 3133803.4077177625, 127, 37, 90, 357.2996822992933, 39
1, 730429, 417999, 312430, 3134076.4097241736, 45, 45, 0, 273.00200641113514, 45
1, 730480, 418050, 312430, 3134358.844235952, 51, 51, 0, 282.43451177837886, 51
1, 730571, 418101, 312470, 3134687.003297891, 91, 51, 40, 328.1590619387661, 52
51, 730657, 418137, 312520, 3135008.8294625385, 86, 36, 50, 321.82616464756694, 37
1, 730728, 418178, 312550, 3135315.4077733574, 71, 41, 30, 306.57831081870995, 42
1, 730766, 418216, 312550, 3135576.290152977, 38, 38, 0, 260.88237961983884, 38
51, 730900, 418260, 312640, 3135939.5229688957, 134, 44, 90, 363.23281591860336, 46
1, 730966, 418296, 312670, 3136239.8499571728, 66, 36, 30, 300.32698827717985, 37
1, 730990, 418320, 312670, 3136470.9863411128, 24, 24, 0, 231.13638394006432, 24
1, 731066, 418356, 312710, 3136782.5455134865, 76, 36, 40, 311.5591723737189, 37
1, 731094, 418384, 312710, 3137023.1781768654, 28, 28, 0, 240.63266337912057, 28
51, 731183, 418423, 312760, 3137348.2260424295, 89, 39, 50, 325.0478655640733, 40
1, 731217, 418457, 312760, 3137601.4996827063, 34, 34, 0, 253.2736402766418, 34
1, 731290, 418500, 312790, 3137910.5009612753, 73, 43, 30, 309.00127856917646, 44
1, 731366, 418536, 312830, 3138222.060133649, 76, 36, 40, 311.5591723737189, 37
51, 731458, 418578, 312880, 3138550.2642351175, 92, 42, 50, 328.20410146824725, 43
1, 731533, 418623, 312910, 3138861.647330756, 75, 45, 30, 311.38309563827124, 46
1, 731574, 418664, 312910, 3139127.8912841994, 41, 41, 0, 266.24395344352433, 41
1, 731619, 418709, 312910, 3139400.8932906105, 45, 45, 0, 273.00200641113514, 45
51, 731710, 418750, 312960, 3139728.0523525495, 91, 41, 50, 327.1590619387661, 42
1, 731789, 418789, 313000, 3140043.08310268, 79, 39, 40, 315.03075013013313, 40
1, 731857, 418827, 313030, 3140345.9452737826, 68, 38, 30, 302.86217110259, 39
1, 731905, 418875, 313030, 3140623.760076373, 48, 48, 0, 277.8148025904985, 48
51, 732037, 418917, 313120, 3140985.3161987998, 132, 42, 90, 361.55612242701943, 44
1, 732105, 418955, 313150, 3141288.1783699025, 68, 38, 30, 302.86217110259, 39
1, 732150, 419000, 313150, 3141561.1803763136, 45, 45, 0, 273.00200641113514, 45
1, 732187, 419037, 313150, 3141820.2129477696, 37, 37, 0, 259.03257145596604, 37
51, 732279, 419079, 313200, 3142148.417049238, 92, 42, 50, 328.20410146824725, 43
1, 732400, 419130, 313270, 3142502.4795282735, 121, 51, 70, 354.06247903554, 53
1, 732438, 419168, 313270, 3142763.3619078933, 38, 38, 0, 260.88237961983884, 38
1, 732485, 419215, 313270, 3143039.594957763, 47, 47, 0, 276.2330498695885, 47
1, 732570, 419260, 313310, 3143361.331985434, 85, 45, 40, 321.73702767108114, 46
51, 732660, 419300, 313360, 3143687.4390142583, 90, 40, 50, 326.1070288241023, 41
1, 732733, 419333, 313400, 3143995.4402928273, 73, 33, 40, 308.00127856917646, 34
1, 732802, 419372, 313430, 3144299.5524345376, 69, 39, 30, 304.1121417102006, 40
1, 732851, 419421, 313430, 3144578.927565644, 49, 49, 0, 279.3751311064591, 49
51, 732948, 419468, 313480, 3144912.2564649154, 97, 47, 50, 333.3288992714996, 48
1, 733030, 419510, 313520, 3145230.678134759, 82, 42, 40, 318.42166984345636, 43
1, 733078, 419558, 313520, 3145508.4929373492, 48, 48, 0, 277.8148025904985, 48
1, 733140, 419590, 313550, 3145803.5995636787, 62, 32, 30, 295.1066263296683, 33
51, 733271, 419631, 313640, 3146164.3118918943, 131, 41, 90, 360.7123282155055, 43
1, 733306, 419666, 313640, 3146419.541819804, 35, 35, 0, 255.22992790977875, 35
1, 733344, 419704, 313640, 3146680.4241994238, 38, 38, 0, 260.88237961983884, 38
1, 733385, 419745, 313640, 3146946.6681528674, 41, 41, 0, 266.24395344352433, 41
1, 733462, 419782, 313680, 3147259.393816634, 77, 37, 40, 312.72566376652986, 38
51, 733584, 419824, 313760, 3147613.3394351876, 122, 42, 80, 353.9456185537469, 44
1, 733612, 419852, 313760, 3147853.9720985666, 28, 28, 0, 240.63266337912057, 28
1, 733686, 419896, 313790, 3148164.1693073334, 74, 44, 30, 310.1972087668518, 45
1, 733765, 419935, 313830, 3148479.2000574637, 79, 39, 40, 315.03075013013313, 40
1, 733805, 419975, 313830, 3148743.6867434005, 40, 40, 0, 264.4866859365871, 40
51, 733895, 420015, 313880, 3149069.793772225, 90, 40, 50, 326.1070288241023, 41
1, 733966, 420056, 313910, 3149376.3720830437, 71, 41, 30, 306.57831081870995, 42
1, 734048, 420098, 313950, 3149694.7937528873, 82, 42, 40, 318.42166984345636, 43
51, 734132, 420132, 314000, 3150014.4337632908, 84, 34, 50, 319.64001040350905, 35
1, 734172, 420172, 314000, 3150278.9204492276, 40, 40, 0, 264.4866859365871, 40
1, 734212, 420212, 314000, 3150543.4071351644, 40, 40, 0, 264.4866859365871, 40
1, 734321, 420251, 314070, 3150886.521766664, 109, 39, 70, 343.114631499574, 41
51, 734408, 420288, 314120, 3151209.429347662, 87, 37, 50, 322.9075809977351, 38
1, 734473, 420323, 314150, 3151508.4704991053, 65, 35, 30, 299.04115144336777, 36
1, 734503, 420353, 314150, 3151753.5052310373, 30, 30, 0, 245.0347319320716, 30
1, 734540, 420390, 314150, 3152012.537802493, 37, 37, 0, 259.03257145596604, 37
51, 734679, 420439, 314240, 3152379.9009647947, 139, 49, 90, 367.36316230125203, 51
1, 734753, 420483, 314270, 3152690.0981735615, 74, 44, 30, 310.1972087668518, 45
1, 734799, 420529, 314270, 3152964.7272422756, 46, 46, 0, 274.6290687140218, 46
1, 734841, 420571, 314270, 3153232.700231778, 42, 42, 0, 267.97298950218305, 42
1, 734922, 420612, 314310, 3153550.000231778, 81, 41, 40, 317.3, 42
51, 735054, 420664, 314390, 3153912.5563542047, 132, 52, 80, 362.55612242701943, 54
1, 735089, 420699, 314390, 3154167.786282114, 35, 35, 0, 255.22992790977875, 35
1, 735121, 420731, 314390, 3154417.027705115, 32, 32, 0, 249.24142300054422, 32
1, 735202, 420772, 314430, 3154734.3277051146, 81, 41, 40, 317.3, 42
51, 735323, 420813, 314510, 3155087.39018415, 121, 41, 80, 353.06247903554, 43
1, 735403, 420853, 314550, 3155403.5599403945, 80, 40, 40, 316.1697562442441, 41
1, 735475, 420895, 314580, 3155711.355003419, 72, 42, 30, 307.79506302439404, 43
51, 735568, 420938, 314630, 3156040.597283326, 93, 43, 50, 329.24227990714814, 44
1, 735600, 420970, 314630, 3156289.8387063267, 32, 32, 0, 249.24142300054422, 32
1, 735673, 421003, 314670, 3156597.8399848957, 73, 33, 40, 308.00127856917646, 34
1, 735715, 421045, 314670, 3156865.812974398, 42, 42, 0, 267.97298950218305, 42
1, 735785, 421085, 314700, 3157171.16373525, 70, 40, 30, 305.3507608519078, 41
51, 735876, 421126, 314750, 3157498.322797189, 91, 41, 50, 327.1590619387661, 42
1, 735918, 421168, 314750, 3157766.2957866914, 42, 42, 0, 267.97298950218305, 42
1, 735994, 421204, 314790, 3158077.854959065, 76, 36, 40, 311.5591723737189, 37
1, 736036, 421246, 314790, 3158345.8279485675, 42, 42, 0, 267.97298950218305, 42
51, 736138, 421298, 314840, 3158684.1251313486, 102, 52, 50, 338.29718278112654, 53
1, 736203, 421333, 314870, 3158983.166282792, 65, 35, 30, 299.04115144336777, 36
1, 736248, 421378, 314870, 3159256.168289203, 45, 45, 0, 273.00200641113514, 45
1, 736279, 421409, 314870, 3159503.3293953803, 31, 31, 0, 247.1611061770567, 31
51, 736412, 421452, 314960, 3159865.7256644215, 133, 43, 90, 362.3962690412072, 45
1, 736461, 421501, 314960, 3160145.100795528, 49, 49, 0, 279.3751311064591, 49
1, 736535, 421545, 314990, 3160455.2980042947, 74, 44, 30, 310.1972087668518, 45
1, 736572, 421582, 314990, 3160714.3305757507, 37, 37, 0, 259.03257145596604, 37
51, 736702, 421622, 315080, 3161074.195413289, 130, 40, 90, 359.86483753851803, 42
1, 736749, 421669, 315080, 3161350.4284631587, 47, 47, 0, 276.2330498695885, 47
1, 736851, 421701, 315150, 3161686.82564594, 102, 32, 70, 336.39718278112656, 34
1, 736888, 421738, 315150, 3161945.858217396, 37, 37, 0, 259.03257145596604, 37
51, 736973, 421773, 315200, 3162266.595245067, 85, 35, 50, 320.73702767108114, 36
1, 737025, 421825, 315200, 3162550.5302064954, 52, 52, 0, 283.93496142826496, 52
1, 737094, 421864, 315230, 3162854.6423482057, 69, 39, 30, 304.1121417102006, 40
1, 737175, 421905, 315270, 3163171.9423482055, 81, 41, 40, 317.3, 42
1, 737212, 421942, 315270, 3163430.9749196614, 37, 37, 0, 259.03257145596604, 37
51, 737297, 421977, 315320, 3163751.7119473326, 85, 35, 50, 320.73702767108114, 36
1, 737385, 422025, 315360, 3164076.6933786934, 88, 48, 40, 324.98143136087856, 49
1, 737436, 422076, 315360, 3164359.127890472, 51, 51, 0, 282.43451177837886, 51
1, 737512, 422122, 315390, 3164671.6870628456, 76, 46, 30, 312.5591723737189, 47
1, 737550, 422160, 315390, 3164932.5694424654, 38, 38, 0, 260.88237961983884, 38
51, 737681, 422201, 315480, 3165293.281770681, 131, 41, 90, 360.7123282155055, 43
1, 737725, 422245, 315480, 3165564.6327283713, 44, 44, 0, 271.35095769013947, 44
1, 737782, 422272, 315510, 3165852.902348877, 57, 27, 30, 288.2696205054472, 28
1, 737814, 422304, 315510, 3166102.1437718775, 32, 32, 0, 249.24142300054422, 32
51, 737902, 422342, 315560, 3166426.1252032383, 88, 38, 50, 323.98143136087856, 39
1, 737969, 422379, 315590, 3166727.7257584957, 67, 37, 30, 301.6005552576305, 38
1, 738052, 422422, 315630, 3167047.260706425, 83, 43, 40, 319.5349479292333, 44
1, 738095, 422465, 315630, 3167316.935666628, 43, 43, 0, 269.6749602031015, 43
51, 738182, 422502, 315680, 3167639.843247626, 87, 37, 50, 322.9075809977351, 38
1, 738224, 422544, 315680, 3167907.8162371283, 42, 42, 0, 267.97298950218305, 42
1, 738298, 422588, 315710, 3168218.013445895, 74, 44, 30, 310.1972087668518, 45
1, 738339, 422629, 315710, 3168484.2573993388, 41, 41, 0, 266.24395344352433, 41
51, 738462, 422662, 315800, 3168838.0819706004, 123, 33, 90, 353.8245712617827, 35
1, 738520, 422690, 315830, 3169127.7488727076, 58, 28, 30, 289.66690210718946, 29
1, 738595, 422725, 315870, 3169438.131968346, 75, 35, 40, 310.38309563827124, 36
1, 738667, 422767, 315900, 3169745.9270313703, 72, 42, 30, 307.79506302439404, 43
1, 738710, 422810, 315900, 3170015.6019915733, 43, 43, 0, 269.6749602031015, 43
51, 738826, 422846, 315980, 3170364.1837950647, 116, 36, 80, 348.5818034911291, 38
1, 738915, 422895, 316020, 3170690.2316606287, 89, 49, 40, 326.0478655640733, 50
1, 738957, 422937, 316020, 3170958.204650131, 42, 42, 0, 267.97298950218305, 42
1, 739025, 422975, 316050, 3171261.066821234, 68, 38, 30, 302.86217110259, 39
51, 739150, 423010, 316140, 3171616.636973722, 125, 35, 90, 355.57015248821097, 37
1, 739219, 423049, 316170, 3171920.749115432, 69, 39, 30, 304.1121417102006, 40
1, 739273, 423103, 316170, 3172207.629716515, 54, 54, 0, 286.88060108295343, 54
1, 739345, 423145, 316200, 3172515.4247795395, 72, 42, 30, 307.79506302439404, 43
1, 739383, 423183, 316200, 3172776.3071591593, 38, 38, 0, 260.88237961983884, 38
51, 739516, 423226, 316290, 3173138.7034282004, 133, 43, 90, 362.3962690412072, 45
1, 739557, 423267, 316290, 3173404.947381644, 41, 41, 0, 266.24395344352433, 41
1, 739597, 423307, 316290, 3173669.434067581, 40, 40, 0, 264.4866859365871, 40
1, 739662, 423342, 316320, 3173968.4752190243, 65, 35, 30, 299.04115144336777, 36
51, 739751, 423381, 316370, 3174293.5230845883, 89, 39, 50, 325.0478655640733, 40
1, 739850, 423440, 316410, 3174629.857299141, 99, 59, 40, 336.33421455299043, 60
1, 739885, 423475, 316410, 3174885.0872270507, 35, 35, 0, 255.22992790977875, 35
1, 739918, 423508, 316410, 3175136.3653997434, 33, 33, 0, 251.27817269284301, 33
51, 740047, 423557, 316490, 3175496.3790002344, 129, 49, 80, 360.01360049114555, 51
1, 740091, 423601, 316490, 3175767.7299579247, 44, 44, 0, 271.35095769013947, 44
1, 740164, 423634, 316530, 3176075.7312364937, 73, 33, 40, 308.00127856917646, 34
51, 740284, 423674, 316610, 3176427.9063284583, 120, 40, 80, 352.1750919646873, 42
1, 740322, 423712, 316610, 3176688.788708078, 38, 38, 0, 260.88237961983884, 38
1, 740357, 423747, 316610, 3176944.018635988, 35, 35, 0, 255.22992790977875, 35
1, 740439, 423789, 316650, 3177262.4403058314, 82, 42, 40, 318.42166984345636, 43
51, 740528, 423828, 316700, 3177587.4881713954, 89, 39, 50, 325.0478655640733, 40
1, 740612, 423872, 316740, 3177908.128181799, 84, 44, 40, 320.64001040350905, 45
1, 740683, 423913, 316770, 3178214.7064926177, 71, 41, 30, 306.57831081870995, 42
1, 740725, 423955, 316770, 3178482.67948212, 42, 42, 0, 267.97298950218305, 42
51, 740865, 424005, 316860, 3178850.8585449453, 140, 50, 90, 368.1790628250393, 52
1, 740911, 424051, 316860, 3179125.4876136594, 46, 46, 0, 274.6290687140218, 46
1, 740954, 424094, 316860, 3179395.1625738624, 43, 43, 0, 269.6749602031015, 43
51, 741121, 424141, 316980, 3179781.3462032992, 167, 47, 120, 386.1836294370035, 50
1, 741158, 424178, 316980, 3180040.378774755, 37, 37, 0, 259.03257145596604, 37
1, 741205, 424225, 316980, 3180316.6118246247, 47, 47, 0, 276.2330498695885, 47
1, 741241, 424261, 316980, 3180573.760798903, 36, 36, 0, 257.1489742783178, 36
51, 741323, 424293, 317030, 3180891.182468747, 82, 32, 50, 317.42166984345636, 33
1, 741435, 424335, 317100, 3181237.0977810863, 112, 42, 70, 345.91531233955715, 44
1, 741465, 424365, 317100, 3181482.1325130183, 30, 30, 0, 245.0347319320716, 30
51, 741553, 424403, 317150, 3181806.113944379, 88, 38, 50, 323.98143136087856, 39
1, 741624, 424444, 317180, 3182112.692255198, 71, 41, 30, 306.57831081870995, 42
1, 741657, 424477, 317180, 3182363.970427891, 33, 33, 0, 251.27817269284301, 33
51, 741784, 424514, 317270, 3182721.27011019, 127, 37, 90, 357.2996822992933, 39
1, 741811, 424541, 317270, 3182959.6208158853, 27, 27, 0, 238.35070569547776, 27
1, 741877, 424577, 317300, 3183259.9478041623, 66, 36, 30, 300.32698827717985, 37
1, 741926, 424626, 317300, 3183539.3229352687, 49, 49, 0, 279.3751311064591, 49
51, 742053, 424663, 317390, 3183896.622617568, 127, 37, 90, 357.2996822992933, 39
1, 742121, 424701, 317420, 3184199.4847886707, 68, 38, 30, 302.86217110259, 39
1, 742147, 424727, 317420, 3184435.494875106, 26, 26, 0, 236.01008643532256, 26
1, 742181, 424761, 317420, 3184688.768515383, 34, 34, 0, 253.2736402766418, 34
51, 742307, 424797, 317510, 3185045.2054112665, 126, 36, 90, 356.43689588345075, 38
1, 742375, 424835, 317540, 3185348.0675823693, 68, 38, 30, 302.86217110259, 39
1, 742407, 424867, 317540, 3185597.30900537, 32, 32, 0, 249.24142300054422, 32
1, 742449, 424909, 317540, 3185865.2819948723, 42, 42, 0, 267.97298950218305, 42
51, 742536, 424946, 317590, 3186188.18957587, 87, 37, 50, 322.9075809977351, 38
1, 742642, 424982, 317660, 3186528.45761948, 106, 36, 70, 340.2680436096278, 38
1, 742683, 425023, 317660, 3186794.7015729235, 41, 41, 0, 266.24395344352433, 41
1, 742723, 425063, 317660, 3187059.1882588603, 40, 40, 0, 264.4866859365871, 40
1, 742766, 425106, 317660, 3187328.8632190633, 43, 43, 0, 269.6749602031015, 43
51, 742894, 425144, 317750, 3187687.0217851647, 128, 38, 90, 358.1585661014858, 40
1, 742939, 425189, 317750, 3187960.023791576, 45, 45, 0, 273.00200641113514, 45
1, 743011, 425231, 317780, 3188267.8188546, 72, 42, 30, 307.79506302439404, 43
1, 743084, 425264, 317820, 3188575.820133169, 73, 33, 40, 308.00127856917646, 34
51, 743201, 425301, 317900, 3188925.306949968, 117, 37, 80, 349.4868167986058, 39
1, 743244, 425344, 317900, 3189194.981910171, 43, 43, 0, 269.6749602031015, 43
1, 743281, 425381, 317900, 3189454.014481627, 37, 37, 0, 259.03257145596604, 37
1, 743322, 425422, 317900, 3189720.2584350705, 41, 41, 0, 266.24395344352433, 41
1, 743408, 425438, 317970, 3190040.184599718, 86, 16, 70, 319.9261646475669, 18
51, 743494, 425474, 318020, 3190362.0107643656, 86, 36, 50, 321.82616464756694, 37
1, 743534, 425514, 318020, 3190626.4974503024, 40, 40, 0, 264.4866859365871, 40
1, 743610, 425550, 318060, 3190938.056622676, 76, 36, 40, 311.5591723737189, 37
1, 743646, 425586, 318060, 3191195.2055969546, 36, 36, 0, 257.1489742783178, 36
51, 743737, 425627, 318110, 3191522.3646588936, 91, 41, 50, 327.1590619387661, 42
1, 743842, 425662, 318180, 3191861.673246188, 105, 35, 70, 339.30858729436795, 37
1, 743884, 425704, 318180, 3192129.6462356905, 42, 42, 0, 267.97298950218305, 42
1, 743927, 425747, 318180, 3192399.3211958935, 43, 43, 0, 269.6749602031015, 43
1, 743961, 425781, 318180, 3192652.5948361703, 34, 34, 0, 253.2736402766418, 34
51, 744055, 425825, 318230, 3192982.868562018, 94, 44, 50, 330.273725847777, 45
1, 744133, 425863, 318270, 3193296.751348638, 78, 38, 40, 313.8827866200841, 39
1, 744198, 425898, 318300, 3193595.7925000815, 65, 35, 30, 299.04115144336777, 36
1, 744272, 425932, 318340, 3193904.9897088483, 74, 34, 40, 309.1972087668518, 35
1, 744312, 425972, 318340, 3194169.476394785, 40, 40, 0, 264.4866859365871, 40
51, 744400, 426010, 318390, 3194493.457826146, 88, 38, 50, 323.98143136087856, 39
1, 744458, 426038, 318420, 3194783.124728253, 58, 28, 30, 289.66690210718946, 29
1, 744540, 426080, 318460, 3195101.5463980967, 82, 42, 40, 318.42166984345636, 43
1, 744585, 426125, 318460, 3195374.548404508, 45, 45, 0, 273.00200641113514, 45
1, 744655, 426165, 318490, 3195679.89916536, 70, 40, 30, 305.3507608519078, 41
51, 744778, 426198, 318580, 3196033.7237366214, 123, 33, 90, 353.8245712617827, 35
1, 744816, 426236, 318580, 3196294.6061162413, 38, 38, 0, 260.88237961983884, 38
1, 744845, 426265, 318580, 3196537.465694952, 29, 29, 0, 242.8595787106084, 29
1, 744932, 426312, 318620, 3196861.3732759496, 87, 47, 40, 323.9075809977351, 48
51, 745026, 426356, 318670, 3197191.6470017973, 94, 44, 50, 330.273725847777, 45
1, 745103, 426403, 318700, 3197505.372665564, 77, 47, 30, 313.72566376652986, 48
1, 745187, 426447, 318740, 3197826.0126759675, 84, 44, 40, 320.64001040350905, 45
1, 745263, 426493, 318770, 3198138.5718483413, 76, 46, 30, 312.5591723737189, 47
1, 745348, 426538, 318810, 3198460.3088760125, 85, 45, 40, 321.73702767108114, 46
51, 745435, 426575, 318860, 3198783.2164570102, 87, 37, 50, 322.9075809977351, 38
1, 745470, 426610, 318860, 3199038.44638492, 35, 35, 0, 255.22992790977875, 35
1, 745509, 426649, 318860, 3199301.1463248637, 39, 39, 0, 262.6999399439383, 39
1, 745546, 426686, 318860, 3199560.1788963196, 37, 37, 0, 259.03257145596604, 37
1, 745654, 426724, 318930, 3199902.3498758664, 108, 38, 70, 342.1709795470626, 40
51, 745744, 426764, 318980, 3200228.4569046907, 90, 40, 50, 326.1070288241023, 41
1, 745779, 426799, 318980, 3200483.6868326003, 35, 35, 0, 255.22992790977875, 35
1, 745889, 426839, 319050, 3200827.7400166467, 110, 40, 70, 344.0531840464366, 42
1, 745936, 426886, 319050, 3201103.973066516, 47, 47, 0, 276.2330498695885, 47
51, 746059, 426929, 319130, 3201458.797637778, 123, 43, 80, 354.8245712617827, 45
1, 746098, 426968, 319130, 3201721.4975777217, 39, 39, 0, 262.6999399439383, 39
1, 746139, 427009, 319130, 3201987.7415311653, 41, 41, 0, 266.24395344352433, 41
1, 746242, 427042, 319200, 3202325.114781221, 103, 33, 70, 337.37325005549695, 35
51, 746328, 427078, 319250, 3202646.9409458684, 86, 36, 50, 321.82616464756694, 37
1, 746359, 427109, 319250, 3202894.1020520455, 31, 31, 0, 247.1611061770567, 31
1, 746430, 427150, 319280, 3203200.6803628644, 71, 41, 30, 306.57831081870995, 42
1, 746469, 427189, 319280, 3203463.3803028082, 39, 39, 0, 262.6999399439383, 39
1, 746544, 427224, 319320, 3203773.7633984466, 75, 35, 40, 310.38309563827124, 36
51, 746648, 427278, 319370, 3204114.007085204, 104, 54, 50, 340.243686757474, 55
1, 746696, 427326, 319370, 3204391.8218877944, 48, 48, 0, 277.8148025904985, 48
1, 746733, 427363, 319370, 3204650.8544592503, 37, 37, 0, 259.03257145596604, 37
1, 746801, 427401, 319400, 3204953.716630353, 68, 38, 30, 302.86217110259, 39
1, 746837, 427437, 319400, 3205210.8656046316, 36, 36, 0, 257.1489742783178, 36
51, 746995, 427475, 319520, 3205590.3048138875, 158, 38, 120, 379.43920925585275, 41
1, 747036, 427516, 319520, 3205856.548767331, 41, 41, 0, 266.24395344352433, 41
1, 747101, 427551, 319550, 3206155.5899187746, 65, 35, 30, 299.04115144336777, 36
1, 747178, 427588, 319590, 3206468.3155825413, 77, 37, 40, 312.72566376652986, 38
51, 747265, 427625, 319640, 3206791.223163539, 87, 37, 50, 322.9075809977351, 38
1, 747309, 427669, 319640, 3207062.5741212294, 44, 44, 0, 271.35095769013947, 44
1, 747343, 427703, 319640, 3207315.847761506, 34, 34, 0, 253.2736402766418, 34
1, 747426, 427746, 319680, 3207635.3827094357, 83, 43, 40, 319.5349479292333, 44
51, 747548, 427788, 319760, 3207989.328327989, 122, 42, 80, 353.9456185537469, 44
1, 747589, 427829, 319760, 3208255.572281433, 41, 41, 0, 266.24395344352433, 41
1, 747627, 427867, 319760, 3208516.4546610527, 38, 38, 0, 260.88237961983884, 38
51, 747726, 427916, 319810, 3208851.7888756054, 99, 49, 50, 335.33421455299043, 50
1, 747768, 427958, 319810, 3209119.761865108, 42, 42, 0, 267.97298950218305, 42
1, 747874, 427994, 319880, 3209460.0299087176, 106, 36, 70, 340.2680436096278, 38
1, 747914, 428034, 319880, 3209724.5165946544, 40, 40, 0, 264.4866859365871, 40
51, 748043, 428083, 319960, 3210084.5301951454, 129, 49, 80, 360.01360049114555, 51
1, 748085, 428125, 319960, 3210352.5031846478, 42, 42, 0, 267.97298950218305, 42
1, 748165, 428165, 320000, 3210668.672940892, 80, 40, 40, 316.1697562442441, 41
51, 748270, 428220, 320050, 3211009.8815281866, 105, 55, 50, 341.208587294368, 56
1, 748309, 428259, 320050, 3211272.5814681305, 39, 39, 0, 262.6999399439383, 39
1, 748387, 428297, 320090, 3211586.4642547504, 78, 38, 40, 313.8827866200841, 39
1, 748461, 428341, 320120, 3211896.661463517, 74, 44, 30, 310.1972087668518, 45
51, 748591, 428381, 320210, 3212256.5263010557, 130, 40, 90, 359.86483753851803, 42
1, 748662, 428422, 320240, 3212563.1046118746, 71, 41, 30, 306.57831081870995, 42
1, 748700, 428460, 320240, 3212823.9869914944, 38, 38, 0, 260.88237961983884, 38
51, 748821, 428501, 320320, 3213177.04947053, 121, 41, 80, 353.06247903554, 43
1, 748905, 428545, 320360, 3213497.6894809334, 84, 44, 40, 320.64001040350905, 45
1, 748942, 428582, 320360, 3213756.7220523893, 37, 37, 0, 259.03257145596604, 37
1, 749010, 428620, 320390, 3214059.584223492, 68, 38, 30, 302.86217110259, 39
51, 749107, 428667, 320440, 3214392.9131227634, 97, 47, 50, 333.3288992714996, 48
1, 749199, 428719, 320480, 3214722.117224232, 92, 52, 40, 329.20410146824725, 53
1, 749247, 428767, 320480, 3214999.932026822, 48, 48, 0, 277.8148025904985, 48
1, 749324, 428804, 320520, 3215312.657690589, 77, 37, 40, 312.72566376652986, 38
51, 749443, 428843, 320600, 3215663.941085791, 119, 39, 80, 351.28339520229764, 41
1, 749495, 428895, 320600, 3215947.8760472196, 52, 52, 0, 283.93496142826496, 52
1, 749574, 428944, 320630, 3216263.90679735, 79, 49, 30, 316.03075013013313, 50
1, 749601, 428971, 320630, 3216502.2575030453, 27, 27, 0, 238.35070569547776, 27
51, 749740, 429020, 320720, 3216869.6206653467, 139, 49, 90, 367.36316230125203, 51
1, 749780, 429060, 320720, 3217134.1073512835, 40, 40, 0, 264.4866859365871, 40
1, 749844, 429094, 320750, 3217431.850063758, 64, 34, 30, 297.742712474619, 35
1, 749878, 429128, 320750, 3217685.123704035, 34, 34, 0, 253.2736402766418, 34
51, 749973, 429173, 320800, 3218016.42226817, 95, 45, 50, 331.2985641352145, 46
1, 750056, 429216, 320840, 3218335.9572160994, 83, 43, 40, 319.5349479292333, 44
1, 750093, 429253, 320840, 3218594.9897875553, 37, 37, 0, 259.03257145596604, 37
1, 750125, 429285, 320840, 3218844.231210556, 32, 32, 0, 249.24142300054422, 32
51, 750246, 429326, 320920, 3219197.2936895913, 121, 41, 80, 353.06247903554, 43
1, 750328, 429368, 320960, 3219515.715359435, 82, 42, 40, 318.42166984345636, 43
1, 750370, 429410, 320960, 3219783.6883489373, 42, 42, 0, 267.97298950218305, 42
1, 750403, 429443, 320960, 3220034.96652163, 33, 33, 0, 251.27817269284301, 33
51, 750509, 429499, 321010, 3220377.13456524, 106, 56, 50, 342.16804360962783, 57
1, 750602, 429552, 321050, 3220707.376845147, 93, 53, 40, 330.24227990714814, 54
1, 750673, 429593, 321080, 3221013.955155966, 71, 41, 30, 306.57831081870995, 42
1, 750714, 429634, 321080, 3221280.1991094095, 41, 41, 0, 266.24395344352433, 41
51, 750868, 429668, 321200, 3221656.572776407, 154, 34, 120, 376.37366699756114, 37
1, 750905, 429705, 321200, 3221915.605347863, 37, 37, 0, 259.03257145596604, 37
1, 750950, 429750, 321200, 3222188.607354274, 45, 45, 0, 273.00200641113514, 45
1, 751021, 429791, 321230, 3222495.185665093, 71, 41, 30, 306.57831081870995, 42
51, 751155, 429835, 321320, 3222858.4184810114, 134, 44, 90, 363.23281591860336, 46
1, 751194, 429874, 321320, 3223121.1184209553, 39, 39, 0, 262.6999399439383, 39
1, 751234, 429914, 321320, 3223385.605106892, 40, 40, 0, 264.4866859365871, 40
1, 751275, 429955, 321320, 3223651.8490603357, 41, 41, 0, 266.24395344352433, 41
1, 751346, 429996, 321350, 3223958.4273711545, 71, 41, 30, 306.57831081870995, 42
51, 751482, 430042, 321440, 3224323.322668189, 136, 46, 90, 364.89529703482884, 48
1, 751519, 430079, 321440, 3224582.355239645, 37, 37, 0, 259.03257145596604, 37
1, 751558, 430118, 321440, 3224845.055179589, 39, 39, 0, 262.6999399439383, 39
1, 751605, 430165, 321440, 3225121.2882294585, 47, 47, 0, 276.2330498695885, 47
51, 751729, 430209, 321520, 3225476.987626007, 124, 44, 80, 355.6993965481514, 46
1, 751806, 430246, 321560, 3225789.7132897736, 77, 37, 40, 312.72566376652986, 38
1, 751873, 430283, 321590, 3226091.313845031, 67, 37, 30, 301.6005552576305, 38
1, 751919, 430329, 321590, 3226365.942913745, 46, 46, 0, 274.6290687140218, 46
1, 751985, 430365, 321620, 3226666.269902022, 66, 36, 30, 300.32698827717985, 37
51, 752095, 430425, 321670, 3227012.2230860684, 110, 60, 50, 345.95318404643666, 61
1, 752170, 430470, 321700, 3227323.606181707, 75, 45, 30, 311.38309563827124, 46
1, 752253, 430513, 321740, 3227643.141129636, 83, 43, 40, 319.5349479292333, 44
1, 752298, 430558, 321740, 3227916.1431360473, 45, 45, 0, 273.00200641113514, 45
51, 752383, 430593, 321790, 3228236.8801637185, 85, 35, 50, 320.73702767108114, 36
1, 752427, 430637, 321790, 3228508.2311214088, 44, 44, 0, 271.35095769013947, 44
1, 752505, 430685, 321820, 3228823.1139080287, 78, 48, 30, 314.8827866200841, 49
51, 752634, 430724, 321910, 3229182.1275085197, 129, 39, 90, 359.01360049114555, 41
1, 752710, 430770, 321940, 3229494.6866808934, 76, 46, 30, 312.5591723737189, 47
1, 752748, 430808, 321940, 3229755.5690605133, 38, 38, 0, 260.88237961983884, 38
1, 752780, 430840, 321940, 3230004.810483514, 32, 32, 0, 249.24142300054422, 32
51, 752876, 430886, 321990, 3230337.1273995284, 96, 46, 50, 332.31691601465747, 47
1, 752913, 430923, 321990, 3230596.1599709843, 37, 37, 0, 259.03257145596604, 37
1, 753019, 430959, 322060, 3230936.428014594, 106, 36, 70, 340.2680436096278, 38
1, 753068, 431008, 322060, 3231215.8031457006, 49, 49, 0, 279.3751311064591, 49
1, 753109, 431049, 322060, 3231482.047099144, 41, 41, 0, 266.24395344352433, 41
51, 753199, 431089, 322110, 3231808.1541279685, 90, 40, 50, 326.1070288241023, 41
1, 753276, 431126, 322150, 3232120.879791735, 77, 37, 40, 312.72566376652986, 38
1, 753310, 431160, 322150, 3232374.153432012, 34, 34, 0, 253.2736402766418, 34
1, 753379, 431199, 322180, 3232678.2655737223, 69, 39, 30, 304.1121417102006, 40
51, 753466, 431236, 322230, 3233001.17315472, 87, 37, 50, 322.9075809977351, 38
1, 753548, 431288, 322260, 3233320.5948245637, 82, 52, 30, 319.42166984345636, 53
1, 753584, 431324, 322260, 3233577.743798842, 36, 36, 0, 257.1489742783178, 36
1, 753660, 431360, 322300, 3233889.302971216, 76, 36, 40, 311.5591723737189, 37
51, 753759, 431409, 322350, 3234224.6371857687, 99, 49, 50, 335.33421455299043, 50
1, 753868, 431448, 322420, 3234567.7518172683, 109, 39, 70, 343.114631499574, 41
1, 753917, 431497, 322420, 3234847.126948375, 49, 49, 0, 279.3751311064591, 49
51, 754040, 431540, 322500, 3235201.9515196364, 123, 43, 80, 354.8245712617827, 45
1, 754113, 431573, 322540, 3235509.9527982054, 73, 33, 40, 308.00127856917646, 34
1, 754184, 431614, 322570, 3235816.5311090243, 71, 41, 30, 306.57831081870995, 42
51, 754272, 431652, 322620, 3236140.512540385, 88, 38, 50, 323.98143136087856, 39
1, 754360, 431700, 322660, 3236465.493971746, 88, 48, 40, 324.98143136087856, 49
1, 754389, 431729, 322660, 3236708.3535504565, 29, 29, 0, 242.8595787106084, 29
1, 754430, 431770, 322660, 3236974.5975039, 41, 41, 0, 266.24395344352433, 41
1, 754474, 431814, 322660, 3237245.9484615903, 44, 44, 0, 271.35095769013947, 44
51, 754597, 431857, 322740, 3237600.773032852, 123, 43, 80, 354.8245712617827, 45
1, 754680, 431900, 322780, 3237920.3079807814, 83, 43, 40, 319.5349479292333, 44
1, 754743, 431933, 322810, 3238216.7393055074, 63, 33, 30, 296.43132472612575, 34
1, 754790, 431980, 322810, 3238492.972355377, 47, 47, 0, 276.2330498695885, 47
1, 754868, 432018, 322850, 3238806.855141997, 78, 38, 40, 313.8827866200841, 39
51, 754960, 432060, 322900, 3239135.0592434653, 92, 42, 50, 328.20410146824725, 43
1, 755029, 432099, 322930, 3239439.1713851755, 69, 39, 30, 304.1121417102006, 40
1, 755103, 432133, 322970, 3239748.3685939424, 74, 34, 40, 309.1972087668518, 35
1, 755139, 432169, 322970, 3240005.517568221, 36, 36, 0, 257.1489742783178, 36
51, 755268, 432208, 323060, 3240364.531168712, 129, 39, 90, 359.01360049114555, 41
1, 755310, 432250, 323060, 3240632.504158214, 42, 42, 0, 267.97298950218305, 42
1, 755402, 432302, 323100, 3240961.7082596826, 92, 52, 40, 329.20410146824725, 53
1, 755474, 432344, 323130, 3241269.503322707, 72, 42, 30, 307.79506302439404, 43
51, 755558, 432378, 323180, 3241589.1433331105, 84, 34, 50, 319.64001040350905, 35
1, 755632, 432412, 323220, 3241898.3405418773, 74, 34, 40, 309.1972087668518, 35
1, 755671, 432451, 323220, 3242161.040481821, 39, 39, 0, 262.6999399439383, 39
1, 755738, 432488, 323250, 3242462.6410370786, 67, 37, 30, 301.6005552576305, 38
51, 755833, 432533, 323300, 3242793.9396012137, 95, 45, 50, 331.2985641352145, 46
1, 755953, 432583, 323370, 3243147.1146931783, 120, 50, 70, 353.1750919646873, 52
1, 755995, 432625, 323370, 3243415.0876826807, 42, 42, 0, 267.97298950218305, 42
1, 756076, 432666, 323410, 3243732.3876826805, 81, 41, 40, 317.3, 42
51, 756192, 432702, 323490, 3244080.969486172, 116, 36, 80, 348.5818034911291, 38
1, 756268, 432738, 323530, 3244392.5286585456, 76, 36, 40, 311.5591723737189, 37
1, 756318, 432788, 323530, 3244673.443453393, 50, 50, 0, 280.9147948472494, 50
1, 756355, 432825, 323530, 3244932.476024849, 37, 37, 0, 259.03257145596604, 37
51, 756479, 432869, 323610, 3245288.175421397, 124, 44, 80, 355.6993965481514, 46
1, 756525, 432915, 323610, 3245562.8044901113, 46, 46, 0, 274.6290687140218, 46
1, 756639, 432959, 323680, 3245910.562477803, 114, 44, 70, 347.75798769167545, 46
1, 756679, 432999, 323680, 3246175.0491637397, 40, 40, 0, 264.4866859365871, 40
51, 756776, 433046, 323730, 3246508.378063011, 97, 47, 50, 333.3288992714996, 48
1, 756857, 433087, 323770, 3246825.678063011, 81, 41, 40, 317.3, 42
1, 756927, 433127, 323800, 3247131.028823863, 70, 40, 30, 305.3507608519078, 41
1, 756965, 433165, 323800, 3247391.9112034827, 38, 38, 0, 260.88237961983884, 38
51, 757049, 433199, 323850, 3247711.551213886, 84, 34, 50, 319.64001040350905, 35
1, 757089, 433239, 323850, 3247976.037899823, 40, 40, 0, 264.4866859365871, 40
1, 757201, 433281, 323920, 3248321.9532121625, 112, 42, 70, 345.91531233955715, 44
1, 757246, 433326, 323920, 3248594.9552185736, 45, 45, 0, 273.00200641113514, 45
51, 757330, 433360, 323970, 3248914.595228977, 84, 34, 50, 319.64001040350905, 35
1, 757404, 433404, 324000, 3249224.792437744, 74, 44, 30, 310.1972087668518, 45
1, 757447, 433447, 324000, 3249494.467397947, 43, 43, 0, 269.6749602031015, 43
1, 757555, 433485, 324070, 3249836.6383774937, 108, 38, 70, 342.1709795470626, 40
51, 757645, 433525, 324120, 3250162.745406318, 90, 40, 50, 326.1070288241023, 41
1, 757685, 433565, 324120, 3250427.232092255, 40, 40, 0, 264.4866859365871, 40
1, 757747, 433597, 324150, 3250722.3387185843, 62, 32, 30, 295.1066263296683, 33
51, 757834, 433634, 324200, 3251045.246299582, 87, 37, 50, 322.9075809977351, 38
1, 757911, 433671, 324240, 3251357.971963349, 77, 37, 40, 312.72566376652986, 38
1, 757983, 433713, 324270, 3251665.767026373, 72, 42, 30, 307.79506302439404, 43
1, 758024, 433754, 324270, 3251932.010979817, 41, 41, 0, 266.24395344352433, 41
1, 758060, 433790, 324270, 3252189.1599540953, 36, 36, 0, 257.1489742783178, 36
51, 758181, 433831, 324350, 3252542.2224331307, 121, 41, 80, 353.06247903554, 43
1, 758220, 433870, 324350, 3252804.9223730746, 39, 39, 0, 262.6999399439383, 39
1, 758299, 433909, 324390, 3253119.953123205, 79, 39, 40, 315.03075013013313, 40
1, 758354, 433934, 324420, 3253405.380104738, 55, 25, 30, 285.42698153315007, 26
1, 758400, 433980, 324420, 3253680.009173452, 46, 46, 0, 274.6290687140218, 46
51, 758495, 434025, 324470, 3254011.307737587, 95, 45, 50, 331.2985641352145, 46
1, 758539, 434069, 324470, 3254282.6586952773, 44, 44, 0, 271.35095769013947, 44
1, 758623, 434113, 324510, 3254603.2987056808, 84, 44, 40, 320.64001040350905, 45
1, 758695, 434155, 324540, 3254911.093768705, 72, 42, 30, 307.79506302439404, 43
51, 758787, 434197, 324590, 3255239.2978701736, 92, 42, 50, 328.20410146824725, 43
1, 758820, 434230, 324590, 3255490.5760428663, 33, 33, 0, 251.27817269284301, 33
1, 758898, 434268, 324630, 3255804.4588294863, 78, 38, 40, 313.8827866200841, 39
1, 758941, 434311, 324630, 3256074.1337896893, 43, 43, 0, 269.6749602031015, 43
51, 759039, 434359, 324680, 3256408.468418054, 98, 48, 50, 334.33462836457886, 49
1, 759107, 434397, 324710, 3256711.3305891566, 68, 38, 30, 302.86217110259, 39
1, 759190, 434440, 324750, 3257030.865537086, 83, 43, 40, 319.5349479292333, 44
51, 759289, 434489, 324800, 3257366.199751639, 99, 49, 50, 335.33421455299043, 50
1, 759328, 434528, 324800, 3257628.8996915827, 39, 39, 0, 262.6999399439383, 39
1, 759406, 434576, 324830, 3257943.7824782026, 78, 48, 30, 314.8827866200841, 49
51, 759484, 434604, 324880, 3258256.6652648225, 78, 28, 50, 312.8827866200841, 29
1, 759589, 434639, 324950, 3258595.973852117, 105, 35, 70, 339.30858729436795, 37
1, 759624, 434674, 324950, 3258851.2037800266, 35, 35, 0, 255.22992790977875, 35
1, 759700, 434710, 324990, 3259162.7629524004, 76, 36, 40, 311.5591723737189, 37
51, 759787, 434747, 325040, 3259485.670533398, 87, 37, 50, 322.9075809977351, 38
1, 759832, 434792, 325040, 3259758.6725398093, 45, 45, 0, 273.00200641113514, 45
1, 759902, 434832, 325070, 3260064.0233006612, 70, 40, 30, 305.3507608519078, 41
51, 759992, 434872, 325120, 3260390.1303294855, 90, 40, 50, 326.1070288241023, 41
1, 760107, 434917, 325190, 3260738.8025465477, 115, 45, 70, 348.6722170622053, 47
1, 760144, 434954, 325190, 3260997.8351180037, 37, 37, 0, 259.03257145596604, 37
1, 760191, 435001, 325190, 3261274.068167873, 47, 47, 0, 276.2330498695885, 47
1, 760266, 435046, 325220, 3261585.4512635116, 75, 45, 30, 311.38309563827124, 46
51, 760394, 435084, 325310, 3261943.609829613, 128, 38, 90, 358.1585661014858, 40
1, 760464, 435124, 325340, 3262248.960590465, 70, 40, 30, 305.3507608519078, 41
1, 760497, 435157, 325340, 3262500.2387631577, 33, 33, 0, 251.27817269284301, 33
1, 760570, 435200, 325370, 3262809.2400417267, 73, 43, 30, 309.00127856917646, 44
51, 760655, 435235, 325420, 3263129.977069398, 85, 35, 50, 320.73702767108114, 36
1, 760743, 435283, 325460, 3263454.9585007587, 88, 48, 40, 324.98143136087856, 49
1, 760780, 435320, 325460, 3263713.9910722147, 37, 37, 0, 259.03257145596604, 37
1, 760819, 435359, 325460, 3263976.6910121585, 39, 39, 0, 262.6999399439383, 39
1, 760860, 435400, 325460, 3264242.934965602, 41, 41, 0, 266.24395344352433, 41
51, 761022, 435442, 325580, 3264625.397100103, 162, 42, 120, 382.4621345008163, 45
1, 761074, 435494, 325580, 3264909.3320615315, 52, 52, 0, 283.93496142826496, 52
1, 761113, 435533, 325580, 3265172.0320014753, 39, 39, 0, 262.6999399439383, 39
1, 761221, 435571, 325650, 3265514.202981022, 108, 38, 70, 342.1709795470626, 40
51, 761303, 435603, 325700, 3265831.624650866, 82, 32, 50, 317.42166984345636, 33
1, 761406, 435636, 325770, 3266168.9979009214, 103, 33, 70, 337.37325005549695, 35
1, 761447, 435677, 325770, 3266435.241854365, 41, 41, 0, 266.24395344352433, 41
1, 761481, 435711, 325770, 3266688.515494642, 34, 34, 0, 253.2736402766418, 34
51, 761600, 435750, 325850, 3267039.798889844, 119, 39, 80, 351.28339520229764, 41
1, 761638, 435788, 325850, 3267300.681269464, 38, 38, 0, 260.88237961983884, 38
1, 761711, 435821, 325890, 3267608.682548033, 73, 33, 40, 308.00127856917646, 34
1, 761779, 435859, 325920, 3267911.544719136, 68, 38, 30, 302.86217110259, 39
51, 761901, 435891, 326010, 3268264.4903376894, 122, 32, 90, 352.9456185537469, 34
1, 761966, 435926, 326040, 3268563.531489133, 65, 35, 30, 299.04115144336777, 36
1, 762004, 435964, 326040, 3268824.413868753, 38, 38, 0, 260.88237961983884, 38
1, 762114, 436004, 326110, 3269168.467052799, 110, 40, 70, 344.0531840464366, 42
1, 762145, 436035, 326110, 3269415.6281589763, 31, 31, 0, 247.1611061770567, 31
51, 762244, 436084, 326160, 3269750.962373529, 99, 49, 50, 335.33421455299043, 50
1, 762274, 436114, 326160, 3269995.997105461, 30, 30, 0, 245.0347319320716, 30
1, 762383, 436153, 326230, 3270339.1117369607, 109, 39, 70, 343.114631499574, 41
1, 762426, 436196, 326230, 3270608.7866971637, 43, 43, 0, 269.6749602031015, 43
51, 762511, 436231, 326280, 3270929.523724835, 85, 35, 50, 320.73702767108114, 36
1, 762553, 436273, 326280, 3271197.4967143373, 42, 42, 0, 267.97298950218305, 42
1, 762639, 436319, 326320, 3271520.3228789847, 86, 46, 40, 322.82616464756694, 47
1, 762711, 436361, 326350, 3271828.117942009, 72, 42, 30, 307.79506302439404, 43
1, 762753, 436403, 326350, 3272096.0909315115, 42, 42, 0, 267.97298950218305, 42
51, 762843, 436443, 326400, 3272422.1979603358, 90, 40, 50, 326.1070288241023, 41
1, 762889, 436489, 326400, 3272696.82702905, 46, 46, 0, 274.6290687140218, 46
1, 762973, 436533, 326440, 3273017.4670394533, 84, 44, 40, 320.64001040350905, 45
51, 763093, 436573, 326520, 3273369.642131418, 120, 40, 80, 352.1750919646873, 42
1, 763133, 436613, 326520, 3273634.128817355, 40, 40, 0, 264.4866859365871, 40
1, 763216, 436656, 326560, 3273953.663765284, 83, 43, 40, 319.5349479292333, 44
1, 763252, 436692, 326560, 3274210.8127395627, 36, 36, 0, 257.1489742783178, 36
1, 763322, 436732, 326590, 3274516.1635004147, 70, 40, 30, 305.3507608519078, 41
51, 763414, 436774, 326640, 3274844.367601883, 92, 42, 50, 328.20410146824725, 43
1, 763532, 436822, 326710, 3275195.754927052, 118, 48, 70, 351.3873251689181, 50
1, 763582, 436872, 326710, 3275476.6697218996, 50, 50, 0, 280.9147948472494, 50
51, 763677, 436917, 326760, 3275807.9682860347, 95, 45, 50, 331.2985641352145, 46
1, 763721, 436961, 326760, 3276079.319243725, 44, 44, 0, 271.35095769013947, 44
1, 763770, 437010, 326760, 3276358.6943748314, 49, 49, 0, 279.3751311064591, 49
51, 763900, 437060, 326840, 3276719.55921237, 130, 50, 80, 360.86483753851803, 52
1, 763980, 437100, 326880, 3277035.7289686142, 80, 40, 40, 316.1697562442441, 41
1, 764057, 437147, 326910, 3277349.454632381, 77, 47, 30, 313.72566376652986, 48
1, 764092, 437182, 326910, 3277604.6845602905, 35, 35, 0, 255.22992790977875, 35
51, 764213, 437223, 326990, 3277957.747039326, 121, 41, 80, 353.06247903554, 43
1, 764291, 437261, 327030, 3278271.629825946, 78, 38, 40, 313.8827866200841, 39
1, 764338, 437308, 327030, 3278547.8628758155, 47, 47, 0, 276.2330498695885, 47
51, 764459, 437349, 327110, 3278900.925354851, 121, 41, 80, 353.06247903554, 43
1, 764484, 437374, 327110, 3279134.532152601, 25, 25, 0, 233.60679774997897, 25
1, 764521, 437411, 327110, 3279393.564724057, 37, 37, 0, 259.03257145596604, 37
1, 764565, 437455, 327110, 3279664.9156817473, 44, 44, 0, 271.35095769013947, 44
51, 764692, 437492, 327200, 3280022.2153640464, 127, 37, 90, 357.2996822992933, 39
1, 764734, 437534, 327200, 3280290.1883535488, 42, 42, 0, 267.97298950218305, 42
1, 764812, 437582, 327230, 3280605.0711401687, 78, 48, 30, 314.8827866200841, 49
51, 764902, 437622, 327280, 3280931.178168993, 90, 40, 50, 326.1070288241023, 41
1, 764978, 437658, 327320, 3281242.7373413667, 76, 36, 40, 311.5591723737189, 37
1, 765018, 437698, 327320, 3281507.2240273035, 40, 40, 0, 264.4866859365871, 40
1, 765081, 437731, 327350, 3281803.6553520295, 63, 33, 30, 296.43132472612575, 34
1, 765166, 437776, 327390, 3282125.3923797007, 85, 45, 40, 321.73702767108114, 46
51, 765256, 437816, 327440, 3282451.499408525, 90, 40, 50, 326.1070288241023, 41
1, 765334, 437854, 327480, 3282765.382195145, 78, 38, 40, 313.8827866200841, 39
1, 765414, 437904, 327510, 3283082.5519513893, 80, 50, 30, 317.1697562442441, 51
51, 765507, 437947, 327560, 3283411.7942312965, 93, 43, 50, 329.24227990714814, 44
1, 765543, 437983, 327560, 3283668.943205575, 36, 36, 0, 257.1489742783178, 36
1, 765576, 438016, 327560, 3283920.2213782677, 33, 33, 0, 251.27817269284301, 33
1, 765685, 438055, 327630, 3284263.3360097674, 109, 39, 70, 343.114631499574, 41
51, 765779, 438099, 327680, 3284593.609735615, 94, 44, 50, 330.273725847777, 45
1, 765852, 438142, 327710, 3284902.611014184, 73, 43, 30, 309.00127856917646, 44
1, 765898, 438188, 327710, 3285177.240082898, 46, 46, 0, 274.6290687140218, 46
51, 765985, 438225, 327760, 3285500.147663896, 87, 37, 50, 322.9075809977351, 38
1, 766064, 438264, 327800, 3285815.1784140263, 79, 39, 40, 315.03075013013313, 40
1, 766135, 438305, 327830, 3286121.756724845, 71, 41, 30, 306.57831081870995, 42
51, 766226, 438346, 327880, 3286448.915786784, 91, 41, 50, 327.1590619387661, 42
1, 766272, 438392, 327880, 3286723.5448554982, 46, 46, 0, 274.6290687140218, 46
1, 766361, 438441, 327920, 3287049.5927210622, 89, 49, 40, 326.0478655640733, 50
1, 766408, 438488, 327920, 3287325.825770932, 47, 47, 0, 276.2330498695885, 47
51, 766565, 438525, 328040, 3287704.5026640496, 157, 37, 120, 378.67689311792185, 40
1, 766606, 438566, 328040, 3287970.746617493, 41, 41, 0, 266.24395344352433, 41
1, 766643, 438603, 328040, 3288229.779188949, 37, 37, 0, 259.03257145596604, 37
1, 766684, 438644, 328040, 3288496.0231423927, 41, 41, 0, 266.24395344352433, 41
51, 766781, 438691, 328090, 3288829.352041664, 97, 47, 50, 333.3288992714996, 48
1, 766894, 438734, 328160, 3289176.1910855337, 113, 43, 70, 346.83904386951343, 45
1, 766937, 438777, 328160, 3289445.8660457367, 43, 43, 0, 269.6749602031015, 43
1, 766977, 438817, 328160, 3289710.3527316735, 40, 40, 0, 264.4866859365871, 40
1, 767045, 438855, 328190, 3290013.2149027763, 68, 38, 30, 302.86217110259, 39
51, 767136, 438896, 328240, 3290340.3739647153, 91, 41, 50, 327.1590619387661, 42
1, 767245, 438935, 328310, 3290683.488596215, 109, 39, 70, 343.114631499574, 41
1, 767288, 438978, 328310, 3290953.163556418, 43, 43, 0, 269.6749602031015, 43
1, 767331, 439021, 328310, 3291222.838516621, 43, 43, 0, 269.6749602031015, 43
51, 767458, 439058, 328400, 3291580.13819892, 127, 37, 90, 357.2996822992933, 39
1, 767498, 439098, 328400, 3291844.624884857, 40, 40, 0, 264.4866859365871, 40
1, 767563, 439133, 328430, 3292143.6660363004, 65, 35, 30, 299.04115144336777, 36
1, 767631, 439161, 328470, 3292445.528207403, 68, 28, 40, 301.86217110259, 29
51, 767751, 439201, 328550, 3292797.703299368, 120, 40, 80, 352.1750919646873, 42
1, 767838, 439248, 328590, 3293121.6108803656, 87, 47, 40, 323.9075809977351, 48
1, 767910, 439290, 328620, 3293429.40594339, 72, 42, 30, 307.79506302439404, 43
1, 767945, 439325, 328620, 3293684.6358712995, 35, 35, 0, 255.22992790977875, 35
51, 768041, 439371, 328670, 3294016.952787314, 96, 46, 50, 332.31691601465747, 47
1, 768087, 439417, 328670, 3294291.581856028, 46, 46, 0, 274.6290687140218, 46
1, 768168, 439458, 328710, 3294608.881856028, 81, 41, 40, 317.3, 42
1, 768247, 439507, 328740, 3294924.9126061583, 79, 49, 30, 316.03075013013313, 50
51, 768334, 439544, 328790, 3295247.820187156, 87, 37, 50, 322.9075809977351, 38
1, 768376, 439586, 328790, 3295515.7931766585, 42, 42, 0, 267.97298950218305, 42
1, 768487, 439627, 328860, 3295860.7798946993, 111, 41, 70, 344.9867180408456, 43
1, 768525, 439665, 328860, 3296121.662274319, 38, 38, 0, 260.88237961983884, 38
51, 768608, 439698, 328910, 3296440.1972222487, 83, 33, 50, 318.5349479292333, 34
1, 768682, 439732, 328950, 3296749.3944310155, 74, 34, 40, 309.1972087668518, 35
1, 768757, 439777, 328980, 3297060.777526654, 75, 45, 30, 311.38309563827124, 46
51, 768840, 439810, 329030, 3297379.3124745833, 83, 33, 50, 318.5349479292333, 34
1, 768881, 439851, 329030, 3297645.556428027, 41, 41, 0, 266.24395344352433, 41
1, 768924, 439894, 329030, 3297915.23138823, 43, 43, 0, 269.6749602031015, 43
1, 768967, 439937, 329030, 3298184.906348433, 43, 43, 0, 269.6749602031015, 43
51, 769099, 439979, 329120, 3298546.4624708598, 132, 42, 90, 361.55612242701943, 44
1, 769175, 440025, 329150, 3298859.0216432335, 76, 46, 30, 312.5591723737189, 47
1, 769260, 440070, 329190, 3299180.7586709047, 85, 45, 40, 321.73702767108114, 46
1, 769301, 440111, 329190, 3299447.0026243483, 41, 41, 0, 266.24395344352433, 41
51, 769416, 440146, 329270, 3299794.6748414105, 115, 35, 80, 347.6722170622053, 37
1, 769501, 440191, 329310, 3300116.4118690817, 85, 45, 40, 321.73702767108114, 46
1, 769548, 440238, 329310, 3300392.644918951, 47, 47, 0, 276.2330498695885, 47
1, 769582, 440272, 329310, 3300645.918559228, 34, 34, 0, 253.2736402766418, 34
1, 769626, 440316, 329310, 3300917.2695169183, 44, 44, 0, 271.35095769013947, 44
51, 769713, 440353, 329360, 3301240.177097916, 87, 37, 50, 322.9075809977351, 38
1, 769828, 440398, 329430, 3301588.8493149783, 115, 45, 70, 348.6722170622053, 47
1, 769862, 440432, 329430, 3301842.122955255, 34, 34, 0, 253.2736402766418, 34
1, 769932, 440472, 329460, 3302147.473716107, 70, 40, 30, 305.3507608519078, 41
51, 770031, 440521, 329510, 3302482.80793066, 99, 49, 50, 335.33421455299043, 50
1, 770119, 440569, 329550, 3302807.789362021, 88, 48, 40, 324.98143136087856, 49
1, 770188, 440608, 329580, 3303111.901503731, 69, 39, 30, 304.1121417102006, 40
1, 770225, 440645, 329580, 3303370.934075187, 37, 37, 0, 259.03257145596604, 37
51, 770312, 440682, 329630, 3303693.8416561848, 87, 37, 50, 322.9075809977351, 38
1, 770425, 440725, 329700, 3304040.6807000544, 113, 43, 70, 346.83904386951343, 45
1, 770466, 440766, 329700, 3304306.924653498, 41, 41, 0, 266.24395344352433, 41
51, 770589, 440809, 329780, 3304661.7492247596, 123, 43, 80, 354.8245712617827, 45
1, 770627, 440847, 329780, 3304922.6316043795, 38, 38, 0, 260.88237961983884, 38
1, 770670, 440890, 329780, 3305192.3065645825, 43, 43, 0, 269.6749602031015, 43
1, 770752, 440932, 329820, 3305510.728234426, 82, 42, 40, 318.42166984345636, 43
51, 770841, 440971, 329870, 3305835.77609999, 89, 39, 50, 325.0478655640733, 40
1, 770913, 441013, 329900, 3306143.5711630145, 72, 42, 30, 307.79506302439404, 43
1, 770944, 441044, 329900, 3306390.7322691916, 31, 31, 0, 247.1611061770567, 31
51, 771067, 441077, 329990, 3306744.5568404533, 123, 33, 90, 353.8245712617827, 35
1, 771133, 441113, 330020, 3307044.8838287303, 66, 36, 30, 300.32698827717985, 37
1, 771176, 441156, 330020, 3307314.5587889333, 43, 43, 0, 269.6749602031015, 43
1, 771235, 441215, 330020, 3307608.507589181, 59, 59, 0, 293.94880024760363, 59
51, 771328, 441258, 330070, 3307937.749869088, 93, 43, 50, 329.24227990714814, 44
1, 771402, 441302, 330100, 3308247.947077855, 74, 44, 30, 310.1972087668518, 45
1, 771484, 441344, 330140, 3308566.3687476986, 82, 42, 40, 318.42166984345636, 43
1, 771528, 441388, 330140, 3308837.719705389, 44, 44, 0, 271.35095769013947, 44
1, 771562, 441422, 330140, 3309090.9933456657, 34, 34, 0, 253.2736402766418, 34
51, 771658, 441468, 330190, 3309423.3102616803, 96, 46, 50, 332.31691601465747, 47
1, 771705, 441515, 330190, 3309699.54331155, 47, 47, 0, 276.2330498695885, 47
1, 771768, 441548, 330220, 3309995.974636276, 63, 33, 30, 296.43132472612575, 34
1, 771852, 441592, 330260, 3310316.6146466793, 84, 44, 40, 320.64001040350905, 45
51, 771936, 441626, 330310, 3310636.2546570827, 84, 34, 50, 319.64001040350905, 35
1, 771983, 441673, 330310, 3310912.4877069523, 47, 47, 0, 276.2330498695885, 47
1, 772023, 441713, 330310, 3311176.974392889, 40, 40, 0, 264.4866859365871, 40
1, 772141, 441761, 330380, 3311528.361718058, 118, 48, 70, 351.3873251689181, 50
1, 772180, 441800, 330380, 3311791.061658002, 39, 39, 0, 262.6999399439383, 39
51, 772268, 441838, 330430, 3312115.043089363, 88, 38, 50, 323.98143136087856, 39
1, 772301, 441871, 330430, 3312366.3212620555, 33, 33, 0, 251.27817269284301, 33
1, 772373, 441913, 330460, 3312674.11632508, 72, 42, 30, 307.79506302439404, 43
1, 772443, 441943, 330500, 3312978.467085932, 70, 30, 40, 304.3507608519078, 31
51, 772528, 441978, 330550, 3313299.204113603, 85, 35, 50, 320.73702767108114, 36
1, 772565, 442015, 330550, 3313558.236685059, 37, 37, 0, 259.03257145596604, 37
1, 772646, 442056, 330590, 3313875.536685059, 81, 41, 40, 317.3, 42
51, 772777, 442107, 330670, 3314237.2490132744, 131, 51, 80, 361.7123282155055, 53
1, 772815, 442145, 330670, 3314498.1313928943, 38, 38, 0, 260.88237961983884, 38
1, 772928, 442188, 330740, 3314844.970436764, 113, 43, 70, 346.83904386951343, 45
51, 773015, 442225, 330790, 3315167.8780177617, 87, 37, 50, 322.9075809977351, 38
1, 773094, 442264, 330830, 3315482.908767892, 79, 39, 40, 315.03075013013313, 40
1, 773166, 442306, 330860, 3315790.7038309164, 72, 42, 30, 307.79506302439404, 43
51, 773257, 442347, 330910, 3316117.8628928554, 91, 41, 50, 327.1590619387661, 42
1, 773326, 442386, 330940, 3316421.9750345657, 69, 39, 30, 304.1121417102006, 40
1, 773359, 442419, 330940, 3316673.2532072584, 33, 33, 0, 251.27817269284301, 33
1, 773471, 442461, 331010, 3317019.168519598, 112, 42, 70, 345.91531233955715, 44
1, 773509, 442499, 331010, 3317280.050899218, 38, 38, 0, 260.88237961983884, 38
51, 773600, 442540, 331060, 3317607.209961157, 91, 41, 50, 327.1590619387661, 42
1, 773679, 442589, 331090, 3317923.240711287, 79, 49, 30, 316.03075013013313, 50
1, 773721, 442631, 331090, 3318191.2137007895, 42, 42, 0, 267.97298950218305, 42
1, 773796, 442666, 331130, 3318501.596796428, 75, 35, 40, 310.38309563827124, 36
1, 773831, 442701, 331130, 3318756.8267243374, 35, 35, 0, 255.22992790977875, 35
51, 773953, 442743, 331210, 3319110.772342891, 122, 42, 80, 353.9456185537469, 44
1, 773991, 442781, 331210, 3319371.654722511, 38, 38, 0, 260.88237961983884, 38
1, 774029, 442819, 331210, 3319632.5371021307, 38, 38, 0, 260.88237961983884, 38
1, 774102, 442862, 331240, 3319941.5383806997, 73, 43, 30, 309.00127856917646, 44
1, 774182, 442902, 331280, 3320257.708136944, 80, 40, 40, 316.1697562442441, 41
51, 774260, 442930, 331330, 3320570.590923564, 78, 28, 50, 312.8827866200841, 29
1, 774322, 442962, 331360, 3320865.6975498935, 62, 32, 30, 295.1066263296683, 33
1, 774361, 443001, 331360, 3321128.3974898374, 39, 39, 0, 262.6999399439383, 39
1, 774403, 443043, 331360, 3321396.3704793397, 42, 42, 0, 267.97298950218305, 42
1, 774453, 443093, 331360, 3321677.285274187, 50, 50, 0, 280.9147948472494, 50
51, 774594, 443144, 331450, 3322046.2769468524, 141, 51, 90, 368.9916726654594, 53
1, 774634, 443184, 331450, 3322310.7636327893, 40, 40, 0, 264.4866859365871, 40
1, 774740, 443220, 331520, 3322651.031676399, 106, 36, 70, 340.2680436096278, 38
1, 774774, 443254, 331520, 3322904.305316676, 34, 34, 0, 253.2736402766418, 34
51, 774866, 443296, 331570, 3323232.5094181444, 92, 42, 50, 328.20410146824725, 43
1, 774944, 443334, 331610, 3323546.3922047643, 78, 38, 40, 313.8827866200841, 39
1, 774980, 443370, 331610, 3323803.541179043, 36, 36, 0, 257.1489742783178, 36
1, 775057, 443417, 331640, 3324117.2668428095, 77, 47, 30, 313.72566376652986, 48
51, 775143, 443453, 331690, 3324439.093007457, 86, 36, 50, 321.82616464756694, 37
1, 775251, 443491, 331760, 3324781.263987004, 108, 38, 70, 342.1709795470626, 40
1, 775290, 443530, 331760, 3325043.9639269477, 39, 39, 0, 262.6999399439383, 39
1, 775343, 443583, 331760, 3325329.3807145883, 53, 53, 0, 285.4167876408086, 53
51, 775463, 443613, 331850, 3325680.555806553, 120, 30, 90, 351.1750919646873, 32
1, 775503, 443653, 331850, 3325945.04249249, 40, 40, 0, 264.4866859365871, 40
1, 775563, 443713, 331850, 3326240.358260861, 60, 60, 0, 295.315768371374, 60
1, 775640, 443760, 331880, 3326554.083924628, 77, 47, 30, 313.72566376652986, 48
51, 775736, 443806, 331930, 3326886.4008406424, 96, 46, 50, 332.31691601465747, 47
1, 775816, 443846, 331970, 3327202.570596887, 80, 40, 40, 316.1697562442441, 41
1, 775858, 443888, 331970, 3327470.543586389, 42, 42, 0, 267.97298950218305, 42
1, 775902, 443932, 331970, 3327741.8945440794, 44, 44, 0, 271.35095769013947, 44
51, 776029, 443969, 332060, 3328099.1942263786, 127, 37, 90, 357.2996822992933, 39
1, 776094, 444004, 332090, 3328398.235377822, 65, 35, 30, 299.04115144336777, 36
1, 776126, 444036, 332090, 3328647.4768008227, 32, 32, 0, 249.24142300054422, 32
51, 776214, 444074, 332140, 3328971.4582321835, 88, 38, 50, 323.98143136087856, 39
1, 776254, 444114, 332140, 3329235.9449181203, 40, 40, 0, 264.4866859365871, 40
1, 776335, 444165, 332170, 3329554.24491812, 81, 51, 30, 318.3, 52
1, 776420, 444210, 332210, 3329875.9819457913, 85, 45, 40, 321.73702767108114, 46
51, 776500, 444240, 332260, 3330191.1517020357, 80, 30, 50, 315.1697562442441, 31
1, 776532, 444272, 332260, 3330440.3931250363, 32, 32, 0, 249.24142300054422, 32
1, 776595, 444305, 332290, 3330736.8244497622, 63, 33, 30, 296.43132472612575, 34
1, 776672, 444342, 332330, 3331049.550113529, 77, 37, 40, 312.72566376652986, 38
1, 776714, 444384, 332330, 3331317.5231030313, 42, 42, 0, 267.97298950218305, 42
51, 776805, 444425, 332380, 3331644.6821649703, 91, 41, 50, 327.1590619387661, 42
1, 776857, 444477, 332380, 3331928.6171263987, 52, 52, 0, 283.93496142826496, 52
1, 776940, 444520, 332420, 3332248.152074328, 83, 43, 40, 319.5349479292333, 44
51, 777068, 444568, 332500, 3332607.3106404296, 128, 48, 80, 359.1585661014858, 50
1, 777108, 444608, 332500, 3332871.7973263664, 40, 40, 0, 264.4866859365871, 40
1, 777178, 444638, 332540, 3333176.1480872184, 70, 30, 40, 304.3507608519078, 31
1, 777241, 444671, 332570, 3333472.5794119444, 63, 33, 30, 296.43132472612575, 34
51, 777328, 444708, 332620, 3333795.486992942, 87, 37, 50, 322.9075809977351, 38
1, 777364, 444744, 332620, 3334052.6359672206, 36, 36, 0, 257.1489742783178, 36
1, 777483, 444793, 332690, 3334404.919362423, 119, 49, 70, 352.28339520229764, 51
1, 777524, 444834, 332690, 3334671.1633158666, 41, 41, 0, 266.24395344352433, 41
1, 777599, 444869, 332730, 3334981.546411505, 75, 35, 40, 310.38309563827124, 36
51, 777692, 444912, 332780, 3335310.788691412, 93, 43, 50, 329.24227990714814, 44
1, 777730, 444950, 332780, 3335571.671071032, 38, 38, 0, 260.88237961983884, 38
1, 777767, 444987, 332780, 3335830.703642488, 37, 37, 0, 259.03257145596604, 37
1, 777892, 445042, 332850, 3336188.273794976, 125, 55, 70, 357.57015248821097, 57
1, 777930, 445080, 332850, 3336449.156174596, 38, 38, 0, 260.88237961983884, 38
51, 778018, 445118, 332900, 3336773.1376059568, 88, 38, 50, 323.98143136087856, 39
1, 778093, 445163, 332930, 3337084.520701595, 75, 45, 30, 311.38309563827124, 46
1, 778136, 445206, 332930, 3337354.195661798, 43, 43, 0, 269.6749602031015, 43
1, 778180, 445250, 332930, 3337625.5466194884, 44, 44, 0, 271.35095769013947, 44
51, 778338, 445288, 333050, 3338004.9858287442, 158, 38, 120, 379.43920925585275, 41
1, 778375, 445325, 333050, 3338264.0184002, 37, 37, 0, 259.03257145596604, 37
1, 778459, 445369, 333090, 3338584.6584106036, 84, 44, 40, 320.64001040350905, 45
1, 778506, 445416, 333090, 3338860.891460473, 47, 47, 0, 276.2330498695885, 47
51, 778596, 445456, 333140, 3339186.9984892975, 90, 40, 50, 326.1070288241023, 41
1, 778647, 445507, 333140, 3339469.433001076, 51, 51, 0, 282.43451177837886, 51
1, 778764, 445554, 333210, 3339819.9198178747, 117, 47, 70, 350.4868167986058, 49
1, 778797, 445587, 333210, 3340071.1979905674, 33, 33, 0, 251.27817269284301, 33
1, 778833, 445623, 333210, 3340328.346964846, 36, 36, 0, 257.1489742783178, 36
51, 778952, 445662, 333290, 3340679.6303600483, 119, 39, 80, 351.28339520229764, 41
1, 778981, 445691, 333290, 3340922.489938759, 29, 29, 0, 242.8595787106084, 29
1, 779061, 445731, 333330, 3341238.659695003, 80, 40, 40, 316.1697562442441, 41
51, 779181, 445771, 333410, 3341590.834786968, 120, 40, 80, 352.1750919646873, 42
1, 779221, 445811, 333410, 3341855.3214729046, 40, 40, 0, 264.4866859365871, 40
1, 779302, 445852, 333450, 3342172.6214729045, 81, 41, 40, 317.3, 42
1, 779347, 445897, 333450, 3342445.6234793155, 45, 45, 0, 273.00200641113514, 45
51, 779448, 445948, 333500, 3342782.9388672877, 101, 51, 50, 337.31538797227006, 52
1, 779517, 445987, 333530, 3343087.051008998, 69, 39, 30, 304.1121417102006, 40
1, 779556, 446026, 333530, 3343349.750948942, 39, 39, 0, 262.6999399439383, 39
51, 779714, 446064, 333650, 3343729.1901581977, 158, 38, 120, 379.43920925585275, 41
1, 779758, 446108, 333650, 3344000.541115888, 44, 44, 0, 271.35095769013947, 44
1, 779806, 446156, 333650, 3344278.355918478, 48, 48, 0, 277.8148025904985, 48
51, 779886, 446186, 333700, 3344593.5256747226, 80, 30, 50, 315.1697562442441, 31
1, 779930, 446230, 333700, 3344864.876632413, 44, 44, 0, 271.35095769013947, 44
1, 779997, 446267, 333730, 3345166.4771876703, 67, 37, 30, 301.6005552576305, 38
1, 780070, 446300, 333770, 3345474.4784662393, 73, 33, 40, 308.00127856917646, 34
51, 780188, 446338, 333850, 3345824.8657914083, 118, 38, 80, 350.3873251689181, 40
1, 780273, 446383, 333890, 3346146.6028190795, 85, 45, 40, 321.73702767108114, 46
1, 780313, 446423, 333890, 3346411.0895050163, 40, 40, 0, 264.4866859365871, 40
1, 780360, 446470, 333890, 3346687.322554886, 47, 47, 0, 276.2330498695885, 47
51, 780478, 446508, 333970, 3347037.709880055, 118, 38, 80, 350.3873251689181, 40
1, 780555, 446545, 334010, 3347350.4355438217, 77, 37, 40, 312.72566376652986, 38
1, 780630, 446590, 334040, 3347661.81863946, 75, 45, 30, 311.38309563827124, 46
1, 780708, 446628, 334080, 3347975.70142608, 78, 38, 40, 313.8827866200841, 39
51, 780800, 446670, 334130, 3348303.9055275484, 92, 42, 50, 328.20410146824725, 43
1, 780845, 446715, 334130, 3348576.9075339595, 45, 45, 0, 273.00200641113514, 45
1, 780903, 446743, 334160, 3348866.5744360667, 58, 28, 30, 289.66690210718946, 29
1, 780986, 446786, 334200, 3349186.109383996, 83, 43, 40, 319.5349479292333, 44
1, 781024, 446824, 334200, 3349446.991763616, 38, 38, 0, 260.88237961983884, 38
51, 781135, 446855, 334280, 3349790.978481657, 111, 31, 80, 343.9867180408456, 33
1, 781206, 446886, 334320, 3350096.5567924757, 71, 31, 40, 305.57831081870995, 32
1, 781246, 446926, 334320, 3350361.0434784126, 40, 40, 0, 264.4866859365871, 40
1, 781319, 446959, 334360, 3350669.0447569815, 73, 33, 40, 308.00127856917646, 34
1, 781350, 446990, 334360, 3350916.2058631587, 31, 31, 0, 247.1611061770567, 31
51, 781511, 447031, 334480, 3351297.9161597597, 161, 41, 120, 381.7102966008917, 44
1, 781550, 447070, 334480, 3351560.6160997036, 39, 39, 0, 262.6999399439383, 39
1, 781617, 447107, 334510, 3351862.216654961, 67, 37, 30, 301.6005552576305, 38
1, 781653, 447143, 334510, 3352119.3656292395, 36, 36, 0, 257.1489742783178, 36
51, 781775, 447175, 334600, 3352472.311247793, 122, 32, 90, 352.9456185537469, 34
1, 781811, 447211, 334600, 3352729.4602220715, 36, 36, 0, 257.1489742783178, 36
1, 781923, 447253, 334670, 3353075.375534411, 112, 42, 70, 345.91531233955715, 44
1, 781967, 447297, 334670, 3353346.7264921013, 44, 44, 0, 271.35095769013947, 44
1, 781996, 447326, 334670, 3353589.586070812, 29, 29, 0, 242.8595787106084, 29
51, 782099, 447379, 334720, 3353928.8593208673, 103, 53, 50, 339.27325005549693, 54
1, 782213, 447423, 334790, 3354276.617308559, 114, 44, 70, 347.75798769167545, 46
1, 782257, 447467, 334790, 3354547.968266249, 44, 44, 0, 271.35095769013947, 44
1, 782295, 447505, 334790, 3354808.850645869, 38, 38, 0, 260.88237961983884, 38
1, 782408, 447548, 334860, 3355155.6896897387, 113, 43, 70, 346.83904386951343, 45
51, 782496, 447586, 334910, 3355479.6711210995, 88, 38, 50, 323.98143136087856, 39
1, 782537, 447627, 334910, 3355745.915074543, 41, 41, 0, 266.24395344352433, 41
1, 782650, 447670, 334980, 3356092.7541184127, 113, 43, 70, 346.83904386951343, 45
1, 782697, 447717, 334980, 3356368.9871682823, 47, 47, 0, 276.2330498695885, 47
51, 782776, 447746, 335030, 3356683.0179184126, 79, 29, 50, 314.03075013013313, 30
1, 782852, 447782, 335070, 3356994.5770907863, 76, 36, 40, 311.5591723737189, 37
1, 782915, 447815, 335100, 3357291.0084155123, 63, 33, 30, 296.43132472612575, 34
1, 783001, 447861, 335140, 3357613.8345801597, 86, 46, 40, 322.82616464756694, 47
51, 783095, 447905, 335190, 3357944.1083060075, 94, 44, 50, 330.273725847777, 45
1, 783139, 447949, 335190, 3358215.4592636977, 44, 44, 0, 271.35095769013947, 44
1, 783175, 447985, 335190, 3358472.608237976, 36, 36, 0, 257.1489742783178, 36
1, 783212, 448022, 335190, 3358731.640809432, 37, 37, 0, 259.03257145596604, 37
1, 783322, 448062, 335260, 3359075.6939934785, 110, 40, 70, 344.0531840464366, 42
51, 783413, 448103, 335310, 3359402.8530554175, 91, 41, 50, 327.1590619387661, 42
1, 783526, 448146, 335380, 3359749.692099287, 113, 43, 70, 346.83904386951343, 45
1, 783558, 448178, 335380, 3359998.9335222878, 32, 32, 0, 249.24142300054422, 32
1, 783599, 448219, 335380, 3360265.1774757314, 41, 41, 0, 266.24395344352433, 41
1, 783640, 448260, 335380, 3360531.421429175, 41, 41, 0, 266.24395344352433, 41
51, 783724, 448294, 335430, 3360851.0614395784, 84, 34, 50, 319.64001040350905, 35
1, 783771, 448341, 335430, 3361127.294489448, 47, 47, 0, 276.2330498695885, 47
1, 783886, 448386, 335500, 3361475.96670651, 115, 45, 70, 348.6722170622053, 47
1, 783927, 448427, 335500, 3361742.2106599538, 41, 41, 0, 266.24395344352433, 41
51, 784010, 448460, 335550, 3362060.745607883, 83, 33, 50, 318.5349479292333, 34
1, 784051, 448501, 335550, 3362326.989561327, 41, 41, 0, 266.24395344352433, 41
1, 784158, 448538, 335620, 3362668.2117065964, 107, 37, 70, 341.2221452697031, 39
1, 784194, 448574, 335620, 3362925.360680875, 36, 36, 0, 257.1489742783178, 36
1, 784252, 448602, 335650, 3363215.027582982, 58, 28, 30, 289.66690210718946, 29
51, 784339, 448639, 335700, 3363537.93516398, 87, 37, 50, 322.9075809977351, 38
1, 784450, 448680, 335770, 3363882.921882021, 111, 41, 70, 344.9867180408456, 43
1, 784491, 448721, 335770, 3364149.1658354644, 41, 41, 0, 266.24395344352433, 41
1, 784572, 448762, 335810, 3364466.465835464, 81, 41, 40, 317.3, 42
1, 784616, 448806, 335810, 3364737.8167931545, 44, 44, 0, 271.35095769013947, 44
51, 784730, 448840, 335890, 3365084.574780846, 114, 34, 80, 346.75798769167545, 36
1, 784810, 448880, 335930, 3365400.7445370904, 80, 40, 40, 316.1697562442441, 41
1, 784854, 448924, 335930, 3365672.0954947807, 44, 44, 0, 271.35095769013947, 44
1, 784903, 448973, 335930, 3365951.470625887, 49, 49, 0, 279.3751311064591, 49
1, 784945, 449015, 335930, 3366219.4436153895, 42, 42, 0, 267.97298950218305, 42
51, 785071, 449051, 336020, 3366575.880511273, 126, 36, 90, 356.43689588345075, 38
1, 785150, 449100, 336050, 3366891.9112614035, 79, 49, 30, 316.03075013013313, 50
1, 785189, 449139, 336050, 3367154.6112013473, 39, 39, 0, 262.6999399439383, 39
51, 785277, 449177, 336100, 3367478.592632708, 88, 38, 50, 323.98143136087856, 39
1, 785352, 449212, 336140, 3367788.9757283465, 75, 35, 40, 310.38309563827124, 36
1, 785395, 449255, 336140, 3368058.6506885495, 43, 43, 0, 269.6749602031015, 43
1, 785502, 449292, 336210, 3368399.872833819, 107, 37, 70, 341.2221452697031, 39
51, 785599, 449339, 336260, 3368733.2017330904, 97, 47, 50, 333.3288992714996, 48
1, 785626, 449366, 336260, 3368971.552438786, 27, 27, 0, 238.35070569547776, 27
1, 785668, 449408, 336260, 3369239.525428288, 42, 42, 0, 267.97298950218305, 42
1, 785747, 449447, 336300, 3369554.5561784185, 79, 39, 40, 315.03075013013313, 40
51, 785866, 449486, 336380, 3369905.839573621, 119, 39, 80, 351.28339520229764, 41
1, 785903, 449523, 336380, 3370164.8721450767, 37, 37, 0, 259.03257145596604, 37
1, 785987, 449567, 336420, 3370485.51215548, 84, 44, 40, 320.64001040350905, 45
51, 786078, 449608, 336470, 3370812.671217419, 91, 41, 50, 327.1590619387661, 42
1, 786118, 449648, 336470, 3371077.157903356, 40, 40, 0, 264.4866859365871, 40
1, 786157, 449687, 336470, 3371339.8578433, 39, 39, 0, 262.6999399439383, 39
1, 786228, 449728, 336500, 3371646.4361541187, 71, 41, 30, 306.57831081870995, 42
1, 786317, 449777, 336540, 3371972.4840196827, 89, 49, 40, 326.0478655640733, 50
51, 786421, 449831, 336590, 3372312.7277064403, 104, 54, 50, 340.243686757474, 55
1, 786465, 449875, 336590, 3372584.0786641305, 44, 44, 0, 271.35095769013947, 44
1, 786543, 449913, 336630, 3372897.9614507505, 78, 38, 40, 313.8827866200841, 39
1, 786609, 449949, 336660, 3373198.2884390275, 66, 36, 30, 300.32698827717985, 37
1, 786651, 449991, 336660, 3373466.26142853, 42, 42, 0, 267.97298950218305, 42
51, 786781, 450031, 336750, 3373826.1262660683, 130, 40, 90, 359.86483753851803, 42
1, 786853, 450073, 336780, 3374133.9213290927, 72, 42, 30, 307.79506302439404, 43
1, 786925, 450105, 336820, 3374440.716392117, 72, 32, 40, 306.79506302439404, 33
51, 787016, 450146, 336870, 3374767.875454056, 91, 41, 50, 327.1590619387661, 42
1, 787050, 450180, 336870, 3375021.149094333, 34, 34, 0, 253.2736402766418, 34
1, 787087, 450217, 336870, 3375280.181665789, 37, 37, 0, 259.03257145596604, 37
1, 787169, 450259, 336910, 3375598.6033356325, 82, 42, 40, 318.42166984345636, 43
1, 787235, 450295, 336940, 3375898.9303239095, 66, 36, 30, 300.32698827717985, 37
51, 787321, 450331, 336990, 3376220.756488557, 86, 36, 50, 321.82616464756694, 37
1, 787358, 450368, 336990, 3376479.789060013, 37, 37, 0, 259.03257145596604, 37
1, 787401, 450411, 336990, 3376749.464020216, 43, 43, 0, 269.6749602031015, 43
51, 787557, 450447, 337110, 3377127.375904521, 156, 36, 120, 377.9118843049396, 39
1, 787601, 450491, 337110, 3377398.7268622112, 44, 44, 0, 271.35095769013947, 44
1, 787673, 450533, 337140, 3377706.5219252356, 72, 42, 30, 307.79506302439404, 43
51, 787766, 450576, 337190, 3378035.764205143, 93, 43, 50, 329.24227990714814, 44
1, 787849, 450619, 337230, 3378355.2991530723, 83, 43, 40, 319.5349479292333, 44
1, 787879, 450649, 337230, 3378600.3338850043, 30, 30, 0, 245.0347319320716, 30
51, 787976, 450696, 337280, 3378933.6627842756, 97, 47, 50, 333.3288992714996, 48
1, 788049, 450739, 337310, 3379242.6640628446, 73, 43, 30, 309.00127856917646, 44
1, 788130, 450780, 337350, 3379559.9640628444, 81, 41, 40, 317.3, 42
1, 788171, 450821, 337350, 3379826.208016288, 41, 41, 0, 266.24395344352433, 41
1, 788218, 450868, 337350, 3380102.4410661575, 47, 47, 0, 276.2330498695885, 47
51, 788302, 450902, 337400, 3380422.081076561, 84, 34, 50, 319.64001040350905, 35
1, 788376, 450936, 337440, 3380731.278285328, 74, 34, 40, 309.1972087668518, 35
1, 788448, 450978, 337470, 3381039.073348352, 72, 42, 30, 307.79506302439404, 43
1, 788482, 451012, 337470, 3381292.346988629, 34, 34, 0, 253.2736402766418, 34
51, 788565, 451045, 337520, 3381610.8819365585, 83, 33, 50, 318.5349479292333, 34
1, 788641, 451091, 337550, 3381923.4411089323, 76, 46, 30, 312.5591723737189, 47
1, 788691, 451141, 337550, 3382204.3559037796, 50, 50, 0, 280.9147948472494, 50
1, 788803, 451183, 337620, 3382550.271216119, 112, 42, 70, 345.91531233955715, 44
1, 788841, 451221, 337620, 3382811.153595739, 38, 38, 0, 260.88237961983884, 38
51, 788937, 451267, 337670, 3383143.4705117536, 96, 46, 50, 332.31691601465747, 47
1, 788987, 451317, 337670, 3383424.385306601, 50, 50, 0, 280.9147948472494, 50
1, 789089, 451349, 337740, 3383760.782489382, 102, 32, 70, 336.39718278112656, 34
51, 789173, 451383, 337790, 3384080.4224997857, 84, 34, 50, 319.64001040350905, 35
1, 789218, 451428, 337790, 3384353.4245061968, 45, 45, 0, 273.00200641113514, 45
1, 789270, 451480, 337790, 3384637.359467625, 52, 52, 0, 283.93496142826496, 52
1, 789359, 451529, 337830, 3384963.407333189, 89, 49, 40, 326.0478655640733, 50
1, 789431, 451571, 337860, 3385271.2023962135, 72, 42, 30, 307.79506302439404, 43
51, 789526, 451616, 337910, 3385602.5009603486, 95, 45, 50, 331.2985641352145, 46
1, 789592, 451652, 337940, 3385902.8279486257, 66, 36, 30, 300.32698827717985, 37
1, 789624, 451684, 337940, 3386152.0693716262, 32, 32, 0, 249.24142300054422, 32
1, 789662, 451722, 337940, 3386412.951751246, 38, 38, 0, 260.88237961983884, 38
51, 789794, 451764, 338030, 3386774.507873673, 132, 42, 90, 361.55612242701943, 44
1, 789869, 451809, 338060, 3387085.8909693114, 75, 45, 30, 311.38309563827124, 46
1, 789908, 451848, 338060, 3387348.590909255, 39, 39, 0, 262.6999399439383, 39
1, 790018, 451888, 338130, 3387692.6440933016, 110, 40, 70, 344.0531840464366, 42
1, 790056, 451926, 338130, 3387953.5264729215, 38, 38, 0, 260.88237961983884, 38
51, 790153, 451973, 338180, 3388286.855372193, 97, 47, 50, 333.3288992714996, 48
1, 790219, 452009, 338210, 3388587.18236047, 66, 36, 30, 300.32698827717985, 37
1, 790264, 452054, 338210, 3388860.184366881, 45, 45, 0, 273.00200641113514, 45
51, 790359, 452099, 338260, 3389191.482931016, 95, 45, 50, 331.2985641352145, 46
1, 790433, 452133, 338300, 3389500.680139783, 74, 34, 40, 309.1972087668518, 35
1, 790501, 452171, 338330, 3389803.5423108856, 68, 38, 30, 302.86217110259, 39
1, 790540, 452210, 338330, 3390066.2422508295, 39, 39, 0, 262.6999399439383, 39
51, 790628, 452248, 338380, 3390390.2236821903, 88, 38, 50, 323.98143136087856, 39
1, 790703, 452283, 338420, 3390700.6067778287, 75, 35, 40, 310.38309563827124, 36
1, 790733, 452313, 338420, 3390945.6415097606, 30, 30, 0, 245.0347319320716, 30
1, 790806, 452356, 338450, 3391254.6427883296, 73, 43, 30, 309.00127856917646, 44
51, 790906, 452406, 338500, 3391590.9705543467, 100, 50, 50, 336.327766016838, 51
1, 790984, 452444, 338540, 3391904.8533409666, 78, 38, 40, 313.8827866200841, 39
1, 791026, 452486, 338540, 3392172.826330469, 42, 42, 0, 267.97298950218305, 42
1, 791106, 452536, 338570, 3392489.9960867134, 80, 50, 30, 317.1697562442441, 51
51, 791236, 452576, 338660, 3392849.860924252, 130, 40, 90, 359.86483753851803, 42
1, 791273, 452613, 338660, 3393108.893495708, 37, 37, 0, 259.03257145596604, 37
1, 791312, 452652, 338660, 3393371.5934356516, 39, 39, 0, 262.6999399439383, 39
51, 791451, 452701, 338750, 3393738.956597953, 139, 49, 90, 367.36316230125203, 51
1, 791524, 452744, 338780, 3394047.957876522, 73, 43, 30, 309.00127856917646, 44
1, 791556, 452776, 338780, 3394297.1992995227, 32, 32, 0, 249.24142300054422, 32
1, 791591, 452811, 338780, 3394552.4292274322, 35, 35, 0, 255.22992790977875, 35
1, 791683, 452863, 338820, 3394881.6333289007, 92, 52, 40, 329.20410146824725, 53
51, 791778, 452908, 338870, 3395212.931893036, 95, 45, 50, 331.2985641352145, 46
1, 791851, 452951, 338900, 3395521.9331716048, 73, 43, 30, 309.00127856917646, 44
1, 791891, 452991, 338900, 3395786.4198575416, 40, 40, 0, 264.4866859365871, 40
1, 791927, 453027, 338900, 3396043.56883182, 36, 36, 0, 257.1489742783178, 36
51, 792051, 453061, 338990, 3396398.2682283684, 124, 34, 90, 354.6993965481514, 36
1, 792096, 453106, 338990, 3396671.2702347795, 45, 45, 0, 273.00200641113514, 45
1, 792128, 453138, 338990, 3396920.51165778, 32, 32, 0, 249.24142300054422, 32
1, 792239, 453179, 339060, 3397265.498375821, 111, 41, 70, 344.9867180408456, 43
51, 792329, 453219, 339110, 3397591.605404645, 90, 40, 50, 326.1070288241023, 41
1, 792408, 453258, 339150, 3397906.6361547755, 79, 39, 40, 315.03075013013313, 40
1, 792446, 453296, 339150, 3398167.5185343954, 38, 38, 0, 260.88237961983884, 38
1, 792480, 453330, 339150, 3398420.7921746722, 34, 34, 0, 253.2736402766418, 34
1, 792511, 453361, 339150, 3398667.9532808494, 31, 31, 0, 247.1611061770567, 31
51, 792668, 453398, 339270, 3399046.630173967, 157, 37, 120, 378.67689311792185, 40
1, 792707, 453437, 339270, 3399309.330113911, 39, 39, 0, 262.6999399439383, 39
1, 792778, 453478, 339300, 3399615.90842473, 71, 41, 30, 306.57831081870995, 42
51, 792917, 453527, 339390, 3399983.2715870314, 139, 49, 90, 367.36316230125203, 51
1, 792964, 453574, 339390, 3400259.504636901, 47, 47, 0, 276.2330498695885, 47
1, 793006, 453616, 339390, 3400527.4776264033, 42, 42, 0, 267.97298950218305, 42
1, 793118, 453658, 339460, 3400873.392938743, 112, 42, 70, 345.91531233955715, 44
51, 793204, 453694, 339510, 3401195.2191033904, 86, 36, 50, 321.82616464756694, 37
1, 793245, 453735, 339510, 3401461.463056834, 41, 41, 0, 266.24395344352433, 41
1, 793277, 453767, 339510, 3401710.7044798345, 32, 32, 0, 249.24142300054422, 32
1, 793326, 453816, 339510, 3401990.079610941, 49, 49, 0, 279.3751311064591, 49
51, 793416, 453856, 339560, 3402316.1866397653, 90, 40, 50, 326.1070288241023, 41
1, 793518, 453888, 339630, 3402652.5838225465, 102, 32, 70, 336.39718278112656, 34
1, 793543, 453913, 339630, 3402886.1906202966, 25, 25, 0, 233.60679774997897, 25
1, 793650, 453950, 339700, 3403227.4127655663, 107, 37, 70, 341.2221452697031, 39
1, 793690, 453990, 339700, 3403491.899451503, 40, 40, 0, 264.4866859365871, 40
51, 793774, 454024, 339750, 3403811.5394619065, 84, 34, 50, 319.64001040350905, 35
1, 793863, 454073, 339790, 3404137.5873274705, 89, 49, 40, 326.0478655640733, 50
1, 793938, 454118, 339820, 3404448.970423109, 75, 45, 30, 311.38309563827124, 46
1, 793984, 454164, 339820, 3404723.599491823, 46, 46, 0, 274.6290687140218, 46
1, 794024, 454204, 339820, 3404988.08617776, 40, 40, 0, 264.4866859365871, 40
51, 794158, 454248, 339910, 3405351.3189936783, 134, 44, 90, 363.23281591860336, 46
1, 794190, 454280, 339910, 3405600.560416679, 32, 32, 0, 249.24142300054422, 32
1, 794298, 454318, 339980, 3405942.7313962257, 108, 38, 70, 342.1709795470626, 40
1, 794342, 454362, 339980, 3406214.082353916, 44, 44, 0, 271.35095769013947, 44
51, 794423, 454393, 340030, 3406530.382353916, 81, 31, 50, 316.3, 32
1, 794546, 454446, 340100, 3406886.2069251775, 123, 53, 70, 355.8245712617827, 55
1, 794586, 454486, 340100, 3407150.6936111143, 40, 40, 0, 264.4866859365871, 40
51, 794680, 454530, 340150, 3407480.967336962, 94, 44, 50, 330.273725847777, 45
1, 794727, 454577, 340150, 3407757.2003868315, 47, 47, 0, 276.2330498695885, 47
1, 794837, 454617, 340220, 3408101.253570878, 110, 40, 70, 344.0531840464366, 42
1, 794879, 454659, 340220, 3408369.2265603803, 42, 42, 0, 267.97298950218305, 42
1, 794949, 454699, 340250, 3408674.5773212323, 70, 40, 30, 305.3507608519078, 41
51, 795051, 454751, 340300, 3409012.8745040135, 102, 52, 50, 338.29718278112654, 53
1, 795092, 454792, 340300, 3409279.118457457, 41, 41, 0, 266.24395344352433, 41
1, 795183, 454843, 340340, 3409607.277519396, 91, 51, 40, 328.1590619387661, 52
1, 795252, 454882, 340370, 3409911.3896611063, 69, 39, 30, 304.1121417102006, 40
1, 795289, 454919, 340370, 3410170.422232562, 37, 37, 0, 259.03257145596604, 37
51, 795372, 454952, 340420, 3410488.9571804916, 83, 33, 50, 318.5349479292333, 34
1, 795403, 454983, 340420, 3410736.118286669, 31, 31, 0, 247.1611061770567, 31
1, 795443, 455023, 340420, 3411000.6049726056, 40, 40, 0, 264.4866859365871, 40
51, 795599, 455059, 340540, 3411378.5168569107, 156, 36, 120, 377.9118843049396, 39
1, 795639, 455099, 340540, 3411643.0035428475, 40, 40, 0, 264.4866859365871, 40
1, 795721, 455141, 340580, 3411961.425212691, 82, 42, 40, 318.42166984345636, 43
1, 795764, 455184, 340580, 3412231.100172894, 43, 43, 0, 269.6749602031015, 43
51, 795866, 455236, 340630, 3412569.397355675, 102, 52, 50, 338.29718278112654, 53
1, 795973, 455273, 340700, 3412910.619500945, 107, 37, 70, 341.2221452697031, 39
1, 796009, 455309, 340700, 3413167.7684752233, 36, 36, 0, 257.1489742783178, 36
1, 796051, 455351, 340700, 3413435.7414647257, 42, 42, 0, 267.97298950218305, 42
51, 796175, 455395, 340780, 3413791.440861274, 124, 44, 80, 355.6993965481514, 46
1, 796210, 455430, 340780, 3414046.6707891836, 35, 35, 0, 255.22992790977875, 35
1, 796283, 455463, 340820, 3414354.6720677526, 73, 33, 40, 308.00127856917646, 34
1, 796317, 455497, 340820, 3414607.9457080294, 34, 34, 0, 253.2736402766418, 34
51, 796411, 455541, 340870, 3414938.219433877, 94, 44, 50, 330.273725847777, 45
1, 796454, 455584, 340870, 3415207.89439408, 43, 43, 0, 269.6749602031015, 43
1, 796519, 455619, 340900, 3415506.9355455237, 65, 35, 30, 299.04115144336777, 36
51, 796604, 455654, 340950, 3415827.672573195, 85, 35, 50, 320.73702767108114, 36
1, 796697, 455707, 340990, 3416157.914853102, 93, 53, 40, 330.24227990714814, 54
1, 796763, 455743, 341020, 3416458.241841379, 66, 36, 30, 300.32698827717985, 37
51, 796846, 455776, 341070, 3416776.7767893085, 83, 33, 50, 318.5349479292333, 34
1, 796880, 455810, 341070, 3417030.0504295854, 34, 34, 0, 253.2736402766418, 34
1, 796950, 455850, 341100, 3417335.4011904374, 70, 40, 30, 305.3507608519078, 41
51, 797037, 455887, 341150, 3417658.308771435, 87, 37, 50, 322.9075809977351, 38
1, 797123, 455933, 341190, 3417981.1349360826, 86, 46, 40, 322.82616464756694, 47
1, 797163, 455973, 341190, 3418245.6216220194, 40, 40, 0, 264.4866859365871, 40
51, 797260, 456020, 341240, 3418578.950521291, 97, 47, 50, 333.3288992714996, 48
1, 797368, 456058, 341310, 3418921.1215008376, 108, 38, 70, 342.1709795470626, 40
1, 797410, 456100, 341310, 3419189.09449034, 42, 42, 0, 267.97298950218305, 42
1, 797454, 456144, 341310, 3419460.4454480303, 44, 44, 0, 271.35095769013947, 44
51, 797546, 456186, 341360, 3419788.6495494987, 92, 42, 50, 328.20410146824725, 43
1, 797616, 456226, 341390, 3420094.0003103507, 70, 40, 30, 305.3507608519078, 41
1, 797689, 456259, 341430, 3420402.0015889197, 73, 33, 40, 308.00127856917646, 34
1, 797731, 456301, 341430, 3420669.974578422, 42, 42, 0, 267.97298950218305, 42
1, 797808, 456348, 341460, 3420983.7002421888, 77, 47, 30, 313.72566376652986, 48
51, 797895, 456385, 341510, 3421306.6078231866, 87, 37, 50, 322.9075809977351, 38
1, 797936, 456426, 341510, 3421572.85177663, 41, 41, 0, 266.24395344352433, 41
1, 798018, 456468, 341550, 3421891.2734464738, 82, 42, 40, 318.42166984345636, 43
1, 798067, 456517, 341550, 3422170.64857758, 49, 49, 0, 279.3751311064591, 49
1, 798131, 456551, 341580, 3422468.3912900547, 64, 34, 30, 297.742712474619, 35
51, 798262, 456592, 341670, 3422829.1036182703, 131, 41, 90, 360.7123282155055, 43
1, 798289, 456619, 341670, 3423067.4543239656, 27, 27, 0, 238.35070569547776, 27
1, 798319, 456649, 341670, 3423312.4890558976, 30, 30, 0, 245.0347319320716, 30
1, 798395, 456695, 341700, 3423625.0482282713, 76, 46, 30, 312.5591723737189, 47
51, 798480, 456730, 341750, 3423945.7852559425, 85, 35, 50, 320.73702767108114, 36
1, 798520, 456770, 341750, 3424210.2719418793, 40, 40, 0, 264.4866859365871, 40
1, 798604, 456814, 341790, 3424530.911952283, 84, 44, 40, 320.64001040350905, 45
1, 798650, 456860, 341790, 3424805.541020997, 46, 46, 0, 274.6290687140218, 46
1, 798726, 456906, 341820, 3425118.1001933706, 76, 46, 30, 312.5591723737189, 47
51, 798808, 456938, 341870, 3425435.521863214, 82, 32, 50, 317.42166984345636, 33
1, 798835, 456965, 341870, 3425673.8725689095, 27, 27, 0, 238.35070569547776, 27
1, 798916, 457006, 341910, 3425991.1725689094, 81, 41, 40, 317.3, 42
1, 798952, 457042, 341910, 3426248.321543188, 36, 36, 0, 257.1489742783178, 36
51, 799071, 457081, 341990, 3426599.60493839, 119, 39, 80, 351.28339520229764, 41
1, 799107, 457117, 341990, 3426856.7539126687, 36, 36, 0, 257.1489742783178, 36
1, 799144, 457154, 341990, 3427115.7864841246, 37, 37, 0, 259.03257145596604, 37
51, 799278, 457198, 342080, 3427479.019300043, 134, 44, 90, 363.23281591860336, 46
1, 799315, 457235, 342080, 3427738.051871499, 37, 37, 0, 259.03257145596604, 37
1, 799354, 457274, 342080, 3428000.751811443, 39, 39, 0, 262.6999399439383, 39
1, 799430, 457320, 342110, 3428313.3109838166, 76, 46, 30, 312.5591723737189, 47
51, 799524, 457364, 342160, 3428643.5847096643, 94, 44, 50, 330.273725847777, 45
1, 799609, 457409, 342200, 3428965.3217373355, 85, 45, 40, 321.73702767108114, 46
1, 799679, 457449, 342230, 3429270.6724981875, 70, 40, 30, 305.3507608519078, 41
1, 799717, 457487, 342230, 3429531.5548778074, 38, 38, 0, 260.88237961983884, 38
51, 799808, 457528, 342280, 3429858.7139397464, 91, 41, 50, 327.1590619387661, 42
1, 799894, 457574, 342320, 3430181.540104394, 86, 46, 40, 322.82616464756694, 47
1, 799974, 457624, 342350, 3430498.7098606382, 80, 50, 30, 317.1697562442441, 51
1, 800054, 457664, 342390, 3430814.8796168827, 80, 40, 40, 316.1697562442441, 41
51, 800179, 457709, 342470, 3431171.4497693707, 125, 45, 80, 356.57015248821097, 47
1, 800213, 457743, 342470, 3431424.7234096476, 34, 34, 0, 253.2736402766418, 34
1, 800300, 457790, 342510, 3431748.6309906454, 87, 47, 40, 323.9075809977351, 48
1, 800338, 457828, 342510, 3432009.5133702653, 38, 38, 0, 260.88237961983884, 38
1, 800387, 457877, 342510, 3432288.8885013717, 49, 49, 0, 279.3751311064591, 49
51, 800507, 457907, 342600, 3432640.0635933364, 120, 30, 90, 351.1750919646873, 32
1, 800593, 457963, 342630, 3432963.889757984, 86, 56, 30, 323.82616464756694, 57
1, 800675, 458005, 342670, 3433282.3114278275, 82, 42, 40, 318.42166984345636, 43
1, 800747, 458047, 342700, 3433590.106490852, 72, 42, 30, 307.79506302439404, 43
51, 800843, 458093, 342750, 3433922.4234068664, 96, 46, 50, 332.31691601465747, 47
1, 800894, 458144, 342750, 3434204.857918645, 51, 51, 0, 282.43451177837886, 51
1, 800932, 458182, 342750, 3434465.7402982647, 38, 38, 0, 260.88237961983884, 38
1, 801004, 458224, 342780, 3434773.535361289, 72, 42, 30, 307.79506302439404, 43
51, 801141, 458271, 342870, 3435139.256683494, 137, 47, 90, 365.72132220485213, 49
1, 801180, 458310, 342870, 3435401.956623438, 39, 39, 0, 262.6999399439383, 39
1, 801254, 458354, 342900, 3435712.1538322046, 74, 44, 30, 310.1972087668518, 45
1, 801292, 458392, 342900, 3435973.0362118245, 38, 38, 0, 260.88237961983884, 38
1, 801368, 458428, 342940, 3436284.5953841982, 76, 36, 40, 311.5591723737189, 37
51, 801453, 458463, 342990, 3436605.3324118694, 85, 35, 50, 320.73702767108114, 36
1, 801496, 458506, 342990, 3436875.0073720724, 43, 43, 0, 269.6749602031015, 43
1, 801574, 458544, 343030, 3437188.8901586924, 78, 38, 40, 313.8827866200841, 39
1, 801639, 458579, 343060, 3437487.931310136, 65, 35, 30, 299.04115144336777, 36
51, 801723, 458613, 343110, 3437807.5713205393, 84, 34, 50, 319.64001040350905, 35
1, 801801, 458651, 343150, 3438121.4541071593, 78, 38, 40, 313.8827866200841, 39
1, 801875, 458695, 343180, 3438431.651315926, 74, 44, 30, 310.1972087668518, 45
51, 802010, 458740, 343270, 3438795.7171258666, 135, 45, 90, 364.06580994024984, 47
1, 802051, 458781, 343270, 3439061.96107931, 41, 41, 0, 266.24395344352433, 41
1, 802122, 458822, 343300, 3439368.539390129, 71, 41, 30, 306.57831081870995, 42
1, 802156, 458856, 343300, 3439621.813030406, 34, 34, 0, 253.2736402766418, 34
51, 802246, 458896, 343350, 3439947.92005923, 90, 40, 50, 326.1070288241023, 41
1, 802320, 458930, 343390, 3440257.117267997, 74, 34, 40, 309.1972087668518, 35
1, 802350, 458960, 343390, 3440502.151999929, 30, 30, 0, 245.0347319320716, 30
1, 802425, 459005, 343420, 3440813.5350955673, 75, 45, 30, 311.38309563827124, 46
51, 802503, 459033, 343470, 3441126.4178821873, 78, 28, 50, 312.8827866200841, 29
1, 802581, 459071, 343510, 3441440.3006688072, 78, 38, 40, 313.8827866200841, 39
1, 802613, 459103, 343510, 3441689.542091808, 32, 32, 0, 249.24142300054422, 32
1, 802689, 459149, 343540, 3442002.1012641815, 76, 46, 30, 312.5591723737189, 47
1, 802764, 459184, 343580, 3442312.48435982, 75, 35, 40, 310.38309563827124, 36
51, 802851, 459221, 343630, 3442635.3919408177, 87, 37, 50, 322.9075809977351, 38
1, 802890, 459260, 343630, 3442898.0918807616, 39, 39, 0, 262.6999399439383, 39
1, 802932, 459302, 343630, 3443166.064870264, 42, 42, 0, 267.97298950218305, 42
51, 803056, 459336, 343720, 3443520.7642668122, 124, 34, 90, 354.6993965481514, 36
1, 803123, 459373, 343750, 3443822.3648220696, 67, 37, 30, 301.6005552576305, 38
1, 803162, 459412, 343750, 3444085.0647620135, 39, 39, 0, 262.6999399439383, 39
1, 803200, 459450, 343750, 3444345.9471416334, 38, 38, 0, 260.88237961983884, 38
51, 803335, 459495, 343840, 3444710.012951574, 135, 45, 90, 364.06580994024984, 47
1, 803372, 459532, 343840, 3444969.0455230298, 37, 37, 0, 259.03257145596604, 37
1, 803406, 459566, 343840, 3445222.3191633066, 34, 34, 0, 253.2736402766418, 34
1, 803474, 459604, 343870, 3445525.1813344094, 68, 38, 30, 302.86217110259, 39
51, 803556, 459636, 343920, 3445842.603004253, 82, 32, 50, 317.42166984345636, 33
1, 803603, 459683, 343920, 3446118.8360541225, 47, 47, 0, 276.2330498695885, 47
1, 803694, 459734, 343960, 3446446.9951160615, 91, 51, 40, 328.1590619387661, 52
1, 803726, 459766, 343960, 3446696.236539062, 32, 32, 0, 249.24142300054422, 32
51, 803856, 459806, 344050, 3447056.1013766006, 130, 40, 90, 359.86483753851803, 42
1, 803918, 459838, 344080, 3447351.20800293, 62, 32, 30, 295.1066263296683, 33
1, 803951, 459871, 344080, 3447602.486175623, 33, 33, 0, 251.27817269284301, 33
51, 804039, 459909, 344130, 3447926.4676069836, 88, 38, 50, 323.98143136087856, 39
1, 804078, 459948, 344130, 3448189.1675469275, 39, 39, 0, 262.6999399439383, 39
1, 804160, 459990, 344170, 3448507.589216771, 82, 42, 40, 318.42166984345636, 43
1, 804202, 460032, 344170, 3448775.5622062734, 42, 42, 0, 267.97298950218305, 42
51, 804313, 460063, 344250, 3449119.5489243143, 111, 31, 80, 343.9867180408456, 33
1, 804351, 460101, 344250, 3449380.431303934, 38, 38, 0, 260.88237961983884, 38
1, 804428, 460148, 344280, 3449694.156967701, 77, 47, 30, 313.72566376652986, 48
51, 804570, 460200, 344370, 3450063.9580002576, 142, 52, 90, 369.8010325565812, 54
1, 804614, 460244, 344370, 3450335.308957948, 44, 44, 0, 271.35095769013947, 44
1, 804703, 460293, 344410, 3450661.356823512, 89, 49, 40, 326.0478655640733, 50
1, 804745, 460335, 344410, 3450929.3298130143, 42, 42, 0, 267.97298950218305, 42
51, 804859, 460369, 344490, 3451276.087800706, 114, 34, 80, 346.75798769167545, 36
1, 804898, 460408, 344490, 3451538.7877406497, 39, 39, 0, 262.6999399439383, 39
1, 804972, 460452, 344520, 3451848.9849494165, 74, 44, 30, 310.1972087668518, 45
1, 805055, 460495, 344560, 3452168.519897346, 83, 43, 40, 319.5349479292333, 44
1, 805089, 460529, 344560, 3452421.793537623, 34, 34, 0, 253.2736402766418, 34
51, 805210, 460570, 344640, 3452774.8560166582, 121, 41, 80, 353.06247903554, 43
1, 805283, 460603, 344680, 3453082.8572952272, 73, 33, 40, 308.00127856917646, 34
1, 805355, 460645, 344710, 3453390.6523582516, 72, 42, 30, 307.79506302439404, 43
1, 805390, 460680, 344710, 3453645.882286161, 35, 35, 0, 255.22992790977875, 35
51, 805515, 460725, 344790, 3454002.4524386493, 125, 45, 80, 356.57015248821097, 47
1, 805552, 460762, 344790, 3454261.485010105, 37, 37, 0, 259.03257145596604, 37
1, 805626, 460796, 344830, 3454570.682218872, 74, 34, 40, 309.1972087668518, 35
1, 805668, 460838, 344830, 3454838.6552083744, 42, 42, 0, 267.97298950218305, 42
51, 805781, 460871, 344910, 3455184.494252244, 113, 33, 80, 345.83904386951343, 35
1, 805822, 460912, 344910, 3455450.7382056876, 41, 41, 0, 266.24395344352433, 41
1, 805859, 460949, 344910, 3455709.7707771435, 37, 37, 0, 259.03257145596604, 37
1, 805963, 460983, 344980, 3456048.114463901, 104, 34, 70, 338.343686757474, 36
51, 806053, 461023, 345030, 3456374.2214927254, 90, 40, 50, 326.1070288241023, 41
1, 806129, 461059, 345070, 3456685.780665099, 76, 36, 40, 311.5591723737189, 37
1, 806170, 461100, 345070, 3456952.0246185428, 41, 41, 0, 266.24395344352433, 41
1, 806242, 461142, 345100, 3457259.819681567, 72, 42, 30, 307.79506302439404, 43
1, 806289, 461189, 345100, 3457536.0527314367, 47, 47, 0, 276.2330498695885, 47
51, 806422, 461232, 345190, 3457898.449000478, 133, 43, 90, 362.3962690412072, 45
1, 806470, 461280, 345190, 3458176.263803068, 48, 48, 0, 277.8148025904985, 48
1, 806506, 461316, 345190, 3458433.4127773466, 36, 36, 0, 257.1489742783178, 36
1, 806547, 461357, 345190, 3458699.65673079, 41, 41, 0, 266.24395344352433, 41
51, 806659, 461389, 345270, 3459044.5720431297, 112, 32, 80, 344.91531233955715, 34
1, 806741, 461431, 345310, 3459362.9937129733, 82, 42, 40, 318.42166984345636, 43
1, 806791, 461481, 345310, 3459643.9085078207, 50, 50, 0, 280.9147948472494, 50
51, 806932, 461532, 345400, 3460012.900180486, 141, 51, 90, 368.9916726654594, 53
1, 806953, 461553, 345400, 3460236.169694779, 21, 21, 0, 223.26951429280723, 21
1, 807028, 461598, 345430, 3460547.5527904173, 75, 45, 30, 311.38309563827124, 46
1, 807070, 461640, 345430, 3460815.5257799197, 42, 42, 0, 267.97298950218305, 42
51, 807192, 461682, 345510, 3461169.4713984733, 122, 42, 80, 353.9456185537469, 44
1, 807271, 461721, 345550, 3461484.5021486036, 79, 39, 40, 315.03075013013313, 40
1, 807353, 461773, 345580, 3461803.923818447, 82, 52, 30, 319.42166984345636, 53
1, 807436, 461816, 345620, 3462123.4587663766, 83, 43, 40, 319.5349479292333, 44
1, 807470, 461850, 345620, 3462376.7324066535, 34, 34, 0, 253.2736402766418, 34
51, 807557, 461887, 345670, 3462699.6399876513, 87, 37, 50, 322.9075809977351, 38
1, 807597, 461927, 345670, 3462964.126673588, 40, 40, 0, 264.4866859365871, 40
1, 807674, 461974, 345700, 3463277.852337355, 77, 47, 30, 313.72566376652986, 48
1, 807757, 462017, 345740, 3463597.387285284, 83, 43, 40, 319.5349479292333, 44
51, 807840, 462050, 345790, 3463915.9222332137, 83, 33, 50, 318.5349479292333, 34
1, 807875, 462085, 345790, 3464171.152161123, 35, 35, 0, 255.22992790977875, 35
1, 807910, 462120, 345790, 3464426.382089033, 35, 35, 0, 255.22992790977875, 35
51, 808001, 462161, 345840, 3464753.541150972, 91, 41, 50, 327.1590619387661, 42
1, 808109, 462199, 345910, 3465095.7121305186, 108, 38, 70, 342.1709795470626, 40
1, 808140, 462230, 345910, 3465342.873236696, 31, 31, 0, 247.1611061770567, 31
1, 808184, 462274, 345910, 3465614.224194386, 44, 44, 0, 271.35095769013947, 44
1, 808225, 462315, 345910, 3465880.4681478296, 41, 41, 0, 266.24395344352433, 41
51, 808380, 462350, 346030, 3466257.612300367, 155, 35, 120, 377.14415253747273, 38
1, 808424, 462394, 346030, 3466528.9632580574, 44, 44, 0, 271.35095769013947, 44
1, 808458, 462428, 346030, 3466782.236898334, 34, 34, 0, 253.2736402766418, 34
51, 808599, 462479, 346120, 3467151.2285709996, 141, 51, 90, 368.9916726654594, 53
1, 808633, 462513, 346120, 3467404.5022112764, 34, 34, 0, 253.2736402766418, 34
1, 808694, 462544, 346150, 3467698.2704505436, 61, 31, 30, 293.7682392671241, 32
1, 808767, 462577, 346190, 3468006.2717291126, 73, 33, 40, 308.00127856917646, 34
1, 808807, 462617, 346190, 3468270.7584150494, 40, 40, 0, 264.4866859365871, 40
51, 808890, 462650, 346240, 3468589.293362979, 83, 33, 50, 318.5349479292333, 34
1, 808997, 462687, 346310, 3468930.5155082485, 107, 37, 70, 341.2221452697031, 39
1, 809036, 462726, 346310, 3469193.2154481923, 39, 39, 0, 262.6999399439383, 39
51, 809128, 462768, 346360, 3469521.4195496608, 92, 42, 50, 328.20410146824725, 43
1, 809219, 462819, 346400, 3469849.5786115997, 91, 51, 40, 328.1590619387661, 52
1, 809256, 462856, 346400, 3470108.6111830557, 37, 37, 0, 259.03257145596604, 37
1, 809293, 462893, 346400, 3470367.6437545116, 37, 37, 0, 259.03257145596604, 37
51, 809461, 462941, 346520, 3470754.5643288796, 168, 48, 120, 386.9205743678508, 51
1, 809496, 462976, 346520, 3471009.794256789, 35, 35, 0, 255.22992790977875, 35
1, 809537, 463017, 346520, 3471276.0382102327, 41, 41, 0, 266.24395344352433, 41
51, 809619, 463049, 346570, 3471593.4598800763, 82, 32, 50, 317.42166984345636, 33
1, 809657, 463087, 346570, 3471854.342259696, 38, 38, 0, 260.88237961983884, 38
1, 809764, 463124, 346640, 3472195.564404966, 107, 37, 70, 341.2221452697031, 39
1, 809801, 463161, 346640, 3472454.596976422, 37, 37, 0, 259.03257145596604, 37
51, 809897, 463207, 346690, 3472786.9138924363, 96, 46, 50, 332.31691601465747, 47
1, 809945, 463255, 346690, 3473064.7286950266, 48, 48, 0, 277.8148025904985, 48
1, 809979, 463289, 346690, 3473318.0023353035, 34, 34, 0, 253.2736402766418, 34
1, 810053, 463323, 346730, 3473627.1995440703, 74, 34, 40, 309.1972087668518, 35
1, 810126, 463366, 346760, 3473936.2008226393, 73, 43, 30, 309.00127856917646, 44
51, 810221, 463411, 346810, 3474267.4993867744, 95, 45, 50, 331.2985641352145, 46
1, 810258, 463448, 346810, 3474526.5319582303, 37, 37, 0, 259.03257145596604, 37
1, 810343, 463493, 346850, 3474848.2689859015, 85, 45, 40, 321.73702767108114, 46
51, 810436, 463536, 346900, 3475177.5112658087, 93, 43, 50, 329.24227990714814, 44
1, 810479, 463579, 346900, 3475447.1862260117, 43, 43, 0, 269.6749602031015, 43
1, 810550, 463620, 346930, 3475753.7645368306, 71, 41, 30, 306.57831081870995, 42
51, 810641, 463661, 346980, 3476080.9235987696, 91, 41, 50, 327.1590619387661, 42
1, 810709, 463699, 347010, 3476383.7857698724, 68, 38, 30, 302.86217110259, 39
1, 810789, 463739, 347050, 3476699.955526117, 80, 40, 40, 316.1697562442441, 41
51, 810889, 463789, 347100, 3477036.283292134, 100, 50, 50, 336.327766016838, 51
1, 810925, 463825, 347100, 3477293.4322664123, 36, 36, 0, 257.1489742783178, 36
1, 810996, 463866, 347130, 3477600.010577231, 71, 41, 30, 306.57831081870995, 42
1, 811081, 463911, 347170, 3477921.7476049024, 85, 45, 40, 321.73702767108114, 46
51, 811171, 463951, 347220, 3478247.8546337266, 90, 40, 50, 326.1070288241023, 41
1, 811279, 463989, 347290, 3478590.0256132735, 108, 38, 70, 342.1709795470626, 40
1, 811320, 464030, 347290, 3478856.269566717, 41, 41, 0, 266.24395344352433, 41
51, 811409, 464069, 347340, 3479181.317432281, 89, 39, 50, 325.0478655640733, 40
1, 811480, 464110, 347370, 3479487.8957431, 71, 41, 30, 306.57831081870995, 42
1, 811559, 464149, 347410, 3479802.9264932303, 79, 39, 40, 315.03075013013313, 40
51, 811687, 464197, 347490, 3480162.0850593317, 128, 48, 80, 359.1585661014858, 50
1, 811723, 464233, 347490, 3480419.23403361, 36, 36, 0, 257.1489742783178, 36
1, 811828, 464268, 347560, 3480758.5426209047, 105, 35, 70, 339.30858729436795, 37
1, 811870, 464310, 347560, 3481026.515610407, 42, 42, 0, 267.97298950218305, 42
1, 811917, 464357, 347560, 3481302.7486602766, 47, 47, 0, 276.2330498695885, 47
51, 812050, 464400, 347650, 3481665.1449293178, 133, 43, 90, 362.3962690412072, 45
1, 812082, 464432, 347650, 3481914.3863523183, 32, 32, 0, 249.24142300054422, 32
1, 812111, 464461, 347650, 3482157.245931029, 29, 29, 0, 242.8595787106084, 29
51, 812265, 464495, 347770, 3482533.6195980264, 154, 34, 120, 376.37366699756114, 37
1, 812311, 464541, 347770, 3482808.2486667405, 46, 46, 0, 274.6290687140218, 46
1, 812421, 464581, 347840, 3483152.301850787, 110, 40, 70, 344.0531840464366, 42
1, 812455, 464615, 347840, 3483405.5754910638, 34, 34, 0, 253.2736402766418, 34
51, 812542, 464652, 347890, 3483728.4830720616, 87, 37, 50, 322.9075809977351, 38
1, 812603, 464683, 347920, 3484022.2513113287, 61, 31, 30, 293.7682392671241, 32
1, 812693, 464733, 347960, 3484349.358340153, 90, 50, 40, 327.1070288241023, 51
1, 812729, 464769, 347960, 3484606.5073144315, 36, 36, 0, 257.1489742783178, 36
51, 812820, 464810, 348010, 3484933.6663763705, 91, 41, 50, 327.1590619387661, 42
1, 812849, 464839, 348010, 3485176.525955081, 29, 29, 0, 242.8595787106084, 29
1, 812922, 464882, 348040, 3485485.52723365, 73, 43, 30, 309.00127856917646, 44
51, 813015, 464925, 348090, 3485814.769513557, 93, 43, 50, 329.24227990714814, 44
1, 813103, 464973, 348130, 3486139.750944918, 88, 48, 40, 324.98143136087856, 49
1, 813170, 465010, 348160, 3486441.3515001754, 67, 37, 30, 301.6005552576305, 38
1, 813215, 465055, 348160, 3486714.3535065865, 45, 45, 0, 273.00200641113514, 45
51, 813351, 465101, 348250, 3487079.248803621, 136, 46, 90, 364.89529703482884, 48
1, 813394, 465144, 348250, 3487348.923763824, 43, 43, 0, 269.6749602031015, 43
1, 813471, 465191, 348280, 3487662.649427591, 77, 47, 30, 313.72566376652986, 48
1, 813511, 465231, 348280, 3487927.1361135277, 40, 40, 0, 264.4866859365871, 40
51, 813637, 465267, 348370, 3488283.5730094113, 126, 36, 90, 356.43689588345075, 38
1, 813674, 465304, 348370, 3488542.6055808673, 37, 37, 0, 259.03257145596604, 37
1, 813740, 465340, 348400, 3488842.9325691443, 66, 36, 30, 300.32698827717985, 37
1, 813789, 465389, 348400, 3489122.3077002508, 49, 49, 0, 279.3751311064591, 49
1, 813824, 465424, 348400, 3489377.5376281603, 35, 35, 0, 255.22992790977875, 35
51, 813986, 465466, 348520, 3489759.9997626613, 162, 42, 120, 382.4621345008163, 45
1, 814022, 465502, 348520, 3490017.1487369398, 36, 36, 0, 257.1489742783178, 36
1, 814085, 465535, 348550, 3490313.5800616657, 63, 33, 30, 296.43132472612575, 34
1, 814163, 465573, 348590, 3490627.4628482857, 78, 38, 40, 313.8827866200841, 39
51, 814260, 465620, 348640, 3490960.791747557, 97, 47, 50, 333.3288992714996, 48
1, 814295, 465655, 348640, 3491216.0216754666, 35, 35, 0, 255.22992790977875, 35
1, 814342, 465702, 348640, 3491492.254725336, 47, 47, 0, 276.2330498695885, 47
51, 814479, 465749, 348730, 3491857.976047541, 137, 47, 90, 365.72132220485213, 49
1, 814545, 465785, 348760, 3492158.303035818, 66, 36, 30, 300.32698827717985, 37
1, 814584, 465824, 348760, 3492421.002975762, 39, 39, 0, 262.6999399439383, 39
1, 814622, 465862, 348760, 3492681.8853553818, 38, 38, 0, 260.88237961983884, 38
51, 814740, 465900, 348840, 3493032.272680551, 118, 38, 80, 350.3873251689181, 40
1, 814776, 465936, 348840, 3493289.4216548293, 36, 36, 0, 257.1489742783178, 36
1, 814867, 465987, 348880, 3493617.5807167683, 91, 51, 40, 328.1590619387661, 52
1, 814935, 466025, 348910, 3493920.442887871, 68, 38, 30, 302.86217110259, 39
51, 815021, 466061, 348960, 3494242.2690525185, 86, 36, 50, 321.82616464756694, 37
1, 815061, 466101, 348960, 3494506.7557384553, 40, 40, 0, 264.4866859365871, 40
1, 815110, 466150, 348960, 3494786.130869562, 49, 49, 0, 279.3751311064591, 49
1, 815190, 466200, 348990, 3495103.300625806, 80, 50, 30, 317.1697562442441, 51
1, 815273, 466243, 349030, 3495422.8355737356, 83, 43, 40, 319.5349479292333, 44
51, 815358, 466278, 349080, 3495743.572601407, 85, 35, 50, 320.73702767108114, 36
1, 815390, 466310, 349080, 3495992.8140244074, 32, 32, 0, 249.24142300054422, 32
1, 815468, 466358, 349110, 3496307.6968110274, 78, 48, 30, 314.8827866200841, 49
1, 815512, 466402, 349110, 3496579.0477687176, 44, 44, 0, 271.35095769013947, 44
1, 815556, 466446, 349110, 3496850.398726408, 44, 44, 0, 271.35095769013947, 44
51, 815686, 466486, 349200, 3497210.2635639464, 130, 40, 90, 359.86483753851803, 42
1, 815759, 466529, 349230, 3497519.2648425153, 73, 43, 30, 309.00127856917646, 44
1, 815801, 466571, 349230, 3497787.2378320177, 42, 42, 0, 267.97298950218305, 42
51, 815935, 466615, 349320, 3498150.470647936, 134, 44, 90, 363.23281591860336, 46
1, 815973, 466653, 349320, 3498411.353027556, 38, 38, 0, 260.88237961983884, 38
1, 816059, 466699, 349360, 3498734.1791922036, 86, 46, 40, 322.82616464756694, 47
1, 816129, 466739, 349390, 3499039.5299530555, 70, 40, 30, 305.3507608519078, 41
1, 816184, 466794, 349390, 3499327.856934589, 55, 55, 0, 288.32698153315005, 55
51, 816297, 466827, 349470, 3499673.6959784585, 113, 33, 80, 345.83904386951343, 35
1, 816374, 466864, 349510, 3499986.4216422252, 77, 37, 40, 312.72566376652986, 38
1, 816410, 466900, 349510, 3500243.5706165037, 36, 36, 0, 257.1489742783178, 36
51, 816499, 466939, 349560, 3500568.6184820677, 89, 39, 50, 325.0478655640733, 40
1, 816532, 466972, 349560, 3500819.8966547605, 33, 33, 0, 251.27817269284301, 33
1, 816612, 467022, 349590, 3501137.066411005, 80, 50, 30, 317.1697562442441, 51
1, 816696, 467066, 349630, 3501457.7064214083, 84, 44, 40, 320.64001040350905, 45
51, 816810, 467100, 349710, 3501804.4644091, 114, 34, 80, 346.75798769167545, 36
1, 816859, 467149, 349710, 3502083.8395402064, 49, 49, 0, 279.3751311064591, 49
1, 816907, 467197, 349710, 3502361.6543427967, 48, 48, 0, 277.8148025904985, 48
1, 817007, 467227, 349780, 3502696.0821088133, 100, 30, 70, 334.42776601683795, 32
51, 817095, 467265, 349830, 3503020.063540174, 88, 38, 50, 323.98143136087856, 39
1, 817128, 467298, 349830, 3503271.341712867, 33, 33, 0, 251.27817269284301, 33
1, 817199, 467339, 349860, 3503577.920023686, 71, 41, 30, 306.57831081870995, 42
1, 817241, 467381, 349860, 3503845.893013188, 42, 42, 0, 267.97298950218305, 42
1, 817317, 467417, 349900, 3504157.452185562, 76, 36, 40, 311.5591723737189, 37
51, 817410, 467460, 349950, 3504486.694465469, 93, 43, 50, 329.24227990714814, 44
1, 817447, 467497, 349950, 3504745.727036925, 37, 37, 0, 259.03257145596604, 37
1, 817485, 467535, 349950, 3505006.609416545, 38, 38, 0, 260.88237961983884, 38
1, 817590, 467570, 350020, 3505345.9180038394, 105, 35, 70, 339.30858729436795, 37
51, 817679, 467609, 350070, 3505670.9658694034, 89, 39, 50, 325.0478655640733, 40
1, 817725, 467655, 350070, 3505945.5949381175, 46, 46, 0, 274.6290687140218, 46
1, 817766, 467696, 350070, 3506211.838891561, 41, 41, 0, 266.24395344352433, 41
51, 817858, 467738, 350120, 3506540.0429930296, 92, 42, 50, 328.20410146824725, 43
1, 817969, 467779, 350190, 3506885.0297110705, 111, 41, 70, 344.9867180408456, 43
1, 817996, 467806, 350190, 3507123.380416766, 27, 27, 0, 238.35070569547776, 27
51, 818110, 467840, 350270, 3507470.1384044574, 114, 34, 80, 346.75798769167545, 36
1, 818151, 467881, 350270, 3507736.382357901, 41, 41, 0, 266.24395344352433, 41
1, 818187, 467917, 350270, 3507993.5313321794, 36, 36, 0, 257.1489742783178, 36
1, 818262, 467952, 350310, 3508303.914427818, 75, 35, 40, 310.38309563827124, 36
51, 818379, 467989, 350390, 3508653.4012446166, 117, 37, 80, 349.4868167986058, 39
1, 818425, 468035, 350390, 3508928.0303133307, 46, 46, 0, 274.6290687140218, 46
1, 818466, 468076, 350390, 3509194.2742667743, 41, 41, 0, 266.24395344352433, 41
1, 818547, 468117, 350430, 3509511.574266774, 81, 41, 40, 317.3, 42
51, 818636, 468156, 350480, 3509836.622132338, 89, 39, 50, 325.0478655640733, 40
1, 818668, 468188, 350480, 3510085.8635553387, 32, 32, 0, 249.24142300054422, 32
1, 818732, 468222, 350510, 3510383.606267813, 64, 34, 30, 297.742712474619, 35
51, 818822, 468262, 350560, 3510709.7132966374, 90, 40, 50, 326.1070288241023, 41
1, 818891, 468301, 350590, 3511013.8254383476, 69, 39, 30, 304.1121417102006, 40
1, 818977, 468347, 350630, 3511336.651602995, 86, 46, 40, 322.82616464756694, 47
51, 819091, 468381, 350710, 3511683.4095906867, 114, 34, 80, 346.75798769167545, 36
1, 819141, 468431, 350710, 3511964.324385534, 50, 50, 0, 280.9147948472494, 50
1, 819182, 468472, 350710, 3512230.5683389776, 41, 41, 0, 266.24395344352433, 41
51, 819309, 468519, 350790, 3512588.868021277, 127, 47, 80, 358.2996822992933, 49
1, 819386, 468556, 350830, 3512901.5936850435, 77, 37, 40, 312.72566376652986, 38
1, 819455, 468595, 350860, 3513205.7058267538, 69, 39, 30, 304.1121417102006, 40
1, 819494, 468634, 350860, 3513468.4057666976, 39, 39, 0, 262.6999399439383, 39
51, 819628, 468678, 350950, 3513831.638582616, 134, 44, 90, 363.23281591860336, 46
1, 819706, 468726, 350980, 3514146.521369236, 78, 48, 30, 314.8827866200841, 49
1, 819746, 468766, 350980, 3514411.008055173, 40, 40, 0, 264.4866859365871, 40
1, 819782, 468802, 350980, 3514668.1570294513, 36, 36, 0, 257.1489742783178, 36
1, 819852, 468832, 351020, 3514972.5077903033, 70, 30, 40, 304.3507608519078, 31
51, 819948, 468878, 351070, 3515304.824706318, 96, 46, 50, 332.31691601465747, 47
1, 819989, 468919, 351070, 3515571.0686597615, 41, 41, 0, 266.24395344352433, 41
1, 820105, 468965, 351140, 3515920.650463253, 116, 46, 70, 349.5818034911291, 48
1, 820155, 469015, 351140, 3516201.5652581, 50, 50, 0, 280.9147948472494, 50
51, 820245, 469055, 351190, 3516527.6722869244, 90, 40, 50, 326.1070288241023, 41
1, 820326, 469096, 351230, 3516844.9722869243, 81, 41, 40, 317.3, 42
1, 820376, 469146, 351230, 3517125.8870817716, 50, 50, 0, 280.9147948472494, 50
1, 820437, 469177, 351260, 3517419.655321039, 61, 31, 30, 293.7682392671241, 32
1, 820477, 469217, 351260, 3517684.1420069756, 40, 40, 0, 264.4866859365871, 40
51, 820602, 469262, 351340, 3518040.7121594637, 125, 45, 80, 356.57015248821097, 47
1, 820646, 469306, 351340, 3518312.063117154, 44, 44, 0, 271.35095769013947, 44
1, 820726, 469346, 351380, 3518628.2328733983, 80, 40, 40, 316.1697562442441, 41
1, 820760, 469380, 351380, 3518881.506513675, 34, 34, 0, 253.2736402766418, 34
51, 820871, 469411, 351460, 3519225.493231716, 111, 31, 80, 343.9867180408456, 33
1, 820911, 469451, 351460, 3519489.979917653, 40, 40, 0, 264.4866859365871, 40
1, 820953, 469493, 351460, 3519757.9529071553, 42, 42, 0, 267.97298950218305, 42
1, 820994, 469534, 351460, 3520024.196860599, 41, 41, 0, 266.24395344352433, 41
51, 821125, 469575, 351550, 3520384.9091888145, 131, 41, 90, 360.7123282155055, 43
1, 821169, 469619, 351550, 3520656.2601465047, 44, 44, 0, 271.35095769013947, 44
1, 821244, 469664, 351580, 3520967.643242143, 75, 45, 30, 311.38309563827124, 46
51, 821339, 469709, 351630, 3521298.941806278, 95, 45, 50, 331.2985641352145, 46
1, 821384, 469754, 351630, 3521571.9438126893, 45, 45, 0, 273.00200641113514, 45
1, 821425, 469795, 351630, 3521838.187766133, 41, 41, 0, 266.24395344352433, 41
51, 821591, 469841, 351750, 3522223.6320337667, 166, 46, 120, 385.4442676339201, 49
1, 821636, 469886, 351750, 3522496.634040178, 45, 45, 0, 273.00200641113514, 45
1, 821720, 469930, 351790, 3522817.2740505813, 84, 44, 40, 320.64001040350905, 45
1, 821764, 469974, 351790, 3523088.6250082715, 44, 44, 0, 271.35095769013947, 44
1, 821797, 470007, 351790, 3523339.9031809643, 33, 33, 0, 251.27817269284301, 33
51, 821921, 470051, 351870, 3523695.6025775126, 124, 44, 80, 355.6993965481514, 46
1, 822002, 470092, 351910, 3524012.9025775124, 81, 41, 40, 317.3, 42
1, 822049, 470139, 351910, 3524289.135627382, 47, 47, 0, 276.2330498695885, 47
1, 822090, 470180, 351910, 3524555.3795808256, 41, 41, 0, 266.24395344352433, 41
51, 822219, 470229, 351990, 3524915.3931813166, 129, 49, 80, 360.01360049114555, 51
1, 822256, 470266, 351990, 3525174.4257527725, 37, 37, 0, 259.03257145596604, 37
1, 822358, 470298, 352060, 3525510.8229355537, 102, 32, 70, 336.39718278112656, 34
1, 822386, 470326, 352060, 3525751.4555989327, 28, 28, 0, 240.63266337912057, 28
51, 822515, 470365, 352150, 3526110.4691994237, 129, 39, 90, 359.01360049114555, 41
1, 822556, 470406, 352150, 3526376.7131528673, 41, 41, 0, 266.24395344352433, 41
1, 822596, 470446, 352150, 3526641.199838804, 40, 40, 0, 264.4866859365871, 40
1, 822683, 470493, 352190, 3526965.107419802, 87, 47, 40, 323.9075809977351, 48
51, 822805, 470535, 352270, 3527319.0530383554, 122, 42, 80, 353.9456185537469, 44
1, 822853, 470583, 352270, 3527596.8678409457, 48, 48, 0, 277.8148025904985, 48
1, 822897, 470627, 352270, 3527868.218798636, 44, 44, 0, 271.35095769013947, 44
51, 822985, 470665, 352320, 3528192.200229997, 88, 38, 50, 323.98143136087856, 39
1, 823035, 470715, 352320, 3528473.115024844, 50, 50, 0, 280.9147948472494, 50
1, 823115, 470755, 352360, 3528789.2847810886, 80, 40, 40, 316.1697562442441, 41
51, 823231, 470791, 352440, 3529137.86658458, 116, 36, 80, 348.5818034911291, 38
1, 823274, 470834, 352440, 3529407.541544783, 43, 43, 0, 269.6749602031015, 43
1, 823359, 470879, 352480, 3529729.278572454, 85, 45, 40, 321.73702767108114, 46
1, 823411, 470931, 352480, 3530013.2135338825, 52, 52, 0, 283.93496142826496, 52
51, 823524, 470964, 352560, 3530359.052577752, 113, 33, 80, 345.83904386951343, 35
1, 823553, 470993, 352560, 3530601.9121564627, 29, 29, 0, 242.8595787106084, 29
1, 823632, 471032, 352600, 3530916.942906593, 79, 39, 40, 315.03075013013313, 40
1, 823670, 471070, 352600, 3531177.825286213, 38, 38, 0, 260.88237961983884, 38
51, 823767, 471117, 352650, 3531511.154185484, 97, 47, 50, 333.3288992714996, 48
1, 823805, 471155, 352650, 3531772.036565104, 38, 38, 0, 260.88237961983884, 38
1, 823866, 471186, 352680, 3532065.804804371, 61, 31, 30, 293.7682392671241, 32
1, 823907, 471227, 352680, 3532332.048757815, 41, 41, 0, 266.24395344352433, 41
1, 823986, 471266, 352720, 3532647.079507945, 79, 39, 40, 315.03075013013313, 40
51, 824071, 471301, 352770, 3532967.8165356163, 85, 35, 50, 320.73702767108114, 36
1, 824105, 471335, 352770, 3533221.090175893, 34, 34, 0, 253.2736402766418, 34
1, 824146, 471376, 352770, 3533487.3341293368, 41, 41, 0, 266.24395344352433, 41
1, 824254, 471414, 352840, 3533829.5051088836, 108, 38, 70, 342.1709795470626, 40
51, 824340, 471450, 352890, 3534151.331273531, 86, 36, 50, 321.82616464756694, 37
1, 824406, 471486, 352920, 3534451.658261808, 66, 36, 30, 300.32698827717985, 37
1, 824441, 471521, 352920, 3534706.8881897177, 35, 35, 0, 255.22992790977875, 35
51, 824537, 471567, 352970, 3535039.205105732, 96, 46, 50, 332.31691601465747, 47
1, 824615, 471605, 353010, 3535353.087892352, 78, 38, 40, 313.8827866200841, 39
1, 824663, 471653, 353010, 3535630.9026949424, 48, 48, 0, 277.8148025904985, 48
51, 824748, 471688, 353060, 3535951.6397226136, 85, 35, 50, 320.73702767108114, 36
1, 824861, 471731, 353130, 3536298.4787664833, 113, 43, 70, 346.83904386951343, 45
1, 824907, 471777, 353130, 3536573.1078351974, 46, 46, 0, 274.6290687140218, 46
1, 824983, 471823, 353160, 3536885.667007571, 76, 46, 30, 312.5591723737189, 47
51, 825067, 471857, 353210, 3537205.3070179746, 84, 34, 50, 319.64001040350905, 35
1, 825102, 471892, 353210, 3537460.536945884, 35, 35, 0, 255.22992790977875, 35
1, 825172, 471932, 353240, 3537765.887706736, 70, 40, 30, 305.3507608519078, 41
1, 825247, 471967, 353280, 3538076.2708023745, 75, 35, 40, 310.38309563827124, 36
51, 825342, 472012, 353330, 3538407.5693665096, 95, 45, 50, 331.2985641352145, 46
1, 825373, 472043, 353330, 3538654.7304726867, 31, 31, 0, 247.1611061770567, 31
1, 825426, 472096, 353330, 3538940.1472603274, 53, 53, 0, 285.4167876408086, 53
51, 825550, 472140, 353410, 3539295.8466568757, 124, 44, 80, 355.6993965481514, 46
1, 825592, 472182, 353410, 3539563.819646378, 42, 42, 0, 267.97298950218305, 42
1, 825679, 472229, 353450, 3539887.727227376, 87, 47, 40, 323.9075809977351, 48
1, 825724, 472274, 353450, 3540160.729233787, 45, 45, 0, 273.00200641113514, 45
51, 825816, 472316, 353500, 3540488.9333352554, 92, 42, 50, 328.20410146824725, 43
1, 825863, 472363, 353500, 3540765.166385125, 47, 47, 0, 276.2330498695885, 47
1, 825967, 472397, 353570, 3541103.5100718825, 104, 34, 70, 338.343686757474, 36
1, 826006, 472436, 353570, 3541366.2100118264, 39, 39, 0, 262.6999399439383, 39
1, 826039, 472469, 353570, 3541617.488184519, 33, 33, 0, 251.27817269284301, 33
51, 826148, 472498, 353650, 3541959.6028160187, 109, 29, 80, 342.114631499574, 31
1, 826227, 472537, 353690, 3542274.633566149, 79, 39, 40, 315.03075013013313, 40
1, 826268, 472578, 353690, 3542540.8775195926, 41, 41, 0, 266.24395344352433, 41
1, 826305, 472615, 353690, 3542799.9100910486, 37, 37, 0, 259.03257145596604, 37
51, 826439, 472659, 353780, 3543163.142906967, 134, 44, 90, 363.23281591860336, 46
1, 826512, 472702, 353810, 3543472.144185536, 73, 43, 30, 309.00127856917646, 44
1, 826559, 472749, 353810, 3543748.3772354056, 47, 47, 0, 276.2330498695885, 47
1, 826598, 472788, 353810, 3544011.0771753495, 39, 39, 0, 262.6999399439383, 39
51, 826732, 472832, 353900, 3544374.309991268, 134, 44, 90, 363.23281591860336, 46
1, 826771, 472871, 353900, 3544637.009931212, 39, 39, 0, 262.6999399439383, 39
1, 826812, 472912, 353900, 3544903.2538846554, 41, 41, 0, 266.24395344352433, 41
51, 826927, 472947, 353980, 3545250.9261017176, 115, 35, 80, 347.6722170622053, 37
1, 827011, 472991, 354020, 3545571.566112121, 84, 44, 40, 320.64001040350905, 45
1, 827045, 473025, 354020, 3545824.839752398, 34, 34, 0, 253.2736402766418, 34
1, 827125, 473065, 354060, 3546141.0095086424, 80, 40, 40, 316.1697562442441, 41
51, 827215, 473105, 354110, 3546467.1165374666, 90, 40, 50, 326.1070288241023, 41
1, 827258, 473148, 354110, 3546736.7914976696, 43, 43, 0, 269.6749602031015, 43
1, 827329, 473189, 354140, 3547043.3698084885, 71, 41, 30, 306.57831081870995, 42
51, 827422, 473232, 354190, 3547372.6120883957, 93, 43, 50, 329.24227990714814, 44
1, 827498, 473268, 354230, 3547684.1712607695, 76, 36, 40, 311.5591723737189, 37
1, 827547, 473317, 354230, 3547963.546391876, 49, 49, 0, 279.3751311064591, 49
1, 827620, 473360, 354260, 3548272.547670445, 73, 43, 30, 309.00127856917646, 44
1, 827664, 473404, 354260, 3548543.898628135, 44, 44, 0, 271.35095769013947, 44
51, 827826, 473446, 354380, 3548926.360762636, 162, 42, 120, 382.4621345008163, 45
1, 827860, 473480, 354380, 3549179.634402913, 34, 34, 0, 253.2736402766418, 34
1, 827931, 473521, 354410, 3549486.212713732, 71, 41, 30, 306.57831081870995, 42
51, 828012, 473552, 354460, 3549802.5127137317, 81, 31, 50, 316.3, 32
1, 828047, 473587, 354460, 3550057.7426416413, 35, 35, 0, 255.22992790977875, 35
1, 828087, 473627, 354460, 3550322.229327578, 40, 40, 0, 264.4866859365871, 40
1, 828171, 473671, 354500, 3550642.8693379816, 84, 44, 40, 320.64001040350905, 45
51, 828297, 473717, 354580, 3551000.306233865, 126, 46, 80, 357.43689588345075, 48
1, 828338, 473758, 354580, 3551266.550187309, 41, 41, 0, 266.24395344352433, 41
1, 828408, 473798, 354610, 3551571.900948161, 70, 40, 30, 305.3507608519078, 41
51, 828497, 473837, 354660, 3551896.948813725, 89, 39, 50, 325.0478655640733, 40
1, 828572, 473872, 354700, 3552207.331909363, 75, 35, 40, 310.38309563827124, 36
1, 828635, 473905, 354730, 3552503.763234089, 63, 33, 30, 296.43132472612575, 34
1, 828675, 473945, 354730, 3552768.249920026, 40, 40, 0, 264.4866859365871, 40
51, 828757, 473977, 354780, 3553085.6715898695, 82, 32, 50, 317.42166984345636, 33
1, 828795, 474015, 354780, 3553346.5539694894, 38, 38, 0, 260.88237961983884, 38
1, 828867, 474047, 354820, 3553653.349032514, 72, 32, 40, 306.79506302439404, 33
1, 828935, 474085, 354850, 3553956.2112036166, 68, 38, 30, 302.86217110259, 39
51, 829031, 474131, 354900, 3554288.528119631, 96, 46, 50, 332.31691601465747, 47
1, 829109, 474169, 354940, 3554602.410906251, 78, 38, 40, 313.8827866200841, 39
1, 829157, 474217, 354940, 3554880.2257088413, 48, 48, 0, 277.8148025904985, 48
51, 829250, 474260, 354990, 3555209.4679887486, 93, 43, 50, 329.24227990714814, 44
1, 829326, 474306, 355020, 3555522.0271611223, 76, 46, 30, 312.5591723737189, 47
1, 829413, 474353, 355060, 3555845.93474212, 87, 47, 40, 323.9075809977351, 48
1, 829455, 474395, 355060, 3556113.9077316225, 42, 42, 0, 267.97298950218305, 42
51, 829588, 474438, 355150, 3556476.3040006636, 133, 43, 90, 362.3962690412072, 45
1, 829624, 474474, 355150, 3556733.452974942, 36, 36, 0, 257.1489742783178, 36
1, 829738, 474518, 355220, 3557081.2109626336, 114, 44, 70, 347.75798769167545, 46
51, 829832, 474562, 355270, 3557411.4846884813, 94, 44, 50, 330.273725847777, 45
1, 829870, 474600, 355270, 3557672.367068101, 38, 38, 0, 260.88237961983884, 38
1, 829982, 474642, 355340, 3558018.2823804407, 112, 42, 70, 345.91531233955715, 44
1, 830019, 474679, 355340, 3558277.3149518967, 37, 37, 0, 259.03257145596604, 37
51, 830106, 474716, 355390, 3558600.2225328945, 87, 37, 50, 322.9075809977351, 38
1, 830153, 474763, 355390, 3558876.455582764, 47, 47, 0, 276.2330498695885, 47
1, 830181, 474791, 355390, 3559117.088246143, 28, 28, 0, 240.63266337912057, 28
1, 830286, 474826, 355460, 3559456.3968334375, 105, 35, 70, 339.30858729436795, 37
51, 830371, 474861, 355510, 3559777.1338611087, 85, 35, 50, 320.73702767108114, 36
1, 830413, 474903, 355510, 3560045.106850611, 42, 42, 0, 267.97298950218305, 42
1, 830486, 474946, 355540, 3560354.10812918, 73, 43, 30, 309.00127856917646, 44
1, 830519, 474979, 355540, 3560605.386301873, 33, 33, 0, 251.27817269284301, 33
51, 830609, 475019, 355590, 3560931.493330697, 90, 40, 50, 326.1070288241023, 41
1, 830688, 475058, 355630, 3561246.5240808274, 79, 39, 40, 315.03075013013313, 40
1, 830725, 475095, 355630, 3561505.5566522833, 37, 37, 0, 259.03257145596604, 37
1, 830793, 475133, 355660, 3561808.418823386, 68, 38, 30, 302.86217110259, 39
51, 830924, 475174, 355750, 3562169.1311516017, 131, 41, 90, 360.7123282155055, 43
1, 830986, 475206, 355780, 3562464.237777931, 62, 32, 30, 295.1066263296683, 33
1, 831032, 475252, 355780, 3562738.8668466453, 46, 46, 0, 274.6290687140218, 46
1, 831068, 475288, 355780, 3562996.0158209237, 36, 36, 0, 257.1489742783178, 36
51, 831186, 475326, 355860, 3563346.403146093, 118, 38, 80, 350.3873251689181, 40
1, 831263, 475363, 355900, 3563659.1288098595, 77, 37, 40, 312.72566376652986, 38
1, 831306, 475406, 355900, 3563928.8037700625, 43, 43, 0, 269.6749602031015, 43
1, 831341, 475441, 355900, 3564184.033697972, 35, 35, 0, 255.22992790977875, 35
51, 831434, 475484, 355950, 3564513.2759778793, 93, 43, 50, 329.24227990714814, 44
1, 831502, 475522, 355980, 3564816.138148982, 68, 38, 30, 302.86217110259, 39
1, 831544, 475564, 355980, 3565084.1111384844, 42, 42, 0, 267.97298950218305, 42
1, 831646, 475596, 356050, 3565420.5083212657, 102, 32, 70, 336.39718278112656, 34
1, 831682, 475632, 356050, 3565677.657295544, 36, 36, 0, 257.1489742783178, 36
51, 831804, 475674, 356130, 3566031.6029140977, 122, 42, 80, 353.9456185537469, 44
1, 831879, 475709, 356170, 3566341.986009736, 75, 35, 40, 310.38309563827124, 36
1, 831920, 475750, 356170, 3566608.2299631797, 41, 41, 0, 266.24395344352433, 41
1, 831958, 475788, 356170, 3566869.1123427995, 38, 38, 0, 260.88237961983884, 38
51, 832080, 475830, 356250, 3567223.057961353, 122, 42, 80, 353.9456185537469, 44
1, 832131, 475881, 356250, 3567505.4924731315, 51, 51, 0, 282.43451177837886, 51
1, 832174, 475924, 356250, 3567775.1674333345, 43, 43, 0, 269.6749602031015, 43
1, 832258, 475968, 356290, 3568095.807443738, 84, 44, 40, 320.64001040350905, 45
1, 832288, 475998, 356290, 3568340.84217567, 30, 30, 0, 245.0347319320716, 30
51, 832374, 476034, 356340, 3568662.6683403174, 86, 36, 50, 321.82616464756694, 37
1, 832447, 476077, 356370, 3568971.6696188864, 73, 43, 30, 309.00127856917646, 44
1, 832484, 476114, 356370, 3569230.7021903424, 37, 37, 0, 259.03257145596604, 37
51, 832567, 476147, 356420, 3569549.237138272, 83, 33, 50, 318.5349479292333, 34
1, 832679, 476189, 356490, 3569895.1524506113, 112, 42, 70, 345.91531233955715, 44
1, 832709, 476219, 356490, 3570140.1871825433, 30, 30, 0, 245.0347319320716, 30
1, 832778, 476258, 356520, 3570444.2993242536, 69, 39, 30, 304.1121417102006, 40
51, 832914, 476304, 356610, 3570809.194621288, 136, 46, 90, 364.89529703482884, 48
1, 832981, 476341, 356640, 3571110.7951765456, 67, 37, 30, 301.6005552576305, 38
1, 833017, 476377, 356640, 3571367.944150824, 36, 36, 0, 257.1489742783178, 36
51, 833103, 476413, 356690, 3571689.7703154716, 86, 36, 50, 321.82616464756694, 37
1, 833181, 476451, 356730, 3572003.6531020915, 78, 38, 40, 313.8827866200841, 39
1, 833254, 476494, 356760, 3572312.6543806605, 73, 43, 30, 309.00127856917646, 44
1, 833290, 476530, 356760, 3572569.803354939, 36, 36, 0, 257.1489742783178, 36
51, 833414, 476574, 356840, 3572925.5027514873, 124, 44, 80, 355.6993965481514, 46
1, 833458, 476618, 356840, 3573196.8537091776, 44, 44, 0, 271.35095769013947, 44
1, 833547, 476667, 356880, 3573522.9015747416, 89, 49, 40, 326.0478655640733, 50
1, 833582, 476702, 356880, 3573778.131502651, 35, 35, 0, 255.22992790977875, 35
1, 833624, 476744, 356880, 3574046.1044921535, 42, 42, 0, 267.97298950218305, 42
51, 833746, 476786, 356960, 3574400.050110707, 122, 42, 80, 353.9456185537469, 44
1, 833825, 476825, 357000, 3574715.0808608374, 79, 39, 40, 315.03075013013313, 40
1, 833867, 476867, 357000, 3574983.0538503397, 42, 42, 0, 267.97298950218305, 42
1, 833915, 476915, 357000, 3575260.86865293, 48, 48, 0, 277.8148025904985, 48
51, 834047, 476957, 357090, 3575622.424775357, 132, 42, 90, 361.55612242701943, 44
1, 834117, 476997, 357120, 3575927.775536209, 70, 40, 30, 305.3507608519078, 41
1, 834150, 477030, 357120, 3576179.0537089016, 33, 33, 0, 251.27817269284301, 33
1, 834195, 477075, 357120, 3576452.0557153127, 45, 45, 0, 273.00200641113514, 45
1, 834230, 477110, 357120, 3576707.2856432223, 35, 35, 0, 255.22992790977875, 35
51, 834316, 477146, 357170, 3577029.1118078697, 86, 36, 50, 321.82616464756694, 37
1, 834425, 477185, 357240, 3577372.2264393694, 109, 39, 70, 343.114631499574, 41
1, 834446, 477206, 357240, 3577595.4959536623, 21, 21, 0, 223.26951429280723, 21
1, 834486, 477246, 357240, 3577859.982639599, 40, 40, 0, 264.4866859365871, 40
51, 834646, 477286, 357360, 3578240.938521607, 160, 40, 120, 380.95588200778457, 43
1, 834684, 477324, 357360, 3578501.8209012267, 38, 38, 0, 260.88237961983884, 38
1, 834726, 477366, 357360, 3578769.793890729, 42, 42, 0, 267.97298950218305, 42
1, 834762, 477402, 357360, 3579026.9428650076, 36, 36, 0, 257.1489742783178, 36
1, 834806, 477446, 357360, 3579298.293822698, 44, 44, 0, 271.35095769013947, 44
51, 834968, 477488, 357480, 3579680.755957199, 162, 42, 120, 382.4621345008163, 45
1, 835014, 477534, 357480, 3579955.385025913, 46, 46, 0, 274.6290687140218, 46
1, 835084, 477574, 357510, 3580260.735786765, 70, 40, 30, 305.3507608519078, 41
1, 835128, 477618, 357510, 3580532.086744455, 44, 44, 0, 271.35095769013947, 44
1, 835172, 477662, 357510, 3580803.4377021454, 44, 44, 0, 271.35095769013947, 44
51, 835335, 477705, 357630, 3581186.6491256235, 163, 43, 120, 383.21142347822723, 46
1, 835381, 477751, 357630, 3581461.2781943376, 46, 46, 0, 274.6290687140218, 46
1, 835446, 477786, 357660, 3581760.319345781, 65, 35, 30, 299.04115144336777, 36
51, 835537, 477827, 357710, 3582087.47840772, 91, 41, 50, 327.1590619387661, 42
1, 835575, 477865, 357710, 3582348.36078734, 38, 38, 0, 260.88237961983884, 38
1, 835647, 477897, 357750, 3582655.1558503644, 72, 32, 40, 306.79506302439404, 33
1, 835701, 477951, 357750, 3582942.0364514473, 54, 54, 0, 286.88060108295343, 54
1, 835764, 477984, 357780, 3583238.4677761733, 63, 33, 30, 296.43132472612575, 34
51, 835859, 478029, 357830, 3583569.7663403084, 95, 45, 50, 331.2985641352145, 46
1, 835895, 478065, 357830, 3583826.915314587, 36, 36, 0, 257.1489742783178, 36
1, 835970, 478100, 357870, 3584137.298410225, 75, 35, 40, 310.38309563827124, 36
1, 836007, 478137, 357870, 3584396.330981681, 37, 37, 0, 259.03257145596604, 37
51, 836099, 478179, 357920, 3584724.5350831496, 92, 42, 50, 328.20410146824725, 43
1, 836216, 478226, 357990, 3585075.0218999484, 117, 47, 70, 350.4868167986058, 49
1, 836257, 478267, 357990, 3585341.265853392, 41, 41, 0, 266.24395344352433, 41
1, 836329, 478309, 358020, 3585649.0609164163, 72, 42, 30, 307.79506302439404, 43
51, 836415, 478345, 358070, 3585970.887081064, 86, 36, 50, 321.82616464756694, 37
1, 836458, 478388, 358070, 3586240.562041267, 43, 43, 0, 269.6749602031015, 43
1, 836534, 478424, 358110, 3586552.1212136406, 76, 36, 40, 311.5591723737189, 37
1, 836569, 478459, 358110, 3586807.35114155, 35, 35, 0, 255.22992790977875, 35
1, 836640, 478500, 358140, 3587113.929452369, 71, 41, 30, 306.57831081870995, 42
51, 836728, 478538, 358190, 3587437.91088373, 88, 38, 50, 323.98143136087856, 39
1, 836797, 478567, 358230, 3587741.02302544, 69, 29, 40, 303.1121417102006, 30
1, 836842, 478612, 358230, 3588014.025031851, 45, 45, 0, 273.00200641113514, 45
1, 836878, 478648, 358230, 3588271.1740061296, 36, 36, 0, 257.1489742783178, 36
51, 837038, 478688, 358350, 3588652.1298881373, 160, 40, 120, 380.95588200778457, 43
1, 837079, 478729, 358350, 3588918.373841581, 41, 41, 0, 266.24395344352433, 41
1, 837123, 478773, 358350, 3589189.724799271, 44, 44, 0, 271.35095769013947, 44
1, 837158, 478808, 358350, 3589444.954727181, 35, 35, 0, 255.22992790977875, 35
51, 837284, 478854, 358430, 3589802.3916230644, 126, 46, 80, 357.43689588345075, 48
1, 837371, 478901, 358470, 3590126.299204062, 87, 47, 40, 323.9075809977351, 48
1, 837414, 478944, 358470, 3590395.974164265, 43, 43, 0, 269.6749602031015, 43
1, 837526, 478986, 358540, 3590741.8894766048, 112, 42, 70, 345.91531233955715, 44
51, 837617, 479027, 358590, 3591069.0485385437, 91, 41, 50, 327.1590619387661, 42
1, 837687, 479067, 358620, 3591374.3992993957, 70, 40, 30, 305.3507608519078, 41
1, 837761, 479101, 358660, 3591683.5965081626, 74, 34, 40, 309.1972087668518, 35
1, 837800, 479140, 358660, 3591946.2964481064, 39, 39, 0, 262.6999399439383, 39
51, 837883, 479173, 358710, 3592264.831396036, 83, 33, 50, 318.5349479292333, 34
1, 837923, 479213, 358710, 3592529.3180819727, 40, 40, 0, 264.4866859365871, 40
1, 838012, 479262, 358750, 3592855.3659475367, 89, 49, 40, 326.0478655640733, 50
1, 838079, 479299, 358780, 3593156.966502794, 67, 37, 30, 301.6005552576305, 38
51, 838179, 479349, 358830, 3593493.294268811, 100, 50, 50, 336.327766016838, 51
1, 838251, 479381, 358870, 3593800.0893318355, 72, 32, 40, 306.79506302439404, 33
1, 838288, 479418, 358870, 3594059.1219032914, 37, 37, 0, 259.03257145596604, 37
1, 838339, 479469, 358870, 3594341.55641507, 51, 51, 0, 282.43451177837886, 51
1, 838377, 479507, 358870, 3594602.4387946897, 38, 38, 0, 260.88237961983884, 38
51, 838497, 479547, 358950, 3594954.6138866544, 120, 40, 80, 352.1750919646873, 42
1, 838567, 479577, 358990, 3595258.9646475064, 70, 30, 40, 304.3507608519078, 31
1, 838597, 479607, 358990, 3595503.9993794383, 30, 30, 0, 245.0347319320716, 30
1, 838662, 479632, 359030, 3595802.040530882, 65, 25, 40, 298.04115144336777, 26
1, 838710, 479680, 359030, 3596079.855333472, 48, 48, 0, 277.8148025904985, 48
51, 838798, 479718, 359080, 3596403.836764833, 88, 38, 50, 323.98143136087856, 39
1, 838901, 479751, 359150, 3596741.2100148886, 103, 33, 70, 337.37325005549695, 35
1, 838942, 479792, 359150, 3597007.453968332, 41, 41, 0, 266.24395344352433, 41
1, 839014, 479834, 359180, 3597315.2490313565, 72, 42, 30, 307.79506302439404, 43
1, 839095, 479875, 359220, 3597632.5490313563, 81, 41, 40, 317.3, 42
51, 839180, 479910, 359270, 3597953.2860590275, 85, 35, 50, 320.73702767108114, 36
1, 839254, 479954, 359300, 3598263.4832677944, 74, 44, 30, 310.1972087668518, 45
1, 839286, 479986, 359300, 3598512.724690795, 32, 32, 0, 249.24142300054422, 32
51, 839444, 480024, 359420, 3598892.163900051, 158, 38, 120, 379.43920925585275, 41
1, 839493, 480073, 359420, 3599171.5390311573, 49, 49, 0, 279.3751311064591, 49
1, 839535, 480115, 359420, 3599439.5120206596, 42, 42, 0, 267.97298950218305, 42
1, 839604, 480144, 359460, 3599742.62416237, 69, 29, 40, 303.1121417102006, 30
1, 839647, 480187, 359460, 3600012.299122573, 43, 43, 0, 269.6749602031015, 43
51, 839771, 480231, 359540, 3600367.998519121, 124, 44, 80, 355.6993965481514, 46
1, 839853, 480273, 359580, 3600686.420188965, 82, 42, 40, 318.42166984345636, 43
1, 839897, 480317, 359580, 3600957.771146655, 44, 44, 0, 271.35095769013947, 44
1, 839931, 480351, 359580, 3601211.044786932, 34, 34, 0, 253.2736402766418, 34
51, 840050, 480390, 359660, 3601562.3281821343, 119, 39, 80, 351.28339520229764, 41
1, 840085, 480425, 359660, 3601817.558110044, 35, 35, 0, 255.22992790977875, 35
1, 840135, 480475, 359660, 3602098.4729048912, 50, 50, 0, 280.9147948472494, 50
1, 840241, 480511, 359730, 3602438.740948501, 106, 36, 70, 340.2680436096278, 38
51, 840332, 480552, 359780, 3602765.90001044, 91, 41, 50, 327.1590619387661, 42
1, 840413, 480593, 359820, 3603083.20001044, 81, 41, 40, 317.3, 42
1, 840481, 480631, 359850, 3603386.0621815426, 68, 38, 30, 302.86217110259, 39
1, 840515, 480665, 359850, 3603639.3358218195, 34, 34, 0, 253.2736402766418, 34
51, 840605, 480705, 359900, 3603965.442850644, 90, 40, 50, 326.1070288241023, 41
1, 840642, 480742, 359900, 3604224.4754220997, 37, 37, 0, 259.03257145596604, 37
1, 840728, 480788, 359940, 3604547.301586747, 86, 46, 40, 322.82616464756694, 47
1, 840812, 480842, 359970, 3604868.9415971506, 84, 54, 30, 321.64001040350905, 55
51, 840900, 480880, 360020, 3605192.9230285115, 88, 38, 50, 323.98143136087856, 39
1, 841005, 480915, 360090, 3605532.231615806, 105, 35, 70, 339.30858729436795, 37
1, 841061, 480971, 360090, 3605821.9880957794, 56, 56, 0, 289.7564799734761, 56
1, 841113, 481023, 360090, 3606105.923057208, 52, 52, 0, 283.93496142826496, 52
51, 841215, 481075, 360140, 3606444.220239989, 102, 52, 50, 338.29718278112654, 53
1, 841255, 481115, 360140, 3606708.706925926, 40, 40, 0, 264.4866859365871, 40
1, 841333, 481153, 360180, 3607022.5897125457, 78, 38, 40, 313.8827866200841, 39
1, 841389, 481179, 360210, 3607309.4461925193, 56, 26, 30, 286.8564799734761, 27
1, 841428, 481218, 360210, 3607572.146132463, 39, 39, 0, 262.6999399439383, 39
51, 841517, 481257, 360260, 3607897.193998027, 89, 39, 50, 325.0478655640733, 40
1, 841553, 481293, 360260, 3608154.3429723056, 36, 36, 0, 257.1489742783178, 36
1, 841668, 481338, 360330, 3608503.015189368, 115, 45, 70, 348.6722170622053, 47
51, 841764, 481384, 360380, 3608835.3321053823, 96, 46, 50, 332.31691601465747, 47
1, 841847, 481427, 360420, 3609154.867053312, 83, 43, 40, 319.5349479292333, 44
1, 841885, 481465, 360420, 3609415.7494329317, 38, 38, 0, 260.88237961983884, 38
1, 841927, 481507, 360420, 3609683.722422434, 42, 42, 0, 267.97298950218305, 42
1, 842007, 481547, 360460, 3609999.8921786784, 80, 40, 40, 316.1697562442441, 41
51, 842124, 481584, 360540, 3610349.378995477, 117, 37, 80, 349.4868167986058, 39
1, 842157, 481617, 360540, 3610600.65716817, 33, 33, 0, 251.27817269284301, 33
1, 842197, 481657, 360540, 3610865.143854107, 40, 40, 0, 264.4866859365871, 40
1, 842277, 481697, 360580, 3611181.313610351, 80, 40, 40, 316.1697562442441, 41
51, 842370, 481740, 360630, 3611510.5558902584, 93, 43, 50, 329.24227990714814, 44
1, 842434, 481774, 360660, 3611808.298602733, 64, 34, 30, 297.742712474619, 35
1, 842483, 481823, 360660, 3612087.6737338393, 49, 49, 0, 279.3751311064591, 49
51, 842615, 481865, 360750, 3612449.229856266, 132, 42, 90, 361.55612242701943, 44
1, 842646, 481896, 360750, 3612696.3909624433, 31, 31, 0, 247.1611061770567, 31
1, 842678, 481928, 360750, 3612945.632385444, 32, 32, 0, 249.24142300054422, 32
1, 842744, 481964, 360780, 3613245.959373721, 66, 36, 30, 300.32698827717985, 37
51, 842838, 482008, 360830, 3613576.2330995686, 94, 44, 50, 330.273725847777, 45
1, 842870, 482040, 360830, 3613825.474522569, 32, 32, 0, 249.24142300054422, 32
1, 842983, 482083, 360900, 3614172.313566439, 113, 43, 70, 346.83904386951343, 45
1, 843028, 482128, 360900, 3614445.31557285, 45, 45, 0, 273.00200641113514, 45
1, 843060, 482160, 360900, 3614694.5569958505, 32, 32, 0, 249.24142300054422, 32
51, 843186, 482196, 360990, 3615050.993891734, 126, 36, 90, 356.43689588345075, 38
1, 843260, 482240, 361020, 3615361.191100501, 74, 44, 30, 310.1972087668518, 45
1, 843293, 482273, 361020, 3615612.4692731937, 33, 33, 0, 251.27817269284301, 33
1, 843367, 482317, 361050, 3615922.6664819606, 74, 44, 30, 310.1972087668518, 45
51, 843457, 482357, 361100, 3616248.773510785, 90, 40, 50, 326.1070288241023, 41
1, 843544, 482404, 361140, 3616572.6810917826, 87, 47, 40, 323.9075809977351, 48
1, 843589, 482449, 361140, 3616845.6830981937, 45, 45, 0, 273.00200641113514, 45
1, 843627, 482487, 361140, 3617106.5654778136, 38, 38, 0, 260.88237961983884, 38
51, 843759, 482529, 361230, 3617468.1216002405, 132, 42, 90, 361.55612242701943, 44
1, 843830, 482570, 361260, 3617774.6999110593, 71, 41, 30, 306.57831081870995, 42
1, 843872, 482612, 361260, 3618042.6729005617, 42, 42, 0, 267.97298950218305, 42
1, 843912, 482652, 361260, 3618307.1595864985, 40, 40, 0, 264.4866859365871, 40
51, 844073, 482693, 361380, 3618688.8698830996, 161, 41, 120, 381.7102966008917, 44
1, 844114, 482734, 361380, 3618955.113836543, 41, 41, 0, 266.24395344352433, 41
1, 844156, 482776, 361380, 3619223.0868260455, 42, 42, 0, 267.97298950218305, 42
1, 844234, 482814, 361420, 3619536.9696126655, 78, 38, 40, 313.8827866200841, 39
1, 844278, 482858, 361420, 3619808.3205703557, 44, 44, 0, 271.35095769013947, 44
51, 844396, 482896, 361500, 3620158.707895525, 118, 38, 80, 350.3873251689181, 40
1, 844427, 482927, 361500, 3620405.869001702, 31, 31, 0, 247.1611061770567, 31
1, 844515, 482975, 361540, 3620730.8504330628, 88, 48, 40, 324.98143136087856, 49
1, 844587, 483017, 361570, 3621038.645496087, 72, 42, 30, 307.79506302439404, 43
1, 844620, 483050, 361570, 3621289.92366878, 33, 33, 0, 251.27817269284301, 33
51, 844752, 483092, 361660, 3621651.479791207, 132, 42, 90, 361.55612242701943, 44
1, 844784, 483124, 361660, 3621900.7212142074, 32, 32, 0, 249.24142300054422, 32
1, 844846, 483156, 361690, 3622195.827840537, 62, 32, 30, 295.1066263296683, 33
1, 844932, 483202, 361730, 3622518.6540051843, 86, 46, 40, 322.82616464756694, 47
1, 845008, 483248, 361760, 3622831.213177558, 76, 46, 30, 312.5591723737189, 47
51, 845102, 483292, 361810, 3623161.4869034057, 94, 44, 50, 330.273725847777, 45
1, 845139, 483329, 361810, 3623420.5194748617, 37, 37, 0, 259.03257145596604, 37
1, 845185, 483375, 361810, 3623695.148543576, 46, 46, 0, 274.6290687140218, 46
1, 845268, 483418, 361850, 3624014.683491505, 83, 43, 40, 319.5349479292333, 44
1, 845329, 483449, 361880, 3624308.4517307724, 61, 31, 30, 293.7682392671241, 32
51, 845423, 483493, 361930, 3624638.72545662, 94, 44, 50, 330.273725847777, 45
1, 845492, 483532, 361960, 3624942.8375983303, 69, 39, 30, 304.1121417102006, 40
1, 845535, 483575, 361960, 3625212.5125585333, 43, 43, 0, 269.6749602031015, 43
1, 845619, 483619, 362000, 3625533.152568937, 84, 44, 40, 320.64001040350905, 45
51, 845719, 483669, 362050, 3625869.480334954, 100, 50, 50, 336.327766016838, 51
1, 845769, 483719, 362050, 3626150.3951298012, 50, 50, 0, 280.9147948472494, 50
1, 845877, 483757, 362120, 3626492.566109348, 108, 38, 70, 342.1709795470626, 40
51, 845971, 483801, 362170, 3626822.839835196, 94, 44, 50, 330.273725847777, 45
1, 846042, 483842, 362200, 3627129.4181460147, 71, 41, 30, 306.57831081870995, 42
1, 846089, 483889, 362200, 3627405.651195884, 47, 47, 0, 276.2330498695885, 47
1, 846161, 483931, 362230, 3627713.4462589086, 72, 42, 30, 307.79506302439404, 43
51, 846295, 483975, 362320, 3628076.679074827, 134, 44, 90, 363.23281591860336, 46
1, 846341, 484021, 362320, 3628351.308143541, 46, 46, 0, 274.6290687140218, 46
1, 846376, 484056, 362320, 3628606.538071451, 35, 35, 0, 255.22992790977875, 35
51, 846539, 484099, 362440, 3628989.749494929, 163, 43, 120, 383.21142347822723, 46
1, 846573, 484133, 362440, 3629243.0231352057, 34, 34, 0, 253.2736402766418, 34
1, 846630, 484160, 362470, 3629531.2927557114, 57, 27, 30, 288.2696205054472, 28
1, 846712, 484202, 362510, 3629849.714425555, 82, 42, 40, 318.42166984345636, 43
51, 846812, 484252, 362560, 3630186.042191572, 100, 50, 50, 336.327766016838, 51
1, 846858, 484298, 362560, 3630460.671260286, 46, 46, 0, 274.6290687140218, 46
1, 846917, 484327, 362590, 3630751.720060534, 59, 29, 30, 291.0488002476036, 30
1, 846993, 484363, 362630, 3631063.2792329076, 76, 36, 40, 311.5591723737189, 37
1, 847036, 484406, 362630, 3631332.9541931106, 43, 43, 0, 269.6749602031015, 43
51, 847129, 484449, 362680, 3631662.196473018, 93, 43, 50, 329.24227990714814, 44
1, 847195, 484485, 362710, 3631962.523461295, 66, 36, 30, 300.32698827717985, 37
1, 847234, 484524, 362710, 3632225.2234012387, 39, 39, 0, 262.6999399439383, 39
1, 847349, 484569, 362780, 3632573.895618301, 115, 45, 70, 348.6722170622053, 47
51, 847449, 484619, 362830, 3632910.223384318, 100, 50, 50, 336.327766016838, 51
1, 847485, 484655, 362830, 3633167.3723585964, 36, 36, 0, 257.1489742783178, 36
1, 847556, 484696, 362860, 3633473.9506694153, 71, 41, 30, 306.57831081870995, 42
51, 847646, 484736, 362910, 3633800.0576982396, 90, 40, 50, 326.1070288241023, 41
1, 847727, 484777, 362950, 3634117.3576982394, 81, 41, 40, 317.3, 42
1, 847766, 484816, 362950, 3634380.0576381832, 39, 39, 0, 262.6999399439383, 39
1, 847808, 484858, 362950, 3634648.0306276856, 42, 42, 0, 267.97298950218305, 42
51, 847901, 484901, 363000, 3634977.272907593, 93, 43, 50, 329.24227990714814, 44
1, 847969, 484939, 363030, 3635280.1350786956, 68, 38, 30, 302.86217110259, 39
1, 848041, 484971, 363070, 3635586.93014172, 72, 32, 40, 306.79506302439404, 33
1, 848082, 485012, 363070, 3635853.1740951636, 41, 41, 0, 266.24395344352433, 41
1, 848131, 485061, 363070, 3636132.54922627, 49, 49, 0, 279.3751311064591, 49
51, 848254, 485104, 363150, 3636487.3737975317, 123, 43, 80, 354.8245712617827, 45
1, 848296, 485146, 363150, 3636755.346787034, 42, 42, 0, 267.97298950218305, 42
1, 848367, 485187, 363180, 3637061.925097853, 71, 41, 30, 306.57831081870995, 42
51, 848491, 485221, 363270, 3637416.6244944013, 124, 34, 90, 354.6993965481514, 36
1, 848528, 485258, 363270, 3637675.657065857, 37, 37, 0, 259.03257145596604, 37
1, 848569, 485299, 363270, 3637941.901019301, 41, 41, 0, 266.24395344352433, 41
1, 848603, 485333, 363270, 3638195.1746595777, 34, 34, 0, 253.2736402766418, 34
51, 848731, 485371, 363360, 3638553.333225679, 128, 38, 90, 358.1585661014858, 40
1, 848804, 485414, 363390, 3638862.334504248, 73, 43, 30, 309.00127856917646, 44
1, 848849, 485459, 363390, 3639135.336510659, 45, 45, 0, 273.00200641113514, 45
51, 848941, 485501, 363440, 3639463.5406121276, 92, 42, 50, 328.20410146824725, 43
1, 849021, 485551, 363470, 3639780.710368372, 80, 50, 30, 317.1697562442441, 51
1, 849062, 485592, 363470, 3640046.9543218156, 41, 41, 0, 266.24395344352433, 41
1, 849149, 485639, 363510, 3640370.8619028134, 87, 47, 40, 323.9075809977351, 48
51, 849243, 485683, 363560, 3640701.135628661, 94, 44, 50, 330.273725847777, 45
1, 849279, 485719, 363560, 3640958.2846029396, 36, 36, 0, 257.1489742783178, 36
1, 849348, 485758, 363590, 3641262.39674465, 69, 39, 30, 304.1121417102006, 40
1, 849393, 485803, 363590, 3641535.398751061, 45, 45, 0, 273.00200641113514, 45
1, 849436, 485846, 363590, 3641805.073711264, 43, 43, 0, 269.6749602031015, 43
51, 849593, 485883, 363710, 3642183.750604382, 157, 37, 120, 378.67689311792185, 40
1, 849634, 485924, 363710, 3642449.9945578254, 41, 41, 0, 266.24395344352433, 41
1, 849671, 485961, 363710, 3642709.0271292813, 37, 37, 0, 259.03257145596604, 37
1, 849717, 486007, 363710, 3642983.6561979954, 46, 46, 0, 274.6290687140218, 46
51, 849808, 486048, 363760, 3643310.8152599344, 91, 41, 50, 327.1590619387661, 42
1, 849870, 486080, 363790, 3643605.921886264, 62, 32, 30, 295.1066263296683, 33
1, 849958, 486128, 363830, 3643930.9033176247, 88, 48, 40, 324.98143136087856, 49
1, 849993, 486163, 363830, 3644186.1332455343, 35, 35, 0, 255.22992790977875, 35
1, 850029, 486199, 363830, 3644443.2822198127, 36, 36, 0, 257.1489742783178, 36
51, 850160, 486240, 363920, 3644803.9945480283, 131, 41, 90, 360.7123282155055, 43
1, 850202, 486282, 363920, 3645071.9675375307, 42, 42, 0, 267.97298950218305, 42
1, 850271, 486321, 363950, 3645376.079679241, 69, 39, 30, 304.1121417102006, 40
51, 850364, 486364, 364000, 3645705.321959148, 93, 43, 50, 329.24227990714814, 44
1, 850418, 486418, 364000, 3645992.202560231, 54, 54, 0, 286.88060108295343, 54
1, 850455, 486455, 364000, 3646251.235131687, 37, 37, 0, 259.03257145596604, 37
51, 850576, 486486, 364090, 3646603.2976107225, 121, 31, 90, 352.06247903554, 33
1, 850641, 486521, 364120, 3646902.338762166, 65, 35, 30, 299.04115144336777, 36
1, 850683, 486563, 364120, 3647170.3117516683, 42, 42, 0, 267.97298950218305, 42
1, 850756, 486606, 364150, 3647479.3130302373, 73, 43, 30, 309.00127856917646, 44
51, 850888, 486648, 364240, 3647840.869152664, 132, 42, 90, 361.55612242701943, 44
1, 850931, 486691, 364240, 3648110.544112867, 43, 43, 0, 269.6749602031015, 43
1, 850973, 486733, 364240, 3648378.5171023696, 42, 42, 0, 267.97298950218305, 42
51, 851061, 486771, 364290, 3648702.4985337304, 88, 38, 50, 323.98143136087856, 39
1, 851141, 486811, 364330, 3649018.668289975, 80, 40, 40, 316.1697562442441, 41
1, 851212, 486852, 364360, 3649325.2466007937, 71, 41, 30, 306.57831081870995, 42
1, 851295, 486895, 364400, 3649644.781548723, 83, 43, 40, 319.5349479292333, 44
51, 851377, 486927, 364450, 3649962.2032185667, 82, 32, 50, 317.42166984345636, 33
1, 851418, 486968, 364450, 3650228.4471720103, 41, 41, 0, 266.24395344352433, 41
1, 851459, 487009, 364450, 3650494.691125454, 41, 41, 0, 266.24395344352433, 41
1, 851506, 487056, 364450, 3650770.9241753235, 47, 47, 0, 276.2330498695885, 47
1, 851611, 487091, 364520, 3651110.232762618, 105, 35, 70, 339.30858729436795, 37
51, 851704, 487134, 364570, 3651439.475042525, 93, 43, 50, 329.24227990714814, 44
1, 851743, 487173, 364570, 3651702.174982469, 39, 39, 0, 262.6999399439383, 39
1, 851790, 487220, 364570, 3651978.4080323386, 47, 47, 0, 276.2330498695885, 47
51, 851927, 487267, 364660, 3652344.1293545435, 137, 47, 90, 365.72132220485213, 49
1, 851960, 487300, 364660, 3652595.4075272363, 33, 33, 0, 251.27817269284301, 33
1, 852026, 487336, 364690, 3652895.7345155133, 66, 36, 30, 300.32698827717985, 37
1, 852104, 487374, 364730, 3653209.6173021332, 78, 38, 40, 313.8827866200841, 39
1, 852143, 487413, 364730, 3653472.317242077, 39, 39, 0, 262.6999399439383, 39
51, 852231, 487451, 364780, 3653796.298673438, 88, 38, 50, 323.98143136087856, 39
1, 852311, 487491, 364820, 3654112.4684296823, 80, 40, 40, 316.1697562442441, 41
1, 852389, 487539, 364850, 3654427.3512163023, 78, 48, 30, 314.8827866200841, 49
1, 852432, 487582, 364850, 3654697.0261765053, 43, 43, 0, 269.6749602031015, 43
1, 852469, 487619, 364850, 3654956.058747961, 37, 37, 0, 259.03257145596604, 37
51, 852605, 487665, 364940, 3655320.954044996, 136, 46, 90, 364.89529703482884, 48
1, 852645, 487705, 364940, 3655585.4407309326, 40, 40, 0, 264.4866859365871, 40
1, 852682, 487742, 364940, 3655844.4733023886, 37, 37, 0, 259.03257145596604, 37
1, 852752, 487782, 364970, 3656149.8240632406, 70, 40, 30, 305.3507608519078, 41
51, 852846, 487826, 365020, 3656480.0977890883, 94, 44, 50, 330.273725847777, 45
1, 852888, 487868, 365020, 3656748.0707785906, 42, 42, 0, 267.97298950218305, 42
1, 853001, 487911, 365090, 3657094.9098224603, 113, 43, 70, 346.83904386951343, 45
51, 853086, 487946, 365140, 3657415.6468501315, 85, 35, 50, 320.73702767108114, 36
1, 853128, 487988, 365140, 3657683.619839634, 42, 42, 0, 267.97298950218305, 42
1, 853198, 488028, 365170, 3657988.970600486, 70, 40, 30, 305.3507608519078, 41
1, 853239, 488069, 365170, 3658255.2145539294, 41, 41, 0, 266.24395344352433, 41
1, 853315, 488105, 365210, 3658566.773726303, 76, 36, 40, 311.5591723737189, 37
51, 853397, 488137, 365260, 3658884.1953961467, 82, 32, 50, 317.42166984345636, 33
1, 853439, 488179, 365260, 3659152.168385649, 42, 42, 0, 267.97298950218305, 42
1, 853516, 488216, 365300, 3659464.894049416, 77, 37, 40, 312.72566376652986, 38
51, 853634, 488254, 365380, 3659815.281374585, 118, 38, 80, 350.3873251689181, 40
1, 853718, 488298, 365420, 3660135.9213849884, 84, 44, 40, 320.64001040350905, 45
1, 853785, 488335, 365450, 3660437.5219402458, 67, 37, 30, 301.6005552576305, 38
1, 853821, 488371, 365450, 3660694.6709145242, 36, 36, 0, 257.1489742783178, 36
51, 853949, 488409, 365540, 3661052.8294806257, 128, 38, 90, 358.1585661014858, 40
1, 853994, 488454, 365540, 3661325.831487037, 45, 45, 0, 273.00200641113514, 45
1, 854070, 488500, 365570, 3661638.3906594105, 76, 46, 30, 312.5591723737189, 47
51, 854154, 488534, 365620, 3661958.030669814, 84, 34, 50, 319.64001040350905, 35
1, 854196, 488576, 365620, 3662226.0036593163, 42, 42, 0, 267.97298950218305, 42
1, 854267, 488617, 365650, 3662532.581970135, 71, 41, 30, 306.57831081870995, 42
1, 854343, 488653, 365690, 3662844.141142509, 76, 36, 40, 311.5591723737189, 37
1, 854416, 488696, 365720, 3663153.142421078, 73, 43, 30, 309.00127856917646, 44
51, 854511, 488741, 365770, 3663484.440985213, 95, 45, 50, 331.2985641352145, 46
1, 854582, 488772, 365810, 3663790.019296032, 71, 31, 40, 305.57831081870995, 32
1, 854626, 488816, 365810, 3664061.370253722, 44, 44, 0, 271.35095769013947, 44
51, 854745, 488855, 365890, 3664412.6536489245, 119, 39, 80, 351.28339520229764, 41
1, 854787, 488897, 365890, 3664680.626638427, 42, 42, 0, 267.97298950218305, 42
1, 854873, 488943, 365930, 3665003.4528030744, 86, 46, 40, 322.82616464756694, 47
1, 854913, 488983, 365930, 3665267.939489011, 40, 40, 0, 264.4866859365871, 40
51, 855051, 489031, 366020, 3665634.483418563, 138, 48, 90, 366.54392955194305, 50
1, 855085, 489065, 366020, 3665887.75705884, 34, 34, 0, 253.2736402766418, 34
1, 855159, 489109, 366050, 3666197.9542676066, 74, 44, 30, 310.1972087668518, 45
1, 855202, 489152, 366050, 3666467.6292278096, 43, 43, 0, 269.6749602031015, 43
51, 855320, 489180, 366140, 3666817.0165529787, 118, 28, 90, 349.3873251689181, 30
1, 855361, 489221, 366140, 3667083.2605064223, 41, 41, 0, 266.24395344352433, 41
1, 855408, 489268, 366140, 3667359.493556292, 47, 47, 0, 276.2330498695885, 47
1, 855476, 489306, 366170, 3667662.3557273946, 68, 38, 30, 302.86217110259, 39
51, 855602, 489342, 366260, 3668018.792623278, 126, 36, 90, 356.43689588345075, 38
1, 855638, 489378, 366260, 3668275.9415975567, 36, 36, 0, 257.1489742783178, 36
1, 855684, 489424, 366260, 3668550.570666271, 46, 46, 0, 274.6290687140218, 46
1, 855764, 489464, 366300, 3668866.740422515, 80, 40, 40, 316.1697562442441, 41
51, 855846, 489496, 366350, 3669184.162092359, 82, 32, 50, 317.42166984345636, 33
1, 855915, 489535, 366380, 3669488.274234069, 69, 39, 30, 304.1121417102006, 40
1, 855962, 489582, 366380, 3669764.5072839386, 47, 47, 0, 276.2330498695885, 47
1, 856048, 489628, 366420, 3670087.333448586, 86, 46, 40, 322.82616464756694, 47
51, 856174, 489674, 366500, 3670444.7703444697, 126, 46, 80, 357.43689588345075, 48
1, 856252, 489712, 366540, 3670758.6531310896, 78, 38, 40, 313.8827866200841, 39
1, 856307, 489767, 366540, 3671046.980112623, 55, 55, 0, 288.32698153315005, 55
51, 856437, 489807, 366630, 3671406.8449501614, 130, 40, 90, 359.86483753851803, 42
1, 856488, 489858, 366630, 3671689.27946194, 51, 51, 0, 282.43451177837886, 51
1, 856559, 489899, 366660, 3671995.8577727587, 71, 41, 30, 306.57831081870995, 42
1, 856600, 489940, 366660, 3672262.1017262023, 41, 41, 0, 266.24395344352433, 41
51, 856727, 489977, 366750, 3672619.4014085014, 127, 37, 90, 357.2996822992933, 39
1, 856799, 490019, 366780, 3672927.196471526, 72, 42, 30, 307.79506302439404, 43
1, 856843, 490063, 366780, 3673198.547429216, 44, 44, 0, 271.35095769013947, 44
51, 856925, 490095, 366830, 3673515.9690990597, 82, 32, 50, 317.42166984345636, 33
1, 856971, 490141, 366830, 3673790.598167774, 46, 46, 0, 274.6290687140218, 46
1, 857055, 490185, 366870, 3674111.2381781773, 84, 44, 40, 320.64001040350905, 45
1, 857117, 490217, 366900, 3674406.3448045067, 62, 32, 30, 295.1066263296683, 33
1, 857160, 490260, 366900, 3674676.0197647098, 43, 43, 0, 269.6749602031015, 43
51, 857282, 490292, 366990, 3675028.9653832633, 122, 32, 90, 352.9456185537469, 34
1, 857357, 490337, 367020, 3675340.3484789017, 75, 45, 30, 311.38309563827124, 46
1, 857403, 490383, 367020, 3675614.9775476158, 46, 46, 0, 274.6290687140218, 46
1, 857442, 490422, 367020, 3675877.6774875596, 39, 39, 0, 262.6999399439383, 39
51, 857554, 490454, 367100, 3676222.592799899, 112, 32, 80, 344.91531233955715, 34
1, 857634, 490494, 367140, 3676538.7625561436, 80, 40, 40, 316.1697562442441, 41
1, 857682, 490542, 367140, 3676816.577358734, 48, 48, 0, 277.8148025904985, 48
1, 857720, 490580, 367140, 3677077.4597383537, 38, 38, 0, 260.88237961983884, 38
51, 857815, 490625, 367190, 3677408.758302489, 95, 45, 50, 331.2985641352145, 46
1, 857922, 490662, 367260, 3677749.9804477585, 107, 37, 70, 341.2221452697031, 39
1, 857967, 490707, 367260, 3678022.9824541695, 45, 45, 0, 273.00200641113514, 45
1, 858011, 490751, 367260, 3678294.33341186, 44, 44, 0, 271.35095769013947, 44
1, 858087, 490797, 367290, 3678606.8925842335, 76, 46, 30, 312.5591723737189, 47
51, 858175, 490835, 367340, 3678930.8740155944, 88, 38, 50, 323.98143136087856, 39
1, 858258, 490878, 367380, 3679250.408963524, 83, 43, 40, 319.5349479292333, 44
1, 858293, 490913, 367380, 3679505.6388914334, 35, 35, 0, 255.22992790977875, 35
51, 858410, 490950, 367460, 3679855.125708232, 117, 37, 80, 349.4868167986058, 39
1, 858489, 490989, 367500, 3680170.1564583625, 79, 39, 40, 315.03075013013313, 40
1, 858528, 491028, 367500, 3680432.8563983063, 39, 39, 0, 262.6999399439383, 39
1, 858595, 491065, 367530, 3680734.4569535637, 67, 37, 30, 301.6005552576305, 38
1, 858683, 491113, 367570, 3681059.4383849245, 88, 48, 40, 324.98143136087856, 49
51, 858769, 491149, 367620, 3681381.264549572, 86, 36, 50, 321.82616464756694, 37
1, 858806, 491186, 367620, 3681640.297121028, 37, 37, 0, 259.03257145596604, 37
1, 858853, 491233, 367620, 3681916.5301708975, 47, 47, 0, 276.2330498695885, 47
51, 858986, 491276, 367710, 3682278.9264399386, 133, 43, 90, 362.3962690412072, 45
1, 859056, 491316, 367740, 3682584.2772007906, 70, 40, 30, 305.3507608519078, 41
1, 859096, 491356, 367740, 3682848.7638867274, 40, 40, 0, 264.4866859365871, 40
1, 859132, 491392, 367740, 3683105.912861006, 36, 36, 0, 257.1489742783178, 36
1, 859197, 491427, 367770, 3683404.9540124494, 65, 35, 30, 299.04115144336777, 36
51, 859328, 491468, 367860, 3683765.666340665, 131, 41, 90, 360.7123282155055, 43
1, 859371, 491511, 367860, 3684035.341300868, 43, 43, 0, 269.6749602031015, 43
1, 859411, 491551, 367860, 3684299.827986805, 40, 40, 0, 264.4866859365871, 40
51, 859494, 491584, 367910, 3684618.362934734, 83, 33, 50, 318.5349479292333, 34
1, 859567, 491627, 367940, 3684927.364213303, 73, 43, 30, 309.00127856917646, 44
1, 859641, 491661, 367980, 3685236.56142207, 74, 34, 40, 309.1972087668518, 35
1, 859686, 491706, 367980, 3685509.563428481, 45, 45, 0, 273.00200641113514, 45
51, 859781, 491751, 368030, 3685840.861992616, 95, 45, 50, 331.2985641352145, 46
1, 859820, 491790, 368030, 3686103.56193256, 39, 39, 0, 262.6999399439383, 39
1, 859861, 491831, 368030, 3686369.8058860037, 41, 41, 0, 266.24395344352433, 41
1, 859970, 491870, 368100, 3686712.9205175033, 109, 39, 70, 343.114631499574, 41
51, 860057, 491907, 368150, 3687035.828098501, 87, 37, 50, 322.9075809977351, 38
1, 860120, 491940, 368180, 3687332.259423227, 63, 33, 30, 296.43132472612575, 34
1, 860156, 491976, 368180, 3687589.4083975055, 36, 36, 0, 257.1489742783178, 36
1, 860235, 492015, 368220, 3687904.439147636, 79, 39, 40, 315.03075013013313, 40
51, 860328, 492058, 368270, 3688233.681427543, 93, 43, 50, 329.24227990714814, 44
1, 860396, 492096, 368300, 3688536.543598646, 68, 38, 30, 302.86217110259, 39
1, 860447, 492147, 368300, 3688818.9781104242, 51, 51, 0, 282.43451177837886, 51
1, 860489, 492189, 368300, 3689086.9510999266, 42, 42, 0, 267.97298950218305, 42
51, 860616, 492226, 368390, 3689444.2507822257, 127, 37, 90, 357.2996822992933, 39
1, 860680, 492260, 368420, 3689741.9934947, 64, 34, 30, 297.742712474619, 35
1, 860714, 492294, 368420, 3689995.267134977, 34, 34, 0, 253.2736402766418, 34
1, 860747, 492327, 368420, 3690246.54530767, 33, 33, 0, 251.27817269284301, 33
1, 860831, 492371, 368460, 3690567.1853180733, 84, 44, 40, 320.64001040350905, 45
51, 860933, 492423, 368510, 3690905.4825008544, 102, 52, 50, 338.29718278112654, 53
1, 861002, 492462, 368540, 3691209.5946425647, 69, 39, 30, 304.1121417102006, 40
1, 861076, 492496, 368580, 3691518.7918513315, 74, 34, 40, 309.1972087668518, 35
1, 861116, 492536, 368580, 3691783.2785372683, 40, 40, 0, 264.4866859365871, 40
1, 861155, 492575, 368580, 3692045.978477212, 39, 39, 0, 262.6999399439383, 39
51, 861286, 492616, 368670, 3692406.6908054277, 131, 41, 90, 360.7123282155055, 43
1, 861325, 492655, 368670, 3692669.3907453716, 39, 39, 0, 262.6999399439383, 39
1, 861406, 492706, 368700, 3692987.6907453714, 81, 51, 30, 318.3, 52
51, 861491, 492741, 368750, 3693308.4277730426, 85, 35, 50, 320.73702767108114, 36
1, 861570, 492780, 368790, 3693623.458523173, 79, 39, 40, 315.03075013013313, 40
1, 861610, 492820, 368790, 3693887.9452091097, 40, 40, 0, 264.4866859365871, 40
1, 861651, 492861, 368790, 3694154.1891625533, 41, 41, 0, 266.24395344352433, 41
51, 861744, 492904, 368840, 3694483.4314424605, 93, 43, 50, 329.24227990714814, 44
1, 861812, 492942, 368870, 3694786.2936135633, 68, 38, 30, 302.86217110259, 39
1, 861889, 492979, 368910, 3695099.01927733, 77, 37, 40, 312.72566376652986, 38
1, 861938, 493028, 368910, 3695378.3944084365, 49, 49, 0, 279.3751311064591, 49
51, 862021, 493061, 368960, 3695696.929356366, 83, 33, 50, 318.5349479292333, 34
1, 862093, 493103, 368990, 3696004.7244193903, 72, 42, 30, 307.79506302439404, 43
1, 862128, 493138, 368990, 3696259.9543473, 35, 35, 0, 255.22992790977875, 35
1, 862210, 493180, 369030, 3696578.3760171435, 82, 42, 40, 318.42166984345636, 43
51, 862292, 493212, 369080, 3696895.797686987, 82, 32, 50, 317.42166984345636, 33
1, 862330, 493250, 369080, 3697156.680066607, 38, 38, 0, 260.88237961983884, 38
1, 862444, 493294, 369150, 3697504.4380542985, 114, 44, 70, 347.75798769167545, 46
1, 862489, 493339, 369150, 3697777.4400607096, 45, 45, 0, 273.00200641113514, 45
1, 862537, 493387, 369150, 3698055.2548633, 48, 48, 0, 277.8148025904985, 48
51, 862621, 493421, 369200, 3698374.8948737034, 84, 34, 50, 319.64001040350905, 35
1, 862661, 493461, 369200, 3698639.38155964, 40, 40, 0, 264.4866859365871, 40
1, 862767, 493497, 369270, 3698979.64960325, 106, 36, 70, 340.2680436096278, 38
51, 862855, 493535, 369320, 3699303.631034611, 88, 38, 50, 323.98143136087856, 39
1, 862897, 493577, 369320, 3699571.604024113, 42, 42, 0, 267.97298950218305, 42
1, 862928, 493608, 369320, 3699818.7651302903, 31, 31, 0, 247.1611061770567, 31
51, 863086, 493646, 369440, 3700198.204339546, 158, 38, 120, 379.43920925585275, 41
1, 863128, 493688, 369440, 3700466.1773290485, 42, 42, 0, 267.97298950218305, 42
1, 863205, 493735, 369470, 3700779.9029928152, 77, 47, 30, 313.72566376652986, 48
1, 863249, 493779, 369470, 3701051.2539505055, 44, 44, 0, 271.35095769013947, 44
1, 863298, 493828, 369470, 3701330.629081612, 49, 49, 0, 279.3751311064591, 49
51, 863399, 493879, 369520, 3701667.944469584, 101, 51, 50, 337.31538797227006, 52
1, 863487, 493927, 369560, 3701992.925900945, 88, 48, 40, 324.98143136087856, 49
1, 863522, 493962, 369560, 3702248.1558288545, 35, 35, 0, 255.22992790977875, 35
1, 863626, 493996, 369630, 3702586.499515612, 104, 34, 70, 338.343686757474, 36
1, 863665, 494035, 369630, 3702849.199455556, 39, 39, 0, 262.6999399439383, 39
51, 863756, 494076, 369680, 3703176.358517495, 91, 41, 50, 327.1590619387661, 42
1, 863831, 494121, 369710, 3703487.7416131333, 75, 45, 30, 311.38309563827124, 46
1, 863859, 494149, 369710, 3703728.3742765123, 28, 28, 0, 240.63266337912057, 28
1, 863937, 494187, 369750, 3704042.2570631322, 78, 38, 40, 313.8827866200841, 39
51, 864028, 494228, 369800, 3704369.4161250712, 91, 41, 50, 327.1590619387661, 42
1, 864074, 494274, 369800, 3704644.0451937853, 46, 46, 0, 274.6290687140218, 46
1, 864112, 494312, 369800, 3704904.927573405, 38, 38, 0, 260.88237961983884, 38
51, 864236, 494356, 369880, 3705260.6269699535, 124, 44, 80, 355.6993965481514, 46
1, 864279, 494399, 369880, 3705530.3019301565, 43, 43, 0, 269.6749602031015, 43
1, 864353, 494433, 369920, 3705839.4991389234, 74, 34, 40, 309.1972087668518, 35
1, 864393, 494473, 369920, 3706103.98582486, 40, 40, 0, 264.4866859365871, 40
51, 864518, 494518, 370000, 3706460.5559773482, 125, 45, 80, 356.57015248821097, 47
1, 864566, 494566, 370000, 3706738.3707799385, 48, 48, 0, 277.8148025904985, 48
1, 864594, 494594, 370000, 3706979.0034433175, 28, 28, 0, 240.63266337912057, 28
1, 864674, 494634, 370040, 3707295.173199562, 80, 40, 40, 316.1697562442441, 41
51, 864762, 494672, 370090, 3707619.1546309227, 88, 38, 50, 323.98143136087856, 39
1, 864797, 494707, 370090, 3707874.3845588323, 35, 35, 0, 255.22992790977875, 35
1, 864871, 494751, 370120, 3708184.581767599, 74, 44, 30, 310.1972087668518, 45
51, 864955, 494785, 370170, 3708504.2217780026, 84, 34, 50, 319.64001040350905, 35
1, 865036, 494826, 370210, 3708821.5217780024, 81, 41, 40, 317.3, 42
1, 865076, 494866, 370210, 3709086.008463939, 40, 40, 0, 264.4866859365871, 40
1, 865146, 494906, 370240, 3709391.359224791, 70, 40, 30, 305.3507608519078, 41
1, 865183, 494943, 370240, 3709650.391796247, 37, 37, 0, 259.03257145596604, 37
51, 865272, 494982, 370290, 3709975.439661811, 89, 39, 50, 325.0478655640733, 40
1, 865360, 495030, 370330, 3710300.421093172, 88, 48, 40, 324.98143136087856, 49
1, 865427, 495067, 370360, 3710602.0216484293, 67, 37, 30, 301.6005552576305, 38
1, 865462, 495102, 370360, 3710857.251576339, 35, 35, 0, 255.22992790977875, 35
51, 865605, 495155, 370450, 3711227.8587587844, 143, 53, 90, 370.6071824456716, 55
1, 865673, 495193, 370480, 3711530.720929887, 68, 38, 30, 302.86217110259, 39
1, 865715, 495235, 370480, 3711798.6939193895, 42, 42, 0, 267.97298950218305, 42
1, 865760, 495280, 370480, 3712071.6959258006, 45, 45, 0, 273.00200641113514, 45
1, 865849, 495329, 370520, 3712397.7437913646, 89, 49, 40, 326.0478655640733, 50
51, 865927, 495357, 370570, 3712710.6265779845, 78, 28, 50, 312.8827866200841, 29
1, 865992, 495392, 370600, 3713009.667729428, 65, 35, 30, 299.04115144336777, 36
1, 866034, 495434, 370600, 3713277.6407189304, 42, 42, 0, 267.97298950218305, 42
1, 866105, 495475, 370630, 3713584.2190297493, 71, 41, 30, 306.57831081870995, 42
51, 866244, 495524, 370720, 3713951.5821920508, 139, 49, 90, 367.36316230125203, 51
1, 866289, 495569, 370720, 3714224.584198462, 45, 45, 0, 273.00200641113514, 45
1, 866329, 495609, 370720, 3714489.0708843987, 40, 40, 0, 264.4866859365871, 40
1, 866412, 495652, 370760, 3714808.605832328, 83, 43, 40, 319.5349479292333, 44
51, 866527, 495687, 370840, 3715156.2780493903, 115, 35, 80, 347.6722170622053, 37
1, 866571, 495731, 370840, 3715427.6290070806, 44, 44, 0, 271.35095769013947, 44
1, 866607, 495767, 370840, 3715684.777981359, 36, 36, 0, 257.1489742783178, 36
1, 866653, 495813, 370840, 3715959.407050073, 46, 46, 0, 274.6290687140218, 46
51, 866817, 495857, 370960, 3716343.3652409096, 164, 44, 120, 383.9581908363381, 47
1, 866852, 495892, 370960, 3716598.595168819, 35, 35, 0, 255.22992790977875, 35
1, 866891, 495931, 370960, 3716861.295108763, 39, 39, 0, 262.6999399439383, 39
1, 866964, 495974, 370990, 3717170.296387332, 73, 43, 30, 309.00127856917646, 44
51, 867092, 496012, 371080, 3717528.4549534335, 128, 38, 90, 358.1585661014858, 40
1, 867132, 496052, 371080, 3717792.9416393703, 40, 40, 0, 264.4866859365871, 40
1, 867170, 496090, 371080, 3718053.82401899, 38, 38, 0, 260.88237961983884, 38
51, 867258, 496128, 371130, 3718377.805450351, 88, 38, 50, 323.98143136087856, 39
1, 867325, 496165, 371160, 3718679.4060056084, 67, 37, 30, 301.6005552576305, 38
1, 867401, 496201, 371200, 3718990.965177982, 76, 36, 40, 311.5591723737189, 37
51, 867484, 496234, 371250, 3719309.5001259116, 83, 33, 50, 318.5349479292333, 34
1, 867524, 496274, 371250, 3719573.9868118484, 40, 40, 0, 264.4866859365871, 40
1, 867577, 496327, 371250, 3719859.403599489, 53, 53, 0, 285.4167876408086, 53
1, 867649, 496369, 371280, 3720167.1986625134, 72, 42, 30, 307.79506302439404, 43
1, 867735, 496415, 371320, 3720490.024827161, 86, 46, 40, 322.82616464756694, 47
51, 867819, 496449, 371370, 3720809.6648375643, 84, 34, 50, 319.64001040350905, 35
1, 867875, 496475, 371400, 3721096.521317538, 56, 26, 30, 286.8564799734761, 27
1, 867910, 496510, 371400, 3721351.7512454474, 35, 35, 0, 255.22992790977875, 35
51, 868037, 496547, 371490, 3721709.0509277466, 127, 37, 90, 357.2996822992933, 39
1, 868110, 496590, 371520, 3722018.0522063156, 73, 43, 30, 309.00127856917646, 44
1, 868148, 496628, 371520, 3722278.9345859354, 38, 38, 0, 260.88237961983884, 38
1, 868196, 496676, 371520, 3722556.7493885257, 48, 48, 0, 277.8148025904985, 48
51, 868329, 496719, 371610, 3722919.145657567, 133, 43, 90, 362.3962690412072, 45
1, 868366, 496756, 371610, 3723178.178229023, 37, 37, 0, 259.03257145596604, 37
1, 868403, 496793, 371610, 3723437.2108004787, 37, 37, 0, 259.03257145596604, 37
1, 868470, 496830, 371640, 3723738.811355736, 67, 37, 30, 301.6005552576305, 38
1, 868508, 496868, 371640, 3723999.693735356, 38, 38, 0, 260.88237961983884, 38
51, 868634, 496904, 371730, 3724356.1306312396, 126, 36, 90, 356.43689588345075, 38
1, 868673, 496943, 371730, 3724618.8305711835, 39, 39, 0, 262.6999399439383, 39
1, 868715, 496985, 371730, 3724886.803560686, 42, 42, 0, 267.97298950218305, 42
51, 868802, 497022, 371780, 3725209.7111416836, 87, 37, 50, 322.9075809977351, 38
1, 868864, 497054, 371810, 3725504.817768013, 62, 32, 30, 295.1066263296683, 33
1, 868915, 497105, 371810, 3725787.2522797915, 51, 51, 0, 282.43451177837886, 51
1, 869009, 497159, 371850, 3726118.526005639, 94, 54, 40, 331.273725847777, 55
51, 869106, 497206, 371900, 3726451.8549049105, 97, 47, 50, 333.3288992714996, 48
1, 869140, 497240, 371900, 3726705.1285451874, 34, 34, 0, 253.2736402766418, 34
1, 869216, 497276, 371940, 3727016.687717561, 76, 36, 40, 311.5591723737189, 37
51, 869336, 497316, 372020, 3727368.862809526, 120, 40, 80, 352.1750919646873, 42
1, 869380, 497360, 372020, 3727640.213767216, 44, 44, 0, 271.35095769013947, 44
1, 869414, 497394, 372020, 3727893.487407493, 34, 34, 0, 253.2736402766418, 34
1, 869497, 497437, 372060, 3728213.0223554224, 83, 43, 40, 319.5349479292333, 44
51, 869576, 497466, 372110, 3728527.0531055527, 79, 29, 50, 314.03075013013313, 30
1, 869685, 497505, 372180, 3728870.1677370523, 109, 39, 70, 343.114631499574, 41
1, 869732, 497552, 372180, 3729146.400786922, 47, 47, 0, 276.2330498695885, 47
1, 869807, 497597, 372210, 3729457.78388256, 75, 45, 30, 311.38309563827124, 46
1, 869888, 497638, 372250, 3729775.08388256, 81, 41, 40, 317.3, 42
51, 869974, 497674, 372300, 3730096.9100472075, 86, 36, 50, 321.82616464756694, 37
1, 870012, 497712, 372300, 3730357.7924268274, 38, 38, 0, 260.88237961983884, 38
1, 870054, 497754, 372300, 3730625.7654163297, 42, 42, 0, 267.97298950218305, 42
1, 870130, 497790, 372340, 3730937.3245887035, 76, 36, 40, 311.5591723737189, 37
51, 870260, 497840, 372420, 3731298.189426242, 130, 50, 80, 360.86483753851803, 52
1, 870301, 497881, 372420, 3731564.4333796855, 41, 41, 0, 266.24395344352433, 41
1, 870336, 497916, 372420, 3731819.663307595, 35, 35, 0, 255.22992790977875, 35
1, 870380, 497960, 372420, 3732091.0142652853, 44, 44, 0, 271.35095769013947, 44
1, 870465, 498005, 372460, 3732412.7512929565, 85, 45, 40, 321.73702767108114, 46
51, 870589, 498049, 372540, 3732768.450689505, 124, 44, 80, 355.6993965481514, 46
1, 870628, 498088, 372540, 3733031.1506294487, 39, 39, 0, 262.6999399439383, 39
1, 870738, 498128, 372610, 3733375.203813495, 110, 40, 70, 344.0531840464366, 42
1, 870789, 498179, 372610, 3733657.6383252735, 51, 51, 0, 282.43451177837886, 51
51, 870873, 498213, 372660, 3733977.278335677, 84, 34, 50, 319.64001040350905, 35
1, 870909, 498249, 372660, 3734234.4273099555, 36, 36, 0, 257.1489742783178, 36
1, 871021, 498291, 372730, 3734580.342622295, 112, 42, 70, 345.91531233955715, 44
51, 871111, 498331, 372780, 3734906.4496511193, 90, 40, 50, 326.1070288241023, 41
1, 871151, 498371, 372780, 3735170.936337056, 40, 40, 0, 264.4866859365871, 40
1, 871216, 498406, 372810, 3735469.9774884996, 65, 35, 30, 299.04115144336777, 36
1, 871259, 498449, 372810, 3735739.6524487026, 43, 43, 0, 269.6749602031015, 43
51, 871345, 498485, 372860, 3736061.47861335, 86, 36, 50, 321.82616464756694, 37
1, 871431, 498531, 372900, 3736384.3047779975, 86, 46, 40, 322.82616464756694, 47
1, 871502, 498572, 372930, 3736690.8830888164, 71, 41, 30, 306.57831081870995, 42
1, 871581, 498611, 372970, 3737005.9138389467, 79, 39, 40, 315.03075013013313, 40
51, 871659, 498639, 373020, 3737318.7966255667, 78, 28, 50, 312.8827866200841, 29
1, 871700, 498680, 373020, 3737585.0405790103, 41, 41, 0, 266.24395344352433, 41
1, 871735, 498715, 373020, 3737840.27050692, 35, 35, 0, 255.22992790977875, 35
1, 871840, 498750, 373090, 3738179.5790942144, 105, 35, 70, 339.30858729436795, 37
1, 871881, 498791, 373090, 3738445.823047658, 41, 41, 0, 266.24395344352433, 41
51, 872021, 498841, 373180, 3738814.002110483, 140, 50, 90, 368.1790628250393, 52
1, 872050, 498870, 373180, 3739056.8616891936, 29, 29, 0, 242.8595787106084, 29
1, 872120, 498910, 373210, 3739362.2124500456, 70, 40, 30, 305.3507608519078, 41
51, 872216, 498956, 373260, 3739694.52936606, 96, 46, 50, 332.31691601465747, 47
1, 872261, 499001, 373260, 3739967.5313724712, 45, 45, 0, 273.00200641113514, 45
1, 872336, 499036, 373300, 3740277.9144681096, 75, 35, 40, 310.38309563827124, 36
1, 872377, 499077, 373300, 3740544.158421553, 41, 41, 0, 266.24395344352433, 41
51, 872467, 499117, 373350, 3740870.2654503775, 90, 40, 50, 326.1070288241023, 41
1, 872547, 499167, 373380, 3741187.435206622, 80, 50, 30, 317.1697562442441, 51
1, 872591, 499211, 373380, 3741458.786164312, 44, 44, 0, 271.35095769013947, 44
1, 872667, 499247, 373420, 3741770.345336686, 76, 36, 40, 311.5591723737189, 37
51, 872750, 499280, 373470, 3742088.8802846153, 83, 33, 50, 318.5349479292333, 34
1, 872783, 499313, 373470, 3742340.158457308, 33, 33, 0, 251.27817269284301, 33
1, 872853, 499353, 373500, 3742645.50921816, 70, 40, 30, 305.3507608519078, 41
51, 872988, 499398, 373590, 3743009.5750281005, 135, 45, 90, 364.06580994024984, 47
1, 873060, 499440, 373620, 3743317.370091125, 72, 42, 30, 307.79506302439404, 43
1, 873113, 499493, 373620, 3743602.7868787656, 53, 53, 0, 285.4167876408086, 53
1, 873218, 499528, 373690, 3743942.09546606, 105, 35, 70, 339.30858729436795, 37
1, 873250, 499560, 373690, 3744191.3368890607, 32, 32, 0, 249.24142300054422, 32
51, 873340, 499600, 373740, 3744517.443917885, 90, 40, 50, 326.1070288241023, 41
1, 873420, 499650, 373770, 3744834.6136741294, 80, 50, 30, 317.1697562442441, 51
1, 873469, 499699, 373770, 3745113.988805236, 49, 49, 0, 279.3751311064591, 49
1, 873528, 499728, 373800, 3745405.0376054836, 59, 29, 30, 291.0488002476036, 30
1, 873613, 499773, 373840, 3745726.7746331547, 85, 45, 40, 321.73702767108114, 46
51, 873730, 499810, 373920, 3746076.2614499535, 117, 37, 80, 349.4868167986058, 39
1, 873763, 499843, 373920, 3746327.5396226463, 33, 33, 0, 251.27817269284301, 33
1, 873808, 499888, 373920, 3746600.5416290574, 45, 45, 0, 273.00200641113514, 45
1, 873853, 499933, 373920, 3746873.5436354685, 45, 45, 0, 273.00200641113514, 45
1, 873969, 499979, 373990, 3747223.12543896, 116, 46, 70, 349.5818034911291, 48
51, 874061, 500021, 374040, 3747551.3295404282, 92, 42, 50, 328.20410146824725, 43
1, 874147, 500067, 374080, 3747874.1557050757, 86, 46, 40, 322.82616464756694, 47
1, 874210, 500100, 374110, 3748170.5870298017, 63, 33, 30, 296.43132472612575, 34
1, 874242, 500132, 374110, 3748419.8284528023, 32, 32, 0, 249.24142300054422, 32
51, 874403, 500173, 374230, 3748801.5387494033, 161, 41, 120, 381.7102966008917, 44
1, 874441, 500211, 374230, 3749062.421129023, 38, 38, 0, 260.88237961983884, 38
1, 874511, 500251, 374260, 3749367.771889875, 70, 40, 30, 305.3507608519078, 41
1, 874548, 500288, 374260, 3749626.804461331, 37, 37, 0, 259.03257145596604, 37
51, 874682, 500332, 374350, 3749990.0372772496, 134, 44, 90, 363.23281591860336, 46
1, 874749, 500369, 374380, 3750291.637832507, 67, 37, 30, 301.6005552576305, 38
1, 874796, 500416, 374380, 3750567.8708823766, 47, 47, 0, 276.2330498695885, 47
1, 874859, 500449, 374410, 3750864.3022071025, 63, 33, 30, 296.43132472612575, 34
51, 874941, 500481, 374460, 3751181.723876946, 82, 32, 50, 317.42166984345636, 33
1, 875022, 500522, 374500, 3751499.023876946, 81, 41, 40, 317.3, 42
1, 875094, 500564, 374530, 3751806.8189399703, 72, 42, 30, 307.79506302439404, 43
1, 875134, 500604, 374530, 3752071.305625907, 40, 40, 0, 264.4866859365871, 40
51, 875235, 500655, 374580, 3752408.6210138793, 101, 51, 50, 337.31538797227006, 52
1, 875321, 500701, 374620, 3752731.447178527, 86, 46, 40, 322.82616464756694, 47
1, 875395, 500745, 374650, 3753041.6443872936, 74, 44, 30, 310.1972087668518, 45
51, 875482, 500782, 374700, 3753364.5519682914, 87, 37, 50, 322.9075809977351, 38
1, 875521, 500821, 374700, 3753627.2519082353, 39, 39, 0, 262.6999399439383, 39
1, 875602, 500862, 374740, 3753944.551908235, 81, 41, 40, 317.3, 42
51, 875695, 500905, 374790, 3754273.7941881423, 93, 43, 50, 329.24227990714814, 44
1, 875732, 500942, 374790, 3754532.826759598, 37, 37, 0, 259.03257145596604, 37
1, 875833, 500973, 374860, 3754868.2421475705, 101, 31, 70, 335.41538797227, 33
1, 875870, 501010, 374860, 3755127.2747190264, 37, 37, 0, 259.03257145596604, 37
51, 875960, 501050, 374910, 3755453.3817478507, 90, 40, 50, 326.1070288241023, 41
1, 875999, 501089, 374910, 3755716.0816877945, 39, 39, 0, 262.6999399439383, 39
1, 876036, 501126, 374910, 3755975.1142592505, 37, 37, 0, 259.03257145596604, 37
51, 876125, 501165, 374960, 3756300.1621248145, 89, 39, 50, 325.0478655640733, 40
1, 876233, 501203, 375030, 3756642.3331043613, 108, 38, 70, 342.1709795470626, 40
1, 876274, 501244, 375030, 3756908.577057805, 41, 41, 0, 266.24395344352433, 41
1, 876314, 501284, 375030, 3757173.0637437417, 40, 40, 0, 264.4866859365871, 40
51, 876404, 501324, 375080, 3757499.170772566, 90, 40, 50, 326.1070288241023, 41
1, 876477, 501357, 375120, 3757807.172051135, 73, 33, 40, 308.00127856917646, 34
1, 876557, 501407, 375150, 3758124.3418073794, 80, 50, 30, 317.1697562442441, 51
1, 876605, 501455, 375150, 3758402.1566099697, 48, 48, 0, 277.8148025904985, 48
1, 876643, 501493, 375150, 3758663.0389895895, 38, 38, 0, 260.88237961983884, 38
51, 876759, 501529, 375230, 3759011.620793081, 116, 36, 80, 348.5818034911291, 38
1, 876841, 501571, 375270, 3759330.0424629245, 82, 42, 40, 318.42166984345636, 43
1, 876906, 501606, 375300, 3759629.083614368, 65, 35, 30, 299.04115144336777, 36
1, 876991, 501651, 375340, 3759950.820642039, 85, 45, 40, 321.73702767108114, 46
1, 877060, 501690, 375370, 3760254.9327837494, 69, 39, 30, 304.1121417102006, 40
51, 877141, 501721, 375420, 3760571.2327837492, 81, 31, 50, 316.3, 32
1, 877178, 501758, 375420, 3760830.265355205, 37, 37, 0, 259.03257145596604, 37
1, 877209, 501789, 375420, 3761077.4264613823, 31, 31, 0, 247.1611061770567, 31
1, 877289, 501829, 375460, 3761393.5962176267, 80, 40, 40, 316.1697562442441, 41
1, 877363, 501873, 375490, 3761703.7934263935, 74, 44, 30, 310.1972087668518, 45
51, 877503, 501923, 375580, 3762071.9724892187, 140, 50, 90, 368.1790628250393, 52
1, 877537, 501957, 375580, 3762325.2461294956, 34, 34, 0, 253.2736402766418, 34
1, 877576, 501996, 375580, 3762587.9460694394, 39, 39, 0, 262.6999399439383, 39
1, 877680, 502030, 375650, 3762926.289756197, 104, 34, 70, 338.343686757474, 36
51, 877769, 502069, 375700, 3763251.337621761, 89, 39, 50, 325.0478655640733, 40
1, 877813, 502113, 375700, 3763522.6885794513, 44, 44, 0, 271.35095769013947, 44
1, 877892, 502152, 375740, 3763837.7193295816, 79, 39, 40, 315.03075013013313, 40
1, 877924, 502184, 375740, 3764086.960752582, 32, 32, 0, 249.24142300054422, 32
51, 878081, 502221, 375860, 3764465.6376457, 157, 37, 120, 378.67689311792185, 40
1, 878124, 502264, 375860, 3764735.312605903, 43, 43, 0, 269.6749602031015, 43
1, 878162, 502302, 375860, 3764996.194985523, 38, 38, 0, 260.88237961983884, 38
1, 878210, 502350, 375860, 3765274.009788113, 48, 48, 0, 277.8148025904985, 48
51, 878304, 502394, 375910, 3765604.283513961, 94, 44, 50, 330.273725847777, 45
1, 878350, 502440, 375910, 3765878.912582675, 46, 46, 0, 274.6290687140218, 46
1, 878460, 502480, 375980, 3766222.9657667214, 110, 40, 70, 344.0531840464366, 42
1, 878508, 502528, 375980, 3766500.7805693117, 48, 48, 0, 277.8148025904985, 48
51, 878606, 502576, 376030, 3766835.1151976762, 98, 48, 50, 334.33462836457886, 49
1, 878689, 502619, 376070, 3767154.6501456057, 83, 43, 40, 319.5349479292333, 44
1, 878759, 502659, 376100, 3767460.0009064577, 70, 40, 30, 305.3507608519078, 41
1, 878799, 502699, 376100, 3767724.4875923945, 40, 40, 0, 264.4866859365871, 40
51, 878915, 502735, 376180, 3768073.069395886, 116, 36, 80, 348.5818034911291, 38
1, 878996, 502776, 376220, 3768390.3693958856, 81, 41, 40, 317.3, 42
1, 879042, 502822, 376220, 3768664.9984645997, 46, 46, 0, 274.6290687140218, 46
51, 879129, 502859, 376270, 3768987.9060455975, 87, 37, 50, 322.9075809977351, 38
1, 879195, 502895, 376300, 3769288.2330338745, 66, 36, 30, 300.32698827717985, 37
1, 879272, 502932, 376340, 3769600.9586976413, 77, 37, 40, 312.72566376652986, 38
1, 879312, 502972, 376340, 3769865.445383578, 40, 40, 0, 264.4866859365871, 40
51, 879395, 503005, 376390, 3770183.9803315075, 83, 33, 50, 318.5349479292333, 34
1, 879431, 503041, 376390, 3770441.129305786, 36, 36, 0, 257.1489742783178, 36
1, 879506, 503086, 376420, 3770752.5124014243, 75, 45, 30, 311.38309563827124, 46
1, 879584, 503124, 376460, 3771066.3951880443, 78, 38, 40, 313.8827866200841, 39
51, 879661, 503151, 376510, 3771378.120851811, 77, 27, 50, 311.72566376652986, 28
1, 879691, 503181, 376510, 3771623.155583743, 30, 30, 0, 245.0347319320716, 30
1, 879768, 503228, 376540, 3771936.8812475097, 77, 47, 30, 313.72566376652986, 48
51, 879900, 503270, 376630, 3772298.4373699366, 132, 42, 90, 361.55612242701943, 44
1, 879956, 503326, 376630, 3772588.19384991, 56, 56, 0, 289.7564799734761, 56
1, 880028, 503358, 376670, 3772894.9889129344, 72, 32, 40, 306.79506302439404, 33
51, 880120, 503400, 376720, 3773223.193014403, 92, 42, 50, 328.20410146824725, 43
1, 880164, 503444, 376720, 3773494.543972093, 44, 44, 0, 271.35095769013947, 44
1, 880238, 503488, 376750, 3773804.74118086, 74, 44, 30, 310.1972087668518, 45
1, 880316, 503526, 376790, 3774118.62396748, 78, 38, 40, 313.8827866200841, 39
51, 880429, 503559, 376870, 3774464.4630113496, 113, 33, 80, 345.83904386951343, 35
1, 880474, 503604, 376870, 3774737.4650177606, 45, 45, 0, 273.00200641113514, 45
1, 880584, 503644, 376940, 3775081.518201807, 110, 40, 70, 344.0531840464366, 42
1, 880622, 503682, 376940, 3775342.400581427, 38, 38, 0, 260.88237961983884, 38
1, 880665, 503725, 376940, 3775612.07554163, 43, 43, 0, 269.6749602031015, 43
51, 880761, 503771, 376990, 3775944.3924576445, 96, 46, 50, 332.31691601465747, 47
1, 880833, 503813, 377020, 3776252.187520669, 72, 42, 30, 307.79506302439404, 43
1, 880913, 503853, 377060, 3776568.3572769132, 80, 40, 40, 316.1697562442441, 41
1, 880952, 503892, 377060, 3776831.057216857, 39, 39, 0, 262.6999399439383, 39
51, 881040, 503930, 377110, 3777155.038648218, 88, 38, 50, 323.98143136087856, 39
1, 881106, 503966, 377140, 3777455.365636495, 66, 36, 30, 300.32698827717985, 37
1, 881148, 504008, 377140, 3777723.3386259973, 42, 42, 0, 267.97298950218305, 42
1, 881184, 504044, 377140, 3777980.487600276, 36, 36, 0, 257.1489742783178, 36
1, 881277, 504097, 377180, 3778310.729880183, 93, 53, 40, 330.24227990714814, 54
51, 881370, 504140, 377230, 3778639.97216009, 93, 43, 50, 329.24227990714814, 44
1, 881432, 504172, 377260, 3778935.0787864197, 62, 32, 30, 295.1066263296683, 33
1, 881473, 504213, 377260, 3779201.3227398633, 41, 41, 0, 266.24395344352433, 41
51, 881607, 504257, 377350, 3779564.555555782, 134, 44, 90, 363.23281591860336, 46
1, 881653, 504303, 377350, 3779839.184624496, 46, 46, 0, 274.6290687140218, 46
1, 881689, 504339, 377350, 3780096.3335987744, 36, 36, 0, 257.1489742783178, 36
1, 881794, 504374, 377420, 3780435.642186069, 105, 35, 70, 339.30858729436795, 37
51, 881879, 504409, 377470, 3780756.37921374, 85, 35, 50, 320.73702767108114, 36
1, 881918, 504448, 377470, 3781019.079153684, 39, 39, 0, 262.6999399439383, 39
1, 881997, 504487, 377510, 3781334.1099038143, 79, 39, 40, 315.03075013013313, 40
1, 882034, 504524, 377510, 3781593.14247527, 37, 37, 0, 259.03257145596604, 37
51, 882156, 504566, 377590, 3781947.0880938238, 122, 42, 80, 353.9456185537469, 44
1, 882190, 504600, 377590, 3782200.3617341006, 34, 34, 0, 253.2736402766418, 34
1, 882228, 504638, 377590, 3782461.2441137205, 38, 38, 0, 260.88237961983884, 38
1, 882308, 504678, 377630, 3782777.413869965, 80, 40, 40, 316.1697562442441, 41
51, 882395, 504715, 377680, 3783100.3214509627, 87, 37, 50, 322.9075809977351, 38
1, 882464, 504754, 377710, 3783404.433592673, 69, 39, 30, 304.1121417102006, 40
1, 882495, 504785, 377710, 3783651.59469885, 31, 31, 0, 247.1611061770567, 31
1, 882533, 504823, 377710, 3783912.47707847, 38, 38, 0, 260.88237961983884, 38
51, 882666, 504866, 377800, 3784274.873347511, 133, 43, 90, 362.3962690412072, 45
1, 882708, 504908, 377800, 3784542.8463370134, 42, 42, 0, 267.97298950218305, 42
1, 882741, 504941, 377800, 3784794.124509706, 33, 33, 0, 251.27817269284301, 33
1, 882855, 504985, 377870, 3785141.8824973977, 114, 44, 70, 347.75798769167545, 46
51, 882951, 505031, 377920, 3785474.1994134123, 96, 46, 50, 332.31691601465747, 47
1, 883031, 505071, 377960, 3785790.3691696567, 80, 40, 40, 316.1697562442441, 41
1, 883069, 505109, 377960, 3786051.2515492765, 38, 38, 0, 260.88237961983884, 38
51, 883151, 505141, 378010, 3786368.67321912, 82, 32, 50, 317.42166984345636, 33
1, 883224, 505184, 378040, 3786677.674497689, 73, 43, 30, 309.00127856917646, 44
1, 883296, 505216, 378080, 3786984.4695607135, 72, 32, 40, 306.79506302439404, 33
51, 883414, 505254, 378160, 3787334.8568858826, 118, 38, 80, 350.3873251689181, 40
1, 883449, 505289, 378160, 3787590.086813792, 35, 35, 0, 255.22992790977875, 35
1, 883534, 505334, 378200, 3787911.8238414633, 85, 45, 40, 321.73702767108114, 46
51, 883617, 505367, 378250, 3788230.3587893927, 83, 33, 50, 318.5349479292333, 34
1, 883667, 505417, 378250, 3788511.27358424, 50, 50, 0, 280.9147948472494, 50
1, 883734, 505454, 378280, 3788812.8741394975, 67, 37, 30, 301.6005552576305, 38
1, 883784, 505504, 378280, 3789093.788934345, 50, 50, 0, 280.9147948472494, 50
51, 883915, 505545, 378370, 3789454.5012625605, 131, 41, 90, 360.7123282155055, 43
1, 883981, 505581, 378400, 3789754.8282508375, 66, 36, 30, 300.32698827717985, 37
1, 884072, 505632, 378440, 3790082.9873127765, 91, 51, 40, 328.1590619387661, 52
1, 884115, 505675, 378440, 3790352.6622729795, 43, 43, 0, 269.6749602031015, 43
51, 884197, 505707, 378490, 3790670.083942823, 82, 32, 50, 317.42166984345636, 33
1, 884272, 505742, 378530, 3790980.4670384615, 75, 35, 40, 310.38309563827124, 36
1, 884355, 505795, 378560, 3791301.001986391, 83, 53, 30, 320.5349479292333, 54
1, 884434, 505834, 378600, 3791616.032736521, 79, 39, 40, 315.03075013013313, 40
51, 884526, 505876, 378650, 3791944.2368379897, 92, 42, 50, 328.20410146824725, 43
1, 884564, 505914, 378650, 3792205.1192176095, 38, 38, 0, 260.88237961983884, 38
1, 884608, 505958, 378650, 3792476.4701753, 44, 44, 0, 271.35095769013947, 44
1, 884655, 506005, 378650, 3792752.7032251693, 47, 47, 0, 276.2330498695885, 47
51, 884831, 506061, 378770, 3793145.435282537, 176, 56, 120, 392.7320573675744, 59
1, 884873, 506103, 378770, 3793413.408272039, 42, 42, 0, 267.97298950218305, 42
1, 884916, 506146, 378770, 3793683.083232242, 43, 43, 0, 269.6749602031015, 43
1, 884991, 506181, 378810, 3793993.4663278805, 75, 35, 40, 310.38309563827124, 36
51, 885113, 506223, 378890, 3794347.411946434, 122, 42, 80, 353.9456185537469, 44
1, 885146, 506256, 378890, 3794598.690119127, 33, 33, 0, 251.27817269284301, 33
1, 885217, 506287, 378930, 3794904.2684299457, 71, 31, 40, 305.57831081870995, 32
1, 885258, 506328, 378930, 3795170.5123833893, 41, 41, 0, 266.24395344352433, 41
51, 885352, 506372, 378980, 3795500.786109237, 94, 44, 50, 330.273725847777, 45
1, 885433, 506413, 379020, 3795818.086109237, 81, 41, 40, 317.3, 42
1, 885500, 506450, 379050, 3796119.686664494, 67, 37, 30, 301.6005552576305, 38
51, 885597, 506497, 379100, 3796453.0155637655, 97, 47, 50, 333.3288992714996, 48
1, 885681, 506541, 379140, 3796773.655574169, 84, 44, 40, 320.64001040350905, 45
1, 885717, 506577, 379140, 3797030.8045484475, 36, 36, 0, 257.1489742783178, 36
51, 885817, 506627, 379190, 3797367.1323144645, 100, 50, 50, 336.327766016838, 51
1, 885931, 506671, 379260, 3797714.890302156, 114, 44, 70, 347.75798769167545, 46
1, 885973, 506713, 379260, 3797982.8632916585, 42, 42, 0, 267.97298950218305, 42
51, 886056, 506746, 379310, 3798301.398239588, 83, 33, 50, 318.5349479292333, 34
1, 886106, 506796, 379310, 3798582.3130344353, 50, 50, 0, 280.9147948472494, 50
1, 886150, 506840, 379310, 3798853.6639921255, 44, 44, 0, 271.35095769013947, 44
1, 886251, 506871, 379380, 3799189.079380098, 101, 31, 70, 335.41538797227, 33
51, 886335, 506905, 379430, 3799508.7193905013, 84, 34, 50, 319.64001040350905, 35
1, 886369, 506939, 379430, 3799761.993030778, 34, 34, 0, 253.2736402766418, 34
1, 886413, 506983, 379430, 3800033.3439884684, 44, 44, 0, 271.35095769013947, 44
1, 886521, 507021, 379500, 3800375.5149680153, 108, 38, 70, 342.1709795470626, 40
1, 886549, 507049, 379500, 3800616.147631394, 28, 28, 0, 240.63266337912057, 28
51, 886637, 507087, 379550, 3800940.129062755, 88, 38, 50, 323.98143136087856, 39
1, 886674, 507124, 379550, 3801199.161634211, 37, 37, 0, 259.03257145596604, 37
1, 886773, 507153, 379620, 3801532.595848764, 99, 29, 70, 333.43421455299045, 31
1, 886807, 507187, 379620, 3801785.8694890407, 34, 34, 0, 253.2736402766418, 34
51, 886897, 507227, 379670, 3802111.976517865, 90, 40, 50, 326.1070288241023, 41
1, 886927, 507257, 379670, 3802357.011249797, 30, 30, 0, 245.0347319320716, 30
1, 887016, 507306, 379710, 3802683.059115361, 89, 49, 40, 326.0478655640733, 50
51, 887097, 507337, 379760, 3802999.359115361, 81, 31, 50, 316.3, 32
1, 887176, 507386, 379790, 3803315.389865491, 79, 49, 30, 316.03075013013313, 50
1, 887212, 507422, 379790, 3803572.5388397695, 36, 36, 0, 257.1489742783178, 36
1, 887324, 507464, 379860, 3803918.454152109, 112, 42, 70, 345.91531233955715, 44
1, 887370, 507510, 379860, 3804193.083220823, 46, 46, 0, 274.6290687140218, 46
51, 887457, 507547, 379910, 3804515.990801821, 87, 37, 50, 322.9075809977351, 38
1, 887497, 507587, 379910, 3804780.477487758, 40, 40, 0, 264.4866859365871, 40
1, 887532, 507622, 379910, 3805035.7074156674, 35, 35, 0, 255.22992790977875, 35
1, 887594, 507654, 379940, 3805330.814041997, 62, 32, 30, 295.1066263296683, 33
51, 887727, 507697, 380030, 3805693.210311038, 133, 43, 90, 362.3962690412072, 45
1, 887794, 507734, 380060, 3805994.8108662954, 67, 37, 30, 301.6005552576305, 38
1, 887841, 507781, 380060, 3806271.043916165, 47, 47, 0, 276.2330498695885, 47
1, 887914, 507814, 380100, 3806579.045194734, 73, 33, 40, 308.00127856917646, 34
51, 888000, 507850, 380150, 3806900.8713593814, 86, 36, 50, 321.82616464756694, 37
1, 888033, 507883, 380150, 3807152.149532074, 33, 33, 0, 251.27817269284301, 33
1, 888154, 507934, 380220, 3807506.2120111096, 121, 51, 70, 354.06247903554, 53
1, 888186, 507966, 380220, 3807755.45343411, 32, 32, 0, 249.24142300054422, 32
1, 888232, 508012, 380220, 3808030.0825028243, 46, 46, 0, 274.6290687140218, 46
51, 888329, 508059, 380270, 3808363.4114020956, 97, 47, 50, 333.3288992714996, 48
1, 888364, 508094, 380270, 3808618.641330005, 35, 35, 0, 255.22992790977875, 35
1, 888472, 508132, 380340, 3808960.812309552, 108, 38, 70, 342.1709795470626, 40
1, 888512, 508172, 380340, 3809225.298995489, 40, 40, 0, 264.4866859365871, 40
1, 888564, 508224, 380340, 3809509.233956917, 52, 52, 0, 283.93496142826496, 52
51, 888658, 508268, 380390, 3809839.507682765, 94, 44, 50, 330.273725847777, 45
1, 888763, 508303, 380460, 3810178.8162700594, 105, 35, 70, 339.30858729436795, 37
1, 888811, 508351, 380460, 3810456.6310726497, 48, 48, 0, 277.8148025904985, 48
1, 888877, 508387, 380490, 3810756.9580609268, 66, 36, 30, 300.32698827717985, 37
51, 888976, 508436, 380540, 3811092.2922754795, 99, 49, 50, 335.33421455299043, 50
1, 889063, 508483, 380580, 3811416.1998564773, 87, 47, 40, 323.9075809977351, 48
1, 889099, 508519, 380580, 3811673.348830756, 36, 36, 0, 257.1489742783178, 36
1, 889140, 508560, 380580, 3811939.5927841994, 41, 41, 0, 266.24395344352433, 41
1, 889247, 508597, 380650, 3812280.814929469, 107, 37, 70, 341.2221452697031, 39
51, 889333, 508633, 380700, 3812602.6410941165, 86, 36, 50, 321.82616464756694, 37
1, 889378, 508678, 380700, 3812875.6431005276, 45, 45, 0, 273.00200641113514, 45
1, 889410, 508710, 380700, 3813124.884523528, 32, 32, 0, 249.24142300054422, 32
1, 889482, 508752, 380730, 3813432.6795865525, 72, 42, 30, 307.79506302439404, 43
51, 889572, 508792, 380780, 3813758.786615377, 90, 40, 50, 326.1070288241023, 41
1, 889680, 508830, 380850, 3814100.9575949237, 108, 38, 70, 342.1709795470626, 40
1, 889729, 508879, 380850, 3814380.33272603, 49, 49, 0, 279.3751311064591, 49
1, 889775, 508925, 380850, 3814654.9617947442, 46, 46, 0, 274.6290687140218, 46
1, 889814, 508964, 380850, 3814917.661734688, 39, 39, 0, 262.6999399439383, 39
51, 889936, 509006, 380930, 3815271.6073532416, 122, 42, 80, 353.9456185537469, 44
1, 890016, 509046, 380970, 3815587.777109486, 80, 40, 40, 316.1697562442441, 41
1, 890050, 509080, 380970, 3815841.050749763, 34, 34, 0, 253.2736402766418, 34
1, 890091, 509121, 380970, 3816107.2947032065, 41, 41, 0, 266.24395344352433, 41
1, 890164, 509164, 381000, 3816416.2959817755, 73, 43, 30, 309.00127856917646, 44
51, 890246, 509196, 381050, 3816733.717651619, 82, 32, 50, 317.42166984345636, 33
1, 890322, 509242, 381080, 3817046.276823993, 76, 46, 30, 312.5591723737189, 47
1, 890401, 509281, 381120, 3817361.307574123, 79, 39, 40, 315.03075013013313, 40
51, 890494, 509324, 381170, 3817690.5498540304, 93, 43, 50, 329.24227990714814, 44
1, 890536, 509366, 381170, 3817958.5228435327, 42, 42, 0, 267.97298950218305, 42
1, 890613, 509403, 381210, 3818271.2485072995, 77, 37, 40, 312.72566376652986, 38
1, 890651, 509441, 381210, 3818532.1308869193, 38, 38, 0, 260.88237961983884, 38
1, 890719, 509479, 381240, 3818834.993058022, 68, 38, 30, 302.86217110259, 39
51, 890808, 509518, 381290, 3819160.040923586, 89, 39, 50, 325.0478655640733, 40
1, 890885, 509555, 381330, 3819472.766587353, 77, 37, 40, 312.72566376652986, 38
1, 890920, 509590, 381330, 3819727.9965152624, 35, 35, 0, 255.22992790977875, 35
51, 891044, 509634, 381410, 3820083.6959118107, 124, 44, 80, 355.6993965481514, 46
1, 891125, 509675, 381450, 3820400.9959118105, 81, 41, 40, 317.3, 42
1, 891193, 509713, 381480, 3820703.8580829133, 68, 38, 30, 302.86217110259, 39
51, 891279, 509749, 381530, 3821025.684247561, 86, 36, 50, 321.82616464756694, 37
1, 891324, 509794, 381530, 3821298.686253972, 45, 45, 0, 273.00200641113514, 45
1, 891389, 509829, 381560, 3821597.7274054154, 65, 35, 30, 299.04115144336777, 36
1, 891433, 509873, 381560, 3821869.0783631057, 44, 44, 0, 271.35095769013947, 44
51, 891601, 509921, 381680, 3822255.9989374736, 168, 48, 120, 386.9205743678508, 51
1, 891646, 509966, 381680, 3822529.0009438847, 45, 45, 0, 273.00200641113514, 45
1, 891694, 510014, 381680, 3822806.815746475, 48, 48, 0, 277.8148025904985, 48
1, 891774, 510054, 381720, 3823122.9855027194, 80, 40, 40, 316.1697562442441, 41
51, 891876, 510106, 381770, 3823461.2826855006, 102, 52, 50, 338.29718278112654, 53
1, 891919, 510149, 381770, 3823730.9576457036, 43, 43, 0, 269.6749602031015, 43
1, 891994, 510194, 381800, 3824042.340741342, 75, 45, 30, 311.38309563827124, 46
1, 892043, 510243, 381800, 3824321.7158724484, 49, 49, 0, 279.3751311064591, 49
51, 892171, 510281, 381890, 3824679.87443855, 128, 38, 90, 358.1585661014858, 40
1, 892204, 510314, 381890, 3824931.1526112426, 33, 33, 0, 251.27817269284301, 33
1, 892272, 510352, 381920, 3825234.0147823454, 68, 38, 30, 302.86217110259, 39
1, 892347, 510387, 381960, 3825544.3978779837, 75, 35, 40, 310.38309563827124, 36
1, 892421, 510431, 381990, 3825854.5950867506, 74, 44, 30, 310.1972087668518, 45
51, 892503, 510463, 382040, 3826172.016756594, 82, 32, 50, 317.42166984345636, 33
1, 892540, 510500, 382040, 3826431.04932805, 37, 37, 0, 259.03257145596604, 37
1, 892577, 510537, 382040, 3826690.081899506, 37, 37, 0, 259.03257145596604, 37
1, 892645, 510565, 382080, 3826991.944070609, 68, 28, 40, 301.86217110259, 29
51, 892755, 510595, 382160, 3827334.997254655, 110, 30, 80, 343.0531840464366, 32
1, 892783, 510623, 382160, 3827575.629918034, 28, 28, 0, 240.63266337912057, 28
1, 892821, 510661, 382160, 3827836.512297654, 38, 38, 0, 260.88237961983884, 38
51, 892951, 510701, 382250, 3828196.3771351925, 130, 40, 90, 359.86483753851803, 42
1, 893024, 510744, 382280, 3828505.3784137615, 73, 43, 30, 309.00127856917646, 44
1, 893065, 510785, 382280, 3828771.622367205, 41, 41, 0, 266.24395344352433, 41
51, 893158, 510828, 382330, 3829100.8646471123, 93, 43, 50, 329.24227990714814, 44
1, 893225, 510865, 382360, 3829402.4652023697, 67, 37, 30, 301.6005552576305, 38
1, 893311, 510911, 382400, 3829725.291367017, 86, 46, 40, 322.82616464756694, 47
1, 893384, 510954, 382430, 3830034.292645586, 73, 43, 30, 309.00127856917646, 44
51, 893470, 510990, 382480, 3830356.1188102337, 86, 36, 50, 321.82616464756694, 37
1, 893542, 511022, 382520, 3830662.913873258, 72, 32, 40, 306.79506302439404, 33
1, 893583, 511063, 382520, 3830929.1578267016, 41, 41, 0, 266.24395344352433, 41
1, 893626, 511106, 382520, 3831198.8327869046, 43, 43, 0, 269.6749602031015, 43
1, 893706, 511146, 382560, 3831515.002543149, 80, 40, 40, 316.1697562442441, 41
51, 893833, 511193, 382640, 3831873.302225448, 127, 47, 80, 358.2996822992933, 49
1, 893879, 511239, 382640, 3832147.9312941623, 46, 46, 0, 274.6290687140218, 46
1, 893963, 511283, 382680, 3832468.5713045658, 84, 44, 40, 320.64001040350905, 45
1, 894035, 511325, 382710, 3832776.36636759, 72, 42, 30, 307.79506302439404, 43
51, 894121, 511361, 382760, 3833098.1925322376, 86, 36, 50, 321.82616464756694, 37
1, 894196, 511396, 382800, 3833408.575627876, 75, 35, 40, 310.38309563827124, 36
1, 894234, 511434, 382800, 3833669.458007496, 38, 38, 0, 260.88237961983884, 38
1, 894318, 511478, 382840, 3833990.0980178993, 84, 44, 40, 320.64001040350905, 45
1, 894384, 511514, 382870, 3834290.4250061763, 66, 36, 30, 300.32698827717985, 37
51, 894474, 511554, 382920, 3834616.5320350006, 90, 40, 50, 326.1070288241023, 41
1, 894517, 511597, 382920, 3834886.2069952036, 43, 43, 0, 269.6749602031015, 43
1, 894595, 511635, 382960, 3835200.0897818236, 78, 38, 40, 313.8827866200841, 39
1, 894638, 511678, 382960, 3835469.7647420266, 43, 43, 0, 269.6749602031015, 43
51, 894774, 511734, 383040, 3835835.660039061, 136, 56, 80, 365.89529703482884, 58
1, 894850, 511770, 383080, 3836147.219211435, 76, 36, 40, 311.5591723737189, 37
1, 894895, 511815, 383080, 3836420.221217846, 45, 45, 0, 273.00200641113514, 45
51, 895021, 511851, 383170, 3836776.6581137297, 126, 36, 90, 356.43689588345075, 38
1, 895065, 511895, 383170, 3837048.00907142, 44, 44, 0, 271.35095769013947, 44
1, 895133, 511933, 383200, 3837350.8712425227, 68, 38, 30, 302.86217110259, 39
1, 895173, 511973, 383200, 3837615.3579284595, 40, 40, 0, 264.4866859365871, 40
51, 895304, 512014, 383290, 3837976.070256675, 131, 41, 90, 360.7123282155055, 43
1, 895352, 512062, 383290, 3838253.8850592654, 48, 48, 0, 277.8148025904985, 48
1, 895451, 512091, 383360, 3838587.3192738183, 99, 29, 70, 333.43421455299045, 31
1, 895492, 512132, 383360, 3838853.563227262, 41, 41, 0, 266.24395344352433, 41
51, 895588, 512178, 383410, 3839185.8801432764, 96, 46, 50, 332.31691601465747, 47
1, 895625, 512215, 383410, 3839444.9127147323, 37, 37, 0, 259.03257145596604, 37
1, 895657, 512247, 383410, 3839694.154137733, 32, 32, 0, 249.24142300054422, 32
1, 895736, 512286, 383450, 3840009.184887863, 79, 39, 40, 315.03075013013313, 40
1, 895806, 512326, 383480, 3840314.535648715, 70, 40, 30, 305.3507608519078, 41
51, 895902, 512372, 383530, 3840646.8525647298, 96, 46, 50, 332.31691601465747, 47
1, 895940, 512410, 383530, 3840907.7349443496, 38, 38, 0, 260.88237961983884, 38
1, 895985, 512455, 383530, 3841180.7369507607, 45, 45, 0, 273.00200641113514, 45
1, 896033, 512503, 383530, 3841458.551753351, 48, 48, 0, 277.8148025904985, 48
51, 896193, 512543, 383650, 3841839.5076353587, 160, 40, 120, 380.95588200778457, 43
1, 896243, 512593, 383650, 3842120.422430206, 50, 50, 0, 280.9147948472494, 50
1, 896277, 512627, 383650, 3842373.696070483, 34, 34, 0, 253.2736402766418, 34
51, 896371, 512671, 383700, 3842703.9697963307, 94, 44, 50, 330.273725847777, 45
1, 896477, 512707, 383770, 3843044.2378399405, 106, 36, 70, 340.2680436096278, 38
1, 896518, 512748, 383770, 3843310.481793384, 41, 41, 0, 266.24395344352433, 41
1, 896557, 512787, 383770, 3843573.181733328, 39, 39, 0, 262.6999399439383, 39
51, 896683, 512823, 383860, 3843929.6186292116, 126, 36, 90, 356.43689588345075, 38
1, 896748, 512858, 383890, 3844228.659780655, 65, 35, 30, 299.04115144336777, 36
1, 896783, 512893, 383890, 3844483.8897085646, 35, 35, 0, 255.22992790977875, 35
1, 896824, 512934, 383890, 3844750.133662008, 41, 41, 0, 266.24395344352433, 41
51, 896917, 512977, 383940, 3845079.3759419154, 93, 43, 50, 329.24227990714814, 44
1, 896959, 513019, 383940, 3845347.348931418, 42, 42, 0, 267.97298950218305, 42
1, 897066, 513056, 384010, 3845688.5710766874, 107, 37, 70, 341.2221452697031, 39
1, 897096, 513086, 384010, 3845933.6058086194, 30, 30, 0, 245.0347319320716, 30
1, 897161, 513121, 384040, 3846232.646960063, 65, 35, 30, 299.04115144336777, 36
51, 897246, 513156, 384090, 3846553.383987734, 85, 35, 50, 320.73702767108114, 36
1, 897357, 513197, 384160, 3846898.370705775, 111, 41, 70, 344.9867180408456, 43
1, 897401, 513241, 384160, 3847169.7216634653, 44, 44, 0, 271.35095769013947, 44
51, 897496, 513286, 384210, 3847501.0202276004, 95, 45, 50, 331.2985641352145, 46
1, 897533, 513323, 384210, 3847760.0527990563, 37, 37, 0, 259.03257145596604, 37
1, 897564, 513354, 384210, 3848007.2139052334, 31, 31, 0, 247.1611061770567, 31
51, 897722, 513392, 384330, 3848386.6531144893, 158, 38, 120, 379.43920925585275, 41
1, 897772, 513442, 384330, 3848667.5679093366, 50, 50, 0, 280.9147948472494, 50
1, 897811, 513481, 384330, 3848930.2678492805, 39, 39, 0, 262.6999399439383, 39
1, 897858, 513528, 384330, 3849206.50089915, 47, 47, 0, 276.2330498695885, 47
51, 897952, 513572, 384380, 3849536.7746249977, 94, 44, 50, 330.273725847777, 45
1, 898026, 513606, 384420, 3849845.9718337646, 74, 34, 40, 309.1972087668518, 35
1, 898102, 513652, 384450, 3850158.5310061383, 76, 46, 30, 312.5591723737189, 47
51, 898197, 513697, 384500, 3850489.8295702734, 95, 45, 50, 331.2985641352145, 46
1, 898268, 513738, 384530, 3850796.4078810923, 71, 41, 30, 306.57831081870995, 42
1, 898348, 513778, 384570, 3851112.5776373367, 80, 40, 40, 316.1697562442441, 41
1, 898388, 513818, 384570, 3851377.0643232735, 40, 40, 0, 264.4866859365871, 40
51, 898502, 513852, 384650, 3851723.822310965, 114, 34, 80, 346.75798769167545, 36
1, 898542, 513892, 384650, 3851988.308996902, 40, 40, 0, 264.4866859365871, 40
1, 898655, 513935, 384720, 3852335.1480407715, 113, 43, 70, 346.83904386951343, 45
1, 898696, 513976, 384720, 3852601.391994215, 41, 41, 0, 266.24395344352433, 41
51, 898787, 514017, 384770, 3852928.551056154, 91, 41, 50, 327.1590619387661, 42
1, 898820, 514050, 384770, 3853179.829228847, 33, 33, 0, 251.27817269284301, 33
1, 898888, 514088, 384800, 3853482.6913999496, 68, 38, 30, 302.86217110259, 39
1, 898967, 514127, 384840, 3853797.72215008, 79, 39, 40, 315.03075013013313, 40
51, 899057, 514167, 384890, 3854123.829178904, 90, 40, 50, 326.1070288241023, 41
1, 899132, 514212, 384920, 3854435.2122745425, 75, 45, 30, 311.38309563827124, 46
1, 899213, 514253, 384960, 3854752.5122745424, 81, 41, 40, 317.3, 42
51, 899298, 514288, 385010, 3855073.2493022135, 85, 35, 50, 320.73702767108114, 36
1, 899333, 514323, 385010, 3855328.479230123, 35, 35, 0, 255.22992790977875, 35
1, 899422, 514372, 385050, 3855654.527095687, 89, 49, 40, 326.0478655640733, 50
1, 899462, 514412, 385050, 3855919.013781624, 40, 40, 0, 264.4866859365871, 40
1, 899575, 514455, 385120, 3856265.8528254936, 113, 43, 70, 346.83904386951343, 45
51, 899670, 514500, 385170, 3856597.1513896286, 95, 45, 50, 331.2985641352145, 46
1, 899753, 514543, 385210, 3856916.686337558, 83, 43, 40, 319.5349479292333, 44
1, 899823, 514583, 385240, 3857222.03709841, 70, 40, 30, 305.3507608519078, 41
1, 899861, 514621, 385240, 3857482.91947803, 38, 38, 0, 260.88237961983884, 38
1, 899928, 514648, 385280, 3857783.5200332874, 67, 27, 40, 300.6005552576305, 28
51, 900045, 514685, 385360, 3858133.006850086, 117, 37, 80, 349.4868167986058, 39
1, 900080, 514720, 385360, 3858388.2367779957, 35, 35, 0, 255.22992790977875, 35
1, 900116, 514756, 385360, 3858645.385752274, 36, 36, 0, 257.1489742783178, 36
1, 900177, 514787, 385390, 3858939.1539915414, 61, 31, 30, 293.7682392671241, 32
51, 900261, 514821, 385440, 3859258.794001945, 84, 34, 50, 319.64001040350905, 35
1, 900336, 514856, 385480, 3859569.177097583, 75, 35, 40, 310.38309563827124, 36
1, 900372, 514892, 385480, 3859826.3260718617, 36, 36, 0, 257.1489742783178, 36
1, 900448, 514938, 385510, 3860138.8852442354, 76, 46, 30, 312.5591723737189, 47
51, 900553, 514993, 385560, 3860480.09383153, 105, 55, 50, 341.208587294368, 56
1, 900636, 515036, 385600, 3860799.6287794593, 83, 43, 40, 319.5349479292333, 44
1, 900701, 515071, 385630, 3861098.669930903, 65, 35, 30, 299.04115144336777, 36
51, 900789, 515109, 385680, 3861422.6513622636, 88, 38, 50, 323.98143136087856, 39
1, 900861, 515141, 385720, 3861729.446425288, 72, 32, 40, 306.79506302439404, 33
1, 900898, 515178, 385720, 3861988.478996744, 37, 37, 0, 259.03257145596604, 37
51, 900990, 515220, 385770, 3862316.6830982124, 92, 42, 50, 328.20410146824725, 43
1, 901060, 515260, 385800, 3862622.0338590643, 70, 40, 30, 305.3507608519078, 41
1, 901096, 515296, 385800, 3862879.182833343, 36, 36, 0, 257.1489742783178, 36
1, 901201, 515331, 385870, 3863218.4914206374, 105, 35, 70, 339.30858729436795, 37
51, 901294, 515374, 385920, 3863547.7337005446, 93, 43, 50, 329.24227990714814, 44
1, 901377, 515417, 385960, 3863867.268648474, 83, 43, 40, 319.5349479292333, 44
1, 901414, 515454, 385960, 3864126.30121993, 37, 37, 0, 259.03257145596604, 37
1, 901482, 515492, 385990, 3864429.1633910327, 68, 38, 30, 302.86217110259, 39
51, 901571, 515531, 386040, 3864754.2112565967, 89, 39, 50, 325.0478655640733, 40
1, 901644, 515564, 386080, 3865062.2125351657, 73, 33, 40, 308.00127856917646, 34
1, 901673, 515593, 386080, 3865305.072113876, 29, 29, 0, 242.8595787106084, 29
1, 901716, 515636, 386080, 3865574.7470740792, 43, 43, 0, 269.6749602031015, 43
51, 901884, 515684, 386200, 3865961.667648447, 168, 48, 120, 386.9205743678508, 51
1, 901921, 515721, 386200, 3866220.700219903, 37, 37, 0, 259.03257145596604, 37
1, 901958, 515758, 386200, 3866479.732791359, 37, 37, 0, 259.03257145596604, 37
1, 901988, 515788, 386200, 3866724.767523291, 30, 30, 0, 245.0347319320716, 30
51, 902108, 515818, 386290, 3867075.9426152557, 120, 30, 90, 351.1750919646873, 32
1, 902175, 515855, 386320, 3867377.543170513, 67, 37, 30, 301.6005552576305, 38
1, 902223, 515903, 386320, 3867655.3579731034, 48, 48, 0, 277.8148025904985, 48
1, 902279, 515959, 386320, 3867945.114453077, 56, 56, 0, 289.7564799734761, 56
51, 902368, 515998, 386370, 3868270.162318641, 89, 39, 50, 325.0478655640733, 40
1, 902449, 516039, 386410, 3868587.4623186407, 81, 41, 40, 317.3, 42
1, 902495, 516085, 386410, 3868862.091387355, 46, 46, 0, 274.6290687140218, 46
1, 902565, 516125, 386440, 3869167.4421482068, 70, 40, 30, 305.3507608519078, 41
1, 902601, 516161, 386440, 3869424.591122485, 36, 36, 0, 257.1489742783178, 36
51, 902694, 516204, 386490, 3869753.8334023925, 93, 43, 50, 329.24227990714814, 44
1, 902767, 516247, 386520, 3870062.8346809614, 73, 43, 30, 309.00127856917646, 44
1, 902860, 516300, 386560, 3870393.0769608687, 93, 53, 40, 330.24227990714814, 54
1, 902901, 516341, 386560, 3870659.3209143123, 41, 41, 0, 266.24395344352433, 41
1, 902957, 516397, 386560, 3870949.0773942857, 56, 56, 0, 289.7564799734761, 56
51, 903049, 516439, 386610, 3871277.281495754, 92, 42, 50, 328.20410146824725, 43
1, 903159, 516479, 386680, 3871621.3346798006, 110, 40, 70, 344.0531840464366, 42
1, 903196, 516516, 386680, 3871880.3672512565, 37, 37, 0, 259.03257145596604, 37
1, 903235, 516555, 386680, 3872143.0671912003, 39, 39, 0, 262.6999399439383, 39
51, 903315, 516585, 386730, 3872458.2369474447, 80, 30, 50, 315.1697562442441, 31
1, 903358, 516628, 386730, 3872727.9119076477, 43, 43, 0, 269.6749602031015, 43
1, 903440, 516670, 386770, 3873046.3335774913, 82, 42, 40, 318.42166984345636, 43
51, 903560, 516710, 386850, 3873398.508669456, 120, 40, 80, 352.1750919646873, 42
1, 903606, 516756, 386850, 3873673.13773817, 46, 46, 0, 274.6290687140218, 46
1, 903654, 516804, 386850, 3873950.9525407604, 48, 48, 0, 277.8148025904985, 48
1, 903694, 516844, 386850, 3874215.439226697, 40, 40, 0, 264.4866859365871, 40
1, 903777, 516887, 386890, 3874534.9741746266, 83, 43, 40, 319.5349479292333, 44
51, 903902, 516932, 386970, 3874891.5443271147, 125, 45, 80, 356.57015248821097, 47
1, 903930, 516960, 386970, 3875132.1769904937, 28, 28, 0, 240.63266337912057, 28
1, 904036, 516996, 387040, 3875472.4450341035, 106, 36, 70, 340.2680436096278, 38
1, 904065, 517025, 387040, 3875715.304612814, 29, 29, 0, 242.8595787106084, 29
51, 904154, 517064, 387090, 3876040.352478378, 89, 39, 50, 325.0478655640733, 40
1, 904229, 517109, 387120, 3876351.7355740163, 75, 45, 30, 311.38309563827124, 46
1, 904313, 517153, 387160, 3876672.37558442, 84, 44, 40, 320.64001040350905, 45
1, 904355, 517195, 387160, 3876940.348573922, 42, 42, 0, 267.97298950218305, 42
1, 904467, 517237, 387230, 3877286.2638862617, 112, 42, 70, 345.91531233955715, 44
51, 904562, 517282, 387280, 3877617.562450397, 95, 45, 50, 331.2985641352145, 46
1, 904609, 517329, 387280, 3877893.7955002664, 47, 47, 0, 276.2330498695885, 47
1, 904642, 517362, 387280, 3878145.073672959, 33, 33, 0, 251.27817269284301, 33
51, 904729, 517399, 387330, 3878467.981253957, 87, 37, 50, 322.9075809977351, 38
1, 904835, 517435, 387400, 3878808.2492975667, 106, 36, 70, 340.2680436096278, 38
1, 904869, 517469, 387400, 3879061.5229378436, 34, 34, 0, 253.2736402766418, 34
51, 905007, 517517, 387490, 3879428.0668673953, 138, 48, 90, 366.54392955194305, 50
1, 905078, 517558, 387520, 3879734.645178214, 71, 41, 30, 306.57831081870995, 42
1, 905120, 517600, 387520, 3880002.6181677165, 42, 42, 0, 267.97298950218305, 42
1, 905198, 517648, 387550, 3880317.5009543365, 78, 48, 30, 314.8827866200841, 49
51, 905285, 517685, 387600, 3880640.4085353343, 87, 37, 50, 322.9075809977351, 38
1, 905364, 517724, 387640, 3880955.4392854646, 79, 39, 40, 315.03075013013313, 40
1, 905405, 517765, 387640, 3881221.683238908, 41, 41, 0, 266.24395344352433, 41
51, 905492, 517802, 387690, 3881544.590819906, 87, 37, 50, 322.9075809977351, 38
1, 905533, 517843, 387690, 3881810.8347733496, 41, 41, 0, 266.24395344352433, 41
1, 905642, 517882, 387760, 3882153.949404849, 109, 39, 70, 343.114631499574, 41
1, 905687, 517927, 387760, 3882426.9514112603, 45, 45, 0, 273.00200641113514, 45
51, 905773, 517963, 387810, 3882748.7775759078, 86, 36, 50, 321.82616464756694, 37
1, 905809, 517999, 387810, 3883005.9265501862, 36, 36, 0, 257.1489742783178, 36
1, 905842, 518032, 387810, 3883257.204722879, 33, 33, 0, 251.27817269284301, 33
51, 905931, 518071, 387860, 3883582.252588443, 89, 39, 50, 325.0478655640733, 40
1, 906045, 518115, 387930, 3883930.0105761345, 114, 44, 70, 347.75798769167545, 46
1, 906089, 518159, 387930, 3884201.361533825, 44, 44, 0, 271.35095769013947, 44
1, 906178, 518208, 387970, 3884527.409399389, 89, 49, 40, 326.0478655640733, 50
51, 906283, 518263, 388020, 3884868.6179866833, 105, 55, 50, 341.208587294368, 56
1, 906362, 518302, 388060, 3885183.6487368136, 79, 39, 40, 315.03075013013313, 40
1, 906406, 518346, 388060, 3885454.999694504, 44, 44, 0, 271.35095769013947, 44
51, 906522, 518382, 388140, 3885803.581497995, 116, 36, 80, 348.5818034911291, 38
1, 906564, 518424, 388140, 3886071.5544874975, 42, 42, 0, 267.97298950218305, 42
1, 906643, 518463, 388180, 3886386.585237628, 79, 39, 40, 315.03075013013313, 40
1, 906685, 518505, 388180, 3886654.55822713, 42, 42, 0, 267.97298950218305, 42
51, 906783, 518553, 388230, 3886988.8928554947, 98, 48, 50, 334.33462836457886, 49
1, 906864, 518594, 388270, 3887306.1928554946, 81, 41, 40, 317.3, 42
1, 906943, 518643, 388300, 3887622.223605625, 79, 49, 30, 316.03075013013313, 50
1, 907029, 518689, 388340, 3887945.0497702723, 86, 46, 40, 322.82616464756694, 47
51, 907121, 518731, 388390, 3888273.253871741, 92, 42, 50, 328.20410146824725, 43
1, 907203, 518773, 388430, 3888591.6755415844, 82, 42, 40, 318.42166984345636, 43
1, 907239, 518809, 388430, 3888848.824515863, 36, 36, 0, 257.1489742783178, 36
1, 907275, 518845, 388430, 3889105.9734901413, 36, 36, 0, 257.1489742783178, 36
51, 907395, 518885, 388510, 3889458.148582106, 120, 40, 80, 352.1750919646873, 42
1, 907435, 518925, 388510, 3889722.635268043, 40, 40, 0, 264.4866859365871, 40
1, 907554, 518974, 388580, 3890074.918663245, 119, 49, 70, 352.28339520229764, 51
1, 907601, 519021, 388580, 3890351.1517131147, 47, 47, 0, 276.2330498695885, 47
1, 907639, 519059, 388580, 3890612.0340927346, 38, 38, 0, 260.88237961983884, 38
51, 907724, 519094, 388630, 3890932.7711204058, 85, 35, 50, 320.73702767108114, 36
1, 907762, 519132, 388630, 3891193.6535000256, 38, 38, 0, 260.88237961983884, 38
1, 907865, 519165, 388700, 3891531.026750081, 103, 33, 70, 337.37325005549695, 35
1, 907899, 519199, 388700, 3891784.300390358, 34, 34, 0, 253.2736402766418, 34
51, 907992, 519242, 388750, 3892113.5426702653, 93, 43, 50, 329.24227990714814, 44
1, 908064, 519284, 388780, 3892421.3377332897, 72, 42, 30, 307.79506302439404, 43
1, 908104, 519324, 388780, 3892685.8244192265, 40, 40, 0, 264.4866859365871, 40
1, 908184, 519364, 388820, 3893001.994175471, 80, 40, 40, 316.1697562442441, 41
51, 908275, 519405, 388870, 3893329.15323741, 91, 41, 50, 327.1590619387661, 42
1, 908337, 519437, 388900, 3893624.2598637394, 62, 32, 30, 295.1066263296683, 33
1, 908412, 519472, 388940, 3893934.6429593777, 75, 35, 40, 310.38309563827124, 36
1, 908458, 519518, 388940, 3894209.272028092, 46, 46, 0, 274.6290687140218, 46
51, 908542, 519552, 388990, 3894528.9120384953, 84, 34, 50, 319.64001040350905, 35
1, 908623, 519593, 389030, 3894846.212038495, 81, 41, 40, 317.3, 42
1, 908686, 519626, 389060, 3895142.643363221, 63, 33, 30, 296.43132472612575, 34
1, 908721, 519661, 389060, 3895397.8732911306, 35, 35, 0, 255.22992790977875, 35
51, 908813, 519703, 389110, 3895726.077392599, 92, 42, 50, 328.20410146824725, 43
1, 908859, 519749, 389110, 3896000.706461313, 46, 46, 0, 274.6290687140218, 46
1, 908898, 519788, 389110, 3896263.406401257, 39, 39, 0, 262.6999399439383, 39
1, 909013, 519833, 389180, 3896612.0786183192, 115, 45, 70, 348.6722170622053, 47
51, 909110, 519880, 389230, 3896945.4075175906, 97, 47, 50, 333.3288992714996, 48
1, 909143, 519913, 389230, 3897196.6856902833, 33, 33, 0, 251.27817269284301, 33
1, 909188, 519958, 389230, 3897469.6876966944, 45, 45, 0, 273.00200641113514, 45
1, 909266, 519996, 389270, 3897783.5704833143, 78, 38, 40, 313.8827866200841, 39
51, 909361, 520041, 389320, 3898114.8690474494, 95, 45, 50, 331.2985641352145, 46
1, 909458, 520068, 389390, 3898446.297946721, 97, 27, 70, 331.42889927149963, 29
1, 909496, 520106, 389390, 3898707.1803263407, 38, 38, 0, 260.88237961983884, 38
1, 909540, 520150, 389390, 3898978.531284031, 44, 44, 0, 271.35095769013947, 44
1, 909581, 520191, 389390, 3899244.7752374746, 41, 41, 0, 266.24395344352433, 41
51, 909676, 520236, 389440, 3899576.0738016097, 95, 45, 50, 331.2985641352145, 46
1, 909756, 520276, 389480, 3899892.243557854, 80, 40, 40, 316.1697562442441, 41
1, 909829, 520319, 389510, 3900201.244836423, 73, 43, 30, 309.00127856917646, 44
51, 909956, 520356, 389600, 3900558.544518722, 127, 37, 90, 357.2996822992933, 39
1, 909997, 520397, 389600, 3900824.788472166, 41, 41, 0, 266.24395344352433, 41
1, 910036, 520436, 389600, 3901087.4884121097, 39, 39, 0, 262.6999399439383, 39
1, 910141, 520471, 389670, 3901426.796999404, 105, 35, 70, 339.30858729436795, 37
1, 910191, 520521, 389670, 3901707.7117942516, 50, 50, 0, 280.9147948472494, 50
51, 910271, 520551, 389720, 3902022.881550496, 80, 30, 50, 315.1697562442441, 31
1, 910350, 520590, 389760, 3902337.9123006263, 79, 39, 40, 315.03075013013313, 40
1, 910385, 520625, 389760, 3902593.142228536, 35, 35, 0, 255.22992790977875, 35
1, 910491, 520661, 389830, 3902933.4102721456, 106, 36, 70, 340.2680436096278, 38
51, 910578, 520698, 389880, 3903256.3178531434, 87, 37, 50, 322.9075809977351, 38
1, 910626, 520746, 389880, 3903534.1326557337, 48, 48, 0, 277.8148025904985, 48
1, 910667, 520787, 389880, 3903800.3766091773, 41, 41, 0, 266.24395344352433, 41
1, 910693, 520813, 389880, 3904036.3866956127, 26, 26, 0, 236.01008643532256, 26
51, 910781, 520851, 389930, 3904360.3681269735, 88, 38, 50, 323.98143136087856, 39
1, 910890, 520890, 390000, 3904703.482758473, 109, 39, 70, 343.114631499574, 41
1, 910930, 520930, 390000, 3904967.96944441, 40, 40, 0, 264.4866859365871, 40
51, 911015, 520965, 390050, 3905288.706472081, 85, 35, 50, 320.73702767108114, 36
1, 911057, 521007, 390050, 3905556.6794615835, 42, 42, 0, 267.97298950218305, 42
1, 911126, 521046, 390080, 3905860.7916032937, 69, 39, 30, 304.1121417102006, 40
1, 911204, 521084, 390120, 3906174.6743899137, 78, 38, 40, 313.8827866200841, 39
1, 911247, 521127, 390120, 3906444.3493501167, 43, 43, 0, 269.6749602031015, 43
51, 911334, 521164, 390170, 3906767.2569311145, 87, 37, 50, 322.9075809977351, 38
1, 911379, 521209, 390170, 3907040.2589375256, 45, 45, 0, 273.00200641113514, 45
1, 911444, 521244, 390200, 3907339.300088969, 65, 35, 30, 299.04115144336777, 36
1, 911516, 521276, 390240, 3907646.0951519934, 72, 32, 40, 306.79506302439404, 33
1, 911551, 521311, 390240, 3907901.325079903, 35, 35, 0, 255.22992790977875, 35
51, 911646, 521356, 390290, 3908232.623644038, 95, 45, 50, 331.2985641352145, 46
1, 911687, 521397, 390290, 3908498.8675974817, 41, 41, 0, 266.24395344352433, 41
1, 911758, 521438, 390320, 3908805.4459083006, 71, 41, 30, 306.57831081870995, 42
1, 911800, 521480, 390320, 3909073.418897803, 42, 42, 0, 267.97298950218305, 42
1, 911885, 521525, 390360, 3909395.155925474, 85, 45, 40, 321.73702767108114, 46
51, 912009, 521569, 390440, 3909750.8553220225, 124, 44, 80, 355.6993965481514, 46
1, 912040, 521600, 390440, 3909998.0164281996, 31, 31, 0, 247.1611061770567, 31
1, 912072, 521632, 390440, 3910247.2578512, 32, 32, 0, 249.24142300054422, 32
1, 912172, 521662, 390510, 3910581.685617217, 100, 30, 70, 334.42776601683795, 32
1, 912213, 521703, 390510, 3910847.9295706605, 41, 41, 0, 266.24395344352433, 41
51, 912325, 521735, 390590, 3911192.844883, 112, 32, 80, 344.91531233955715, 34
1, 912368, 521778, 390590, 3911462.519843203, 43, 43, 0, 269.6749602031015, 43
1, 912416, 521826, 390590, 3911740.3346457933, 48, 48, 0, 277.8148025904985, 48
1, 912460, 521870, 390590, 3912011.6856034836, 44, 44, 0, 271.35095769013947, 44
51, 912585, 521905, 390680, 3912367.2557559717, 125, 35, 90, 355.57015248821097, 37
1, 912661, 521951, 390710, 3912679.8149283454, 76, 46, 30, 312.5591723737189, 47
1, 912707, 521997, 390710, 3912954.4439970595, 46, 46, 0, 274.6290687140218, 46
1, 912751, 522041, 390710, 3913225.7949547498, 44, 44, 0, 271.35095769013947, 44
51, 912872, 522082, 390790, 3913578.857433785, 121, 41, 80, 353.06247903554, 43
1, 912953, 522123, 390830, 3913896.157433785, 81, 41, 40, 317.3, 42
1, 913026, 522166, 390860, 3914205.158712354, 73, 43, 30, 309.00127856917646, 44
1, 913062, 522202, 390860, 3914462.3076866325, 36, 36, 0, 257.1489742783178, 36
1, 913108, 522248, 390860, 3914736.9367553466, 46, 46, 0, 274.6290687140218, 46
51, 913204, 522294, 390910, 3915069.253671361, 96, 46, 50, 332.31691601465747, 47
1, 913272, 522332, 390940, 3915372.115842464, 68, 38, 30, 302.86217110259, 39
1, 913346, 522366, 390980, 3915681.3130512307, 74, 34, 40, 309.1972087668518, 35
1, 913383, 522403, 390980, 3915940.3456226867, 37, 37, 0, 259.03257145596604, 37
51, 913462, 522432, 391030, 3916254.376372817, 79, 29, 50, 314.03075013013313, 30
1, 913501, 522471, 391030, 3916517.076312761, 39, 39, 0, 262.6999399439383, 39
1, 913539, 522509, 391030, 3916777.9586923807, 38, 38, 0, 260.88237961983884, 38
1, 913663, 522563, 391100, 3917134.658088929, 124, 54, 70, 356.6993965481514, 56
1, 913704, 522604, 391100, 3917400.9020423726, 41, 41, 0, 266.24395344352433, 41
51, 913827, 522647, 391180, 3917755.7266136343, 123, 43, 80, 354.8245712617827, 45
1, 913860, 522680, 391180, 3918007.004786327, 33, 33, 0, 251.27817269284301, 33
1, 913940, 522720, 391220, 3918323.1745425714, 80, 40, 40, 316.1697562442441, 41
1, 913978, 522758, 391220, 3918584.0569221913, 38, 38, 0, 260.88237961983884, 38
1, 914011, 522791, 391220, 3918835.335094884, 33, 33, 0, 251.27817269284301, 33
51, 914092, 522822, 391270, 3919151.635094884, 81, 31, 50, 316.3, 32
1, 914162, 522862, 391300, 3919456.985855736, 70, 40, 30, 305.3507608519078, 41
1, 914251, 522911, 391340, 3919783.0337213, 89, 49, 40, 326.0478655640733, 50
1, 914284, 522944, 391340, 3920034.3118939926, 33, 33, 0, 251.27817269284301, 33
51, 914377, 522987, 391390, 3920363.5541739, 93, 43, 50, 329.24227990714814, 44
1, 914408, 523018, 391390, 3920610.715280077, 31, 31, 0, 247.1611061770567, 31
1, 914453, 523063, 391390, 3920883.717286488, 45, 45, 0, 273.00200641113514, 45
1, 914564, 523104, 391460, 3921228.704004529, 111, 41, 70, 344.9867180408456, 43
51, 914665, 523155, 391510, 3921566.019392501, 101, 51, 50, 337.31538797227006, 52
1, 914717, 523207, 391510, 3921849.9543539295, 52, 52, 0, 283.93496142826496, 52
1, 914749, 523239, 391510, 3922099.19577693, 32, 32, 0, 249.24142300054422, 32
1, 914790, 523280, 391510, 3922365.4397303737, 41, 41, 0, 266.24395344352433, 41
51, 914886, 523326, 391560, 3922697.756646388, 96, 46, 50, 332.31691601465747, 47
1, 915008, 523378, 391630, 3923052.7022649418, 122, 52, 70, 354.9456185537469, 54
1, 915051, 523421, 391630, 3923322.3772251448, 43, 43, 0, 269.6749602031015, 43
1, 915101, 523471, 391630, 3923603.292019992, 50, 50, 0, 280.9147948472494, 50
51, 915227, 523517, 391710, 3923960.728915876, 126, 46, 80, 357.43689588345075, 48
1, 915269, 523559, 391710, 3924228.701905378, 42, 42, 0, 267.97298950218305, 42
1, 915351, 523601, 391750, 3924547.1235752217, 82, 42, 40, 318.42166984345636, 43
1, 915384, 523634, 391750, 3924798.4017479145, 33, 33, 0, 251.27817269284301, 33
1, 915421, 523671, 391750, 3925057.4343193704, 37, 37, 0, 259.03257145596604, 37
51, 915506, 523706, 391800, 3925378.1713470416, 85, 35, 50, 320.73702767108114, 36
1, 915580, 523750, 391830, 3925688.3685558084, 74, 44, 30, 310.1972087668518, 45
1, 915664, 523794, 391870, 3926009.008566212, 84, 44, 40, 320.64001040350905, 45
1, 915696, 523826, 391870, 3926258.2499892125, 32, 32, 0, 249.24142300054422, 32
51, 915825, 523875, 391950, 3926618.2635897035, 129, 49, 80, 360.01360049114555, 51
1, 915864, 523914, 391950, 3926880.9635296473, 39, 39, 0, 262.6999399439383, 39
1, 915939, 523949, 391990, 3927191.3466252857, 75, 35, 40, 310.38309563827124, 36
1, 915981, 523991, 391990, 3927459.319614788, 42, 42, 0, 267.97298950218305, 42
51, 916073, 524033, 392040, 3927787.5237162565, 92, 42, 50, 328.20410146824725, 43
1, 916113, 524073, 392040, 3928052.0104021933, 40, 40, 0, 264.4866859365871, 40
1, 916218, 524108, 392110, 3928391.318989488, 105, 35, 70, 339.30858729436795, 37
51, 916306, 524146, 392160, 3928715.3004208487, 88, 38, 50, 323.98143136087856, 39
1, 916336, 524176, 392160, 3928960.3351527806, 30, 30, 0, 245.0347319320716, 30
1, 916374, 524214, 392160, 3929221.2175324005, 38, 38, 0, 260.88237961983884, 38
1, 916410, 524250, 392160, 3929478.366506679, 36, 36, 0, 257.1489742783178, 36
1, 916434, 524274, 392160, 3929709.502890619, 24, 24, 0, 231.13638394006432, 24
51, 916598, 524318, 392280, 3930093.4610814555, 164, 44, 120, 383.9581908363381, 47
1, 916633, 524353, 392280, 3930348.691009365, 35, 35, 0, 255.22992790977875, 35
1, 916676, 524396, 392280, 3930618.365969568, 43, 43, 0, 269.6749602031015, 43
51, 916777, 524447, 392330, 3930955.68135754, 101, 51, 50, 337.31538797227006, 52
1, 916807, 524477, 392330, 3931200.716089472, 30, 30, 0, 245.0347319320716, 30
1, 916877, 524517, 392360, 3931506.066850324, 70, 40, 30, 305.3507608519078, 41
51, 917004, 524554, 392450, 3931863.3665326233, 127, 37, 90, 357.2996822992933, 39
1, 917044, 524594, 392450, 3932127.85321856, 40, 40, 0, 264.4866859365871, 40
1, 917083, 524633, 392450, 3932390.553158504, 39, 39, 0, 262.6999399439383, 39
51, 917172, 524672, 392500, 3932715.601024068, 89, 39, 50, 325.0478655640733, 40
1, 917208, 524708, 392500, 3932972.7499983464, 36, 36, 0, 257.1489742783178, 36
1, 917284, 524754, 392530, 3933285.30917072, 76, 46, 30, 312.5591723737189, 47
1, 917360, 524790, 392570, 3933596.868343094, 76, 36, 40, 311.5591723737189, 37
51, 917441, 524821, 392620, 3933913.1683430937, 81, 31, 50, 316.3, 32
1, 917484, 524864, 392620, 3934182.8433032967, 43, 43, 0, 269.6749602031015, 43
1, 917563, 524903, 392660, 3934497.874053427, 79, 39, 40, 315.03075013013313, 40
1, 917641, 524951, 392690, 3934812.756840047, 78, 48, 30, 314.8827866200841, 49
1, 917680, 524990, 392690, 3935075.456779991, 39, 39, 0, 262.6999399439383, 39
51, 917769, 525029, 392740, 3935400.504645555, 89, 39, 50, 325.0478655640733, 40
1, 917813, 525073, 392740, 3935671.855603245, 44, 44, 0, 271.35095769013947, 44
1, 917887, 525107, 392780, 3935981.052812012, 74, 34, 40, 309.1972087668518, 35
51, 918004, 525144, 392860, 3936330.5396288107, 117, 37, 80, 349.4868167986058, 39
1, 918032, 525172, 392860, 3936571.1722921897, 28, 28, 0, 240.63266337912057, 28
1, 918101, 525201, 392900, 3936874.2844339, 69, 29, 40, 303.1121417102006, 30
51, 918202, 525252, 392950, 3937211.599821872, 101, 51, 50, 337.31538797227006, 52
1, 918244, 525294, 392950, 3937479.5728113744, 42, 42, 0, 267.97298950218305, 42
1, 918342, 525322, 393020, 3937812.007439739, 98, 28, 70, 332.4346283645789, 30
1, 918392, 525372, 393020, 3938092.9222345864, 50, 50, 0, 280.9147948472494, 50
1, 918430, 525410, 393020, 3938353.8046142063, 38, 38, 0, 260.88237961983884, 38
51, 918516, 525446, 393070, 3938675.630778854, 86, 36, 50, 321.82616464756694, 37
1, 918583, 525483, 393100, 3938977.231334111, 67, 37, 30, 301.6005552576305, 38
1, 918625, 525525, 393100, 3939245.2043236136, 42, 42, 0, 267.97298950218305, 42
1, 918698, 525558, 393140, 3939553.2056021825, 73, 33, 40, 308.00127856917646, 34
51, 918783, 525593, 393190, 3939873.9426298537, 85, 35, 50, 320.73702767108114, 36
1, 918853, 525633, 393220, 3940179.2933907057, 70, 40, 30, 305.3507608519078, 41
1, 918886, 525666, 393220, 3940430.5715633985, 33, 33, 0, 251.27817269284301, 33
1, 918979, 525719, 393260, 3940760.8138433057, 93, 53, 40, 330.24227990714814, 54
51, 919075, 525765, 393310, 3941093.13075932, 96, 46, 50, 332.31691601465747, 47
1, 919111, 525801, 393310, 3941350.2797335987, 36, 36, 0, 257.1489742783178, 36
1, 919173, 525833, 393340, 3941645.386359928, 62, 32, 30, 295.1066263296683, 33
1, 919211, 525871, 393340, 3941906.268739548, 38, 38, 0, 260.88237961983884, 38
1, 919299, 525919, 393380, 3942231.250170909, 88, 48, 40, 324.98143136087856, 49
51, 919388, 525958, 393430, 3942556.298036473, 89, 39, 50, 325.0478655640733, 40
1, 919428, 525998, 393430, 3942820.7847224097, 40, 40, 0, 264.4866859365871, 40
1, 919519, 526049, 393470, 3943148.9437843487, 91, 51, 40, 328.1590619387661, 52
1, 919588, 526088, 393500, 3943453.055926059, 69, 39, 30, 304.1121417102006, 40
51, 919677, 526127, 393550, 3943778.103791623, 89, 39, 50, 325.0478655640733, 40
1, 919721, 526171, 393550, 3944049.454749313, 44, 44, 0, 271.35095769013947, 44
1, 919760, 526210, 393550, 3944312.154689257, 39, 39, 0, 262.6999399439383, 39
1, 919828, 526248, 393580, 3944615.01686036, 68, 38, 30, 302.86217110259, 39
1, 919916, 526296, 393620, 3944939.9982917206, 88, 48, 40, 324.98143136087856, 49
51, 919998, 526328, 393670, 3945257.4199615642, 82, 32, 50, 317.42166984345636, 33
1, 920045, 526375, 393670, 3945533.653011434, 47, 47, 0, 276.2330498695885, 47
1, 920086, 526416, 393670, 3945799.8969648774, 41, 41, 0, 266.24395344352433, 41
1, 920197, 526457, 393740, 3946144.8836829183, 111, 41, 70, 344.9867180408456, 43
1, 920242, 526502, 393740, 3946417.8856893294, 45, 45, 0, 273.00200641113514, 45
51, 920372, 526542, 393830, 3946777.750526868, 130, 40, 90, 359.86483753851803, 42
1, 920404, 526574, 393830, 3947026.9919498684, 32, 32, 0, 249.24142300054422, 32
1, 920467, 526607, 393860, 3947323.4232745944, 63, 33, 30, 296.43132472612575, 34
1, 920502, 526642, 393860, 3947578.653202504, 35, 35, 0, 255.22992790977875, 35
51, 920631, 526681, 393950, 3947937.666802995, 129, 39, 90, 359.01360049114555, 41
1, 920669, 526719, 393950, 3948198.549182615, 38, 38, 0, 260.88237961983884, 38
1, 920705, 526755, 393950, 3948455.6981568933, 36, 36, 0, 257.1489742783178, 36
1, 920782, 526792, 393990, 3948768.42382066, 77, 37, 40, 312.72566376652986, 38
51, 920907, 526837, 394070, 3949124.993973148, 125, 45, 80, 356.57015248821097, 47
1, 920955, 526885, 394070, 3949402.8087757383, 48, 48, 0, 277.8148025904985, 48
1, 921022, 526922, 394100, 3949704.4093309958, 67, 37, 30, 301.6005552576305, 38
1, 921105, 526965, 394140, 3950023.944278925, 83, 43, 40, 319.5349479292333, 44
51, 921193, 527003, 394190, 3950347.925710286, 88, 38, 50, 323.98143136087856, 39
1, 921227, 527037, 394190, 3950601.199350563, 34, 34, 0, 253.2736402766418, 34
1, 921264, 527074, 394190, 3950860.231922019, 37, 37, 0, 259.03257145596604, 37
1, 921308, 527118, 394190, 3951131.582879709, 44, 44, 0, 271.35095769013947, 44
1, 921420, 527160, 394260, 3951477.4981920486, 112, 42, 70, 345.91531233955715, 44
51, 921508, 527198, 394310, 3951801.4796234095, 88, 38, 50, 323.98143136087856, 39
1, 921553, 527243, 394310, 3952074.4816298205, 45, 45, 0, 273.00200641113514, 45
1, 921630, 527290, 394340, 3952388.2072935873, 77, 47, 30, 313.72566376652986, 48
1, 921682, 527342, 394340, 3952672.1422550157, 52, 52, 0, 283.93496142826496, 52
51, 921773, 527383, 394390, 3952999.3013169547, 91, 41, 50, 327.1590619387661, 42
1, 921860, 527430, 394430, 3953323.2088979525, 87, 47, 40, 323.9075809977351, 48
1, 921898, 527468, 394430, 3953584.0912775723, 38, 38, 0, 260.88237961983884, 38
1, 921966, 527506, 394460, 3953886.953448675, 68, 38, 30, 302.86217110259, 39
51, 922047, 527537, 394510, 3954203.253448675, 81, 31, 50, 316.3, 32
1, 922087, 527577, 394510, 3954467.7401346117, 40, 40, 0, 264.4866859365871, 40
1, 922118, 527608, 394510, 3954714.901240789, 31, 31, 0, 247.1611061770567, 31
51, 922260, 527660, 394600, 3955084.7022733456, 142, 52, 90, 369.8010325565812, 54
1, 922329, 527699, 394630, 3955388.814415056, 69, 39, 30, 304.1121417102006, 40
1, 922376, 527746, 394630, 3955665.0474649253, 47, 47, 0, 276.2330498695885, 47
1, 922445, 527775, 394670, 3955968.1596066356, 69, 29, 40, 303.1121417102006, 30
51, 922536, 527816, 394720, 3956295.3186685746, 91, 41, 50, 327.1590619387661, 42
1, 922578, 527858, 394720, 3956563.291658077, 42, 42, 0, 267.97298950218305, 42
1, 922685, 527895, 394790, 3956904.5138033465, 107, 37, 70, 341.2221452697031, 39
1, 922730, 527940, 394790, 3957177.5158097576, 45, 45, 0, 273.00200641113514, 45
1, 922801, 527981, 394820, 3957484.0941205765, 71, 41, 30, 306.57831081870995, 42
51, 922895, 528025, 394870, 3957814.367846424, 94, 44, 50, 330.273725847777, 45
1, 922944, 528074, 394870, 3958093.7429775307, 49, 49, 0, 279.3751311064591, 49
1, 922986, 528116, 394870, 3958361.715967033, 42, 42, 0, 267.97298950218305, 42
51, 923113, 528153, 394960, 3958719.015649332, 127, 37, 90, 357.2996822992933, 39
1, 923153, 528193, 394960, 3958983.502335269, 40, 40, 0, 264.4866859365871, 40
1, 923224, 528234, 394990, 3959290.080646088, 71, 41, 30, 306.57831081870995, 42
51, 923314, 528274, 395040, 3959616.187674912, 90, 40, 50, 326.1070288241023, 41
1, 923354, 528314, 395040, 3959880.674360849, 40, 40, 0, 264.4866859365871, 40
1, 923463, 528353, 395110, 3960223.7889923486, 109, 39, 70, 343.114631499574, 41
1, 923499, 528389, 395110, 3960480.937966627, 36, 36, 0, 257.1489742783178, 36
1, 923546, 528436, 395110, 3960757.1710164966, 47, 47, 0, 276.2330498695885, 47
51, 923630, 528470, 395160, 3961076.8110269, 84, 34, 50, 319.64001040350905, 35
1, 923698, 528508, 395190, 3961379.673198003, 68, 38, 30, 302.86217110259, 39
1, 923780, 528550, 395230, 3961698.0948678465, 82, 42, 40, 318.42166984345636, 43
1, 923821, 528591, 395230, 3961964.33882129, 41, 41, 0, 266.24395344352433, 41
51, 923917, 528637, 395280, 3962296.6557373046, 96, 46, 50, 332.31691601465747, 47
1, 923968, 528688, 395280, 3962579.090249083, 51, 51, 0, 282.43451177837886, 51
1, 924009, 528729, 395280, 3962845.3342025266, 41, 41, 0, 266.24395344352433, 41
51, 924131, 528771, 395360, 3963199.27982108, 122, 42, 80, 353.9456185537469, 44
1, 924215, 528815, 395400, 3963519.9198314836, 84, 44, 40, 320.64001040350905, 45
1, 924245, 528845, 395400, 3963764.9545634156, 30, 30, 0, 245.0347319320716, 30
1, 924282, 528882, 395400, 3964023.9871348715, 37, 37, 0, 259.03257145596604, 37
51, 924438, 528918, 395520, 3964401.8990191766, 156, 36, 120, 377.9118843049396, 39
1, 924480, 528960, 395520, 3964669.872008679, 42, 42, 0, 267.97298950218305, 42
1, 924521, 529001, 395520, 3964936.1159621226, 41, 41, 0, 266.24395344352433, 41
1, 924588, 529038, 395550, 3965237.71651738, 67, 37, 30, 301.6005552576305, 38
51, 924726, 529086, 395640, 3965604.2604469317, 138, 48, 90, 366.54392955194305, 50
1, 924800, 529130, 395670, 3965914.4576556985, 74, 44, 30, 310.1972087668518, 45
1, 924849, 529179, 395670, 3966193.832786805, 49, 49, 0, 279.3751311064591, 49
1, 924893, 529223, 395670, 3966465.1837444953, 44, 44, 0, 271.35095769013947, 44
51, 924980, 529260, 395720, 3966788.091325493, 87, 37, 50, 322.9075809977351, 38
1, 925085, 529295, 395790, 3967127.3999127876, 105, 35, 70, 339.30858729436795, 37
1, 925125, 529335, 395790, 3967391.8865987244, 40, 40, 0, 264.4866859365871, 40
1, 925157, 529367, 395790, 3967641.128021725, 32, 32, 0, 249.24142300054422, 32
51, 925281, 529411, 395870, 3967996.8274182733, 124, 44, 80, 355.6993965481514, 46
1, 925361, 529451, 395910, 3968312.9971745177, 80, 40, 40, 316.1697562442441, 41
1, 925406, 529496, 395910, 3968585.999180929, 45, 45, 0, 273.00200641113514, 45
1, 925450, 529540, 395910, 3968857.350138619, 44, 44, 0, 271.35095769013947, 44
51, 925612, 529582, 396030, 3969239.81227312, 162, 42, 120, 382.4621345008163, 45
1, 925652, 529622, 396030, 3969504.298959057, 40, 40, 0, 264.4866859365871, 40
1, 925688, 529658, 396030, 3969761.4479333353, 36, 36, 0, 257.1489742783178, 36
1, 925712, 529682, 396030, 3969992.5843172753, 24, 24, 0, 231.13638394006432, 24
51, 925800, 529720, 396080, 3970316.565748636, 88, 38, 50, 323.98143136087856, 39
1, 925886, 529766, 396120, 3970639.3919132836, 86, 46, 40, 322.82616464756694, 47
1, 925956, 529806, 396150, 3970944.7426741356, 70, 40, 30, 305.3507608519078, 41
1, 925991, 529841, 396150, 3971199.972602045, 35, 35, 0, 255.22992790977875, 35
51, 926081, 529881, 396200, 3971526.0796308694, 90, 40, 50, 326.1070288241023, 41
1, 926170, 529930, 396240, 3971852.1274964334, 89, 49, 40, 326.0478655640733, 50
1, 926215, 529975, 396240, 3972125.1295028445, 45, 45, 0, 273.00200641113514, 45
51, 926303, 530013, 396290, 3972449.1109342054, 88, 38, 50, 323.98143136087856, 39
1, 926403, 530043, 396360, 3972783.538700222, 100, 30, 70, 334.42776601683795, 32
1, 926442, 530082, 396360, 3973046.238640166, 39, 39, 0, 262.6999399439383, 39
51, 926574, 530134, 396440, 3973408.7947625928, 132, 52, 80, 362.55612242701943, 54
1, 926657, 530177, 396480, 3973728.329710522, 83, 43, 40, 319.5349479292333, 44
1, 926695, 530215, 396480, 3973989.212090142, 38, 38, 0, 260.88237961983884, 38
1, 926775, 530255, 396520, 3974305.3818463865, 80, 40, 40, 316.1697562442441, 41
51, 926866, 530296, 396570, 3974632.5409083255, 91, 41, 50, 327.1590619387661, 42
1, 926941, 530341, 396600, 3974943.924003964, 75, 45, 30, 311.38309563827124, 46
1, 926982, 530382, 396600, 3975210.1679574074, 41, 41, 0, 266.24395344352433, 41
1, 927059, 530419, 396640, 3975522.893621174, 77, 37, 40, 312.72566376652986, 38
51, 927184, 530464, 396720, 3975879.463773662, 125, 45, 80, 356.57015248821097, 47
1, 927223, 530503, 396720, 3976142.163713606, 39, 39, 0, 262.6999399439383, 39
1, 927298, 530538, 396760, 3976452.5468092444, 75, 35, 40, 310.38309563827124, 36
51, 927381, 530571, 396810, 3976771.081757174, 83, 33, 50, 318.5349479292333, 34
1, 927453, 530613, 396840, 3977078.8768201983, 72, 42, 30, 307.79506302439404, 43
1, 927498, 530658, 396840, 3977351.8788266093, 45, 45, 0, 273.00200641113514, 45
51, 927598, 530708, 396890, 3977688.2065926264, 100, 50, 50, 336.327766016838, 51
1, 927714, 530754, 396960, 3978037.7883961177, 116, 46, 70, 349.5818034911291, 48
1, 927751, 530791, 396960, 3978296.8209675737, 37, 37, 0, 259.03257145596604, 37
1, 927787, 530827, 396960, 3978553.969941852, 36, 36, 0, 257.1489742783178, 36
1, 927860, 530860, 397000, 3978861.971220421, 73, 33, 40, 308.00127856917646, 34
51, 927959, 530909, 397050, 3979197.305434974, 99, 49, 50, 335.33421455299043, 50
1, 928001, 530951, 397050, 3979465.2784244763, 42, 42, 0, 267.97298950218305, 42
1, 928075, 530995, 397080, 3979775.475633243, 74, 44, 30, 310.1972087668518, 45
1, 928157, 531037, 397120, 3980093.8973030867, 82, 42, 40, 318.42166984345636, 43
1, 928198, 531078, 397120, 3980360.1412565303, 41, 41, 0, 266.24395344352433, 41
51, 928301, 531131, 397170, 3980699.414506586, 103, 53, 50, 339.27325005549693, 54
1, 928369, 531169, 397200, 3981002.2766776886, 68, 38, 30, 302.86217110259, 39
1, 928409, 531209, 397200, 3981266.7633636254, 40, 40, 0, 264.4866859365871, 40
1, 928447, 531247, 397200, 3981527.6457432453, 38, 38, 0, 260.88237961983884, 38
1, 928532, 531292, 397240, 3981849.3827709164, 85, 45, 40, 321.73702767108114, 46
51, 928652, 531332, 397320, 3982201.557862881, 120, 40, 80, 352.1750919646873, 42
1, 928689, 531369, 397320, 3982460.590434337, 37, 37, 0, 259.03257145596604, 37
1, 928775, 531425, 397350, 3982784.4165989845, 86, 56, 30, 323.82616464756694, 57
51, 928911, 531471, 397440, 3983149.311896019, 136, 46, 90, 364.89529703482884, 48
1, 928947, 531507, 397440, 3983406.4608702976, 36, 36, 0, 257.1489742783178, 36
1, 928988, 531548, 397440, 3983672.704823741, 41, 41, 0, 266.24395344352433, 41
1, 929063, 531593, 397470, 3983984.0879193796, 75, 45, 30, 311.38309563827124, 46
1, 929103, 531633, 397470, 3984248.5746053164, 40, 40, 0, 264.4866859365871, 40
51, 929229, 531669, 397560, 3984605.0115012, 126, 36, 90, 356.43689588345075, 38
1, 929272, 531712, 397560, 3984874.686461403, 43, 43, 0, 269.6749602031015, 43
1, 929316, 531756, 397560, 3985146.0374190933, 44, 44, 0, 271.35095769013947, 44
51, 929466, 531786, 397680, 3985519.300970251, 150, 30, 120, 373.26355115805836, 33
1, 929509, 531829, 397680, 3985788.975930454, 43, 43, 0, 269.6749602031015, 43
1, 929550, 531870, 397680, 3986055.219883898, 41, 41, 0, 266.24395344352433, 41
1, 929582, 531902, 397680, 3986304.4613068984, 32, 32, 0, 249.24142300054422, 32
51, 929665, 531935, 397730, 3986622.996254828, 83, 33, 50, 318.5349479292333, 34
1, 929764, 531964, 397800, 3986956.4304693807, 99, 29, 70, 333.43421455299045, 31
1, 929806, 532006, 397800, 3987224.403458883, 42, 42, 0, 267.97298950218305, 42
1, 929849, 532049, 397800, 3987494.078419086, 43, 43, 0, 269.6749602031015, 43
51, 929951, 532101, 397850, 3987832.375601867, 102, 52, 50, 338.29718278112654, 53
1, 930008, 532128, 397880, 3988120.645222373, 57, 27, 30, 288.2696205054472, 28
1, 930041, 532161, 397880, 3988371.9233950656, 33, 33, 0, 251.27817269284301, 33
1, 930118, 532198, 397920, 3988684.6490588323, 77, 37, 40, 312.72566376652986, 38
51, 930200, 532230, 397970, 3989002.070728676, 82, 32, 50, 317.42166984345636, 33
1, 930263, 532263, 398000, 3989298.502053402, 63, 33, 30, 296.43132472612575, 34
1, 930296, 532296, 398000, 3989549.7802260946, 33, 33, 0, 251.27817269284301, 33
51, 930416, 532336, 398080, 3989901.9553180593, 120, 40, 80, 352.1750919646873, 42
1, 930497, 532377, 398120, 3990219.255318059, 81, 41, 40, 317.3, 42
1, 930535, 532415, 398120, 3990480.137697679, 38, 38, 0, 260.88237961983884, 38
1, 930568, 532448, 398120, 3990731.4158703717, 33, 33, 0, 251.27817269284301, 33
51, 930658, 532488, 398170, 3991057.522899196, 90, 40, 50, 326.1070288241023, 41
1, 930721, 532521, 398200, 3991353.954223922, 63, 33, 30, 296.43132472612575, 34
1, 930806, 532566, 398240, 3991675.691251593, 85, 45, 40, 321.73702767108114, 46
1, 930854, 532614, 398240, 3991953.5060541835, 48, 48, 0, 277.8148025904985, 48
51, 930942, 532652, 398290, 3992277.4874855443, 88, 38, 50, 323.98143136087856, 39
1, 931017, 532697, 398320, 3992588.8705811827, 75, 45, 30, 311.38309563827124, 46
1, 931106, 532746, 398360, 3992914.9184467467, 89, 49, 40, 326.0478655640733, 50
51, 931190, 532780, 398410, 3993234.55845715, 84, 34, 50, 319.64001040350905, 35
1, 931225, 532815, 398410, 3993489.7883850597, 35, 35, 0, 255.22992790977875, 35
1, 931308, 532858, 398450, 3993809.323332989, 83, 43, 40, 319.5349479292333, 44
1, 931388, 532908, 398480, 3994126.4930892335, 80, 50, 30, 317.1697562442441, 51
51, 931471, 532941, 398530, 3994445.028037163, 83, 33, 50, 318.5349479292333, 34
1, 931543, 532983, 398560, 3994752.8231001874, 72, 42, 30, 307.79506302439404, 43
1, 931624, 533024, 398600, 3995070.123100187, 81, 41, 40, 317.3, 42
1, 931670, 533070, 398600, 3995344.7521689013, 46, 46, 0, 274.6290687140218, 46
51, 931785, 533105, 398680, 3995692.4243859635, 115, 35, 80, 347.6722170622053, 37
1, 931814, 533134, 398680, 3995935.283964674, 29, 29, 0, 242.8595787106084, 29
1, 931897, 533177, 398720, 3996254.8189126034, 83, 43, 40, 319.5349479292333, 44
1, 931937, 533217, 398720, 3996519.30559854, 40, 40, 0, 264.4866859365871, 40
51, 932099, 533259, 398840, 3996901.767733041, 162, 42, 120, 382.4621345008163, 45
1, 932130, 533290, 398840, 3997148.9288392183, 31, 31, 0, 247.1611061770567, 31
1, 932173, 533333, 398840, 3997418.6037994213, 43, 43, 0, 269.6749602031015, 43
1, 932207, 533367, 398840, 3997671.877439698, 34, 34, 0, 253.2736402766418, 34
1, 932241, 533401, 398840, 3997925.151079975, 34, 34, 0, 253.2736402766418, 34
51, 932362, 533432, 398930, 3998277.2135590105, 121, 31, 90, 352.06247903554, 33
1, 932431, 533471, 398960, 3998581.325700721, 69, 39, 30, 304.1121417102006, 40
1, 932467, 533507, 398960, 3998838.4746749992, 36, 36, 0, 257.1489742783178, 36
1, 932544, 533554, 398990, 3999152.200338766, 77, 47, 30, 313.72566376652986, 48
51, 932624, 533584, 399040, 3999467.3700950104, 80, 30, 50, 315.1697562442441, 31
1, 932692, 533622, 399070, 3999770.232266113, 68, 38, 30, 302.86217110259, 39
1, 932768, 533658, 399110, 4000081.791438487, 76, 36, 40, 311.5591723737189, 37
1, 932797, 533687, 399110, 4000324.6510171974, 29, 29, 0, 242.8595787106084, 29
51, 932885, 533725, 399160, 4000648.632448558, 88, 38, 50, 323.98143136087856, 39
1, 932972, 533772, 399200, 4000972.540029556, 87, 47, 40, 323.9075809977351, 48
1, 933037, 533807, 399230, 4001271.5811809995, 65, 35, 30, 299.04115144336777, 36
1, 933078, 533848, 399230, 4001537.825134443, 41, 41, 0, 266.24395344352433, 41
51, 933167, 533887, 399280, 4001862.873000007, 89, 39, 50, 325.0478655640733, 40
1, 933275, 533925, 399350, 4002205.043979554, 108, 38, 70, 342.1709795470626, 40
1, 933306, 533956, 399350, 4002452.205085731, 31, 31, 0, 247.1611061770567, 31
1, 933346, 533996, 399350, 4002716.691771668, 40, 40, 0, 264.4866859365871, 40
51, 933432, 534032, 399400, 4003038.5179363154, 86, 36, 50, 321.82616464756694, 37
1, 933508, 534068, 399440, 4003350.077108689, 76, 36, 40, 311.5591723737189, 37
1, 933547, 534107, 399440, 4003612.777048633, 39, 39, 0, 262.6999399439383, 39
1, 933618, 534148, 399470, 4003919.355359452, 71, 41, 30, 306.57831081870995, 42
1, 933658, 534188, 399470, 4004183.8420453887, 40, 40, 0, 264.4866859365871, 40
51, 933785, 534225, 399560, 4004541.141727688, 127, 37, 90, 357.2996822992933, 39
1, 933828, 534268, 399560, 4004810.816687891, 43, 43, 0, 269.6749602031015, 43
1, 933934, 534304, 399630, 4005151.0847315006, 106, 36, 70, 340.2680436096278, 38
1, 933984, 534354, 399630, 4005431.999526348, 50, 50, 0, 280.9147948472494, 50
51, 934065, 534385, 399680, 4005748.299526348, 81, 31, 50, 316.3, 32
1, 934108, 534428, 399680, 4006017.974486551, 43, 43, 0, 269.6749602031015, 43
1, 934151, 534471, 399680, 4006287.649446754, 43, 43, 0, 269.6749602031015, 43
1, 934226, 534506, 399720, 4006598.032542392, 75, 35, 40, 310.38309563827124, 36
1, 934297, 534547, 399750, 4006904.610853211, 71, 41, 30, 306.57831081870995, 42
51, 934389, 534589, 399800, 4007232.8149546795, 92, 42, 50, 328.20410146824725, 43
1, 934419, 534619, 399800, 4007477.8496866114, 30, 30, 0, 245.0347319320716, 30
1, 934497, 534657, 399840, 4007791.7324732314, 78, 38, 40, 313.8827866200841, 39
1, 934546, 534706, 399840, 4008071.107604338, 49, 49, 0, 279.3751311064591, 49
1, 934589, 534749, 399840, 4008340.782564541, 43, 43, 0, 269.6749602031015, 43
51, 934711, 534791, 399920, 4008694.7281830944, 122, 42, 80, 353.9456185537469, 44
1, 934755, 534835, 399920, 4008966.0791407847, 44, 44, 0, 271.35095769013947, 44
1, 934843, 534883, 399960, 4009291.0605721455, 88, 48, 40, 324.98143136087856, 49
1, 934901, 534911, 399990, 4009580.7274742527, 58, 28, 30, 289.66690210718946, 29
51, 935029, 534949, 400080, 4009938.886040354, 128, 38, 90, 358.1585661014858, 40
1, 935063, 534983, 400080, 4010192.159680631, 34, 34, 0, 253.2736402766418, 34
1, 935105, 535025, 400080, 4010460.1326701334, 42, 42, 0, 267.97298950218305, 42
1, 935157, 535077, 400080, 4010744.067631562, 52, 52, 0, 283.93496142826496, 52
51, 935250, 535120, 400130, 4011073.309911469, 93, 43, 50, 329.24227990714814, 44
1, 935361, 535161, 400200, 4011418.29662951, 111, 41, 70, 344.9867180408456, 43
1, 935396, 535196, 400200, 4011673.5265574194, 35, 35, 0, 255.22992790977875, 35
1, 935435, 535235, 400200, 4011936.2264973633, 39, 39, 0, 262.6999399439383, 39
51, 935563, 535273, 400290, 4012294.3850634648, 128, 38, 90, 358.1585661014858, 40
1, 935609, 535319, 400290, 4012569.014132179, 46, 46, 0, 274.6290687140218, 46
1, 935655, 535365, 400290, 4012843.643200893, 46, 46, 0, 274.6290687140218, 46
1, 935725, 535405, 400320, 4013148.993961745, 70, 40, 30, 305.3507608519078, 41
51, 935812, 535442, 400370, 4013471.9015427427, 87, 37, 50, 322.9075809977351, 38
1, 935851, 535481, 400370, 4013734.6014826866, 39, 39, 0, 262.6999399439383, 39
1, 935928, 535518, 400410, 4014047.3271464533, 77, 37, 40, 312.72566376652986, 38
1, 935978, 535568, 400410, 4014328.2419413007, 50, 50, 0, 280.9147948472494, 50
51, 936074, 535614, 400460, 4014660.558857315, 96, 46, 50, 332.31691601465747, 47
1, 936182, 535652, 400530, 4015002.729836862, 108, 38, 70, 342.1709795470626, 40
1, 936230, 535700, 400530, 4015280.5446394524, 48, 48, 0, 277.8148025904985, 48
1, 936276, 535746, 400530, 4015555.1737081665, 46, 46, 0, 274.6290687140218, 46
51, 936371, 535791, 400580, 4015886.4722723016, 95, 45, 50, 331.2985641352145, 46
1, 936444, 535834, 400610, 4016195.4735508705, 73, 43, 30, 309.00127856917646, 44
1, 936485, 535875, 400610, 4016461.717504314, 41, 41, 0, 266.24395344352433, 41
1, 936562, 535912, 400650, 4016774.443168081, 77, 37, 40, 312.72566376652986, 38
1, 936600, 535950, 400650, 4017035.3255477007, 38, 38, 0, 260.88237961983884, 38
51, 936690, 535990, 400700, 4017361.432576525, 90, 40, 50, 326.1070288241023, 41
1, 936760, 536030, 400730, 4017666.783337377, 70, 40, 30, 305.3507608519078, 41
1, 936799, 536069, 400730, 4017929.483277321, 39, 39, 0, 262.6999399439383, 39
1, 936881, 536111, 400770, 4018247.9049471645, 82, 42, 40, 318.42166984345636, 43
51, 936969, 536149, 400820, 4018571.8863785253, 88, 38, 50, 323.98143136087856, 39
1, 937039, 536189, 400850, 4018877.2371393773, 70, 40, 30, 305.3507608519078, 41
1, 937116, 536226, 400890, 4019189.962803144, 77, 37, 40, 312.72566376652986, 38
1, 937155, 536265, 400890, 4019452.662743088, 39, 39, 0, 262.6999399439383, 39
51, 937279, 536309, 400970, 4019808.362139636, 124, 44, 80, 355.6993965481514, 46
1, 937362, 536352, 401010, 4020127.8970875656, 83, 43, 40, 319.5349479292333, 44
1, 937407, 536397, 401010, 4020400.8990939767, 45, 45, 0, 273.00200641113514, 45
1, 937494, 536444, 401050, 4020724.8066749745, 87, 47, 40, 323.9075809977351, 48
51, 937621, 536491, 401130, 4021083.1063572736, 127, 47, 80, 358.2996822992933, 49
1, 937661, 536531, 401130, 4021347.5930432105, 40, 40, 0, 264.4866859365871, 40
1, 937740, 536570, 401170, 4021662.6237933408, 79, 39, 40, 315.03075013013313, 40
51, 937834, 536614, 401220, 4021992.8975191885, 94, 44, 50, 330.273725847777, 45
1, 937910, 536660, 401250, 4022305.456691562, 76, 46, 30, 312.5591723737189, 47
1, 937952, 536702, 401250, 4022573.4296810646, 42, 42, 0, 267.97298950218305, 42
51, 938065, 536735, 401330, 4022919.268724934, 113, 33, 80, 345.83904386951343, 35
1, 938143, 536773, 401370, 4023233.151511554, 78, 38, 40, 313.8827866200841, 39
1, 938176, 536806, 401370, 4023484.429684247, 33, 33, 0, 251.27817269284301, 33
1, 938216, 536846, 401370, 4023748.9163701837, 40, 40, 0, 264.4866859365871, 40
51, 938341, 536881, 401460, 4024104.4865226718, 125, 35, 90, 355.57015248821097, 37
1, 938411, 536921, 401490, 4024409.8372835238, 70, 40, 30, 305.3507608519078, 41
1, 938451, 536961, 401490, 4024674.3239694606, 40, 40, 0, 264.4866859365871, 40
1, 938510, 536990, 401520, 4024965.3727697083, 59, 29, 30, 291.0488002476036, 30
51, 938594, 537024, 401570, 4025285.0127801117, 84, 34, 50, 319.64001040350905, 35
1, 938714, 537074, 401640, 4025638.1878720764, 120, 50, 70, 353.1750919646873, 52
1, 938743, 537103, 401640, 4025881.047450787, 29, 29, 0, 242.8595787106084, 29
1, 938774, 537134, 401640, 4026128.208556964, 31, 31, 0, 247.1611061770567, 31
51, 938859, 537169, 401690, 4026448.9455846353, 85, 35, 50, 320.73702767108114, 36
1, 938929, 537209, 401720, 4026754.2963454872, 70, 40, 30, 305.3507608519078, 41
1, 939017, 537257, 401760, 4027079.277776848, 88, 48, 40, 324.98143136087856, 49
1, 939054, 537294, 401760, 4027338.310348304, 37, 37, 0, 259.03257145596604, 37
51, 939142, 537332, 401810, 4027662.291779665, 88, 38, 50, 323.98143136087856, 39
1, 939186, 537376, 401810, 4027933.642737355, 44, 44, 0, 271.35095769013947, 44
1, 939256, 537416, 401840, 4028238.993498207, 70, 40, 30, 305.3507608519078, 41
51, 939378, 537448, 401930, 4028591.9391167606, 122, 32, 90, 352.9456185537469, 34
1, 939450, 537490, 401960, 4028899.734179785, 72, 42, 30, 307.79506302439404, 43
1, 939491, 537531, 401960, 4029165.9781332286, 41, 41, 0, 266.24395344352433, 41
1, 939534, 537574, 401960, 4029435.6530934316, 43, 43, 0, 269.6749602031015, 43
1, 939567, 537607, 401960, 4029686.9312661244, 33, 33, 0, 251.27817269284301, 33
51, 939683, 537643, 402040, 4030035.5130696157, 116, 36, 80, 348.5818034911291, 38
1, 939757, 537677, 402080, 4030344.7102783825, 74, 34, 40, 309.1972087668518, 35
1, 939835, 537725, 402110, 4030659.5930650025, 78, 48, 30, 314.8827866200841, 49
51, 939928, 537768, 402160, 4030988.8353449097, 93, 43, 50, 329.24227990714814, 44
1, 939998, 537808, 402190, 4031294.1861057617, 70, 40, 30, 305.3507608519078, 41
1, 940082, 537852, 402230, 4031614.826116165, 84, 44, 40, 320.64001040350905, 45
51, 940172, 537892, 402280, 4031940.9331449894, 90, 40, 50, 326.1070288241023, 41
1, 940209, 537929, 402280, 4032199.9657164454, 37, 37, 0, 259.03257145596604, 37
1, 940294, 537974, 402320, 4032521.7027441165, 85, 45, 40, 321.73702767108114, 46
1, 940327, 538007, 402320, 4032772.9809168093, 33, 33, 0, 251.27817269284301, 33
1, 940389, 538039, 402350, 4033068.087543139, 62, 32, 30, 295.1066263296683, 33
51, 940521, 538081, 402440, 4033429.6436655656, 132, 42, 90, 361.55612242701943, 44
1, 940596, 538126, 402470, 4033741.026761204, 75, 45, 30, 311.38309563827124, 46
1, 940675, 538165, 402510, 4034056.0575113343, 79, 39, 40, 315.03075013013313, 40
1, 940749, 538209, 402540, 4034366.254720101, 74, 44, 30, 310.1972087668518, 45
51, 940834, 538244, 402590, 4034686.9917477723, 85, 35, 50, 320.73702767108114, 36
1, 940875, 538285, 402590, 4034953.235701216, 41, 41, 0, 266.24395344352433, 41
1, 940940, 538320, 402620, 4035252.2768526594, 65, 35, 30, 299.04115144336777, 36
51, 941072, 538362, 402710, 4035613.8329750863, 132, 42, 90, 361.55612242701943, 44
1, 941117, 538407, 402710, 4035886.8349814974, 45, 45, 0, 273.00200641113514, 45
1, 941188, 538448, 402740, 4036193.4132923163, 71, 41, 30, 306.57831081870995, 42
1, 941230, 538490, 402740, 4036461.3862818186, 42, 42, 0, 267.97298950218305, 42
1, 941338, 538528, 402810, 4036803.5572613655, 108, 38, 70, 342.1709795470626, 40
51, 941420, 538560, 402860, 4037120.978931209, 82, 32, 50, 317.42166984345636, 33
1, 941460, 538600, 402860, 4037385.465617146, 40, 40, 0, 264.4866859365871, 40
1, 941522, 538632, 402890, 4037680.5722434754, 62, 32, 30, 295.1066263296683, 33
51, 941650, 538670, 402980, 4038038.730809577, 128, 38, 90, 358.1585661014858, 40
1, 941687, 538707, 402980, 4038297.7633810327, 37, 37, 0, 259.03257145596604, 37
1, 941723, 538743, 402980, 4038554.912355311, 36, 36, 0, 257.1489742783178, 36
1, 941806, 538786, 403020, 4038874.4473032407, 83, 43, 40, 319.5349479292333, 44
51, 941907, 538837, 403070, 4039211.762691213, 101, 51, 50, 337.31538797227006, 52
1, 941970, 538870, 403100, 4039508.194015939, 63, 33, 30, 296.43132472612575, 34
1, 942049, 538909, 403140, 4039823.224766069, 79, 39, 40, 315.03075013013313, 40
1, 942073, 538933, 403140, 4040054.361150009, 24, 24, 0, 231.13638394006432, 24
51, 942174, 538984, 403190, 4040391.6765379813, 101, 51, 50, 337.31538797227006, 52
1, 942240, 539020, 403220, 4040692.0035262583, 66, 36, 30, 300.32698827717985, 37
1, 942276, 539056, 403220, 4040949.1525005368, 36, 36, 0, 257.1489742783178, 36
51, 942394, 539084, 403310, 4041298.539825706, 118, 28, 90, 349.3873251689181, 30
1, 942461, 539121, 403340, 4041600.140380963, 67, 37, 30, 301.6005552576305, 38
1, 942501, 539161, 403340, 4041864.6270669, 40, 40, 0, 264.4866859365871, 40
51, 942630, 539200, 403430, 4042223.640667391, 129, 39, 90, 359.01360049114555, 41
1, 942662, 539232, 403430, 4042472.8820903916, 32, 32, 0, 249.24142300054422, 32
1, 942725, 539265, 403460, 4042769.3134151176, 63, 33, 30, 296.43132472612575, 34
51, 942810, 539300, 403510, 4043090.0504427887, 85, 35, 50, 320.73702767108114, 36
1, 942889, 539339, 403550, 4043405.081192919, 79, 39, 40, 315.03075013013313, 40
1, 942925, 539375, 403550, 4043662.2301671975, 36, 36, 0, 257.1489742783178, 36
1, 943009, 539419, 403590, 4043982.870177601, 84, 44, 40, 320.64001040350905, 45
1, 943077, 539457, 403620, 4044285.732348704, 68, 38, 30, 302.86217110259, 39
51, 943177, 539507, 403670, 4044622.060114721, 100, 50, 50, 336.327766016838, 51
1, 943216, 539546, 403670, 4044884.7600546647, 39, 39, 0, 262.6999399439383, 39
1, 943258, 539588, 403670, 4045152.733044167, 42, 42, 0, 267.97298950218305, 42
1, 943330, 539630, 403700, 4045460.5281071914, 72, 42, 30, 307.79506302439404, 43
1, 943405, 539665, 403740, 4045770.91120283, 75, 35, 40, 310.38309563827124, 36
51, 943502, 539712, 403790, 4046104.240102101, 97, 47, 50, 333.3288992714996, 48
1, 943577, 539757, 403820, 4046415.6231977395, 75, 45, 30, 311.38309563827124, 46
1, 943651, 539791, 403860, 4046724.8204065063, 74, 34, 40, 309.1972087668518, 35
1, 943688, 539828, 403860, 4046983.8529779622, 37, 37, 0, 259.03257145596604, 37
51, 943857, 539877, 403980, 4047371.5081055085, 169, 49, 120, 387.65512754639894, 52
1, 943897, 539917, 403980, 4047635.9947914453, 40, 40, 0, 264.4866859365871, 40
1, 943966, 539946, 404020, 4047939.1069331556, 69, 29, 40, 303.1121417102006, 30
1, 944008, 539988, 404020, 4048207.079922658, 42, 42, 0, 267.97298950218305, 42
51, 944129, 540029, 404100, 4048560.1424016934, 121, 41, 80, 353.06247903554, 43
1, 944209, 540069, 404140, 4048876.312157938, 80, 40, 40, 316.1697562442441, 41
1, 944246, 540106, 404140, 4049135.3447293937, 37, 37, 0, 259.03257145596604, 37
1, 944286, 540146, 404140, 4049399.8314153305, 40, 40, 0, 264.4866859365871, 40
51, 944447, 540187, 404260, 4049781.5417119316, 161, 41, 120, 381.7102966008917, 44
1, 944487, 540227, 404260, 4050046.0283978684, 40, 40, 0, 264.4866859365871, 40
1, 944529, 540269, 404260, 4050314.0013873708, 42, 42, 0, 267.97298950218305, 42
1, 944563, 540303, 404260, 4050567.2750276476, 34, 34, 0, 253.2736402766418, 34
1, 944601, 540341, 404260, 4050828.1574072675, 38, 38, 0, 260.88237961983884, 38
51, 944762, 540382, 404380, 4051209.8677038685, 161, 41, 120, 381.7102966008917, 44
1, 944797, 540417, 404380, 4051465.097631778, 35, 35, 0, 255.22992790977875, 35
1, 944866, 540456, 404410, 4051769.2097734883, 69, 39, 30, 304.1121417102006, 40
1, 944898, 540488, 404410, 4052018.451196489, 32, 32, 0, 249.24142300054422, 32
51, 945040, 540540, 404500, 4052388.2522290456, 142, 52, 90, 369.8010325565812, 54
1, 945085, 540585, 404500, 4052661.2542354567, 45, 45, 0, 273.00200641113514, 45
1, 945120, 540620, 404500, 4052916.4841633663, 35, 35, 0, 255.22992790977875, 35
51, 945246, 540656, 404590, 4053272.92105925, 126, 36, 90, 356.43689588345075, 38
1, 945315, 540695, 404620, 4053577.03320096, 69, 39, 30, 304.1121417102006, 40
1, 945352, 540732, 404620, 4053836.065772416, 37, 37, 0, 259.03257145596604, 37
1, 945388, 540768, 404620, 4054093.2147466945, 36, 36, 0, 257.1489742783178, 36
51, 945551, 540811, 404740, 4054476.4261701726, 163, 43, 120, 383.21142347822723, 46
1, 945592, 540852, 404740, 4054742.6701236162, 41, 41, 0, 266.24395344352433, 41
1, 945640, 540900, 404740, 4055020.4849262065, 48, 48, 0, 277.8148025904985, 48
1, 945676, 540936, 404740, 4055277.633900485, 36, 36, 0, 257.1489742783178, 36
1, 945711, 540971, 404740, 4055532.8638283946, 35, 35, 0, 255.22992790977875, 35
51, 945878, 541018, 404860, 4055919.0474578314, 167, 47, 120, 386.1836294370035, 50
1, 945914, 541054, 404860, 4056176.19643211, 36, 36, 0, 257.1489742783178, 36
1, 946020, 541090, 404930, 4056516.4644757197, 106, 36, 70, 340.2680436096278, 38
1, 946060, 541130, 404930, 4056780.9511616565, 40, 40, 0, 264.4866859365871, 40
51, 946153, 541173, 404980, 4057110.1934415638, 93, 43, 50, 329.24227990714814, 44
1, 946235, 541215, 405020, 4057428.6151114074, 82, 42, 40, 318.42166984345636, 43
1, 946302, 541252, 405050, 4057730.2156666648, 67, 37, 30, 301.6005552576305, 38
1, 946382, 541292, 405090, 4058046.385422909, 80, 40, 40, 316.1697562442441, 41
51, 946508, 541338, 405170, 4058403.822318793, 126, 46, 80, 357.43689588345075, 48
1, 946580, 541370, 405210, 4058710.617381817, 72, 32, 40, 306.79506302439404, 33
1, 946650, 541410, 405240, 4059015.968142669, 70, 40, 30, 305.3507608519078, 41
1, 946701, 541461, 405240, 4059298.4026544476, 51, 51, 0, 282.43451177837886, 51
51, 946787, 541497, 405290, 4059620.228819095, 86, 36, 50, 321.82616464756694, 37
1, 946820, 541530, 405290, 4059871.506991788, 33, 33, 0, 251.27817269284301, 33
1, 946896, 541566, 405330, 4060183.0661641615, 76, 36, 40, 311.5591723737189, 37
1, 946936, 541606, 405330, 4060447.5528500983, 40, 40, 0, 264.4866859365871, 40
1, 947009, 541649, 405360, 4060756.5541286673, 73, 43, 30, 309.00127856917646, 44
51, 947099, 541689, 405410, 4061082.6611574916, 90, 40, 50, 326.1070288241023, 41
1, 947153, 541743, 405410, 4061369.5417585745, 54, 54, 0, 286.88060108295343, 54
1, 947223, 541773, 405450, 4061673.8925194265, 70, 30, 40, 304.3507608519078, 31
1, 947297, 541817, 405480, 4061984.0897281934, 74, 44, 30, 310.1972087668518, 45
51, 947384, 541854, 405530, 4062306.997309191, 87, 37, 50, 322.9075809977351, 38
1, 947466, 541896, 405570, 4062625.4189790348, 82, 42, 40, 318.42166984345636, 43
1, 947534, 541934, 405600, 4062928.2811501375, 68, 38, 30, 302.86217110259, 39
1, 947574, 541974, 405600, 4063192.7678360743, 40, 40, 0, 264.4866859365871, 40
51, 947687, 542007, 405680, 4063538.606879944, 113, 33, 80, 345.83904386951343, 35
1, 947766, 542046, 405720, 4063853.6376300743, 79, 39, 40, 315.03075013013313, 40
1, 947807, 542087, 405720, 4064119.881583518, 41, 41, 0, 266.24395344352433, 41
1, 947872, 542122, 405750, 4064418.9227349614, 65, 35, 30, 299.04115144336777, 36
1, 947917, 542167, 405750, 4064691.9247413725, 45, 45, 0, 273.00200641113514, 45
51, 948044, 542214, 405830, 4065050.2244236716, 127, 47, 80, 358.2996822992933, 49
1, 948132, 542262, 405870, 4065375.2058550324, 88, 48, 40, 324.98143136087856, 49
1, 948171, 542301, 405870, 4065637.9057949763, 39, 39, 0, 262.6999399439383, 39
51, 948287, 542337, 405950, 4065986.4875984676, 116, 36, 80, 348.5818034911291, 38
1, 948323, 542373, 405950, 4066243.636572746, 36, 36, 0, 257.1489742783178, 36
1, 948362, 542412, 405950, 4066506.33651269, 39, 39, 0, 262.6999399439383, 39
1, 948442, 542452, 405990, 4066822.5062689343, 80, 40, 40, 316.1697562442441, 41
51, 948552, 542482, 406070, 4067165.5594529808, 110, 30, 80, 343.0531840464366, 32
1, 948581, 542511, 406070, 4067408.4190316913, 29, 29, 0, 242.8595787106084, 29
1, 948631, 542561, 406070, 4067689.3338265386, 50, 50, 0, 280.9147948472494, 50
1, 948715, 542605, 406110, 4068009.973836942, 84, 44, 40, 320.64001040350905, 45
51, 948840, 542650, 406190, 4068366.54398943, 125, 45, 80, 356.57015248821097, 47
1, 948882, 542692, 406190, 4068634.5169789325, 42, 42, 0, 267.97298950218305, 42
1, 948967, 542737, 406230, 4068956.2540066037, 85, 45, 40, 321.73702767108114, 46
1, 949039, 542779, 406260, 4069264.049069628, 72, 42, 30, 307.79506302439404, 43
51, 949130, 542820, 406310, 4069591.208131567, 91, 41, 50, 327.1590619387661, 42
1, 949204, 542864, 406340, 4069901.405340334, 74, 44, 30, 310.1972087668518, 45
1, 949241, 542901, 406340, 4070160.43791179, 37, 37, 0, 259.03257145596604, 37
1, 949314, 542934, 406380, 4070468.439190359, 73, 33, 40, 308.00127856917646, 34
51, 949404, 542974, 406430, 4070794.546219183, 90, 40, 50, 326.1070288241023, 41
1, 949471, 543011, 406460, 4071096.1467744405, 67, 37, 30, 301.6005552576305, 38
1, 949509, 543049, 406460, 4071357.0291540604, 38, 38, 0, 260.88237961983884, 38
1, 949552, 543092, 406460, 4071626.7041142634, 43, 43, 0, 269.6749602031015, 43
51, 949684, 543144, 406540, 4071989.2602366903, 132, 52, 80, 362.55612242701943, 54
1, 949755, 543175, 406580, 4072294.838547509, 71, 31, 40, 305.57831081870995, 32
1, 949793, 543213, 406580, 4072555.720927129, 38, 38, 0, 260.88237961983884, 38
51, 949881, 543251, 406630, 4072879.70235849, 88, 38, 50, 323.98143136087856, 39
1, 949950, 543290, 406660, 4073183.8145002, 69, 39, 30, 304.1121417102006, 40
1, 949991, 543331, 406660, 4073450.0584536437, 41, 41, 0, 266.24395344352433, 41
1, 950061, 543371, 406690, 4073755.4092144957, 70, 40, 30, 305.3507608519078, 41
51, 950191, 543411, 406780, 4074115.274052034, 130, 40, 90, 359.86483753851803, 42
1, 950237, 543457, 406780, 4074389.9031207482, 46, 46, 0, 274.6290687140218, 46
1, 950308, 543498, 406810, 4074696.481431567, 71, 41, 30, 306.57831081870995, 42
1, 950347, 543537, 406810, 4074959.181371511, 39, 39, 0, 262.6999399439383, 39
51, 950437, 543577, 406860, 4075285.2884003352, 90, 40, 50, 326.1070288241023, 41
1, 950516, 543616, 406900, 4075600.3191504655, 79, 39, 40, 315.03075013013313, 40
1, 950557, 543657, 406900, 4075866.563103909, 41, 41, 0, 266.24395344352433, 41
51, 950670, 543690, 406980, 4076212.402147779, 113, 33, 80, 345.83904386951343, 35
1, 950709, 543729, 406980, 4076475.1020877226, 39, 39, 0, 262.6999399439383, 39
1, 950794, 543774, 407020, 4076796.839115394, 85, 45, 40, 321.73702767108114, 46
51, 950887, 543817, 407070, 4077126.081395301, 93, 43, 50, 329.24227990714814, 44
1, 950931, 543861, 407070, 4077397.4323529913, 44, 44, 0, 271.35095769013947, 44
1, 950977, 543907, 407070, 4077672.0614217054, 46, 46, 0, 274.6290687140218, 46
1, 951083, 543943, 407140, 4078012.329465315, 106, 36, 70, 340.2680436096278, 38
51, 951174, 543984, 407190, 4078339.488527254, 91, 41, 50, 327.1590619387661, 42
1, 951216, 544026, 407190, 4078607.4615167566, 42, 42, 0, 267.97298950218305, 42
1, 951254, 544064, 407190, 4078868.3438963764, 38, 38, 0, 260.88237961983884, 38
1, 951362, 544102, 407260, 4079210.5148759233, 108, 38, 70, 342.1709795470626, 40
51, 951454, 544144, 407310, 4079538.7189773917, 92, 42, 50, 328.20410146824725, 43
1, 951489, 544179, 407310, 4079793.9489053013, 35, 35, 0, 255.22992790977875, 35
1, 951528, 544218, 407310, 4080056.648845245, 39, 39, 0, 262.6999399439383, 39
1, 951559, 544249, 407310, 4080303.8099514223, 31, 31, 0, 247.1611061770567, 31
51, 951678, 544278, 407400, 4080654.0933466246, 119, 29, 90, 350.28339520229764, 31
1, 951751, 544321, 407430, 4080963.0946251936, 73, 43, 30, 309.00127856917646, 44
1, 951826, 544356, 407470, 4081273.477720832, 75, 35, 40, 310.38309563827124, 36
1, 951862, 544392, 407470, 4081530.6266951105, 36, 36, 0, 257.1489742783178, 36
1, 951897, 544427, 407470, 4081785.85662302, 35, 35, 0, 255.22992790977875, 35
51, 951983, 544463, 407520, 4082107.6827876675, 86, 36, 50, 321.82616464756694, 37
1, 952058, 544498, 407560, 4082418.065883306, 75, 35, 40, 310.38309563827124, 36
1, 952137, 544547, 407590, 4082734.096633436, 79, 49, 30, 316.03075013013313, 50
1, 952177, 544587, 407590, 4082998.583319373, 40, 40, 0, 264.4866859365871, 40
51, 952260, 544620, 407640, 4083317.1182673024, 83, 33, 50, 318.5349479292333, 34
1, 952340, 544660, 407680, 4083633.288023547, 80, 40, 40, 316.1697562442441, 41
1, 952372, 544692, 407680, 4083882.5294465474, 32, 32, 0, 249.24142300054422, 32
1, 952415, 544735, 407680, 4084152.2044067504, 43, 43, 0, 269.6749602031015, 43
51, 952581, 544781, 407800, 4084537.648674384, 166, 46, 120, 385.4442676339201, 49
1, 952625, 544825, 407800, 4084808.9996320745, 44, 44, 0, 271.35095769013947, 44
1, 952703, 544863, 407840, 4085122.8824186944, 78, 38, 40, 313.8827866200841, 39
1, 952750, 544910, 407840, 4085399.115468564, 47, 47, 0, 276.2330498695885, 47
51, 952837, 544947, 407890, 4085722.023049562, 87, 37, 50, 322.9075809977351, 38
1, 952898, 544978, 407920, 4086015.791288829, 61, 31, 30, 293.7682392671241, 32
1, 952940, 545020, 407920, 4086283.7642783313, 42, 42, 0, 267.97298950218305, 42
1, 953032, 545072, 407960, 4086612.9683797997, 92, 52, 40, 329.20410146824725, 53
51, 953124, 545114, 408010, 4086941.172481268, 92, 42, 50, 328.20410146824725, 43
1, 953168, 545158, 408010, 4087212.5234389585, 44, 44, 0, 271.35095769013947, 44
1, 953206, 545196, 408010, 4087473.4058185783, 38, 38, 0, 260.88237961983884, 38
1, 953278, 545238, 408040, 4087781.2008816027, 72, 42, 30, 307.79506302439404, 43
1, 953357, 545277, 408080, 4088096.231631733, 79, 39, 40, 315.03075013013313, 40
51, 953471, 545311, 408160, 4088442.9896194246, 114, 34, 80, 346.75798769167545, 36
1, 953515, 545355, 408160, 4088714.340577115, 44, 44, 0, 271.35095769013947, 44
1, 953580, 545380, 408200, 4089012.3817285583, 65, 25, 40, 298.04115144336777, 26
1, 953612, 545412, 408200, 4089261.623151559, 32, 32, 0, 249.24142300054422, 32
51, 953706, 545456, 408250, 4089591.8968774066, 94, 44, 50, 330.273725847777, 45
1, 953789, 545499, 408290, 4089911.431825336, 83, 43, 40, 319.5349479292333, 44
1, 953854, 545534, 408320, 4090210.4729767796, 65, 35, 30, 299.04115144336777, 36
1, 953893, 545573, 408320, 4090473.1729167234, 39, 39, 0, 262.6999399439383, 39
1, 953932, 545612, 408320, 4090735.8728566673, 39, 39, 0, 262.6999399439383, 39
51, 954025, 545655, 408370, 4091065.1151365745, 93, 43, 50, 329.24227990714814, 44
1, 954135, 545695, 408440, 4091409.168320621, 110, 40, 70, 344.0531840464366, 42
1, 954175, 545735, 408440, 4091673.6550065577, 40, 40, 0, 264.4866859365871, 40
51, 954302, 545772, 408530, 4092030.954688857, 127, 37, 90, 357.2996822992933, 39
1, 954343, 545813, 408530, 4092297.1986423004, 41, 41, 0, 266.24395344352433, 41
1, 954415, 545855, 408560, 4092604.993705325, 72, 42, 30, 307.79506302439404, 43
1, 954495, 545895, 408600, 4092921.163461569, 80, 40, 40, 316.1697562442441, 41
1, 954570, 545940, 408630, 4093232.5465572076, 75, 45, 30, 311.38309563827124, 46
51, 954666, 545986, 408680, 4093564.863473222, 96, 46, 50, 332.31691601465747, 47
1, 954704, 546024, 408680, 4093825.745852842, 38, 38, 0, 260.88237961983884, 38
1, 954753, 546073, 408680, 4094105.1209839485, 49, 49, 0, 279.3751311064591, 49
51, 954917, 546117, 408800, 4094489.079174785, 164, 44, 120, 383.9581908363381, 47
1, 954961, 546161, 408800, 4094760.430132475, 44, 44, 0, 271.35095769013947, 44
1, 955000, 546200, 408800, 4095023.130072419, 39, 39, 0, 262.6999399439383, 39
51, 955100, 546250, 408850, 4095359.457838436, 100, 50, 50, 336.327766016838, 51
1, 955136, 546286, 408850, 4095616.6068127146, 36, 36, 0, 257.1489742783178, 36
1, 955222, 546332, 408890, 4095939.432977362, 86, 46, 40, 322.82616464756694, 47
1, 955288, 546368, 408920, 4096239.759965639, 66, 36, 30, 300.32698827717985, 37
51, 955382, 546412, 408970, 4096570.033691487, 94, 44, 50, 330.273725847777, 45
1, 955420, 546450, 408970, 4096830.9160711067, 38, 38, 0, 260.88237961983884, 38
1, 955489, 546489, 409000, 4097135.028212817, 69, 39, 30, 304.1121417102006, 40
1, 955573, 546533, 409040, 4097455.6682232204, 84, 44, 40, 320.64001040350905, 45
51, 955692, 546572, 409120, 4097806.9516184228, 119, 39, 80, 351.28339520229764, 41
1, 955727, 546607, 409120, 4098062.1815463323, 35, 35, 0, 255.22992790977875, 35
1, 955762, 546642, 409120, 4098317.411474242, 35, 35, 0, 255.22992790977875, 35
1, 955831, 546681, 409150, 4098621.523615952, 69, 39, 30, 304.1121417102006, 40
51, 955956, 546716, 409240, 4098977.09376844, 125, 35, 90, 355.57015248821097, 37
1, 955989, 546749, 409240, 4099228.371941133, 33, 33, 0, 251.27817269284301, 33
1, 956027, 546787, 409240, 4099489.254320753, 38, 38, 0, 260.88237961983884, 38
51, 956118, 546828, 409290, 4099816.413382692, 91, 41, 50, 327.1590619387661, 42
1, 956191, 546871, 409320, 4100125.414661261, 73, 43, 30, 309.00127856917646, 44
1, 956268, 546908, 409360, 4100438.1403250275, 77, 37, 40, 312.72566376652986, 38
51, 956354, 546944, 409410, 4100759.966489675, 86, 36, 50, 321.82616464756694, 37
1, 956400, 546990, 409410, 4101034.595558389, 46, 46, 0, 274.6290687140218, 46
1, 956511, 547031, 409480, 4101379.58227643, 111, 41, 70, 344.9867180408456, 43
1, 956542, 547062, 409480, 4101626.743382607, 31, 31, 0, 247.1611061770567, 31
51, 956656, 547096, 409560, 4101973.5013702987, 114, 34, 80, 346.75798769167545, 36
1, 956701, 547141, 409560, 4102246.5033767098, 45, 45, 0, 273.00200641113514, 45
1, 956736, 547176, 409560, 4102501.7333046193, 35, 35, 0, 255.22992790977875, 35
51, 956868, 547218, 409650, 4102863.289427046, 132, 42, 90, 361.55612242701943, 44
1, 956895, 547245, 409650, 4103101.6401327415, 27, 27, 0, 238.35070569547776, 27
1, 956928, 547278, 409650, 4103352.9183054343, 33, 33, 0, 251.27817269284301, 33
1, 957046, 547326, 409720, 4103704.3056306033, 118, 48, 70, 351.3873251689181, 50
51, 957136, 547366, 409770, 4104030.4126594276, 90, 40, 50, 326.1070288241023, 41
1, 957209, 547409, 409800, 4104339.4139379966, 73, 43, 30, 309.00127856917646, 44
1, 957303, 547463, 409840, 4104670.6876638443, 94, 54, 40, 331.273725847777, 55
1, 957338, 547498, 409840, 4104925.917591754, 35, 35, 0, 255.22992790977875, 35
51, 957460, 547540, 409920, 4105279.8632103074, 122, 42, 80, 353.9456185537469, 44
1, 957543, 547583, 409960, 4105599.398158237, 83, 43, 40, 319.5349479292333, 44
1, 957584, 547624, 409960, 4105865.6421116805, 41, 41, 0, 266.24395344352433, 41
51, 957708, 547668, 410040, 4106221.341508229, 124, 44, 80, 355.6993965481514, 46
1, 957788, 547708, 410080, 4106537.511264473, 80, 40, 40, 316.1697562442441, 41
1, 957834, 547754, 410080, 4106812.1403331873, 46, 46, 0, 274.6290687140218, 46
1, 957875, 547795, 410080, 4107078.384286631, 41, 41, 0, 266.24395344352433, 41
51, 957964, 547834, 410130, 4107403.432152195, 89, 39, 50, 325.0478655640733, 40
1, 957997, 547867, 410130, 4107654.7103248877, 33, 33, 0, 251.27817269284301, 33
1, 958069, 547909, 410160, 4107962.505387912, 72, 42, 30, 307.79506302439404, 43
51, 958193, 547943, 410250, 4108317.2047844604, 124, 34, 90, 354.6993965481514, 36
1, 958238, 547988, 410250, 4108590.2067908715, 45, 45, 0, 273.00200641113514, 45
1, 958295, 548015, 410280, 4108878.476411377, 57, 27, 30, 288.2696205054472, 28
51, 958413, 548043, 410370, 4109227.863736546, 118, 28, 90, 349.3873251689181, 30
1, 958451, 548081, 410370, 4109488.746116166, 38, 38, 0, 260.88237961983884, 38
1, 958495, 548125, 410370, 4109760.0970738563, 44, 44, 0, 271.35095769013947, 44
51, 958632, 548172, 410460, 4110125.818396061, 137, 47, 90, 365.72132220485213, 49
1, 958708, 548218, 410490, 4110438.377568435, 76, 46, 30, 312.5591723737189, 47
1, 958741, 548251, 410490, 4110689.6557411277, 33, 33, 0, 251.27817269284301, 33
1, 958773, 548283, 410490, 4110938.8971641283, 32, 32, 0, 249.24142300054422, 32
1, 958832, 548312, 410520, 4111229.945964376, 59, 29, 30, 291.0488002476036, 30
51, 958963, 548353, 410610, 4111590.6582925916, 131, 41, 90, 360.7123282155055, 43
1, 959036, 548396, 410640, 4111899.6595711606, 73, 43, 30, 309.00127856917646, 44
1, 959073, 548433, 410640, 4112158.6921426165, 37, 37, 0, 259.03257145596604, 37
1, 959121, 548481, 410640, 4112436.506945207, 48, 48, 0, 277.8148025904985, 48
51, 959240, 548520, 410720, 4112787.790340409, 119, 39, 80, 351.28339520229764, 41
1, 959282, 548562, 410720, 4113055.7633299115, 42, 42, 0, 267.97298950218305, 42
1, 959365, 548605, 410760, 4113375.298277841, 83, 43, 40, 319.5349479292333, 44
1, 959411, 548651, 410760, 4113649.927346555, 46, 46, 0, 274.6290687140218, 46
1, 959444, 548684, 410760, 4113901.205519248, 33, 33, 0, 251.27817269284301, 33
51, 959546, 548736, 410810, 4114239.502702029, 102, 52, 50, 338.29718278112654, 53
1, 959617, 548777, 410840, 4114546.081012848, 71, 41, 30, 306.57831081870995, 42
1, 959662, 548822, 410840, 4114819.083019259, 45, 45, 0, 273.00200641113514, 45
51, 959797, 548867, 410930, 4115183.1488291994, 135, 45, 90, 364.06580994024984, 47
1, 959828, 548898, 410930, 4115430.3099353765, 31, 31, 0, 247.1611061770567, 31
1, 959867, 548937, 410930, 4115693.0098753204, 39, 39, 0, 262.6999399439383, 39
1, 959940, 548980, 410960, 4116002.0111538894, 73, 43, 30, 309.00127856917646, 44
51, 960037, 549027, 411010, 4116335.3400531607, 97, 47, 50, 333.3288992714996, 48
1, 960124, 549074, 411050, 4116659.2476341585, 87, 47, 40, 323.9075809977351, 48
1, 960187, 549107, 411080, 4116955.6789588844, 63, 33, 30, 296.43132472612575, 34
1, 960221, 549141, 411080, 4117208.9525991613, 34, 34, 0, 253.2736402766418, 34
51, 960353, 549183, 411170, 4117570.508721588, 132, 42, 90, 361.55612242701943, 44
1, 960392, 549222, 411170, 4117833.208661532, 39, 39, 0, 262.6999399439383, 39
1, 960426, 549256, 411170, 4118086.482301809, 34, 34, 0, 253.2736402766418, 34
1, 960540, 549300, 411240, 4118434.2402895004, 114, 44, 70, 347.75798769167545, 46
51, 960625, 549335, 411290, 4118754.9773171716, 85, 35, 50, 320.73702767108114, 36
1, 960672, 549382, 411290, 4119031.210367041, 47, 47, 0, 276.2330498695885, 47
1, 960708, 549418, 411290, 4119288.3593413197, 36, 36, 0, 257.1489742783178, 36
1, 960745, 549455, 411290, 4119547.3919127756, 37, 37, 0, 259.03257145596604, 37
51, 960857, 549487, 411370, 4119892.307225115, 112, 32, 80, 344.91531233955715, 34
1, 960936, 549526, 411410, 4120207.3379752454, 79, 39, 40, 315.03075013013313, 40
1, 960963, 549553, 411410, 4120445.688680941, 27, 27, 0, 238.35070569547776, 27
51, 961092, 549602, 411490, 4120805.7022814318, 129, 49, 80, 360.01360049114555, 51
1, 961170, 549640, 411530, 4121119.5850680517, 78, 38, 40, 313.8827866200841, 39
1, 961248, 549688, 411560, 4121434.4678546716, 78, 48, 30, 314.8827866200841, 49
1, 961285, 549725, 411560, 4121693.5004261276, 37, 37, 0, 259.03257145596604, 37
51, 961370, 549760, 411610, 4122014.2374537988, 85, 35, 50, 320.73702767108114, 36
1, 961412, 549802, 411610, 4122282.210443301, 42, 42, 0, 267.97298950218305, 42
1, 961521, 549841, 411680, 4122625.3250748008, 109, 39, 70, 343.114631499574, 41
1, 961557, 549877, 411680, 4122882.474049079, 36, 36, 0, 257.1489742783178, 36
51, 961677, 549907, 411770, 4123233.649141044, 120, 30, 90, 351.1750919646873, 32
1, 961747, 549947, 411800, 4123538.999901896, 70, 40, 30, 305.3507608519078, 41
1, 961791, 549991, 411800, 4123810.350859586, 44, 44, 0, 271.35095769013947, 44
1, 961818, 550018, 411800, 4124048.7015652815, 27, 27, 0, 238.35070569547776, 27
51, 961980, 550060, 411920, 4124431.1636997825, 162, 42, 120, 382.4621345008163, 45
1, 962020, 550100, 411920, 4124695.6503857193, 40, 40, 0, 264.4866859365871, 40
1, 962053, 550133, 411920, 4124946.928558412, 33, 33, 0, 251.27817269284301, 33
1, 962117, 550167, 411950, 4125244.6712708864, 64, 34, 30, 297.742712474619, 35
51, 962247, 550207, 412040, 4125604.536108425, 130, 40, 90, 359.86483753851803, 42
1, 962288, 550248, 412040, 4125870.7800618685, 41, 41, 0, 266.24395344352433, 41
1, 962330, 550290, 412040, 4126138.753051371, 42, 42, 0, 267.97298950218305, 42
1, 962416, 550336, 412080, 4126461.5792160183, 86, 46, 40, 322.82616464756694, 47
1, 962452, 550372, 412080, 4126718.728190297, 36, 36, 0, 257.1489742783178, 36
51, 962556, 550396, 412160, 4127056.0718770544, 104, 24, 80, 337.343686757474, 26
1, 962597, 550437, 412160, 4127322.315830498, 41, 41, 0, 266.24395344352433, 41
1, 962643, 550483, 412160, 4127596.944899212, 46, 46, 0, 274.6290687140218, 46
1, 962728, 550528, 412200, 4127918.6819268833, 85, 45, 40, 321.73702767108114, 46
1, 962765, 550565, 412200, 4128177.714498339, 37, 37, 0, 259.03257145596604, 37
51, 962885, 550605, 412280, 4128529.889590304, 120, 40, 80, 352.1750919646873, 42
1, 962965, 550645, 412320, 4128846.0593465483, 80, 40, 40, 316.1697562442441, 41
1, 962992, 550672, 412320, 4129084.4100522436, 27, 27, 0, 238.35070569547776, 27
1, 963070, 550710, 412360, 4129398.2928388636, 78, 38, 40, 313.8827866200841, 39
51, 963161, 550751, 412410, 4129725.4519008026, 91, 41, 50, 327.1590619387661, 42
1, 963195, 550785, 412410, 4129978.7255410794, 34, 34, 0, 253.2736402766418, 34
1, 963261, 550821, 412440, 4130279.0525293564, 66, 36, 30, 300.32698827717985, 37
1, 963345, 550865, 412480, 4130599.69253976, 84, 44, 40, 320.64001040350905, 45
1, 963382, 550902, 412480, 4130858.725111216, 37, 37, 0, 259.03257145596604, 37
51, 963473, 550943, 412530, 4131185.884173155, 91, 41, 50, 327.1590619387661, 42
1, 963514, 550984, 412530, 4131452.1281265984, 41, 41, 0, 266.24395344352433, 41
1, 963587, 551017, 412570, 4131760.1294051674, 73, 33, 40, 308.00127856917646, 34
1, 963650, 551050, 412600, 4132056.5607298934, 63, 33, 30, 296.43132472612575, 34
51, 963774, 551084, 412690, 4132411.2601264417, 124, 34, 90, 354.6993965481514, 36
1, 963814, 551124, 412690, 4132675.7468123785, 40, 40, 0, 264.4866859365871, 40
1, 963856, 551166, 412690, 4132943.719801881, 42, 42, 0, 267.97298950218305, 42
1, 963893, 551203, 412690, 4133202.752373337, 37, 37, 0, 259.03257145596604, 37
51, 964010, 551230, 412780, 4133551.2391901356, 117, 27, 90, 348.4868167986058, 29
1, 964075, 551265, 412810, 4133850.280341579, 65, 35, 30, 299.04115144336777, 36
1, 964112, 551302, 412810, 4134109.312913035, 37, 37, 0, 259.03257145596604, 37
1, 964159, 551349, 412810, 4134385.5459629046, 47, 47, 0, 276.2330498695885, 47
51, 964293, 551393, 412900, 4134748.778778823, 134, 44, 90, 363.23281591860336, 46
1, 964337, 551437, 412900, 4135020.1297365134, 44, 44, 0, 271.35095769013947, 44
1, 964367, 551467, 412900, 4135265.1644684453, 30, 30, 0, 245.0347319320716, 30
51, 964482, 551502, 412980, 4135612.8366855076, 115, 35, 80, 347.6722170622053, 37
1, 964521, 551541, 412980, 4135875.5366254514, 39, 39, 0, 262.6999399439383, 39
1, 964601, 551581, 413020, 4136191.706381696, 80, 40, 40, 316.1697562442441, 41
1, 964637, 551617, 413020, 4136448.8553559743, 36, 36, 0, 257.1489742783178, 36
1, 964722, 551662, 413060, 4136770.5923836455, 85, 45, 40, 321.73702767108114, 46
51, 964810, 551700, 413110, 4137094.5738150063, 88, 38, 50, 323.98143136087856, 39
1, 964877, 551737, 413140, 4137396.1743702637, 67, 37, 30, 301.6005552576305, 38
1, 964928, 551788, 413140, 4137678.608882042, 51, 51, 0, 282.43451177837886, 51
51, 965020, 551830, 413190, 4138006.8129835106, 92, 42, 50, 328.20410146824725, 43
1, 965058, 551868, 413190, 4138267.6953631304, 38, 38, 0, 260.88237961983884, 38
1, 965132, 551902, 413230, 4138576.8925718972, 74, 34, 40, 309.1972087668518, 35
1, 965213, 551953, 413260, 4138895.192571897, 81, 51, 30, 318.3, 52
51, 965311, 552001, 413310, 4139229.5272002616, 98, 48, 50, 334.33462836457886, 49
1, 965391, 552041, 413350, 4139545.696956506, 80, 40, 40, 316.1697562442441, 41
1, 965433, 552083, 413350, 4139813.6699460084, 42, 42, 0, 267.97298950218305, 42
1, 965503, 552123, 413380, 4140119.0207068603, 70, 40, 30, 305.3507608519078, 41
51, 965599, 552169, 413430, 4140451.337622875, 96, 46, 50, 332.31691601465747, 47
1, 965632, 552202, 413430, 4140702.6157955676, 33, 33, 0, 251.27817269284301, 33
1, 965746, 552246, 413500, 4141050.373783259, 114, 44, 70, 347.75798769167545, 46
1, 965787, 552287, 413500, 4141316.617736703, 41, 41, 0, 266.24395344352433, 41
51, 965918, 552328, 413590, 4141677.3300649184, 131, 41, 90, 360.7123282155055, 43
1, 965954, 552364, 413590, 4141934.479039197, 36, 36, 0, 257.1489742783178, 36
1, 965990, 552400, 413590, 4142191.6280134753, 36, 36, 0, 257.1489742783178, 36
1, 966065, 552435, 413630, 4142502.0111091137, 75, 35, 40, 310.38309563827124, 36
1, 966130, 552470, 413660, 4142801.052260557, 65, 35, 30, 299.04115144336777, 36
51, 966215, 552505, 413710, 4143121.7892882284, 85, 35, 50, 320.73702767108114, 36
1, 966249, 552539, 413710, 4143375.0629285052, 34, 34, 0, 253.2736402766418, 34
1, 966333, 552583, 413750, 4143695.7029389087, 84, 44, 40, 320.64001040350905, 45
1, 966372, 552622, 413750, 4143958.4028788526, 39, 39, 0, 262.6999399439383, 39
51, 966498, 552668, 413830, 4144315.839774736, 126, 46, 80, 357.43689588345075, 48
1, 966537, 552707, 413830, 4144578.53971468, 39, 39, 0, 262.6999399439383, 39
1, 966577, 552747, 413830, 4144843.026400617, 40, 40, 0, 264.4866859365871, 40
1, 966682, 552782, 413900, 4145182.3349879114, 105, 35, 70, 339.30858729436795, 37
51, 966772, 552822, 413950, 4145508.4420167357, 90, 40, 50, 326.1070288241023, 41
1, 966839, 552859, 413980, 4145810.042571993, 67, 37, 30, 301.6005552576305, 38
1, 966875, 552895, 413980, 4146067.1915462716, 36, 36, 0, 257.1489742783178, 36
1, 966960, 552940, 414020, 4146388.9285739427, 85, 45, 40, 321.73702767108114, 46
51, 967053, 552983, 414070, 4146718.17085385, 93, 43, 50, 329.24227990714814, 44
1, 967091, 553021, 414070, 4146979.05323347, 38, 38, 0, 260.88237961983884, 38
1, 967128, 553058, 414070, 4147238.0858049258, 37, 37, 0, 259.03257145596604, 37
1, 967194, 553094, 414100, 4147538.412793203, 66, 36, 30, 300.32698827717985, 37
51, 967327, 553137, 414190, 4147900.809062244, 133, 43, 90, 362.3962690412072, 45
1, 967363, 553173, 414190, 4148157.9580365224, 36, 36, 0, 257.1489742783178, 36
1, 967467, 553207, 414260, 4148496.30172328, 104, 34, 70, 338.343686757474, 36
51, 967568, 553258, 414310, 4148833.617111252, 101, 51, 50, 337.31538797227006, 52
1, 967617, 553307, 414310, 4149112.9922423586, 49, 49, 0, 279.3751311064591, 49
1, 967727, 553347, 414380, 4149457.045426405, 110, 40, 70, 344.0531840464366, 42
1, 967761, 553381, 414380, 4149710.319066682, 34, 34, 0, 253.2736402766418, 34
1, 967850, 553430, 414420, 4150036.366932246, 89, 49, 40, 326.0478655640733, 50
51, 967942, 553472, 414470, 4150364.5710337143, 92, 42, 50, 328.20410146824725, 43
1, 968046, 553506, 414540, 4150702.914720472, 104, 34, 70, 338.343686757474, 36
1, 968090, 553550, 414540, 4150974.265678162, 44, 44, 0, 271.35095769013947, 44
51, 968217, 553597, 414620, 4151332.5653604614, 127, 47, 80, 358.2996822992933, 49
1, 968260, 553640, 414620, 4151602.2403206644, 43, 43, 0, 269.6749602031015, 43
1, 968338, 553688, 414650, 4151917.1231072843, 78, 48, 30, 314.8827866200841, 49
51, 968427, 553727, 414700, 4152242.1709728483, 89, 39, 50, 325.0478655640733, 40
1, 968500, 553760, 414740, 4152550.1722514173, 73, 33, 40, 308.00127856917646, 34
1, 968563, 553793, 414770, 4152846.6035761433, 63, 33, 30, 296.43132472612575, 34
51, 968649, 553829, 414820, 4153168.4297407907, 86, 36, 50, 321.82616464756694, 37
1, 968694, 553874, 414820, 4153441.431747202, 45, 45, 0, 273.00200641113514, 45
1, 968769, 553909, 414860, 4153751.81484284, 75, 35, 40, 310.38309563827124, 36
1, 968814, 553954, 414860, 4154024.8168492513, 45, 45, 0, 273.00200641113514, 45
1, 968881, 553991, 414890, 4154326.4174045087, 67, 37, 30, 301.6005552576305, 38
51, 968973, 554033, 414940, 4154654.621505977, 92, 42, 50, 328.20410146824725, 43
1, 969014, 554074, 414940, 4154920.8654594207, 41, 41, 0, 266.24395344352433, 41
1, 969052, 554112, 414940, 4155181.7478390406, 38, 38, 0, 260.88237961983884, 38
51, 969175, 554145, 415030, 4155535.5724103022, 123, 33, 90, 353.8245712617827, 35
1, 969241, 554181, 415060, 4155835.8993985793, 66, 36, 30, 300.32698827717985, 37
1, 969280, 554220, 415060, 4156098.599338523, 39, 39, 0, 262.6999399439383, 39
51, 969392, 554252, 415140, 4156443.5146508627, 112, 32, 80, 344.91531233955715, 34
1, 969467, 554287, 415180, 4156753.897746501, 75, 35, 40, 310.38309563827124, 36
1, 969507, 554327, 415180, 4157018.384432438, 40, 40, 0, 264.4866859365871, 40
1, 969615, 554365, 415250, 4157360.5554119847, 108, 38, 70, 342.1709795470626, 40
1, 969649, 554399, 415250, 4157613.8290522615, 34, 34, 0, 253.2736402766418, 34
51, 969768, 554438, 415330, 4157965.112447464, 119, 39, 80, 351.28339520229764, 41
1, 969803, 554473, 415330, 4158220.3423753735, 35, 35, 0, 255.22992790977875, 35
1, 969887, 554517, 415370, 4158540.982385777, 84, 44, 40, 320.64001040350905, 45
1, 969963, 554563, 415400, 4158853.5415581507, 76, 46, 30, 312.5591723737189, 47
1, 970003, 554603, 415400, 4159118.0282440875, 40, 40, 0, 264.4866859365871, 40
51, 970135, 554645, 415490, 4159479.5843665143, 132, 42, 90, 361.55612242701943, 44
1, 970201, 554681, 415520, 4159779.9113547914, 66, 36, 30, 300.32698827717985, 37
1, 970245, 554725, 415520, 4160051.2623124816, 44, 44, 0, 271.35095769013947, 44
1, 970277, 554757, 415520, 4160300.503735482, 32, 32, 0, 249.24142300054422, 32
1, 970328, 554808, 415520, 4160582.9382472606, 51, 51, 0, 282.43451177837886, 51
51, 970442, 554842, 415600, 4160929.696234952, 114, 34, 80, 346.75798769167545, 36
1, 970528, 554888, 415640, 4161252.5223995997, 86, 46, 40, 322.82616464756694, 47
1, 970558, 554918, 415640, 4161497.5571315316, 30, 30, 0, 245.0347319320716, 30
51, 970688, 554958, 415730, 4161857.42196907, 130, 40, 90, 359.86483753851803, 42
1, 970731, 555001, 415730, 4162127.096929273, 43, 43, 0, 269.6749602031015, 43
1, 970846, 555046, 415800, 4162475.7691463353, 115, 45, 70, 348.6722170622053, 47
1, 970885, 555085, 415800, 4162738.469086279, 39, 39, 0, 262.6999399439383, 39
51, 971002, 555122, 415880, 4163087.955903078, 117, 37, 80, 349.4868167986058, 39
1, 971042, 555162, 415880, 4163352.442589015, 40, 40, 0, 264.4866859365871, 40
1, 971075, 555195, 415880, 4163603.7207617075, 33, 33, 0, 251.27817269284301, 33
1, 971127, 555247, 415880, 4163887.655723136, 52, 52, 0, 283.93496142826496, 52
51, 971253, 555283, 415970, 4164244.0926190196, 126, 36, 90, 356.43689588345075, 38
1, 971323, 555323, 416000, 4164549.4433798715, 70, 40, 30, 305.3507608519078, 41
1, 971360, 555360, 416000, 4164808.4759513275, 37, 37, 0, 259.03257145596604, 37
1, 971437, 555397, 416040, 4165121.201615094, 77, 37, 40, 312.72566376652986, 38
51, 971522, 555432, 416090, 4165441.9386427654, 85, 35, 50, 320.73702767108114, 36
1, 971606, 555476, 416130, 4165762.578653169, 84, 44, 40, 320.64001040350905, 45
1, 971643, 555513, 416130, 4166021.611224625, 37, 37, 0, 259.03257145596604, 37
1, 971722, 555562, 416160, 4166337.641974755, 79, 49, 30, 316.03075013013313, 50
51, 971813, 555603, 416210, 4166664.801036694, 91, 41, 50, 327.1590619387661, 42
1, 971921, 555641, 416280, 4167006.972016241, 108, 38, 70, 342.1709795470626, 40
1, 971958, 555678, 416280, 4167266.004587697, 37, 37, 0, 259.03257145596604, 37
51, 972084, 555714, 416370, 4167622.4414835805, 126, 36, 90, 356.43689588345075, 38
1, 972122, 555752, 416370, 4167883.3238632004, 38, 38, 0, 260.88237961983884, 38
1, 972159, 555789, 416370, 4168142.3564346563, 37, 37, 0, 259.03257145596604, 37
1, 972203, 555833, 416370, 4168413.7073923466, 44, 44, 0, 271.35095769013947, 44
51, 972360, 555870, 416490, 4168792.3842854644, 157, 37, 120, 378.67689311792185, 40
1, 972399, 555909, 416490, 4169055.0842254083, 39, 39, 0, 262.6999399439383, 39
1, 972436, 555946, 416490, 4169314.116796864, 37, 37, 0, 259.03257145596604, 37
51, 972562, 555982, 416580, 4169670.553692748, 126, 36, 90, 356.43689588345075, 38
1, 972597, 556017, 416580, 4169925.7836206574, 35, 35, 0, 255.22992790977875, 35
1, 972637, 556057, 416580, 4170190.270306594, 40, 40, 0, 264.4866859365871, 40
1, 972746, 556096, 416650, 4170533.384938094, 109, 39, 70, 343.114631499574, 41
51, 972840, 556140, 416700, 4170863.6586639415, 94, 44, 50, 330.273725847777, 45
1, 972920, 556180, 416740, 4171179.828420186, 80, 40, 40, 316.1697562442441, 41
1, 972966, 556226, 416740, 4171454.4574889, 46, 46, 0, 274.6290687140218, 46
1, 973005, 556265, 416740, 4171717.157428844, 39, 39, 0, 262.6999399439383, 39
1, 973045, 556305, 416740, 4171981.6441147807, 40, 40, 0, 264.4866859365871, 40
51, 973200, 556340, 416860, 4172358.788267318, 155, 35, 120, 377.14415253747273, 38
1, 973241, 556381, 416860, 4172625.0322207618, 41, 41, 0, 266.24395344352433, 41
1, 973285, 556425, 416860, 4172896.383178452, 44, 44, 0, 271.35095769013947, 44
1, 973325, 556465, 416860, 4173160.869864389, 40, 40, 0, 264.4866859365871, 40
51, 973480, 556500, 416980, 4173538.0140169263, 155, 35, 120, 377.14415253747273, 38
1, 973516, 556536, 416980, 4173795.1629912048, 36, 36, 0, 257.1489742783178, 36
1, 973558, 556578, 416980, 4174063.135980707, 42, 42, 0, 267.97298950218305, 42
1, 973603, 556623, 416980, 4174336.137987118, 45, 45, 0, 273.00200641113514, 45
1, 973681, 556671, 417010, 4174651.020773738, 78, 48, 30, 314.8827866200841, 49
51, 973816, 556716, 417100, 4175015.0865836786, 135, 45, 90, 364.06580994024984, 47
1, 973852, 556752, 417100, 4175272.235557957, 36, 36, 0, 257.1489742783178, 36
1, 973890, 556790, 417100, 4175533.117937577, 38, 38, 0, 260.88237961983884, 38
1, 973933, 556833, 417100, 4175802.79289778, 43, 43, 0, 269.6749602031015, 43
51, 974059, 556879, 417180, 4176160.2297936636, 126, 46, 80, 357.43689588345075, 48
1, 974136, 556916, 417220, 4176472.9554574303, 77, 37, 40, 312.72566376652986, 38
1, 974184, 556964, 417220, 4176750.7702600206, 48, 48, 0, 277.8148025904985, 48
1, 974210, 556990, 417220, 4176986.780346456, 26, 26, 0, 236.01008643532256, 26
1, 974284, 557024, 417260, 4177295.977555223, 74, 34, 40, 309.1972087668518, 35
51, 974407, 557067, 417340, 4177650.8021264845, 123, 43, 80, 354.8245712617827, 45
1, 974449, 557109, 417340, 4177918.775115987, 42, 42, 0, 267.97298950218305, 42
1, 974514, 557144, 417370, 4178217.8162674303, 65, 35, 30, 299.04115144336777, 36
51, 974606, 557186, 417420, 4178546.0203688988, 92, 42, 50, 328.20410146824725, 43
1, 974695, 557235, 417460, 4178872.0682344628, 89, 49, 40, 326.0478655640733, 50
1, 974734, 557274, 417460, 4179134.7681744066, 39, 39, 0, 262.6999399439383, 39
1, 974771, 557311, 417460, 4179393.8007458625, 37, 37, 0, 259.03257145596604, 37
51, 974874, 557364, 417510, 4179733.073995918, 103, 53, 50, 339.27325005549693, 54
1, 974982, 557402, 417580, 4180075.244975465, 108, 38, 70, 342.1709795470626, 40
1, 975027, 557447, 417580, 4180348.246981876, 45, 45, 0, 273.00200641113514, 45
1, 975067, 557487, 417580, 4180612.733667813, 40, 40, 0, 264.4866859365871, 40
51, 975158, 557528, 417630, 4180939.8927297518, 91, 41, 50, 327.1590619387661, 42
1, 975235, 557565, 417670, 4181252.6183935185, 77, 37, 40, 312.72566376652986, 38
1, 975283, 557613, 417670, 4181530.433196109, 48, 48, 0, 277.8148025904985, 48
1, 975357, 557657, 417700, 4181840.6304048756, 74, 44, 30, 310.1972087668518, 45
1, 975389, 557689, 417700, 4182089.871827876, 32, 32, 0, 249.24142300054422, 32
51, 975519, 557729, 417790, 4182449.7366654146, 130, 40, 90, 359.86483753851803, 42
1, 975558, 557768, 417790, 4182712.4366053585, 39, 39, 0, 262.6999399439383, 39
1, 975594, 557804, 417790, 4182969.585579637, 36, 36, 0, 257.1489742783178, 36
51, 975712, 557842, 417870, 4183319.972904806, 118, 38, 80, 350.3873251689181, 40
1, 975756, 557886, 417870, 4183591.3238624963, 44, 44, 0, 271.35095769013947, 44
1, 975827, 557927, 417900, 4183897.902173315, 71, 41, 30, 306.57831081870995, 42
1, 975908, 557968, 417940, 4184215.202173315, 81, 41, 40, 317.3, 42
51, 975995, 558005, 417990, 4184538.109754313, 87, 37, 50, 322.9075809977351, 38
1, 976032, 558042, 417990, 4184797.1423257687, 37, 37, 0, 259.03257145596604, 37
1, 976107, 558087, 418020, 4185108.525421407, 75, 45, 30, 311.38309563827124, 46
1, 976146, 558126, 418020, 4185371.225361351, 39, 39, 0, 262.6999399439383, 39
51, 976299, 558159, 418140, 4185746.8257576665, 153, 33, 120, 375.6003963155711, 36
1, 976342, 558202, 418140, 4186016.5007178695, 43, 43, 0, 269.6749602031015, 43
1, 976378, 558238, 418140, 4186273.649692148, 36, 36, 0, 257.1489742783178, 36
51, 976461, 558271, 418190, 4186592.1846400774, 83, 33, 50, 318.5349479292333, 34
1, 976528, 558308, 418220, 4186893.785195335, 67, 37, 30, 301.6005552576305, 38
1, 976564, 558344, 418220, 4187150.9341696133, 36, 36, 0, 257.1489742783178, 36
1, 976651, 558391, 418260, 4187474.841750611, 87, 47, 40, 323.9075809977351, 48
51, 976749, 558439, 418310, 4187809.1763789756, 98, 48, 50, 334.33462836457886, 49
1, 976784, 558474, 418310, 4188064.406306885, 35, 35, 0, 255.22992790977875, 35
1, 976828, 558518, 418310, 4188335.7572645755, 44, 44, 0, 271.35095769013947, 44
1, 976902, 558562, 418340, 4188645.9544733423, 74, 44, 30, 310.1972087668518, 45
51, 976992, 558602, 418390, 4188972.0615021666, 90, 40, 50, 326.1070288241023, 41
1, 977079, 558649, 418430, 4189295.9690831644, 87, 47, 40, 323.9075809977351, 48
1, 977110, 558680, 418430, 4189543.1301893415, 31, 31, 0, 247.1611061770567, 31
1, 977180, 558720, 418460, 4189848.4809501935, 70, 40, 30, 305.3507608519078, 41
51, 977272, 558762, 418510, 4190176.685051662, 92, 42, 50, 328.20410146824725, 43
1, 977349, 558799, 418550, 4190489.4107154286, 77, 37, 40, 312.72566376652986, 38
1, 977414, 558834, 418580, 4190788.451866872, 65, 35, 30, 299.04115144336777, 36
1, 977450, 558870, 418580, 4191045.6008411506, 36, 36, 0, 257.1489742783178, 36
51, 977572, 558912, 418660, 4191399.546459704, 122, 42, 80, 353.9456185537469, 44
1, 977617, 558957, 418660, 4191672.5484661153, 45, 45, 0, 273.00200641113514, 45
1, 977704, 559004, 418700, 4191996.456047113, 87, 47, 40, 323.9075809977351, 48
51, 977782, 559032, 418750, 4192309.338833733, 78, 28, 50, 312.8827866200841, 29
1, 977824, 559074, 418750, 4192577.3118232354, 42, 42, 0, 267.97298950218305, 42
1, 977902, 559112, 418790, 4192891.1946098553, 78, 38, 40, 313.8827866200841, 39
1, 977968, 559148, 418820, 4193191.5215981323, 66, 36, 30, 300.32698827717985, 37
51, 978065, 559195, 418870, 4193524.8504974036, 97, 47, 50, 333.3288992714996, 48
1, 978176, 559236, 418940, 4193869.8372154445, 111, 41, 70, 344.9867180408456, 43
1, 978215, 559275, 418940, 4194132.5371553884, 39, 39, 0, 262.6999399439383, 39
1, 978267, 559327, 418940, 4194416.472116817, 52, 52, 0, 283.93496142826496, 52
1, 978302, 559362, 418940, 4194671.702044726, 35, 35, 0, 255.22992790977875, 35
51, 978432, 559402, 419030, 4195031.566882265, 130, 40, 90, 359.86483753851803, 42
1, 978479, 559449, 419030, 4195307.799932134, 47, 47, 0, 276.2330498695885, 47
1, 978557, 559497, 419060, 4195622.682718755, 78, 48, 30, 314.8827866200841, 49
51, 978649, 559539, 419110, 4195950.886820223, 92, 42, 50, 328.20410146824725, 43
1, 978725, 559585, 419140, 4196263.445992596, 76, 46, 30, 312.5591723737189, 47
1, 978807, 559627, 419180, 4196581.86766244, 82, 42, 40, 318.42166984345636, 43
1, 978845, 559665, 419180, 4196842.750042059, 38, 38, 0, 260.88237961983884, 38
51, 978961, 559701, 419260, 4197191.331845551, 116, 36, 80, 348.5818034911291, 38
1, 979001, 559741, 419260, 4197455.818531487, 40, 40, 0, 264.4866859365871, 40
1, 979045, 559785, 419260, 4197727.169489177, 44, 44, 0, 271.35095769013947, 44
1, 979120, 559820, 419300, 4198037.552584815, 75, 35, 40, 310.38309563827124, 36
51, 979243, 559863, 419380, 4198392.377156077, 123, 43, 80, 354.8245712617827, 45
1, 979322, 559902, 419420, 4198707.407906207, 79, 39, 40, 315.03075013013313, 40
1, 979351, 559931, 419420, 4198950.267484918, 29, 29, 0, 242.8595787106084, 29
1, 979389, 559969, 419420, 4199211.149864538, 38, 38, 0, 260.88237961983884, 38
51, 979512, 560012, 419500, 4199565.9744358, 123, 43, 80, 354.8245712617827, 45
1, 979596, 560056, 419540, 4199886.614446203, 84, 44, 40, 320.64001040350905, 45
1, 979637, 560097, 419540, 4200152.858399646, 41, 41, 0, 266.24395344352433, 41
51, 979753, 560133, 419620, 4200501.440203138, 116, 36, 80, 348.5818034911291, 38
1, 979787, 560167, 419620, 4200754.713843415, 34, 34, 0, 253.2736402766418, 34
1, 979865, 560205, 419660, 4201068.596630035, 78, 38, 40, 313.8827866200841, 39
51, 979990, 560250, 419740, 4201425.1667825235, 125, 45, 80, 356.57015248821097, 47
1, 980032, 560292, 419740, 4201693.139772026, 42, 42, 0, 267.97298950218305, 42
1, 980141, 560331, 419810, 4202036.254403525, 109, 39, 70, 343.114631499574, 41
1, 980182, 560372, 419810, 4202302.498356968, 41, 41, 0, 266.24395344352433, 41
51, 980270, 560410, 419860, 4202626.479788329, 88, 38, 50, 323.98143136087856, 39
1, 980310, 560450, 419860, 4202890.966474266, 40, 40, 0, 264.4866859365871, 40
1, 980349, 560489, 419860, 4203153.66641421, 39, 39, 0, 262.6999399439383, 39
1, 980416, 560526, 419890, 4203455.2669694675, 67, 37, 30, 301.6005552576305, 38
1, 980501, 560571, 419930, 4203777.003997139, 85, 45, 40, 321.73702767108114, 46
51, 980591, 560611, 419980, 4204103.111025963, 90, 40, 50, 326.1070288241023, 41
1, 980633, 560653, 419980, 4204371.084015465, 42, 42, 0, 267.97298950218305, 42
1, 980675, 560695, 419980, 4204639.057004968, 42, 42, 0, 267.97298950218305, 42
1, 980733, 560723, 420010, 4204928.723907075, 58, 28, 30, 289.66690210718946, 29
51, 980858, 560758, 420100, 4205284.294059563, 125, 35, 90, 355.57015248821097, 37
1, 980904, 560804, 420100, 4205558.923128277, 46, 46, 0, 274.6290687140218, 46
1, 980977, 560847, 420130, 4205867.924406846, 73, 43, 30, 309.00127856917646, 44
1, 981018, 560888, 420130, 4206134.168360289, 41, 41, 0, 266.24395344352433, 41
51, 981135, 560915, 420220, 4206482.6551770875, 117, 27, 90, 348.4868167986058, 29
1, 981176, 560956, 420220, 4206748.899130531, 41, 41, 0, 266.24395344352433, 41
1, 981281, 560991, 420290, 4207088.207717825, 105, 35, 70, 339.30858729436795, 37
1, 981322, 561032, 420290, 4207354.451671268, 41, 41, 0, 266.24395344352433, 41
51, 981457, 561077, 420380, 4207718.517481208, 135, 45, 90, 364.06580994024984, 47
1, 981497, 561117, 420380, 4207983.004167144, 40, 40, 0, 264.4866859365871, 40
1, 981533, 561153, 420380, 4208240.153141422, 36, 36, 0, 257.1489742783178, 36
1, 981608, 561188, 420420, 4208550.53623706, 75, 35, 40, 310.38309563827124, 36
1, 981675, 561225, 420450, 4208852.136792318, 67, 37, 30, 301.6005552576305, 38
51, 981753, 561253, 420500, 4209165.019578938, 78, 28, 50, 312.8827866200841, 29
1, 981785, 561285, 420500, 4209414.261001939, 32, 32, 0, 249.24142300054422, 32
1, 981857, 561327, 420530, 4209722.056064963, 72, 42, 30, 307.79506302439404, 43
51, 981987, 561367, 420620, 4210081.920902502, 130, 40, 90, 359.86483753851803, 42
1, 982028, 561408, 420620, 4210348.164855945, 41, 41, 0, 266.24395344352433, 41
1, 982107, 561457, 420650, 4210664.195606075, 79, 49, 30, 316.03075013013313, 50
1, 982153, 561503, 420650, 4210938.824674789, 46, 46, 0, 274.6290687140218, 46
1, 982225, 561535, 420690, 4211245.619737813, 72, 32, 40, 306.79506302439404, 33
51, 982304, 561564, 420740, 4211559.650487944, 79, 29, 50, 314.03075013013313, 30
1, 982350, 561610, 420740, 4211834.279556657, 46, 46, 0, 274.6290687140218, 46
1, 982429, 561659, 420770, 4212150.3103067875, 79, 49, 30, 316.03075013013313, 50
51, 982513, 561693, 420820, 4212469.950317191, 84, 34, 50, 319.64001040350905, 35
1, 982549, 561729, 420820, 4212727.099291469, 36, 36, 0, 257.1489742783178, 36
1, 982656, 561766, 420890, 4213068.321436739, 107, 37, 70, 341.2221452697031, 39
51, 982746, 561806, 420940, 4213394.428465563, 90, 40, 50, 326.1070288241023, 41
1, 982789, 561849, 420940, 4213664.103425766, 43, 43, 0, 269.6749602031015, 43
1, 982818, 561878, 420940, 4213906.963004477, 29, 29, 0, 242.8595787106084, 29
1, 982849, 561909, 420940, 4214154.124110654, 31, 31, 0, 247.1611061770567, 31
1, 982938, 561958, 420980, 4214480.171976218, 89, 49, 40, 326.0478655640733, 50
51, 983059, 561999, 421060, 4214833.234455254, 121, 41, 80, 353.06247903554, 43
1, 983095, 562035, 421060, 4215090.383429532, 36, 36, 0, 257.1489742783178, 36
1, 983180, 562080, 421100, 4215412.120457203, 85, 45, 40, 321.73702767108114, 46
1, 983250, 562120, 421130, 4215717.471218055, 70, 40, 30, 305.3507608519078, 41
51, 983332, 562152, 421180, 4216034.892887899, 82, 32, 50, 317.42166984345636, 33
1, 983374, 562194, 421180, 4216302.865877401, 42, 42, 0, 267.97298950218305, 42
1, 983450, 562240, 421210, 4216615.425049774, 76, 46, 30, 312.5591723737189, 47
1, 983527, 562277, 421250, 4216928.150713541, 77, 37, 40, 312.72566376652986, 38
51, 983642, 562312, 421330, 4217275.822930602, 115, 35, 80, 347.6722170622053, 37
1, 983688, 562358, 421330, 4217550.451999316, 46, 46, 0, 274.6290687140218, 46
1, 983733, 562403, 421330, 4217823.454005728, 45, 45, 0, 273.00200641113514, 45
1, 983821, 562451, 421370, 4218148.435437089, 88, 48, 40, 324.98143136087856, 49
51, 983909, 562489, 421420, 4218472.41686845, 88, 38, 50, 323.98143136087856, 39
1, 983950, 562530, 421420, 4218738.660821893, 41, 41, 0, 266.24395344352433, 41
1, 984028, 562578, 421450, 4219053.543608514, 78, 48, 30, 314.8827866200841, 49
1, 984063, 562613, 421450, 4219308.773536423, 35, 35, 0, 255.22992790977875, 35
51, 984190, 562650, 421540, 4219666.073218723, 127, 37, 90, 357.2996822992933, 39
1, 984230, 562690, 421540, 4219930.559904659, 40, 40, 0, 264.4866859365871, 40
1, 984334, 562724, 421610, 4220268.903591417, 104, 34, 70, 338.343686757474, 36
51, 984426, 562766, 421660, 4220597.107692885, 92, 42, 50, 328.20410146824725, 43
1, 984469, 562809, 421660, 4220866.782653089, 43, 43, 0, 269.6749602031015, 43
1, 984556, 562856, 421700, 4221190.6902340865, 87, 47, 40, 323.9075809977351, 48
51, 984678, 562898, 421780, 4221544.6358526405, 122, 42, 80, 353.9456185537469, 44
1, 984763, 562943, 421820, 4221866.372880312, 85, 45, 40, 321.73702767108114, 46
1, 984803, 562983, 421820, 4222130.859566248, 40, 40, 0, 264.4866859365871, 40
1, 984874, 563024, 421850, 4222437.437877066, 71, 41, 30, 306.57831081870995, 42
51, 985002, 563062, 421940, 4222795.596443168, 128, 38, 90, 358.1585661014858, 40
1, 985076, 563106, 421970, 4223105.793651935, 74, 44, 30, 310.1972087668518, 45
1, 985114, 563144, 421970, 4223366.676031554, 38, 38, 0, 260.88237961983884, 38
1, 985216, 563176, 422040, 4223703.073214335, 102, 32, 70, 336.39718278112656, 34
1, 985255, 563215, 422040, 4223965.773154279, 39, 39, 0, 262.6999399439383, 39
51, 985387, 563257, 422130, 4224327.329276706, 132, 42, 90, 361.55612242701943, 44
1, 985460, 563300, 422160, 4224636.330555275, 73, 43, 30, 309.00127856917646, 44
1, 985509, 563349, 422160, 4224915.705686381, 49, 49, 0, 279.3751311064591, 49
51, 985637, 563387, 422250, 4225273.864252483, 128, 38, 90, 358.1585661014858, 40
1, 985684, 563434, 422250, 4225550.097302352, 47, 47, 0, 276.2330498695885, 47
1, 985730, 563480, 422250, 4225824.726371066, 46, 46, 0, 274.6290687140218, 46
1, 985767, 563517, 422250, 4226083.758942522, 37, 37, 0, 259.03257145596604, 37
51, 985931, 563561, 422370, 4226467.717133358, 164, 44, 120, 383.9581908363381, 47
1, 985983, 563613, 422370, 4226751.652094786, 52, 52, 0, 283.93496142826496, 52
1, 986016, 563646, 422370, 4227002.930267479, 33, 33, 0, 251.27817269284301, 33
51, 986104, 563684, 422420, 4227326.911698841, 88, 38, 50, 323.98143136087856, 39
1, 986215, 563725, 422490, 4227671.898416881, 111, 41, 70, 344.9867180408456, 43
1, 986249, 563759, 422490, 4227925.172057158, 34, 34, 0, 253.2736402766418, 34
51, 986381, 563801, 422580, 4228286.728179585, 132, 42, 90, 361.55612242701943, 44
1, 986422, 563842, 422580, 4228552.972133028, 41, 41, 0, 266.24395344352433, 41
1, 986490, 563880, 422610, 4228855.834304131, 68, 38, 30, 302.86217110259, 39
1, 986535, 563925, 422610, 4229128.836310542, 45, 45, 0, 273.00200641113514, 45
51, 986631, 563971, 422660, 4229461.153226557, 96, 46, 50, 332.31691601465747, 47
1, 986705, 564015, 422690, 4229771.350435324, 74, 44, 30, 310.1972087668518, 45
1, 986784, 564054, 422730, 4230086.381185454, 79, 39, 40, 315.03075013013313, 40
51, 986871, 564091, 422780, 4230409.288766452, 87, 37, 50, 322.9075809977351, 38
1, 986916, 564136, 422780, 4230682.290772864, 45, 45, 0, 273.00200641113514, 45
1, 986954, 564174, 422780, 4230943.173152483, 38, 38, 0, 260.88237961983884, 38
51, 987045, 564215, 422830, 4231270.332214422, 91, 41, 50, 327.1590619387661, 42
1, 987108, 564248, 422860, 4231566.763539148, 63, 33, 30, 296.43132472612575, 34
1, 987187, 564287, 422900, 4231881.794289278, 79, 39, 40, 315.03075013013313, 40
1, 987220, 564320, 422900, 4232133.072461971, 33, 33, 0, 251.27817269284301, 33
51, 987346, 564366, 422980, 4232490.509357855, 126, 46, 80, 357.43689588345075, 48
1, 987388, 564408, 422980, 4232758.482347357, 42, 42, 0, 267.97298950218305, 42
1, 987426, 564446, 422980, 4233019.3647269765, 38, 38, 0, 260.88237961983884, 38
1, 987509, 564489, 423020, 4233338.899674905, 83, 43, 40, 319.5349479292333, 44
51, 987628, 564528, 423100, 4233690.183070107, 119, 39, 80, 351.28339520229764, 41
1, 987662, 564562, 423100, 4233943.456710384, 34, 34, 0, 253.2736402766418, 34
1, 987746, 564606, 423140, 4234264.096720788, 84, 44, 40, 320.64001040350905, 45
1, 987785, 564645, 423140, 4234526.796660732, 39, 39, 0, 262.6999399439383, 39
1, 987855, 564685, 423170, 4234832.1474215835, 70, 40, 30, 305.3507608519078, 41
51, 987946, 564726, 423220, 4235159.306483522, 91, 41, 50, 327.1590619387661, 42
1, 987976, 564756, 423220, 4235404.341215454, 30, 30, 0, 245.0347319320716, 30
1, 988044, 564784, 423260, 4235706.203386556, 68, 28, 40, 301.86217110259, 29
1, 988075, 564815, 423260, 4235953.364492733, 31, 31, 0, 247.1611061770567, 31
1, 988144, 564854, 423290, 4236257.476634443, 69, 39, 30, 304.1121417102006, 40
51, 988230, 564890, 423340, 4236579.302799091, 86, 36, 50, 321.82616464756694, 37
1, 988266, 564926, 423340, 4236836.451773369, 36, 36, 0, 257.1489742783178, 36
1, 988306, 564966, 423340, 4237100.938459305, 40, 40, 0, 264.4866859365871, 40
1, 988392, 565012, 423380, 4237423.764623953, 86, 46, 40, 322.82616464756694, 47
51, 988480, 565050, 423430, 4237747.746055314, 88, 38, 50, 323.98143136087856, 39
1, 988549, 565089, 423460, 4238051.858197024, 69, 39, 30, 304.1121417102006, 40
1, 988592, 565132, 423460, 4238321.533157228, 43, 43, 0, 269.6749602031015, 43
1, 988630, 565170, 423460, 4238582.415536847, 38, 38, 0, 260.88237961983884, 38
1, 988738, 565208, 423530, 4238924.586516394, 108, 38, 70, 342.1709795470626, 40
51, 988828, 565248, 423580, 4239250.693545219, 90, 40, 50, 326.1070288241023, 41
1, 988893, 565283, 423610, 4239549.734696662, 65, 35, 30, 299.04115144336777, 36
1, 988934, 565324, 423610, 4239815.978650105, 41, 41, 0, 266.24395344352433, 41
1, 989007, 565367, 423640, 4240124.979928674, 73, 43, 30, 309.00127856917646, 44
1, 989082, 565402, 423680, 4240435.363024312, 75, 35, 40, 310.38309563827124, 36
51, 989169, 565439, 423730, 4240758.27060531, 87, 37, 50, 322.9075809977351, 38
1, 989202, 565472, 423730, 4241009.548778003, 33, 33, 0, 251.27817269284301, 33
1, 989257, 565527, 423730, 4241297.875759536, 55, 55, 0, 288.32698153315005, 55
1, 989337, 565567, 423770, 4241614.04551578, 80, 40, 40, 316.1697562442441, 41
51, 989464, 565614, 423850, 4241972.34519808, 127, 47, 80, 358.2996822992933, 49
1, 989504, 565654, 423850, 4242236.831884016, 40, 40, 0, 264.4866859365871, 40
1, 989617, 565697, 423920, 4242583.670927886, 113, 43, 70, 346.83904386951343, 45
51, 989711, 565741, 423970, 4242913.944653734, 94, 44, 50, 330.273725847777, 45
1, 989753, 565783, 423970, 4243181.917643236, 42, 42, 0, 267.97298950218305, 42
1, 989838, 565828, 424010, 4243503.654670907, 85, 45, 40, 321.73702767108114, 46
1, 989889, 565879, 424010, 4243786.089182685, 51, 51, 0, 282.43451177837886, 51
51, 989983, 565923, 424060, 4244116.362908533, 94, 44, 50, 330.273725847777, 45
1, 990056, 565966, 424090, 4244425.364187102, 73, 43, 30, 309.00127856917646, 44
1, 990142, 566012, 424130, 4244748.19035175, 86, 46, 40, 322.82616464756694, 47
1, 990190, 566060, 424130, 4245026.0051543405, 48, 48, 0, 277.8148025904985, 48
1, 990243, 566113, 424130, 4245311.421941982, 53, 53, 0, 285.4167876408086, 53
51, 990332, 566152, 424180, 4245636.469807546, 89, 39, 50, 325.0478655640733, 40
1, 990374, 566194, 424180, 4245904.442797048, 42, 42, 0, 267.97298950218305, 42
1, 990489, 566239, 424250, 4246253.11501411, 115, 45, 70, 348.6722170622053, 47
1, 990529, 566279, 424250, 4246517.601700046, 40, 40, 0, 264.4866859365871, 40
51, 990612, 566312, 424300, 4246836.136647975, 83, 33, 50, 318.5349479292333, 34
1, 990658, 566358, 424300, 4247110.765716689, 46, 46, 0, 274.6290687140218, 46
1, 990748, 566408, 424340, 4247437.872745513, 90, 50, 40, 327.1070288241023, 51
1, 990811, 566441, 424370, 4247734.304070239, 63, 33, 30, 296.43132472612575, 34
51, 990887, 566467, 424420, 4248044.863242612, 76, 26, 50, 310.5591723737189, 27
1, 990968, 566508, 424460, 4248362.163242612, 81, 41, 40, 317.3, 42
1, 991011, 566551, 424460, 4248631.8382028155, 43, 43, 0, 269.6749602031015, 43
1, 991045, 566585, 424460, 4248885.111843092, 34, 34, 0, 253.2736402766418, 34
51, 991161, 566621, 424540, 4249233.693646584, 116, 36, 80, 348.5818034911291, 38
1, 991239, 566659, 424580, 4249547.576433204, 78, 38, 40, 313.8827866200841, 39
1, 991280, 566700, 424580, 4249813.820386647, 41, 41, 0, 266.24395344352433, 41
1, 991315, 566735, 424580, 4250069.050314557, 35, 35, 0, 255.22992790977875, 35
51, 991433, 566773, 424660, 4250419.437639725, 118, 38, 80, 350.3873251689181, 40
1, 991512, 566812, 424700, 4250734.468389856, 79, 39, 40, 315.03075013013313, 40
1, 991585, 566855, 424730, 4251043.469668425, 73, 43, 30, 309.00127856917646, 44
1, 991630, 566900, 424730, 4251316.471674836, 45, 45, 0, 273.00200641113514, 45
51, 991757, 566937, 424820, 4251673.771357136, 127, 37, 90, 357.2996822992933, 39
1, 991835, 566985, 424850, 4251988.654143756, 78, 48, 30, 314.8827866200841, 49
1, 991904, 567014, 424890, 4252291.766285466, 69, 29, 40, 303.1121417102006, 30
51, 992013, 567043, 424970, 4252633.880916965, 109, 29, 80, 342.114631499574, 31
1, 992055, 567085, 424970, 4252901.853906468, 42, 42, 0, 267.97298950218305, 42
1, 992134, 567124, 425010, 4253216.884656598, 79, 39, 40, 315.03075013013313, 40
1, 992170, 567160, 425010, 4253474.033630876, 36, 36, 0, 257.1489742783178, 36
51, 992263, 567203, 425060, 4253803.275910783, 93, 43, 50, 329.24227990714814, 44
1, 992345, 567255, 425090, 4254122.697580626, 82, 52, 30, 319.42166984345636, 53
1, 992383, 567293, 425090, 4254383.579960246, 38, 38, 0, 260.88237961983884, 38
1, 992422, 567332, 425090, 4254646.2799001895, 39, 39, 0, 262.6999399439383, 39
51, 992551, 567371, 425180, 4255005.2935006805, 129, 39, 90, 359.01360049114555, 41
1, 992622, 567412, 425210, 4255311.871811499, 71, 41, 30, 306.57831081870995, 42
1, 992708, 567458, 425250, 4255634.697976147, 86, 46, 40, 322.82616464756694, 47
1, 992745, 567495, 425250, 4255893.730547603, 37, 37, 0, 259.03257145596604, 37
51, 992834, 567534, 425300, 4256218.778413167, 89, 39, 50, 325.0478655640733, 40
1, 992910, 567580, 425330, 4256531.3375855405, 76, 46, 30, 312.5591723737189, 47
1, 992956, 567626, 425330, 4256805.966654254, 46, 46, 0, 274.6290687140218, 46
1, 993023, 567663, 425360, 4257107.567209512, 67, 37, 30, 301.6005552576305, 38
51, 993159, 567709, 425450, 4257472.462506547, 136, 46, 90, 364.89529703482884, 48
1, 993194, 567744, 425450, 4257727.692434456, 35, 35, 0, 255.22992790977875, 35
1, 993228, 567778, 425450, 4257980.966074733, 34, 34, 0, 253.2736402766418, 34
1, 993292, 567812, 425480, 4258278.7087872075, 64, 34, 30, 297.742712474619, 35
1, 993332, 567852, 425480, 4258543.195473144, 40, 40, 0, 264.4866859365871, 40
51, 993452, 567882, 425570, 4258894.370565109, 120, 30, 90, 351.1750919646873, 32
1, 993487, 567917, 425570, 4259149.6004930185, 35, 35, 0, 255.22992790977875, 35
1, 993527, 567957, 425570, 4259414.087178955, 40, 40, 0, 264.4866859365871, 40
1, 993597, 567997, 425600, 4259719.437939807, 70, 40, 30, 305.3507608519078, 41
1, 993633, 568033, 425600, 4259976.586914085, 36, 36, 0, 257.1489742783178, 36
51, 993724, 568074, 425650, 4260303.745976023, 91, 41, 50, 327.1590619387661, 42
1, 993813, 568123, 425690, 4260629.793841587, 89, 49, 40, 326.0478655640733, 50
1, 993846, 568156, 425690, 4260881.072014281, 33, 33, 0, 251.27817269284301, 33
1, 993890, 568200, 425690, 4261152.42297197, 44, 44, 0, 271.35095769013947, 44
51, 994048, 568238, 425810, 4261531.862181226, 158, 38, 120, 379.43920925585275, 41
1, 994086, 568276, 425810, 4261792.744560845, 38, 38, 0, 260.88237961983884, 38
1, 994127, 568317, 425810, 4262058.988514288, 41, 41, 0, 266.24395344352433, 41
1, 994199, 568349, 425850, 4262365.783577313, 72, 32, 40, 306.79506302439404, 33
1, 994267, 568387, 425880, 4262668.645748415, 68, 38, 30, 302.86217110259, 39
51, 994387, 568417, 425970, 4263019.82084038, 120, 30, 90, 351.1750919646873, 32
1, 994433, 568463, 425970, 4263294.449909094, 46, 46, 0, 274.6290687140218, 46
1, 994514, 568514, 426000, 4263612.749909094, 81, 51, 30, 318.3, 52
1, 994552, 568552, 426000, 4263873.632288713, 38, 38, 0, 260.88237961983884, 38
51, 994684, 568594, 426090, 4264235.18841114, 132, 42, 90, 361.55612242701943, 44
1, 994719, 568629, 426090, 4264490.418339049, 35, 35, 0, 255.22992790977875, 35
1, 994786, 568666, 426120, 4264792.018894307, 67, 37, 30, 301.6005552576305, 38
51, 994877, 568707, 426170, 4265119.177956246, 91, 41, 50, 327.1590619387661, 42
1, 994948, 568748, 426200, 4265425.756267064, 71, 41, 30, 306.57831081870995, 42
1, 994998, 568798, 426200, 4265706.671061912, 50, 50, 0, 280.9147948472494, 50
51, 995156, 568836, 426320, 4266086.110271167, 158, 38, 120, 379.43920925585275, 41
1, 995199, 568879, 426320, 4266355.7852313705, 43, 43, 0, 269.6749602031015, 43
1, 995239, 568919, 426320, 4266620.271917307, 40, 40, 0, 264.4866859365871, 40
51, 995331, 568961, 426370, 4266948.476018775, 92, 42, 50, 328.20410146824725, 43
1, 995402, 569002, 426400, 4267255.054329594, 71, 41, 30, 306.57831081870995, 42
1, 995476, 569036, 426440, 4267564.2515383605, 74, 34, 40, 309.1972087668518, 35
1, 995508, 569068, 426440, 4267813.492961361, 32, 32, 0, 249.24142300054422, 32
1, 995544, 569104, 426440, 4268070.641935639, 36, 36, 0, 257.1489742783178, 36
51, 995631, 569141, 426490, 4268393.549516637, 87, 37, 50, 322.9075809977351, 38
1, 995671, 569181, 426490, 4268658.036202573, 40, 40, 0, 264.4866859365871, 40
1, 995749, 569229, 426520, 4268972.918989194, 78, 48, 30, 314.8827866200841, 49
1, 995831, 569271, 426560, 4269291.340659037, 82, 42, 40, 318.42166984345636, 43
51, 995928, 569318, 426610, 4269624.669558309, 97, 47, 50, 333.3288992714996, 48
1, 995993, 569353, 426640, 4269923.7107097525, 65, 35, 30, 299.04115144336777, 36
1, 996034, 569394, 426640, 4270189.954663196, 41, 41, 0, 266.24395344352433, 41
51, 996121, 569431, 426690, 4270512.862244193, 87, 37, 50, 322.9075809977351, 38
1, 996200, 569470, 426730, 4270827.892994324, 79, 39, 40, 315.03075013013313, 40
1, 996247, 569517, 426730, 4271104.126044193, 47, 47, 0, 276.2330498695885, 47
1, 996325, 569565, 426760, 4271419.008830814, 78, 48, 30, 314.8827866200841, 49
51, 996421, 569611, 426810, 4271751.325746829, 96, 46, 50, 332.31691601465747, 47
1, 996499, 569649, 426850, 4272065.208533449, 78, 38, 40, 313.8827866200841, 39
1, 996568, 569688, 426880, 4272369.320675159, 69, 39, 30, 304.1121417102006, 40
51, 996657, 569727, 426930, 4272694.368540723, 89, 39, 50, 325.0478655640733, 40
1, 996704, 569774, 426930, 4272970.601590592, 47, 47, 0, 276.2330498695885, 47
1, 996744, 569814, 426930, 4273235.088276529, 40, 40, 0, 264.4866859365871, 40
1, 996849, 569849, 427000, 4273574.396863823, 105, 35, 70, 339.30858729436795, 37
51, 996948, 569898, 427050, 4273909.731078376, 99, 49, 50, 335.33421455299043, 50
1, 997010, 569930, 427080, 4274204.837704706, 62, 32, 30, 295.1066263296683, 33
1, 997051, 569971, 427080, 4274471.081658149, 41, 41, 0, 266.24395344352433, 41
1, 997176, 570026, 427150, 4274828.651810638, 125, 55, 70, 357.57015248821097, 57
51, 997267, 570067, 427200, 4275155.810872576, 91, 41, 50, 327.1590619387661, 42
1, 997310, 570110, 427200, 4275425.48583278, 43, 43, 0, 269.6749602031015, 43
1, 997380, 570150, 427230, 4275730.836593632, 70, 40, 30, 305.3507608519078, 41
1, 997421, 570191, 427230, 4275997.080547075, 41, 41, 0, 266.24395344352433, 41
51, 997572, 570222, 427350, 4276371.125918281, 151, 31, 120, 374.04537120670284, 34
1, 997608, 570258, 427350, 4276628.274892559, 36, 36, 0, 257.1489742783178, 36
1, 997644, 570294, 427350, 4276885.423866837, 36, 36, 0, 257.1489742783178, 36
1, 997681, 570331, 427350, 4277144.456438294, 37, 37, 0, 259.03257145596604, 37
51, 997778, 570378, 427400, 4277477.7853375655, 97, 47, 50, 333.3288992714996, 48
1, 997887, 570417, 427470, 4277820.899969065, 109, 39, 70, 343.114631499574, 41
1, 997922, 570452, 427470, 4278076.129896974, 35, 35, 0, 255.22992790977875, 35
1, 998029, 570489, 427540, 4278417.352042244, 107, 37, 70, 341.2221452697031, 39
51, 998115, 570525, 427590, 4278739.178206892, 86, 36, 50, 321.82616464756694, 37
1, 998157, 570567, 427590, 4279007.151196394, 42, 42, 0, 267.97298950218305, 42
1, 998232, 570602, 427630, 4279317.534292032, 75, 35, 40, 310.38309563827124, 36
51, 998348, 570638, 427710, 4279666.116095523, 116, 36, 80, 348.5818034911291, 38
1, 998387, 570677, 427710, 4279928.816035467, 39, 39, 0, 262.6999399439383, 39
1, 998458, 570718, 427740, 4280235.394346286, 71, 41, 30, 306.57831081870995, 42
1, 998539, 570759, 427780, 4280552.694346285, 81, 41, 40, 317.3, 42
51, 998658, 570798, 427860, 4280903.977741487, 119, 39, 80, 351.28339520229764, 41
1, 998700, 570840, 427860, 4281171.95073099, 42, 42, 0, 267.97298950218305, 42
1, 998750, 570890, 427860, 4281452.865525837, 50, 50, 0, 280.9147948472494, 50
51, 998905, 570925, 427980, 4281830.009678375, 155, 35, 120, 377.14415253747273, 38
1, 998940, 570960, 427980, 4282085.239606285, 35, 35, 0, 255.22992790977875, 35
1, 998977, 570997, 427980, 4282344.272177741, 37, 37, 0, 259.03257145596604, 37
1, 999049, 571039, 428010, 4282652.067240765, 72, 42, 30, 307.79506302439404, 43
1, 999092, 571082, 428010, 4282921.742200969, 43, 43, 0, 269.6749602031015, 43
51, 999220, 571120, 428100, 4283279.90076707, 128, 38, 90, 358.1585661014858, 40
1, 999253, 571153, 428100, 4283531.178939763, 33, 33, 0, 251.27817269284301, 33
1, 999327, 571187, 428140, 4283840.37614853, 74, 34, 40, 309.1972087668518, 35
1, 999395, 571225, 428170, 4284143.238319633, 68, 38, 30, 302.86217110259, 39
51, 999488, 571268, 428220, 4284472.480599539, 93, 43, 50, 329.24227990714814, 44
1, 999529, 571309, 428220, 4284738.7245529825, 41, 41, 0, 266.24395344352433, 41
1, 999607, 571347, 428260, 4285052.607339603, 78, 38, 40, 313.8827866200841, 39
1, 999686, 571396, 428290, 4285368.638089733, 79, 49, 30, 316.03075013013313, 50
1, 999730, 571440, 428290, 4285639.989047423, 44, 44, 0, 271.35095769013947, 44
51, 999857, 571487, 428370, 4285998.288729723, 127, 47, 80, 358.2996822992933, 49
1, 999895, 571525, 428370, 4286259.171109342, 38, 38, 0, 260.88237961983884, 38
1, 999925, 571555, 428370, 4286504.205841274, 30, 30, 0, 245.0347319320716, 30
1, 999996, 571586, 428410, 4286809.784152092, 71, 31, 40, 305.57831081870995, 32
1, 1000027, 571617, 428410, 4287056.945258269, 31, 31, 0, 247.1611061770567, 31
51, 1000121, 571661, 428460, 4287387.218984117, 94, 44, 50, 330.273725847777, 45
1, 1000196, 571706, 428490, 4287698.602079755, 75, 45, 30, 311.38309563827124, 46
1, 1000277, 571747, 428530, 4288015.9020797545, 81, 41, 40, 317.3, 42
1, 1000312, 571782, 428530, 4288271.132007664, 35, 35, 0, 255.22992790977875, 35
51, 1000405, 571825, 428580, 4288600.374287571, 93, 43, 50, 329.24227990714814, 44
1, 1000445, 571865, 428580, 4288864.860973507, 40, 40, 0, 264.4866859365871, 40
1, 1000515, 571905, 428610, 4289170.211734359, 70, 40, 30, 305.3507608519078, 41
51, 1000649, 571949, 428700, 4289533.444550278, 134, 44, 90, 363.23281591860336, 46
1, 1000687, 571987, 428700, 4289794.326929897, 38, 38, 0, 260.88237961983884, 38
1, 1000723, 572023, 428700, 4290051.475904175, 36, 36, 0, 257.1489742783178, 36
51, 1000841, 572061, 428780, 4290401.863229344, 118, 38, 80, 350.3873251689181, 40
1, 1000920, 572100, 428820, 4290716.893979474, 79, 39, 40, 315.03075013013313, 40
1, 1000962, 572142, 428820, 4290984.866968976, 42, 42, 0, 267.97298950218305, 42
1, 1001002, 572182, 428820, 4291249.353654913, 40, 40, 0, 264.4866859365871, 40
1, 1001091, 572231, 428860, 4291575.401520477, 89, 49, 40, 326.0478655640733, 50
51, 1001207, 572267, 428940, 4291923.983323968, 116, 36, 80, 348.5818034911291, 38
1, 1001249, 572309, 428940, 4292191.95631347, 42, 42, 0, 267.97298950218305, 42
1, 1001313, 572343, 428970, 4292489.699025945, 64, 34, 30, 297.742712474619, 35
1, 1001356, 572386, 428970, 4292759.373986148, 43, 43, 0, 269.6749602031015, 43
51, 1001483, 572423, 429060, 4293116.673668448, 127, 37, 90, 357.2996822992933, 39
1, 1001522, 572462, 429060, 4293379.373608392, 39, 39, 0, 262.6999399439383, 39
1, 1001586, 572496, 429090, 4293677.116320866, 64, 34, 30, 297.742712474619, 35
51, 1001715, 572535, 429180, 4294036.129921357, 129, 39, 90, 359.01360049114555, 41
1, 1001761, 572581, 429180, 4294310.758990071, 46, 46, 0, 274.6290687140218, 46
1, 1001797, 572617, 429180, 4294567.907964349, 36, 36, 0, 257.1489742783178, 36
1, 1001831, 572651, 429180, 4294821.181604626, 34, 34, 0, 253.2736402766418, 34
1, 1001949, 572699, 429250, 4295172.568929794, 118, 48, 70, 351.3873251689181, 50
51, 1002047, 572747, 429300, 4295506.903558159, 98, 48, 50, 334.33462836457886, 49
1, 1002088, 572788, 429300, 4295773.147511602, 41, 41, 0, 266.24395344352433, 41
1, 1002161, 572831, 429330, 4296082.148790171, 73, 43, 30, 309.00127856917646, 44
1, 1002197, 572867, 429330, 4296339.297764449, 36, 36, 0, 257.1489742783178, 36
51, 1002327, 572907, 429420, 4296699.162601988, 130, 40, 90, 359.86483753851803, 42
1, 1002369, 572949, 429420, 4296967.13559149, 42, 42, 0, 267.97298950218305, 42
1, 1002438, 572988, 429450, 4297271.2477332, 69, 39, 30, 304.1121417102006, 40
1, 1002478, 573028, 429450, 4297535.734419136, 40, 40, 0, 264.4866859365871, 40
1, 1002593, 573073, 429520, 4297884.406636198, 115, 45, 70, 348.6722170622053, 47
51, 1002685, 573115, 429570, 4298212.6107376665, 92, 42, 50, 328.20410146824725, 43
1, 1002762, 573162, 429600, 4298526.336401433, 77, 47, 30, 313.72566376652986, 48
1, 1002841, 573201, 429640, 4298841.367151563, 79, 39, 40, 315.03075013013313, 40
1, 1002886, 573246, 429640, 4299114.369157975, 45, 45, 0, 273.00200641113514, 45
51, 1002969, 573279, 429690, 4299432.904105904, 83, 33, 50, 318.5349479292333, 34
1, 1003044, 573324, 429720, 4299744.2872015415, 75, 45, 30, 311.38309563827124, 46
1, 1003090, 573370, 429720, 4300018.916270255, 46, 46, 0, 274.6290687140218, 46
1, 1003128, 573408, 429720, 4300279.7986498745, 38, 38, 0, 260.88237961983884, 38
51, 1003294, 573454, 429840, 4300665.242917509, 166, 46, 120, 385.4442676339201, 49
1, 1003334, 573494, 429840, 4300929.729603445, 40, 40, 0, 264.4866859365871, 40
1, 1003370, 573530, 429840, 4301186.878577723, 36, 36, 0, 257.1489742783178, 36
1, 1003404, 573564, 429840, 4301440.152218, 34, 34, 0, 253.2736402766418, 34
51, 1003515, 573595, 429920, 4301784.138936041, 111, 31, 80, 343.9867180408456, 33
1, 1003550, 573630, 429920, 4302039.3688639505, 35, 35, 0, 255.22992790977875, 35
1, 1003655, 573665, 429990, 4302378.677451245, 105, 35, 70, 339.30858729436795, 37
1, 1003686, 573696, 429990, 4302625.838557421, 31, 31, 0, 247.1611061770567, 31
51, 1003766, 573726, 430040, 4302941.008313665, 80, 30, 50, 315.1697562442441, 31
1, 1003838, 573768, 430070, 4303248.80337669, 72, 42, 30, 307.79506302439404, 43
1, 1003918, 573808, 430110, 4303564.9731329335, 80, 40, 40, 316.1697562442441, 41
1, 1003987, 573847, 430140, 4303869.085274643, 69, 39, 30, 304.1121417102006, 40
1, 1004016, 573876, 430140, 4304111.944853354, 29, 29, 0, 242.8595787106084, 29
51, 1004144, 573924, 430220, 4304471.103419456, 128, 48, 80, 359.1585661014858, 50
1, 1004187, 573967, 430220, 4304740.778379659, 43, 43, 0, 269.6749602031015, 43
1, 1004272, 574012, 430260, 4305062.51540733, 85, 45, 40, 321.73702767108114, 46
51, 1004357, 574047, 430310, 4305383.252435002, 85, 35, 50, 320.73702767108114, 36
1, 1004464, 574084, 430380, 4305724.474580271, 107, 37, 70, 341.2221452697031, 39
1, 1004503, 574123, 430380, 4305987.174520215, 39, 39, 0, 262.6999399439383, 39
1, 1004573, 574163, 430410, 4306292.525281067, 70, 40, 30, 305.3507608519078, 41
51, 1004662, 574202, 430460, 4306617.573146631, 89, 39, 50, 325.0478655640733, 40
1, 1004710, 574250, 430460, 4306895.387949222, 48, 48, 0, 277.8148025904985, 48
1, 1004826, 574296, 430530, 4307244.969752713, 116, 46, 70, 349.5818034911291, 48
1, 1004867, 574337, 430530, 4307511.213706156, 41, 41, 0, 266.24395344352433, 41
1, 1004937, 574377, 430560, 4307816.564467008, 70, 40, 30, 305.3507608519078, 41
51, 1005020, 574410, 430610, 4308135.099414937, 83, 33, 50, 318.5349479292333, 34
1, 1005060, 574450, 430610, 4308399.586100874, 40, 40, 0, 264.4866859365871, 40
1, 1005093, 574483, 430610, 4308650.864273567, 33, 33, 0, 251.27817269284301, 33
51, 1005251, 574521, 430730, 4309030.303482822, 158, 38, 120, 379.43920925585275, 41
1, 1005296, 574566, 430730, 4309303.305489234, 45, 45, 0, 273.00200641113514, 45
1, 1005341, 574611, 430730, 4309576.307495645, 45, 45, 0, 273.00200641113514, 45
1, 1005421, 574651, 430770, 4309892.477251889, 80, 40, 40, 316.1697562442441, 41
51, 1005509, 574689, 430820, 4310216.4586832505, 88, 38, 50, 323.98143136087856, 39
1, 1005573, 574723, 430850, 4310514.201395725, 64, 34, 30, 297.742712474619, 35
1, 1005615, 574765, 430850, 4310782.174385227, 42, 42, 0, 267.97298950218305, 42
1, 1005690, 574810, 430880, 4311093.557480865, 75, 45, 30, 311.38309563827124, 46
1, 1005772, 574852, 430920, 4311411.979150709, 82, 42, 40, 318.42166984345636, 43
51, 1005858, 574888, 430970, 4311733.805315357, 86, 36, 50, 321.82616464756694, 37
1, 1005892, 574922, 430970, 4311987.078955634, 34, 34, 0, 253.2736402766418, 34
1, 1005957, 574957, 431000, 4312286.120107077, 65, 35, 30, 299.04115144336777, 36
1, 1005997, 574997, 431000, 4312550.606793013, 40, 40, 0, 264.4866859365871, 40
1, 1006079, 575039, 431040, 4312869.028462857, 82, 42, 40, 318.42166984345636, 43
51, 1006204, 575084, 431120, 4313225.598615346, 125, 45, 80, 356.57015248821097, 47
1, 1006279, 575119, 431160, 4313535.981710983, 75, 35, 40, 310.38309563827124, 36
1, 1006320, 575160, 431160, 4313802.225664427, 41, 41, 0, 266.24395344352433, 41
1, 1006364, 575204, 431160, 4314073.576622116, 44, 44, 0, 271.35095769013947, 44
51, 1006493, 575253, 431240, 4314433.590222607, 129, 49, 80, 360.01360049114555, 51
1, 1006532, 575292, 431240, 4314696.290162551, 39, 39, 0, 262.6999399439383, 39
1, 1006614, 575334, 431280, 4315014.711832395, 82, 42, 40, 318.42166984345636, 43
1, 1006652, 575372, 431280, 4315275.594212014, 38, 38, 0, 260.88237961983884, 38
51, 1006736, 575406, 431330, 4315595.234222418, 84, 34, 50, 319.64001040350905, 35
1, 1006795, 575435, 431360, 4315886.283022665, 59, 29, 30, 291.0488002476036, 30
1, 1006877, 575477, 431400, 4316204.704692509, 82, 42, 40, 318.42166984345636, 43
1, 1006923, 575523, 431400, 4316479.333761223, 46, 46, 0, 274.6290687140218, 46
1, 1006988, 575558, 431430, 4316778.374912666, 65, 35, 30, 299.04115144336777, 36
51, 1007072, 575592, 431480, 4317098.01492307, 84, 34, 50, 319.64001040350905, 35
1, 1007152, 575632, 431520, 4317414.184679314, 80, 40, 40, 316.1697562442441, 41
1, 1007228, 575678, 431550, 4317726.743851687, 76, 46, 30, 312.5591723737189, 47
1, 1007279, 575729, 431550, 4318009.178363465, 51, 51, 0, 282.43451177837886, 51
51, 1007369, 575769, 431600, 4318335.285392289, 90, 40, 50, 326.1070288241023, 41
1, 1007453, 575813, 431640, 4318655.9254026925, 84, 44, 40, 320.64001040350905, 45
1, 1007495, 575855, 431640, 4318923.898392195, 42, 42, 0, 267.97298950218305, 42
1, 1007565, 575895, 431670, 4319229.249153047, 70, 40, 30, 305.3507608519078, 41
51, 1007657, 575937, 431720, 4319557.453254515, 92, 42, 50, 328.20410146824725, 43
1, 1007693, 575973, 431720, 4319814.602228793, 36, 36, 0, 257.1489742783178, 36
1, 1007772, 576012, 431760, 4320129.632978924, 79, 39, 40, 315.03075013013313, 40
1, 1007807, 576047, 431760, 4320384.862906833, 35, 35, 0, 255.22992790977875, 35
51, 1007902, 576092, 431810, 4320716.161470968, 95, 45, 50, 331.2985641352145, 46
1, 1007970, 576130, 431840, 4321019.023642071, 68, 38, 30, 302.86217110259, 39
1, 1008014, 576174, 431840, 4321290.37459976, 44, 44, 0, 271.35095769013947, 44
1, 1008097, 576217, 431880, 4321609.909547689, 83, 43, 40, 319.5349479292333, 44
51, 1008217, 576257, 431960, 4321962.0846396545, 120, 40, 80, 352.1750919646873, 42
1, 1008254, 576294, 431960, 4322221.117211111, 37, 37, 0, 259.03257145596604, 37
1, 1008314, 576324, 431990, 4322513.532979482, 60, 30, 30, 292.41576837137404, 31
1, 1008397, 576367, 432030, 4322833.067927411, 83, 43, 40, 319.5349479292333, 44
1, 1008441, 576411, 432030, 4323104.418885101, 44, 44, 0, 271.35095769013947, 44
51, 1008570, 576450, 432120, 4323463.432485592, 129, 39, 90, 359.01360049114555, 41
1, 1008638, 576488, 432150, 4323766.294656694, 68, 38, 30, 302.86217110259, 39
1, 1008688, 576538, 432150, 4324047.209451541, 50, 50, 0, 280.9147948472494, 50
1, 1008759, 576579, 432180, 4324353.78776236, 71, 41, 30, 306.57831081870995, 42
51, 1008893, 576623, 432270, 4324717.020578278, 134, 44, 90, 363.23281591860336, 46
1, 1008931, 576661, 432270, 4324977.902957898, 38, 38, 0, 260.88237961983884, 38
1, 1008970, 576700, 432270, 4325240.6028978415, 39, 39, 0, 262.6999399439383, 39
51, 1009086, 576736, 432350, 4325589.184701333, 116, 36, 80, 348.5818034911291, 38
1, 1009137, 576787, 432350, 4325871.619213111, 51, 51, 0, 282.43451177837886, 51
1, 1009214, 576824, 432390, 4326184.344876877, 77, 37, 40, 312.72566376652986, 38
1, 1009284, 576864, 432420, 4326489.695637729, 70, 40, 30, 305.3507608519078, 41
51, 1009375, 576905, 432470, 4326816.854699668, 91, 41, 50, 327.1590619387661, 42
1, 1009420, 576950, 432470, 4327089.856706079, 45, 45, 0, 273.00200641113514, 45
1, 1009504, 576994, 432510, 4327410.496716483, 84, 44, 40, 320.64001040350905, 45
1, 1009529, 577019, 432510, 4327644.103514233, 25, 25, 0, 233.60679774997897, 25
1, 1009596, 577056, 432540, 4327945.704069491, 67, 37, 30, 301.6005552576305, 38
51, 1009682, 577092, 432590, 4328267.5302341385, 86, 36, 50, 321.82616464756694, 37
1, 1009754, 577134, 432620, 4328575.325297163, 72, 42, 30, 307.79506302439404, 43
1, 1009831, 577171, 432660, 4328888.050960929, 77, 37, 40, 312.72566376652986, 38
1, 1009877, 577217, 432660, 4329162.680029643, 46, 46, 0, 274.6290687140218, 46
1, 1009916, 577256, 432660, 4329425.379969587, 39, 39, 0, 262.6999399439383, 39
51, 1010013, 577303, 432710, 4329758.708868858, 97, 47, 50, 333.3288992714996, 48
1, 1010053, 577343, 432710, 4330023.195554795, 40, 40, 0, 264.4866859365871, 40
1, 1010156, 577376, 432780, 4330360.56880485, 103, 33, 70, 337.37325005549695, 35
1, 1010204, 577424, 432780, 4330638.383607441, 48, 48, 0, 277.8148025904985, 48
51, 1010328, 577468, 432860, 4330994.0830039885, 124, 44, 80, 355.6993965481514, 46
1, 1010371, 577511, 432860, 4331263.757964192, 43, 43, 0, 269.6749602031015, 43
1, 1010438, 577548, 432890, 4331565.35851945, 67, 37, 30, 301.6005552576305, 38
1, 1010480, 577590, 432890, 4331833.331508952, 42, 42, 0, 267.97298950218305, 42
51, 1010607, 577627, 432980, 4332190.631191252, 127, 37, 90, 357.2996822992933, 39
1, 1010647, 577667, 432980, 4332455.117877188, 40, 40, 0, 264.4866859365871, 40
1, 1010723, 577713, 433010, 4332767.677049561, 76, 46, 30, 312.5591723737189, 47
1, 1010763, 577753, 433010, 4333032.163735498, 40, 40, 0, 264.4866859365871, 40
51, 1010847, 577787, 433060, 4333351.803745901, 84, 34, 50, 319.64001040350905, 35
1, 1010964, 577834, 433130, 4333702.2905627, 117, 47, 70, 350.4868167986058, 49
1, 1011000, 577870, 433130, 4333959.439536978, 36, 36, 0, 257.1489742783178, 36
1, 1011042, 577912, 433130, 4334227.41252648, 42, 42, 0, 267.97298950218305, 42
1, 1011079, 577949, 433130, 4334486.445097936, 37, 37, 0, 259.03257145596604, 37
51, 1011239, 577989, 433250, 4334867.4009799445, 160, 40, 120, 380.95588200778457, 43
1, 1011275, 578025, 433250, 4335124.5499542225, 36, 36, 0, 257.1489742783178, 36
1, 1011341, 578061, 433280, 4335424.8769425, 66, 36, 30, 300.32698827717985, 37
1, 1011383, 578103, 433280, 4335692.849932002, 42, 42, 0, 267.97298950218305, 42
1, 1011414, 578134, 433280, 4335940.011038179, 31, 31, 0, 247.1611061770567, 31
51, 1011495, 578165, 433330, 4336256.311038178, 81, 31, 50, 316.3, 32
1, 1011580, 578210, 433370, 4336578.04806585, 85, 45, 40, 321.73702767108114, 46
1, 1011656, 578256, 433400, 4336890.607238223, 76, 46, 30, 312.5591723737189, 47
1, 1011708, 578308, 433400, 4337174.542199651, 52, 52, 0, 283.93496142826496, 52
1, 1011789, 578349, 433440, 4337491.842199651, 81, 41, 40, 317.3, 42
51, 1011873, 578383, 433490, 4337811.482210054, 84, 34, 50, 319.64001040350905, 35
1, 1011906, 578416, 433490, 4338062.760382747, 33, 33, 0, 251.27817269284301, 33
1, 1011950, 578460, 433490, 4338334.111340437, 44, 44, 0, 271.35095769013947, 44
1, 1012064, 578504, 433560, 4338681.869328129, 114, 44, 70, 347.75798769167545, 46
51, 1012152, 578542, 433610, 4339005.85075949, 88, 38, 50, 323.98143136087856, 39
1, 1012194, 578584, 433610, 4339273.823748993, 42, 42, 0, 267.97298950218305, 42
1, 1012260, 578620, 433640, 4339574.15073727, 66, 36, 30, 300.32698827717985, 37
51, 1012359, 578669, 433690, 4339909.484951823, 99, 49, 50, 335.33421455299043, 50
1, 1012437, 578707, 433730, 4340223.367738443, 78, 38, 40, 313.8827866200841, 39
1, 1012500, 578740, 433760, 4340519.799063169, 63, 33, 30, 296.43132472612575, 34
1, 1012584, 578784, 433800, 4340840.439073573, 84, 44, 40, 320.64001040350905, 45
1, 1012615, 578815, 433800, 4341087.60017975, 31, 31, 0, 247.1611061770567, 31
51, 1012705, 578855, 433850, 4341413.707208574, 90, 40, 50, 326.1070288241023, 41
1, 1012769, 578889, 433880, 4341711.449921048, 64, 34, 30, 297.742712474619, 35
1, 1012846, 578926, 433920, 4342024.1755848145, 77, 37, 40, 312.72566376652986, 38
1, 1012884, 578964, 433920, 4342285.057964434, 38, 38, 0, 260.88237961983884, 38
51, 1013041, 579001, 434040, 4342663.734857552, 157, 37, 120, 378.67689311792185, 40
1, 1013083, 579043, 434040, 4342931.707847054, 42, 42, 0, 267.97298950218305, 42
1, 1013122, 579082, 434040, 4343194.407786998, 39, 39, 0, 262.6999399439383, 39
1, 1013167, 579127, 434040, 4343467.4097934095, 45, 45, 0, 273.00200641113514, 45
51, 1013286, 579166, 434120, 4343818.693188611, 119, 39, 80, 351.28339520229764, 41
1, 1013336, 579216, 434120, 4344099.607983459, 50, 50, 0, 280.9147948472494, 50
1, 1013424, 579264, 434160, 4344424.58941482, 88, 48, 40, 324.98143136087856, 49
1, 1013495, 579305, 434190, 4344731.1677256385, 71, 41, 30, 306.57831081870995, 42
51, 1013591, 579351, 434240, 4345063.4846416535, 96, 46, 50, 332.31691601465747, 47
1, 1013636, 579396, 434240, 4345336.486648065, 45, 45, 0, 273.00200641113514, 45
1, 1013671, 579431, 434240, 4345591.716575975, 35, 35, 0, 255.22992790977875, 35
1, 1013720, 579480, 434240, 4345871.091707081, 49, 49, 0, 279.3751311064591, 49
51, 1013877, 579517, 434360, 4346249.768600198, 157, 37, 120, 378.67689311792185, 40
1, 1013911, 579551, 434360, 4346503.042240475, 34, 34, 0, 253.2736402766418, 34
1, 1013953, 579593, 434360, 4346771.015229978, 42, 42, 0, 267.97298950218305, 42
1, 1014032, 579632, 434400, 4347086.045980108, 79, 39, 40, 315.03075013013313, 40
51, 1014157, 579677, 434480, 4347442.6161325965, 125, 45, 80, 356.57015248821097, 47
1, 1014207, 579727, 434480, 4347723.530927444, 50, 50, 0, 280.9147948472494, 50
1, 1014239, 579759, 434480, 4347972.772350444, 32, 32, 0, 249.24142300054422, 32
51, 1014408, 579808, 434600, 4348360.427477991, 169, 49, 120, 387.65512754639894, 52
1, 1014443, 579843, 434600, 4348615.657405901, 35, 35, 0, 255.22992790977875, 35
1, 1014480, 579880, 434600, 4348874.689977357, 37, 37, 0, 259.03257145596604, 37
1, 1014514, 579914, 434600, 4349127.963617634, 34, 34, 0, 253.2736402766418, 34
51, 1014641, 579961, 434680, 4349486.263299934, 127, 47, 80, 358.2996822992933, 49
1, 1014730, 580010, 434720, 4349812.311165498, 89, 49, 40, 326.0478655640733, 50
1, 1014767, 580047, 434720, 4350071.343736954, 37, 37, 0, 259.03257145596604, 37
1, 1014816, 580096, 434720, 4350350.71886806, 49, 49, 0, 279.3751311064591, 49
51, 1014975, 580135, 434840, 4350730.917730533, 159, 39, 120, 380.1988624723894, 42
1, 1015023, 580183, 434840, 4351008.732533123, 48, 48, 0, 277.8148025904985, 48
1, 1015061, 580221, 434840, 4351269.614912743, 38, 38, 0, 260.88237961983884, 38
1, 1015098, 580258, 434840, 4351528.647484199, 37, 37, 0, 259.03257145596604, 37
51, 1015223, 580293, 434930, 4351884.217636688, 125, 35, 90, 355.57015248821097, 37
1, 1015257, 580327, 434930, 4352137.491276965, 34, 34, 0, 253.2736402766418, 34
1, 1015316, 580356, 434960, 4352428.540077212, 59, 29, 30, 291.0488002476036, 30
1, 1015402, 580402, 435000, 4352751.36624186, 86, 46, 40, 322.82616464756694, 47
51, 1015491, 580441, 435050, 4353076.414107424, 89, 39, 50, 325.0478655640733, 40
1, 1015556, 580476, 435080, 4353375.455258868, 65, 35, 30, 299.04115144336777, 36
1, 1015600, 580520, 435080, 4353646.8062165575, 44, 44, 0, 271.35095769013947, 44
1, 1015698, 580548, 435150, 4353979.240844922, 98, 28, 70, 332.4346283645789, 30
1, 1015733, 580583, 435150, 4354234.470772832, 35, 35, 0, 255.22992790977875, 35
51, 1015827, 580627, 435200, 4354564.744498679, 94, 44, 50, 330.273725847777, 45
1, 1015870, 580670, 435200, 4354834.419458883, 43, 43, 0, 269.6749602031015, 43
1, 1015906, 580706, 435200, 4355091.568433161, 36, 36, 0, 257.1489742783178, 36
1, 1015985, 580745, 435240, 4355406.599183291, 79, 39, 40, 315.03075013013313, 40
51, 1016109, 580789, 435320, 4355762.298579839, 124, 44, 80, 355.6993965481514, 46
1, 1016150, 580830, 435320, 4356028.542533282, 41, 41, 0, 266.24395344352433, 41
1, 1016262, 580872, 435390, 4356374.457845622, 112, 42, 70, 345.91531233955715, 44
1, 1016296, 580906, 435390, 4356627.731485899, 34, 34, 0, 253.2736402766418, 34
51, 1016385, 580945, 435440, 4356952.779351463, 89, 39, 50, 325.0478655640733, 40
1, 1016468, 580988, 435480, 4357272.314299392, 83, 43, 40, 319.5349479292333, 44
1, 1016500, 581020, 435480, 4357521.555722392, 32, 32, 0, 249.24142300054422, 32
1, 1016570, 581060, 435510, 4357826.906483244, 70, 40, 30, 305.3507608519078, 41
1, 1016615, 581105, 435510, 4358099.908489656, 45, 45, 0, 273.00200641113514, 45
51, 1016737, 581147, 435590, 4358453.85410821, 122, 42, 80, 353.9456185537469, 44
1, 1016820, 581190, 435630, 4358773.389056139, 83, 43, 40, 319.5349479292333, 44
1, 1016865, 581235, 435630, 4359046.39106255, 45, 45, 0, 273.00200641113514, 45
1, 1016943, 581283, 435660, 4359361.273849171, 78, 48, 30, 314.8827866200841, 49
51, 1017035, 581325, 435710, 4359689.477950639, 92, 42, 50, 328.20410146824725, 43
1, 1017069, 581359, 435710, 4359942.751590916, 34, 34, 0, 253.2736402766418, 34
1, 1017142, 581392, 435750, 4360250.752869485, 73, 33, 40, 308.00127856917646, 34
1, 1017211, 581431, 435780, 4360554.865011195, 69, 39, 30, 304.1121417102006, 40
51, 1017297, 581467, 435830, 4360876.691175843, 86, 36, 50, 321.82616464756694, 37
1, 1017382, 581512, 435870, 4361198.428203514, 85, 45, 40, 321.73702767108114, 46
1, 1017415, 581545, 435870, 4361449.706376207, 33, 33, 0, 251.27817269284301, 33
1, 1017477, 581577, 435900, 4361744.813002537, 62, 32, 30, 295.1066263296683, 33
51, 1017608, 581618, 435990, 4362105.525330752, 131, 41, 90, 360.7123282155055, 43
1, 1017654, 581664, 435990, 4362380.154399466, 46, 46, 0, 274.6290687140218, 46
1, 1017695, 581705, 435990, 4362646.398352909, 41, 41, 0, 266.24395344352433, 41
51, 1017823, 581753, 436070, 4363005.55691901, 128, 48, 80, 359.1585661014858, 50
1, 1017905, 581795, 436110, 4363323.978588854, 82, 42, 40, 318.42166984345636, 43
1, 1017941, 581831, 436110, 4363581.127563132, 36, 36, 0, 257.1489742783178, 36
1, 1018049, 581869, 436180, 4363923.298542679, 108, 38, 70, 342.1709795470626, 40
51, 1018143, 581913, 436230, 4364253.572268527, 94, 44, 50, 330.273725847777, 45
1, 1018192, 581962, 436230, 4364532.947399633, 49, 49, 0, 279.3751311064591, 49
1, 1018258, 581998, 436260, 4364833.27438791, 66, 36, 30, 300.32698827717985, 37
1, 1018301, 582041, 436260, 4365102.9493481135, 43, 43, 0, 269.6749602031015, 43
51, 1018437, 582087, 436350, 4365467.844645148, 136, 46, 90, 364.89529703482884, 48
1, 1018477, 582127, 436350, 4365732.3313310845, 40, 40, 0, 264.4866859365871, 40
1, 1018545, 582165, 436380, 4366035.193502187, 68, 38, 30, 302.86217110259, 39
51, 1018651, 582221, 436430, 4366377.3615457965, 106, 56, 50, 342.16804360962783, 57
1, 1018696, 582266, 436430, 4366650.363552208, 45, 45, 0, 273.00200641113514, 45
1, 1018734, 582304, 436430, 4366911.245931827, 38, 38, 0, 260.88237961983884, 38
51, 1018898, 582348, 436550, 4367295.2041226635, 164, 44, 120, 383.9581908363381, 47
1, 1018940, 582390, 436550, 4367563.177112166, 42, 42, 0, 267.97298950218305, 42
1, 1018991, 582441, 436550, 4367845.611623944, 51, 51, 0, 282.43451177837886, 51
51, 1019088, 582488, 436600, 4368178.940523216, 97, 47, 50, 333.3288992714996, 48
1, 1019155, 582525, 436630, 4368480.541078473, 67, 37, 30, 301.6005552576305, 38
1, 1019243, 582573, 436670, 4368805.522509835, 88, 48, 40, 324.98143136087856, 49
51, 1019342, 582622, 436720, 4369140.856724388, 99, 49, 50, 335.33421455299043, 50
1, 1019385, 582665, 436720, 4369410.531684591, 43, 43, 0, 269.6749602031015, 43
1, 1019423, 582703, 436720, 4369671.414064211, 38, 38, 0, 260.88237961983884, 38
1, 1019467, 582747, 436720, 4369942.765021901, 44, 44, 0, 271.35095769013947, 44
1, 1019534, 582784, 436750, 4370244.3655771585, 67, 37, 30, 301.6005552576305, 38
51, 1019668, 582828, 436840, 4370607.598393077, 134, 44, 90, 363.23281591860336, 46
1, 1019726, 582856, 436870, 4370897.265295184, 58, 28, 30, 289.66690210718946, 29
1, 1019778, 582908, 436870, 4371181.200256612, 52, 52, 0, 283.93496142826496, 52
1, 1019822, 582952, 436870, 4371452.551214302, 44, 44, 0, 271.35095769013947, 44
1, 1019893, 582993, 436900, 4371759.12952512, 71, 41, 30, 306.57831081870995, 42
51, 1019982, 583032, 436950, 4372084.177390684, 89, 39, 50, 325.0478655640733, 40
1, 1020064, 583074, 436990, 4372402.599060528, 82, 42, 40, 318.42166984345636, 43
1, 1020112, 583122, 436990, 4372680.413863119, 48, 48, 0, 277.8148025904985, 48
1, 1020184, 583164, 437020, 4372988.208926143, 72, 42, 30, 307.79506302439404, 43
1, 1020271, 583211, 437060, 4373312.116507141, 87, 47, 40, 323.9075809977351, 48
51, 1020361, 583251, 437110, 4373638.223535965, 90, 40, 50, 326.1070288241023, 41
1, 1020413, 583303, 437110, 4373922.158497393, 52, 52, 0, 283.93496142826496, 52
1, 1020454, 583344, 437110, 4374188.402450836, 41, 41, 0, 266.24395344352433, 41
1, 1020535, 583385, 437150, 4374505.702450836, 81, 41, 40, 317.3, 42
51, 1020649, 583419, 437230, 4374852.460438528, 114, 34, 80, 346.75798769167545, 36
1, 1020695, 583465, 437230, 4375127.089507242, 46, 46, 0, 274.6290687140218, 46
1, 1020741, 583511, 437230, 4375401.718575955, 46, 46, 0, 274.6290687140218, 46
1, 1020777, 583547, 437230, 4375658.867550233, 36, 36, 0, 257.1489742783178, 36
51, 1020932, 583582, 437350, 4376036.011702771, 155, 35, 120, 377.14415253747273, 38
1, 1020974, 583624, 437350, 4376303.984692274, 42, 42, 0, 267.97298950218305, 42
1, 1021037, 583657, 437380, 4376600.416017, 63, 33, 30, 296.43132472612575, 34
51, 1021114, 583684, 437430, 4376912.141680766, 77, 27, 50, 311.72566376652986, 28
1, 1021188, 583728, 437460, 4377222.338889533, 74, 44, 30, 310.1972087668518, 45
1, 1021271, 583771, 437500, 4377541.873837462, 83, 43, 40, 319.5349479292333, 44
1, 1021315, 583815, 437500, 4377813.2247951515, 44, 44, 0, 271.35095769013947, 44
51, 1021405, 583855, 437550, 4378139.331823976, 90, 40, 50, 326.1070288241023, 41
1, 1021446, 583896, 437550, 4378405.575777419, 41, 41, 0, 266.24395344352433, 41
1, 1021487, 583937, 437550, 4378671.819730862, 41, 41, 0, 266.24395344352433, 41
1, 1021595, 583975, 437620, 4379013.990710409, 108, 38, 70, 342.1709795470626, 40
1, 1021633, 584013, 437620, 4379274.873090029, 38, 38, 0, 260.88237961983884, 38
51, 1021730, 584060, 437670, 4379608.201989301, 97, 47, 50, 333.3288992714996, 48
1, 1021779, 584109, 437670, 4379887.577120407, 49, 49, 0, 279.3751311064591, 49
1, 1021813, 584143, 437670, 4380140.850760683, 34, 34, 0, 253.2736402766418, 34
1, 1021891, 584181, 437710, 4380454.733547304, 78, 38, 40, 313.8827866200841, 39
51, 1022013, 584223, 437790, 4380808.679165858, 122, 42, 80, 353.9456185537469, 44
1, 1022053, 584263, 437790, 4381073.165851794, 40, 40, 0, 264.4866859365871, 40
1, 1022096, 584306, 437790, 4381342.840811998, 43, 43, 0, 269.6749602031015, 43
1, 1022208, 584348, 437860, 4381688.756124337, 112, 42, 70, 345.91531233955715, 44
1, 1022249, 584389, 437860, 4381955.00007778, 41, 41, 0, 266.24395344352433, 41
51, 1022365, 584425, 437940, 4382303.581881272, 116, 36, 80, 348.5818034911291, 38
1, 1022404, 584464, 437940, 4382566.2818212155, 39, 39, 0, 262.6999399439383, 39
1, 1022486, 584506, 437980, 4382884.703491059, 82, 42, 40, 318.42166984345636, 43
1, 1022525, 584545, 437980, 4383147.403431003, 39, 39, 0, 262.6999399439383, 39
51, 1022647, 584587, 438060, 4383501.349049557, 122, 42, 80, 353.9456185537469, 44
1, 1022686, 584626, 438060, 4383764.048989501, 39, 39, 0, 262.6999399439383, 39
1, 1022801, 584671, 438130, 4384112.721206563, 115, 45, 70, 348.6722170622053, 47
1, 1022840, 584710, 438130, 4384375.421146506, 39, 39, 0, 262.6999399439383, 39
1, 1022879, 584749, 438130, 4384638.12108645, 39, 39, 0, 262.6999399439383, 39
51, 1023015, 584795, 438220, 4385003.016383485, 136, 46, 90, 364.89529703482884, 48
1, 1023050, 584830, 438220, 4385258.2463113945, 35, 35, 0, 255.22992790977875, 35
1, 1023094, 584874, 438220, 4385529.597269084, 44, 44, 0, 271.35095769013947, 44
1, 1023199, 584909, 438290, 4385868.905856378, 105, 35, 70, 339.30858729436795, 37
51, 1023289, 584949, 438340, 4386195.012885203, 90, 40, 50, 326.1070288241023, 41
1, 1023361, 584991, 438370, 4386502.807948227, 72, 42, 30, 307.79506302439404, 43
1, 1023405, 585035, 438370, 4386774.158905917, 44, 44, 0, 271.35095769013947, 44
1, 1023510, 585070, 438440, 4387113.467493211, 105, 35, 70, 339.30858729436795, 37
51, 1023606, 585116, 438490, 4387445.784409226, 96, 46, 50, 332.31691601465747, 47
1, 1023674, 585154, 438520, 4387748.646580328, 68, 38, 30, 302.86217110259, 39
1, 1023766, 585206, 438560, 4388077.850681797, 92, 52, 40, 329.20410146824725, 53
51, 1023857, 585247, 438610, 4388405.009743735, 91, 41, 50, 327.1590619387661, 42
1, 1023935, 585295, 438640, 4388719.892530356, 78, 48, 30, 314.8827866200841, 49
1, 1024026, 585346, 438680, 4389048.051592294, 91, 51, 40, 328.1590619387661, 52
1, 1024067, 585387, 438680, 4389314.295545737, 41, 41, 0, 266.24395344352433, 41
1, 1024113, 585433, 438680, 4389588.924614451, 46, 46, 0, 274.6290687140218, 46
51, 1024212, 585482, 438730, 4389924.258829004, 99, 49, 50, 335.33421455299043, 50
1, 1024323, 585523, 438800, 4390269.245547045, 111, 41, 70, 344.9867180408456, 43
1, 1024369, 585569, 438800, 4390543.874615759, 46, 46, 0, 274.6290687140218, 46
1, 1024405, 585605, 438800, 4390801.023590037, 36, 36, 0, 257.1489742783178, 36
51, 1024498, 585648, 438850, 4391130.265869943, 93, 43, 50, 329.24227990714814, 44
1, 1024524, 585674, 438850, 4391366.275956378, 26, 26, 0, 236.01008643532256, 26
1, 1024601, 585711, 438890, 4391679.001620145, 77, 37, 40, 312.72566376652986, 38
1, 1024665, 585745, 438920, 4391976.744332619, 64, 34, 30, 297.742712474619, 35
51, 1024758, 585788, 438970, 4392305.986612526, 93, 43, 50, 329.24227990714814, 44
1, 1024792, 585822, 438970, 4392559.260252803, 34, 34, 0, 253.2736402766418, 34
1, 1024844, 585874, 438970, 4392843.195214231, 52, 52, 0, 283.93496142826496, 52
1, 1024920, 585910, 439010, 4393154.754386604, 76, 36, 40, 311.5591723737189, 37
51, 1025037, 585947, 439090, 4393504.241203402, 117, 37, 80, 349.4868167986058, 39
1, 1025080, 585990, 439090, 4393773.916163606, 43, 43, 0, 269.6749602031015, 43
1, 1025117, 586027, 439090, 4394032.948735062, 37, 37, 0, 259.03257145596604, 37
51, 1025247, 586067, 439180, 4394392.8135726005, 130, 40, 90, 359.86483753851803, 42
1, 1025319, 586109, 439210, 4394700.608635625, 72, 42, 30, 307.79506302439404, 43
1, 1025357, 586147, 439210, 4394961.491015244, 38, 38, 0, 260.88237961983884, 38
1, 1025470, 586190, 439280, 4395308.330059114, 113, 43, 70, 346.83904386951343, 45
1, 1025503, 586223, 439280, 4395559.608231807, 33, 33, 0, 251.27817269284301, 33
51, 1025590, 586260, 439330, 4395882.515812805, 87, 37, 50, 322.9075809977351, 38
1, 1025689, 586289, 439400, 4396215.950027358, 99, 29, 70, 333.43421455299045, 31
1, 1025738, 586338, 439400, 4396495.325158464, 49, 49, 0, 279.3751311064591, 49
1, 1025772, 586372, 439400, 4396748.598798741, 34, 34, 0, 253.2736402766418, 34
1, 1025802, 586402, 439400, 4396993.633530673, 30, 30, 0, 245.0347319320716, 30
51, 1025901, 586451, 439450, 4397328.967745226, 99, 49, 50, 335.33421455299043, 50
1, 1025963, 586483, 439480, 4397624.074371556, 62, 32, 30, 295.1066263296683, 33
1, 1026044, 586524, 439520, 4397941.374371556, 81, 41, 40, 317.3, 42
1, 1026082, 586562, 439520, 4398202.256751175, 38, 38, 0, 260.88237961983884, 38
51, 1026171, 586601, 439570, 4398527.304616739, 89, 39, 50, 325.0478655640733, 40
1, 1026248, 586638, 439610, 4398840.030280505, 77, 37, 40, 312.72566376652986, 38
1, 1026289, 586679, 439610, 4399106.274233948, 41, 41, 0, 266.24395344352433, 41
1, 1026354, 586714, 439640, 4399405.315385392, 65, 35, 30, 299.04115144336777, 36
51, 1026440, 586750, 439690, 4399727.14155004, 86, 36, 50, 321.82616464756694, 37
1, 1026518, 586788, 439730, 4400041.02433666, 78, 38, 40, 313.8827866200841, 39
1, 1026543, 586813, 439730, 4400274.63113441, 25, 25, 0, 233.60679774997897, 25
1, 1026618, 586848, 439770, 4400585.014230048, 75, 35, 40, 310.38309563827124, 36
51, 1026710, 586890, 439820, 4400913.218331517, 92, 42, 50, 328.20410146824725, 43
1, 1026787, 586937, 439850, 4401226.943995283, 77, 47, 30, 313.72566376652986, 48
1, 1026861, 586971, 439890, 4401536.14120405, 74, 34, 40, 309.1972087668518, 35
1, 1026902, 587012, 439890, 4401802.385157493, 41, 41, 0, 266.24395344352433, 41
1, 1026935, 587045, 439890, 4402053.663330186, 33, 33, 0, 251.27817269284301, 33
51, 1027023, 587083, 439940, 4402377.644761547, 88, 38, 50, 323.98143136087856, 39
1, 1027101, 587121, 439980, 4402691.527548168, 78, 38, 40, 313.8827866200841, 39
1, 1027164, 587154, 440010, 4402987.958872894, 63, 33, 30, 296.43132472612575, 34
51, 1027258, 587198, 440060, 4403318.232598742, 94, 44, 50, 330.273725847777, 45
1, 1027365, 587235, 440130, 4403659.454744011, 107, 37, 70, 341.2221452697031, 39
1, 1027406, 587276, 440130, 4403925.698697454, 41, 41, 0, 266.24395344352433, 41
1, 1027442, 587312, 440130, 4404182.847671732, 36, 36, 0, 257.1489742783178, 36
1, 1027483, 587353, 440130, 4404449.091625175, 41, 41, 0, 266.24395344352433, 41
51, 1027604, 587394, 440210, 4404802.154104211, 121, 41, 80, 353.06247903554, 43
1, 1027689, 587439, 440250, 4405123.891131883, 85, 45, 40, 321.73702767108114, 46
1, 1027728, 587478, 440250, 4405386.591071826, 39, 39, 0, 262.6999399439383, 39
1, 1027761, 587511, 440250, 4405637.86924452, 33, 33, 0, 251.27817269284301, 33
1, 1027826, 587546, 440280, 4405936.910395963, 65, 35, 30, 299.04115144336777, 36
51, 1027953, 587583, 440370, 4406294.210078263, 127, 37, 90, 357.2996822992933, 39
1, 1027988, 587618, 440370, 4406549.440006172, 35, 35, 0, 255.22992790977875, 35
1, 1028033, 587663, 440370, 4406822.442012584, 45, 45, 0, 273.00200641113514, 45
1, 1028059, 587689, 440370, 4407058.452099019, 26, 26, 0, 236.01008643532256, 26
51, 1028151, 587731, 440420, 4407386.656200487, 92, 42, 50, 328.20410146824725, 43
1, 1028213, 587763, 440450, 4407681.762826817, 62, 32, 30, 295.1066263296683, 33
1, 1028285, 587795, 440490, 4407988.5578898415, 72, 32, 40, 306.79506302439404, 33
1, 1028316, 587826, 440490, 4408235.718996018, 31, 31, 0, 247.1611061770567, 31
1, 1028361, 587871, 440490, 4408508.72100243, 45, 45, 0, 273.00200641113514, 45
51, 1028448, 587908, 440540, 4408831.6285834275, 87, 37, 50, 322.9075809977351, 38
1, 1028493, 587953, 440540, 4409104.630589839, 45, 45, 0, 273.00200641113514, 45
1, 1028612, 588002, 440610, 4409456.913985041, 119, 49, 70, 352.28339520229764, 51
1, 1028646, 588036, 440610, 4409710.187625318, 34, 34, 0, 253.2736402766418, 34
1, 1028715, 588075, 440640, 4410014.299767028, 69, 39, 30, 304.1121417102006, 40
51, 1028802, 588112, 440690, 4410337.207348025, 87, 37, 50, 322.9075809977351, 38
1, 1028844, 588154, 440690, 4410605.180337528, 42, 42, 0, 267.97298950218305, 42
1, 1028921, 588191, 440730, 4410917.906001294, 77, 37, 40, 312.72566376652986, 38
1, 1028992, 588232, 440760, 4411224.484312112, 71, 41, 30, 306.57831081870995, 42
51, 1029082, 588272, 440810, 4411550.591340937, 90, 40, 50, 326.1070288241023, 41
1, 1029116, 588306, 440810, 4411803.864981214, 34, 34, 0, 253.2736402766418, 34
1, 1029157, 588347, 440810, 4412070.108934657, 41, 41, 0, 266.24395344352433, 41
1, 1029201, 588391, 440810, 4412341.4598923465, 44, 44, 0, 271.35095769013947, 44
1, 1029281, 588431, 440850, 4412657.62964859, 80, 40, 40, 316.1697562442441, 41
51, 1029401, 588471, 440930, 4413009.804740556, 120, 40, 80, 352.1750919646873, 42
1, 1029445, 588515, 440930, 4413281.155698245, 44, 44, 0, 271.35095769013947, 44
1, 1029492, 588562, 440930, 4413557.388748115, 47, 47, 0, 276.2330498695885, 47
1, 1029581, 588611, 440970, 4413883.436613679, 89, 49, 40, 326.0478655640733, 50
1, 1029627, 588657, 440970, 4414158.065682393, 46, 46, 0, 274.6290687140218, 46
51, 1029714, 588694, 441020, 4414480.97326339, 87, 37, 50, 322.9075809977351, 38
1, 1029822, 588732, 441090, 4414823.144242938, 108, 38, 70, 342.1709795470626, 40
1, 1029870, 588780, 441090, 4415100.959045528, 48, 48, 0, 277.8148025904985, 48
1, 1029913, 588823, 441090, 4415370.634005732, 43, 43, 0, 269.6749602031015, 43
51, 1030003, 588863, 441140, 4415696.741034556, 90, 40, 50, 326.1070288241023, 41
1, 1030060, 588890, 441170, 4415985.010655061, 57, 27, 30, 288.2696205054472, 28
1, 1030092, 588922, 441170, 4416234.252078062, 32, 32, 0, 249.24142300054422, 32
51, 1030234, 588974, 441260, 4416604.053110618, 142, 52, 90, 369.8010325565812, 54
1, 1030276, 589016, 441260, 4416872.0261001205, 42, 42, 0, 267.97298950218305, 42
1, 1030397, 589067, 441330, 4417226.088579156, 121, 51, 70, 354.06247903554, 53
1, 1030448, 589118, 441330, 4417508.523090934, 51, 51, 0, 282.43451177837886, 51
1, 1030485, 589155, 441330, 4417767.555662391, 37, 37, 0, 259.03257145596604, 37
51, 1030579, 589199, 441380, 4418097.8293882385, 94, 44, 50, 330.273725847777, 45
1, 1030701, 589251, 441450, 4418452.7750067925, 122, 52, 70, 354.9456185537469, 54
1, 1030738, 589288, 441450, 4418711.807578249, 37, 37, 0, 259.03257145596604, 37
51, 1030840, 589310, 441530, 4419047.20476103, 102, 22, 80, 335.39718278112656, 24
1, 1030877, 589347, 441530, 4419306.237332487, 37, 37, 0, 259.03257145596604, 37
1, 1030911, 589381, 441530, 4419559.510972763, 34, 34, 0, 253.2736402766418, 34
51, 1031040, 589420, 441620, 4419918.524573254, 129, 39, 90, 359.01360049114555, 41
1, 1031115, 589465, 441650, 4420229.907668892, 75, 45, 30, 311.38309563827124, 46
1, 1031159, 589509, 441650, 4420501.258626582, 44, 44, 0, 271.35095769013947, 44
51, 1031250, 589550, 441700, 4420828.417688521, 91, 41, 50, 327.1590619387661, 42
1, 1031291, 589591, 441700, 4421094.661641964, 41, 41, 0, 266.24395344352433, 41
1, 1031329, 589629, 441700, 4421355.544021583, 38, 38, 0, 260.88237961983884, 38
1, 1031410, 589670, 441740, 4421672.844021583, 81, 41, 40, 317.3, 42
1, 1031478, 589708, 441770, 4421975.706192685, 68, 38, 30, 302.86217110259, 39
51, 1031561, 589741, 441820, 4422294.241140614, 83, 33, 50, 318.5349479292333, 34
1, 1031598, 589778, 441820, 4422553.273712071, 37, 37, 0, 259.03257145596604, 37
1, 1031676, 589816, 441860, 4422867.156498691, 78, 38, 40, 313.8827866200841, 39
1, 1031750, 589860, 441890, 4423177.353707458, 74, 44, 30, 310.1972087668518, 45
51, 1031841, 589901, 441940, 4423504.512769396, 91, 41, 50, 327.1590619387661, 42
1, 1031886, 589946, 441940, 4423777.514775808, 45, 45, 0, 273.00200641113514, 45
1, 1031927, 589987, 441940, 4424043.758729251, 41, 41, 0, 266.24395344352433, 41
1, 1032033, 590023, 442010, 4424384.02677286, 106, 36, 70, 340.2680436096278, 38
51, 1032125, 590065, 442060, 4424712.230874329, 92, 42, 50, 328.20410146824725, 43
1, 1032167, 590107, 442060, 4424980.203863831, 42, 42, 0, 267.97298950218305, 42
1, 1032205, 590145, 442060, 4425241.086243451, 38, 38, 0, 260.88237961983884, 38
51, 1032316, 590176, 442140, 4425585.0729614915, 111, 31, 80, 343.9867180408456, 33
1, 1032392, 590212, 442180, 4425896.632133865, 76, 36, 40, 311.5591723737189, 37
1, 1032428, 590248, 442180, 4426153.781108143, 36, 36, 0, 257.1489742783178, 36
1, 1032466, 590286, 442180, 4426414.663487762, 38, 38, 0, 260.88237961983884, 38
1, 1032572, 590322, 442250, 4426754.931531372, 106, 36, 70, 340.2680436096278, 38
51, 1032656, 590356, 442300, 4427074.571541775, 84, 34, 50, 319.64001040350905, 35
1, 1032683, 590383, 442300, 4427312.92224747, 27, 27, 0, 238.35070569547776, 27
1, 1032721, 590421, 442300, 4427573.80462709, 38, 38, 0, 260.88237961983884, 38
1, 1032768, 590468, 442300, 4427850.037676959, 47, 47, 0, 276.2330498695885, 47
1, 1032847, 590507, 442340, 4428165.06842709, 79, 39, 40, 315.03075013013313, 40
51, 1032964, 590544, 442420, 4428514.555243888, 117, 37, 80, 349.4868167986058, 39
1, 1033000, 590580, 442420, 4428771.704218166, 36, 36, 0, 257.1489742783178, 36
1, 1033075, 590625, 442450, 4429083.087313804, 75, 45, 30, 311.38309563827124, 46
1, 1033115, 590665, 442450, 4429347.57399974, 40, 40, 0, 264.4866859365871, 40
1, 1033224, 590704, 442520, 4429690.688631239, 109, 39, 70, 343.114631499574, 41
51, 1033308, 590738, 442570, 4430010.328641643, 84, 34, 50, 319.64001040350905, 35
1, 1033355, 590785, 442570, 4430286.561691512, 47, 47, 0, 276.2330498695885, 47
1, 1033396, 590826, 442570, 4430552.8056449555, 41, 41, 0, 266.24395344352433, 41
1, 1033460, 590860, 442600, 4430850.54835743, 64, 34, 30, 297.742712474619, 35
1, 1033538, 590898, 442640, 4431164.43114405, 78, 38, 40, 313.8827866200841, 39
51, 1033628, 590938, 442690, 4431490.538172875, 90, 40, 50, 326.1070288241023, 41
1, 1033709, 590989, 442720, 4431808.838172874, 81, 51, 30, 318.3, 52
1, 1033746, 591026, 442720, 4432067.870744331, 37, 37, 0, 259.03257145596604, 37
1, 1033789, 591069, 442720, 4432337.545704534, 43, 43, 0, 269.6749602031015, 43
51, 1033922, 591112, 442810, 4432699.941973575, 133, 43, 90, 362.3962690412072, 45
1, 1033963, 591153, 442810, 4432966.1859270185, 41, 41, 0, 266.24395344352433, 41
1, 1034069, 591189, 442880, 4433306.453970628, 106, 36, 70, 340.2680436096278, 38
1, 1034108, 591228, 442880, 4433569.153910572, 39, 39, 0, 262.6999399439383, 39
1, 1034144, 591264, 442880, 4433826.30288485, 36, 36, 0, 257.1489742783178, 36
51, 1034282, 591312, 442970, 4434192.846814401, 138, 48, 90, 366.54392955194305, 50
1, 1034350, 591350, 443000, 4434495.708985504, 68, 38, 30, 302.86217110259, 39
1, 1034381, 591381, 443000, 4434742.87009168, 31, 31, 0, 247.1611061770567, 31
1, 1034458, 591418, 443040, 4435055.595755447, 77, 37, 40, 312.72566376652986, 38
1, 1034523, 591453, 443070, 4435354.63690689, 65, 35, 30, 299.04115144336777, 36
51, 1034656, 591496, 443160, 4435717.033175931, 133, 43, 90, 362.3962690412072, 45
1, 1034692, 591532, 443160, 4435974.182150209, 36, 36, 0, 257.1489742783178, 36
1, 1034812, 591582, 443230, 4436327.357242174, 120, 50, 70, 353.1750919646873, 52
1, 1034851, 591621, 443230, 4436590.057182118, 39, 39, 0, 262.6999399439383, 39
51, 1034932, 591652, 443280, 4436906.357182118, 81, 31, 50, 316.3, 32
1, 1034970, 591690, 443280, 4437167.2395617375, 38, 38, 0, 260.88237961983884, 38
1, 1035005, 591725, 443280, 4437422.469489647, 35, 35, 0, 255.22992790977875, 35
1, 1035073, 591763, 443310, 4437725.331660749, 68, 38, 30, 302.86217110259, 39
51, 1035194, 591794, 443400, 4438077.394139785, 121, 31, 90, 352.06247903554, 33
1, 1035242, 591842, 443400, 4438355.208942376, 48, 48, 0, 277.8148025904985, 48
1, 1035327, 591887, 443440, 4438676.945970047, 85, 45, 40, 321.73702767108114, 46
1, 1035359, 591919, 443440, 4438926.187393048, 32, 32, 0, 249.24142300054422, 32
51, 1035450, 591960, 443490, 4439253.346454986, 91, 41, 50, 327.1590619387661, 42
1, 1035513, 591993, 443520, 4439549.777779712, 63, 33, 30, 296.43132472612575, 34
1, 1035558, 592038, 443520, 4439822.779786124, 45, 45, 0, 273.00200641113514, 45
51, 1035685, 592075, 443610, 4440180.0794684235, 127, 37, 90, 357.2996822992933, 39
1, 1035725, 592115, 443610, 4440444.56615436, 40, 40, 0, 264.4866859365871, 40
1, 1035765, 592155, 443610, 4440709.052840296, 40, 40, 0, 264.4866859365871, 40
51, 1035860, 592200, 443660, 4441040.351404431, 95, 45, 50, 331.2985641352145, 46
1, 1035974, 592244, 443730, 4441388.109392123, 114, 44, 70, 347.75798769167545, 46
1, 1036010, 592280, 443730, 4441645.258366401, 36, 36, 0, 257.1489742783178, 36
1, 1036046, 592316, 443730, 4441902.407340679, 36, 36, 0, 257.1489742783178, 36
1, 1036121, 592361, 443760, 4442213.790436317, 75, 45, 30, 311.38309563827124, 46
51, 1036208, 592398, 443810, 4442536.698017315, 87, 37, 50, 322.9075809977351, 38
1, 1036246, 592436, 443810, 4442797.580396934, 38, 38, 0, 260.88237961983884, 38
1, 1036329, 592479, 443850, 4443117.115344863, 83, 43, 40, 319.5349479292333, 44
1, 1036370, 592520, 443850, 4443383.3592983065, 41, 41, 0, 266.24395344352433, 41
51, 1036465, 592565, 443900, 4443714.657862442, 95, 45, 50, 331.2985641352145, 46
1, 1036543, 592613, 443930, 4444029.540649062, 78, 48, 30, 314.8827866200841, 49
1, 1036582, 592652, 443930, 4444292.240589006, 39, 39, 0, 262.6999399439383, 39
51, 1036736, 592686, 444050, 4444668.614256004, 154, 34, 120, 376.37366699756114, 37
1, 1036774, 592724, 444050, 4444929.496635623, 38, 38, 0, 260.88237961983884, 38
1, 1036817, 592767, 444050, 4445199.171595827, 43, 43, 0, 269.6749602031015, 43
1, 1036900, 592810, 444090, 4445518.706543756, 83, 43, 40, 319.5349479292333, 44
51, 1036982, 592842, 444140, 4445836.128213599, 82, 32, 50, 317.42166984345636, 33
1, 1037023, 592883, 444140, 4446102.372167042, 41, 41, 0, 266.24395344352433, 41
1, 1037130, 592920, 444210, 4446443.594312312, 107, 37, 70, 341.2221452697031, 39
1, 1037169, 592959, 444210, 4446706.294252256, 39, 39, 0, 262.6999399439383, 39
51, 1037294, 593004, 444290, 4447062.8644047445, 125, 45, 80, 356.57015248821097, 47
1, 1037370, 593040, 444330, 4447374.423577118, 76, 36, 40, 311.5591723737189, 37
1, 1037403, 593073, 444330, 4447625.701749811, 33, 33, 0, 251.27817269284301, 33
1, 1037460, 593100, 444360, 4447913.971370316, 57, 27, 30, 288.2696205054472, 28
51, 1037575, 593125, 444450, 4448260.643587378, 115, 25, 90, 346.6722170622053, 27
1, 1037610, 593160, 444450, 4448515.873515287, 35, 35, 0, 255.22992790977875, 35
1, 1037688, 593198, 444490, 4448829.756301908, 78, 38, 40, 313.8827866200841, 39
1, 1037760, 593240, 444520, 4449137.551364932, 72, 42, 30, 307.79506302439404, 43
51, 1037892, 593282, 444610, 4449499.107487359, 132, 42, 90, 361.55612242701943, 44
1, 1037927, 593317, 444610, 4449754.337415269, 35, 35, 0, 255.22992790977875, 35
1, 1037959, 593349, 444610, 4450003.578838269, 32, 32, 0, 249.24142300054422, 32
1, 1038073, 593393, 444680, 4450351.336825961, 114, 44, 70, 347.75798769167545, 46
51, 1038162, 593432, 444730, 4450676.384691525, 89, 39, 50, 325.0478655640733, 40
1, 1038206, 593476, 444730, 4450947.735649215, 44, 44, 0, 271.35095769013947, 44
1, 1038286, 593516, 444770, 4451263.905405459, 80, 40, 40, 316.1697562442441, 41
1, 1038360, 593560, 444800, 4451574.102614226, 74, 44, 30, 310.1972087668518, 45
51, 1038492, 593602, 444890, 4451935.658736653, 132, 42, 90, 361.55612242701943, 44
1, 1038542, 593652, 444890, 4452216.5735315, 50, 50, 0, 280.9147948472494, 50
1, 1038623, 593693, 444930, 4452533.8735315, 81, 41, 40, 317.3, 42
51, 1038739, 593729, 445010, 4452882.455334991, 116, 36, 80, 348.5818034911291, 38
1, 1038777, 593767, 445010, 4453143.337714611, 38, 38, 0, 260.88237961983884, 38
1, 1038816, 593806, 445010, 4453406.0376545545, 39, 39, 0, 262.6999399439383, 39
1, 1038884, 593844, 445040, 4453708.899825657, 68, 38, 30, 302.86217110259, 39
51, 1039024, 593894, 445130, 4454077.0788884815, 140, 50, 90, 368.1790628250393, 52
1, 1039065, 593935, 445130, 4454343.322841925, 41, 41, 0, 266.24395344352433, 41
1, 1039111, 593981, 445130, 4454617.951910638, 46, 46, 0, 274.6290687140218, 46
1, 1039228, 594028, 445200, 4454968.438727437, 117, 47, 70, 350.4868167986058, 49
1, 1039265, 594065, 445200, 4455227.471298893, 37, 37, 0, 259.03257145596604, 37
51, 1039350, 594100, 445250, 4455548.208326564, 85, 35, 50, 320.73702767108114, 36
1, 1039399, 594149, 445250, 4455827.58345767, 49, 49, 0, 279.3751311064591, 49
1, 1039439, 594189, 445250, 4456092.0701436065, 40, 40, 0, 264.4866859365871, 40
1, 1039515, 594225, 445290, 4456403.62931598, 76, 36, 40, 311.5591723737189, 37
51, 1039629, 594259, 445370, 4456750.387303672, 114, 34, 80, 346.75798769167545, 36
1, 1039662, 594292, 445370, 4457001.665476365, 33, 33, 0, 251.27817269284301, 33
1, 1039743, 594333, 445410, 4457318.965476365, 81, 41, 40, 317.3, 42
1, 1039787, 594377, 445410, 4457590.316434055, 44, 44, 0, 271.35095769013947, 44
1, 1039902, 594422, 445480, 4457938.988651116, 115, 45, 70, 348.6722170622053, 47
51, 1039997, 594467, 445530, 4458270.2872152515, 95, 45, 50, 331.2985641352145, 46
1, 1040036, 594506, 445530, 4458532.987155195, 39, 39, 0, 262.6999399439383, 39
1, 1040150, 594550, 445600, 4458880.745142887, 114, 44, 70, 347.75798769167545, 46
51, 1040226, 594576, 445650, 4459191.304315261, 76, 26, 50, 310.5591723737189, 27
1, 1040310, 594620, 445690, 4459511.944325664, 84, 44, 40, 320.64001040350905, 45
1, 1040358, 594668, 445690, 4459789.759128255, 48, 48, 0, 277.8148025904985, 48
1, 1040392, 594702, 445690, 4460043.032768532, 34, 34, 0, 253.2736402766418, 34
51, 1040489, 594749, 445740, 4460376.3616678035, 97, 47, 50, 333.3288992714996, 48
1, 1040591, 594781, 445810, 4460712.758850585, 102, 32, 70, 336.39718278112656, 34
1, 1040635, 594825, 445810, 4460984.109808275, 44, 44, 0, 271.35095769013947, 44
1, 1040704, 594864, 445840, 4461288.221949984, 69, 39, 30, 304.1121417102006, 40
51, 1040796, 594906, 445890, 4461616.426051453, 92, 42, 50, 328.20410146824725, 43
1, 1040839, 594949, 445890, 4461886.101011656, 43, 43, 0, 269.6749602031015, 43
1, 1040912, 594992, 445920, 4462195.102290225, 73, 43, 30, 309.00127856917646, 44
1, 1040997, 595037, 445960, 4462516.839317896, 85, 45, 40, 321.73702767108114, 46
51, 1041072, 595062, 446010, 4462826.222413534, 75, 25, 50, 309.38309563827124, 26
1, 1041113, 595103, 446010, 4463092.466366977, 41, 41, 0, 266.24395344352433, 41
1, 1041190, 595140, 446050, 4463405.192030744, 77, 37, 40, 312.72566376652986, 38
1, 1041233, 595183, 446050, 4463674.866990947, 43, 43, 0, 269.6749602031015, 43
51, 1041355, 595225, 446130, 4464028.812609501, 122, 42, 80, 353.9456185537469, 44
1, 1041388, 595258, 446130, 4464280.090782194, 33, 33, 0, 251.27817269284301, 33
1, 1041454, 595294, 446160, 4464580.417770471, 66, 36, 30, 300.32698827717985, 37
1, 1041528, 595328, 446200, 4464889.614979238, 74, 34, 40, 309.1972087668518, 35
51, 1041619, 595369, 446250, 4465216.774041177, 91, 41, 50, 327.1590619387661, 42
1, 1041659, 595409, 446250, 4465481.260727113, 40, 40, 0, 264.4866859365871, 40
1, 1041739, 595449, 446290, 4465797.430483357, 80, 40, 40, 316.1697562442441, 41
1, 1041804, 595484, 446320, 4466096.471634801, 65, 35, 30, 299.04115144336777, 36
51, 1041889, 595519, 446370, 4466417.208662472, 85, 35, 50, 320.73702767108114, 36
1, 1041971, 595561, 446410, 4466735.630332315, 82, 42, 40, 318.42166984345636, 43
1, 1042007, 595597, 446410, 4466992.779306593, 36, 36, 0, 257.1489742783178, 36
1, 1042067, 595627, 446440, 4467285.195074964, 60, 30, 30, 292.41576837137404, 31
1, 1042106, 595666, 446440, 4467547.895014908, 39, 39, 0, 262.6999399439383, 39
51, 1042243, 595713, 446530, 4467913.616337113, 137, 47, 90, 365.72132220485213, 49
1, 1042280, 595750, 446530, 4468172.6489085695, 37, 37, 0, 259.03257145596604, 37
1, 1042351, 595791, 446560, 4468479.227219388, 71, 41, 30, 306.57831081870995, 42
1, 1042436, 595836, 446600, 4468800.964247059, 85, 45, 40, 321.73702767108114, 46
51, 1042556, 595876, 446680, 4469153.139339024, 120, 40, 80, 352.1750919646873, 42
1, 1042592, 595912, 446680, 4469410.288313302, 36, 36, 0, 257.1489742783178, 36
1, 1042635, 595955, 446680, 4469679.963273506, 43, 43, 0, 269.6749602031015, 43
1, 1042684, 596004, 446680, 4469959.338404612, 49, 49, 0, 279.3751311064591, 49
51, 1042772, 596042, 446730, 4470283.319835973, 88, 38, 50, 323.98143136087856, 39
1, 1042846, 596076, 446770, 4470592.51704474, 74, 34, 40, 309.1972087668518, 35
1, 1042917, 596117, 446800, 4470899.095355558, 71, 41, 30, 306.57831081870995, 42
1, 1042955, 596155, 446800, 4471159.977735178, 38, 38, 0, 260.88237961983884, 38
1, 1043057, 596187, 446870, 4471496.374917959, 102, 32, 70, 336.39718278112656, 34
51, 1043144, 596224, 446920, 4471819.282498957, 87, 37, 50, 322.9075809977351, 38
1, 1043180, 596260, 446920, 4472076.431473235, 36, 36, 0, 257.1489742783178, 36
1, 1043224, 596304, 446920, 4472347.7824309245, 44, 44, 0, 271.35095769013947, 44
51, 1043325, 596355, 446970, 4472685.097818897, 101, 51, 50, 337.31538797227006, 52
1, 1043394, 596394, 447000, 4472989.209960607, 69, 39, 30, 304.1121417102006, 40
1, 1043483, 596443, 447040, 4473315.257826171, 89, 49, 40, 326.0478655640733, 50
1, 1043519, 596479, 447040, 4473572.406800449, 36, 36, 0, 257.1489742783178, 36
51, 1043643, 596513, 447130, 4473927.106196997, 124, 34, 90, 354.6993965481514, 36
1, 1043676, 596546, 447130, 4474178.38436969, 33, 33, 0, 251.27817269284301, 33
1, 1043768, 596598, 447170, 4474507.588471158, 92, 52, 40, 329.20410146824725, 53
1, 1043844, 596644, 447200, 4474820.147643532, 76, 46, 30, 312.5591723737189, 47
51, 1043931, 596681, 447250, 4475143.0552245295, 87, 37, 50, 322.9075809977351, 38
1, 1044006, 596716, 447290, 4475453.438320167, 75, 35, 40, 310.38309563827124, 36
1, 1044083, 596763, 447320, 4475767.163983934, 77, 47, 30, 313.72566376652986, 48
1, 1044127, 596807, 447320, 4476038.514941623, 44, 44, 0, 271.35095769013947, 44
1, 1044164, 596844, 447320, 4476297.54751308, 37, 37, 0, 259.03257145596604, 37
51, 1044257, 596887, 447370, 4476626.789792987, 93, 43, 50, 329.24227990714814, 44
1, 1044357, 596917, 447440, 4476961.217559003, 100, 30, 70, 334.42776601683795, 32
1, 1044401, 596961, 447440, 4477232.568516693, 44, 44, 0, 271.35095769013947, 44
1, 1044470, 597000, 447470, 4477536.680658403, 69, 39, 30, 304.1121417102006, 40
51, 1044556, 597036, 447520, 4477858.506823051, 86, 36, 50, 321.82616464756694, 37
1, 1044600, 597080, 447520, 4478129.857780741, 44, 44, 0, 271.35095769013947, 44
1, 1044671, 597111, 447560, 4478435.436091559, 71, 31, 40, 305.57831081870995, 32
1, 1044739, 597149, 447590, 4478738.298262661, 68, 38, 30, 302.86217110259, 39
51, 1044827, 597187, 447640, 4479062.279694023, 88, 38, 50, 323.98143136087856, 39
1, 1044897, 597227, 447670, 4479367.630454875, 70, 40, 30, 305.3507608519078, 41
1, 1044982, 597272, 447710, 4479689.367482546, 85, 45, 40, 321.73702767108114, 46
51, 1045075, 597315, 447760, 4480018.609762453, 93, 43, 50, 329.24227990714814, 44
1, 1045125, 597365, 447760, 4480299.5245573, 50, 50, 0, 280.9147948472494, 50
1, 1045234, 597404, 447830, 4480642.639188799, 109, 39, 70, 343.114631499574, 41
51, 1045316, 597436, 447880, 4480960.060858643, 82, 32, 50, 317.42166984345636, 33
1, 1045360, 597480, 447880, 4481231.4118163325, 44, 44, 0, 271.35095769013947, 44
1, 1045400, 597520, 447880, 4481495.898502269, 40, 40, 0, 264.4866859365871, 40
1, 1045481, 597561, 447920, 4481813.198502269, 81, 41, 40, 317.3, 42
51, 1045595, 597595, 448000, 4482159.956489961, 114, 34, 80, 346.75798769167545, 36
1, 1045628, 597628, 448000, 4482411.234662654, 33, 33, 0, 251.27817269284301, 33
1, 1045740, 597670, 448070, 4482757.149974993, 112, 42, 70, 345.91531233955715, 44
1, 1045783, 597713, 448070, 4483026.824935197, 43, 43, 0, 269.6749602031015, 43
51, 1045878, 597758, 448120, 4483358.123499332, 95, 45, 50, 331.2985641352145, 46
1, 1045915, 597795, 448120, 4483617.156070788, 37, 37, 0, 259.03257145596604, 37
1, 1045982, 597832, 448150, 4483918.756626046, 67, 37, 30, 301.6005552576305, 38
1, 1046071, 597881, 448190, 4484244.80449161, 89, 49, 40, 326.0478655640733, 50
51, 1046160, 597920, 448240, 4484569.852357174, 89, 39, 50, 325.0478655640733, 40
1, 1046245, 597965, 448280, 4484891.589384845, 85, 45, 40, 321.73702767108114, 46
1, 1046292, 598012, 448280, 4485167.822434715, 47, 47, 0, 276.2330498695885, 47
1, 1046372, 598062, 448310, 4485484.992190959, 80, 50, 30, 317.1697562442441, 51
51, 1046504, 598104, 448400, 4485846.548313386, 132, 42, 90, 361.55612242701943, 44
1, 1046547, 598147, 448400, 4486116.223273589, 43, 43, 0, 269.6749602031015, 43
1, 1046579, 598179, 448400, 4486365.46469659, 32, 32, 0, 249.24142300054422, 32
1, 1046609, 598209, 448400, 4486610.499428522, 30, 30, 0, 245.0347319320716, 30
1, 1046693, 598263, 448430, 4486932.139438925, 84, 54, 30, 321.64001040350905, 55
51, 1046781, 598301, 448480, 4487256.120870287, 88, 38, 50, 323.98143136087856, 39
1, 1046854, 598334, 448520, 4487564.122148856, 73, 33, 40, 308.00127856917646, 34
1, 1046923, 598373, 448550, 4487868.234290565, 69, 39, 30, 304.1121417102006, 40
1, 1046971, 598421, 448550, 4488146.049093156, 48, 48, 0, 277.8148025904985, 48
51, 1047098, 598458, 448640, 4488503.348775456, 127, 37, 90, 357.2996822992933, 39
1, 1047141, 598501, 448640, 4488773.023735659, 43, 43, 0, 269.6749602031015, 43
1, 1047197, 598527, 448670, 4489059.880215633, 56, 26, 30, 286.8564799734761, 27
51, 1047290, 598570, 448720, 4489389.1224955395, 93, 43, 50, 329.24227990714814, 44
1, 1047332, 598612, 448720, 4489657.095485042, 42, 42, 0, 267.97298950218305, 42
1, 1047377, 598657, 448720, 4489930.097491453, 45, 45, 0, 273.00200641113514, 45
1, 1047491, 598701, 448790, 4490277.855479145, 114, 44, 70, 347.75798769167545, 46
51, 1047589, 598749, 448840, 4490612.19010751, 98, 48, 50, 334.33462836457886, 49
1, 1047673, 598793, 448880, 4490932.830117914, 84, 44, 40, 320.64001040350905, 45
1, 1047743, 598833, 448910, 4491238.180878766, 70, 40, 30, 305.3507608519078, 41
51, 1047836, 598876, 448960, 4491567.423158673, 93, 43, 50, 329.24227990714814, 44
1, 1047875, 598915, 448960, 4491830.1230986165, 39, 39, 0, 262.6999399439383, 39
1, 1047985, 598955, 449030, 4492174.176282663, 110, 40, 70, 344.0531840464366, 42
51, 1048070, 598990, 449080, 4492494.913310334, 85, 35, 50, 320.73702767108114, 36
1, 1048111, 599031, 449080, 4492761.157263777, 41, 41, 0, 266.24395344352433, 41
1, 1048167, 599087, 449080, 4493050.913743751, 56, 56, 0, 289.7564799734761, 56
1, 1048244, 599124, 449120, 4493363.639407517, 77, 37, 40, 312.72566376652986, 38
51, 1048332, 599162, 449170, 4493687.620838879, 88, 38, 50, 323.98143136087856, 39
1, 1048398, 599198, 449200, 4493987.947827156, 66, 36, 30, 300.32698827717985, 37
1, 1048435, 599235, 449200, 4494246.980398612, 37, 37, 0, 259.03257145596604, 37
1, 1048548, 599278, 449270, 4494593.819442482, 113, 43, 70, 346.83904386951343, 45
51, 1048641, 599321, 449320, 4494923.0617223885, 93, 43, 50, 329.24227990714814, 44
1, 1048686, 599366, 449320, 4495196.0637288, 45, 45, 0, 273.00200641113514, 45
1, 1048725, 599405, 449320, 4495458.763668744, 39, 39, 0, 262.6999399439383, 39
51, 1048830, 599460, 449370, 4495799.972256038, 105, 55, 50, 341.208587294368, 56
1, 1048899, 599489, 449410, 4496103.084397748, 69, 29, 40, 303.1121417102006, 30
1, 1048957, 599517, 449440, 4496392.751299855, 58, 28, 30, 289.66690210718946, 29
51, 1049042, 599552, 449490, 4496713.4883275265, 85, 35, 50, 320.73702767108114, 36
1, 1049080, 599590, 449490, 4496974.370707146, 38, 38, 0, 260.88237961983884, 38
1, 1049143, 599623, 449520, 4497270.802031872, 63, 33, 30, 296.43132472612575, 34
1, 1049174, 599654, 449520, 4497517.963138049, 31, 31, 0, 247.1611061770567, 31
1, 1049282, 599692, 449590, 4497860.134117596, 108, 38, 70, 342.1709795470626, 40
51, 1049366, 599726, 449640, 4498179.774127999, 84, 34, 50, 319.64001040350905, 35
1, 1049400, 599760, 449640, 4498433.047768276, 34, 34, 0, 253.2736402766418, 34
1, 1049489, 599809, 449680, 4498759.09563384, 89, 49, 40, 326.0478655640733, 50
1, 1049535, 599855, 449680, 4499033.724702554, 46, 46, 0, 274.6290687140218, 46
51, 1049626, 599896, 449730, 4499360.883764492, 91, 41, 50, 327.1590619387661, 42
1, 1049738, 599938, 449800, 4499706.799076832, 112, 42, 70, 345.91531233955715, 44
1, 1049788, 599988, 449800, 4499987.713871679, 50, 50, 0, 280.9147948472494, 50
1, 1049823, 600023, 449800, 4500242.943799589, 35, 35, 0, 255.22992790977875, 35
51, 1049946, 600066, 449880, 4500597.768370851, 123, 43, 80, 354.8245712617827, 45
1, 1049985, 600105, 449880, 4500860.468310795, 39, 39, 0, 262.6999399439383, 39
1, 1050025, 600145, 449880, 4501124.954996731, 40, 40, 0, 264.4866859365871, 40
1, 1050094, 600174, 449920, 4501428.067138441, 69, 29, 40, 303.1121417102006, 30
1, 1050158, 600208, 449950, 4501725.809850915, 64, 34, 30, 297.742712474619, 35
51, 1050256, 600256, 450000, 4502060.14447928, 98, 48, 50, 334.33462836457886, 49
1, 1050288, 600288, 450000, 4502309.385902281, 32, 32, 0, 249.24142300054422, 32
1, 1050335, 600335, 450000, 4502585.61895215, 47, 47, 0, 276.2330498695885, 47
1, 1050418, 600378, 450040, 4502905.153900079, 83, 43, 40, 319.5349479292333, 44
1, 1050494, 600424, 450070, 4503217.713072453, 76, 46, 30, 312.5591723737189, 47
51, 1050571, 600451, 450120, 4503529.438736219, 77, 27, 50, 311.72566376652986, 28
1, 1050659, 600499, 450160, 4503854.42016758, 88, 48, 40, 324.98143136087856, 49
1, 1050703, 600543, 450160, 4504125.77112527, 44, 44, 0, 271.35095769013947, 44
1, 1050769, 600579, 450190, 4504426.098113547, 66, 36, 30, 300.32698827717985, 37
51, 1050856, 600616, 450240, 4504749.005694545, 87, 37, 50, 322.9075809977351, 38
1, 1050928, 600648, 450280, 4505055.800757569, 72, 32, 40, 306.79506302439404, 33
1, 1050971, 600691, 450280, 4505325.475717773, 43, 43, 0, 269.6749602031015, 43
51, 1051069, 600739, 450330, 4505659.810346138, 98, 48, 50, 334.33462836457886, 49
1, 1051174, 600774, 450400, 4505999.118933432, 105, 35, 70, 339.30858729436795, 37
1, 1051216, 600816, 450400, 4506267.091922934, 42, 42, 0, 267.97298950218305, 42
51, 1051312, 600862, 450450, 4506599.408838949, 96, 46, 50, 332.31691601465747, 47
1, 1051347, 600897, 450450, 4506854.638766859, 35, 35, 0, 255.22992790977875, 35
1, 1051394, 600944, 450450, 4507130.871816728, 47, 47, 0, 276.2330498695885, 47
51, 1051522, 600982, 450540, 4507489.03038283, 128, 38, 90, 358.1585661014858, 40
1, 1051596, 601026, 450570, 4507799.227591597, 74, 44, 30, 310.1972087668518, 45
1, 1051635, 601065, 450570, 4508061.92753154, 39, 39, 0, 262.6999399439383, 39
1, 1051712, 601102, 450610, 4508374.653195307, 77, 37, 40, 312.72566376652986, 38
51, 1051799, 601139, 450660, 4508697.560776304, 87, 37, 50, 322.9075809977351, 38
1, 1051837, 601177, 450660, 4508958.443155924, 38, 38, 0, 260.88237961983884, 38
1, 1051879, 601219, 450660, 4509226.416145426, 42, 42, 0, 267.97298950218305, 42
51, 1052038, 601258, 450780, 4509606.615007899, 159, 39, 120, 380.1988624723894, 42
1, 1052076, 601296, 450780, 4509867.497387518, 38, 38, 0, 260.88237961983884, 38
1, 1052114, 601334, 450780, 4510128.379767138, 38, 38, 0, 260.88237961983884, 38
1, 1052191, 601371, 450820, 4510441.105430904, 77, 37, 40, 312.72566376652986, 38
1, 1052225, 601405, 450820, 4510694.379071181, 34, 34, 0, 253.2736402766418, 34
51, 1052319, 601449, 450870, 4511024.652797028, 94, 44, 50, 330.273725847777, 45
1, 1052432, 601492, 450940, 4511371.491840898, 113, 43, 70, 346.83904386951343, 45
1, 1052470, 601530, 450940, 4511632.374220517, 38, 38, 0, 260.88237961983884, 38
1, 1052545, 601575, 450970, 4511943.757316155, 75, 45, 30, 311.38309563827124, 46
1, 1052582, 601612, 450970, 4512202.789887612, 37, 37, 0, 259.03257145596604, 37
51, 1052710, 601650, 451060, 4512560.948453713, 128, 38, 90, 358.1585661014858, 40
1, 1052744, 601684, 451060, 4512814.22209399, 34, 34, 0, 253.2736402766418, 34
1, 1052817, 601727, 451090, 4513123.223372559, 73, 43, 30, 309.00127856917646, 44
51, 1052944, 601764, 451180, 4513480.523054859, 127, 37, 90, 357.2996822992933, 39
1, 1052977, 601797, 451180, 4513731.801227552, 33, 33, 0, 251.27817269284301, 33
1, 1053046, 601836, 451210, 4514035.913369262, 69, 39, 30, 304.1121417102006, 40
51, 1053144, 601884, 451260, 4514370.247997627, 98, 48, 50, 334.33462836457886, 49
1, 1053196, 601936, 451260, 4514654.182959055, 52, 52, 0, 283.93496142826496, 52
1, 1053286, 601986, 451300, 4514981.289987879, 90, 50, 40, 327.1070288241023, 51
1, 1053330, 602030, 451300, 4515252.640945569, 44, 44, 0, 271.35095769013947, 44
51, 1053451, 602071, 451380, 4515605.703424605, 121, 41, 80, 353.06247903554, 43
1, 1053516, 602096, 451420, 4515903.744576048, 65, 25, 40, 298.04115144336777, 26
1, 1053555, 602135, 451420, 4516166.444515992, 39, 39, 0, 262.6999399439383, 39
51, 1053643, 602173, 451470, 4516490.425947353, 88, 38, 50, 323.98143136087856, 39
1, 1053712, 602212, 451500, 4516794.538089063, 69, 39, 30, 304.1121417102006, 40
1, 1053759, 602259, 451500, 4517070.771138933, 47, 47, 0, 276.2330498695885, 47
51, 1053915, 602295, 451620, 4517448.683023238, 156, 36, 120, 377.9118843049396, 39
1, 1053955, 602335, 451620, 4517713.169709174, 40, 40, 0, 264.4866859365871, 40
1, 1053990, 602370, 451620, 4517968.3996370835, 35, 35, 0, 255.22992790977875, 35
51, 1054084, 602414, 451670, 4518298.673362931, 94, 44, 50, 330.273725847777, 45
1, 1054200, 602460, 451740, 4518648.255166423, 116, 46, 70, 349.5818034911291, 48
1, 1054241, 602501, 451740, 4518914.499119866, 41, 41, 0, 266.24395344352433, 41
51, 1054324, 602534, 451790, 4519233.034067795, 83, 33, 50, 318.5349479292333, 34
1, 1054395, 602575, 451820, 4519539.612378613, 71, 41, 30, 306.57831081870995, 42
1, 1054436, 602616, 451820, 4519805.856332056, 41, 41, 0, 266.24395344352433, 41
51, 1054592, 602652, 451940, 4520183.768216361, 156, 36, 120, 377.9118843049396, 39
1, 1054627, 602687, 451940, 4520438.998144271, 35, 35, 0, 255.22992790977875, 35
1, 1054664, 602724, 451940, 4520698.030715727, 37, 37, 0, 259.03257145596604, 37
51, 1054782, 602762, 452020, 4521048.418040896, 118, 38, 80, 350.3873251689181, 40
1, 1054864, 602804, 452060, 4521366.839710739, 82, 42, 40, 318.42166984345636, 43
1, 1054909, 602849, 452060, 4521639.841717151, 45, 45, 0, 273.00200641113514, 45
1, 1054952, 602892, 452060, 4521909.516677354, 43, 43, 0, 269.6749602031015, 43
1, 1055027, 602937, 452090, 4522220.899772992, 75, 45, 30, 311.38309563827124, 46
51, 1055161, 602981, 452180, 4522584.132588911, 134, 44, 90, 363.23281591860336, 46
1, 1055200, 603020, 452180, 4522846.832528855, 39, 39, 0, 262.6999399439383, 39
1, 1055229, 603049, 452180, 4523089.692107566, 29, 29, 0, 242.8595787106084, 29
1, 1055291, 603081, 452210, 4523384.798733896, 62, 32, 30, 295.1066263296683, 33
1, 1055341, 603131, 452210, 4523665.713528743, 50, 50, 0, 280.9147948472494, 50
51, 1055476, 603176, 452300, 4524029.779338683, 135, 45, 90, 364.06580994024984, 47
1, 1055553, 603223, 452330, 4524343.505002449, 77, 47, 30, 313.72566376652986, 48
1, 1055643, 603273, 452370, 4524670.612031274, 90, 50, 40, 327.1070288241023, 51
1, 1055685, 603315, 452370, 4524938.585020776, 42, 42, 0, 267.97298950218305, 42
1, 1055716, 603346, 452370, 4525185.746126953, 31, 31, 0, 247.1611061770567, 31
51, 1055884, 603394, 452490, 4525572.666701321, 168, 48, 120, 386.9205743678508, 51
1, 1055931, 603441, 452490, 4525848.89975119, 47, 47, 0, 276.2330498695885, 47
1, 1055970, 603480, 452490, 4526111.599691134, 39, 39, 0, 262.6999399439383, 39
51, 1056061, 603521, 452540, 4526438.7587530725, 91, 41, 50, 327.1590619387661, 42
1, 1056130, 603560, 452570, 4526742.870894782, 69, 39, 30, 304.1121417102006, 40
1, 1056211, 603601, 452610, 4527060.170894782, 81, 41, 40, 317.3, 42
1, 1056249, 603639, 452610, 4527321.053274401, 38, 38, 0, 260.88237961983884, 38
51, 1056341, 603681, 452660, 4527649.25737587, 92, 42, 50, 328.20410146824725, 43
1, 1056405, 603715, 452690, 4527947.000088344, 64, 34, 30, 297.742712474619, 35
1, 1056451, 603761, 452690, 4528221.629157058, 46, 46, 0, 274.6290687140218, 46
1, 1056489, 603799, 452690, 4528482.511536677, 38, 38, 0, 260.88237961983884, 38
51, 1056613, 603833, 452780, 4528837.210933225, 124, 34, 90, 354.6993965481514, 36
1, 1056677, 603867, 452810, 4529134.9536457, 64, 34, 30, 297.742712474619, 35
1, 1056716, 603906, 452810, 4529397.6535856435, 39, 39, 0, 262.6999399439383, 39
1, 1056753, 603943, 452810, 4529656.6861571, 37, 37, 0, 259.03257145596604, 37
51, 1056880, 603980, 452900, 4530013.9858393995, 127, 37, 90, 357.2996822992933, 39
1, 1056943, 604013, 452930, 4530310.4171641255, 63, 33, 30, 296.43132472612575, 34
1, 1056989, 604059, 452930, 4530585.046232839, 46, 46, 0, 274.6290687140218, 46
1, 1057029, 604099, 452930, 4530849.532918775, 40, 40, 0, 264.4866859365871, 40
1, 1057100, 604130, 452970, 4531155.111229594, 71, 31, 40, 305.57831081870995, 32
51, 1057223, 604173, 453050, 4531509.935800856, 123, 43, 80, 354.8245712617827, 45
1, 1057257, 604207, 453050, 4531763.209441133, 34, 34, 0, 253.2736402766418, 34
1, 1057367, 604247, 453120, 4532107.262625179, 110, 40, 70, 344.0531840464366, 42
1, 1057411, 604291, 453120, 4532378.613582869, 44, 44, 0, 271.35095769013947, 44
51, 1057529, 604329, 453200, 4532729.000908038, 118, 38, 80, 350.3873251689181, 40
1, 1057572, 604372, 453200, 4532998.675868241, 43, 43, 0, 269.6749602031015, 43
1, 1057606, 604406, 453200, 4533251.949508518, 34, 34, 0, 253.2736402766418, 34
1, 1057643, 604443, 453200, 4533510.982079974, 37, 37, 0, 259.03257145596604, 37
51, 1057776, 604486, 453290, 4533873.3783490155, 133, 43, 90, 362.3962690412072, 45
1, 1057845, 604525, 453320, 4534177.490490725, 69, 39, 30, 304.1121417102006, 40
1, 1057883, 604563, 453320, 4534438.372870345, 38, 38, 0, 260.88237961983884, 38
51, 1058022, 604612, 453410, 4534805.736032646, 139, 49, 90, 367.36316230125203, 51
1, 1058088, 604648, 453440, 4535106.063020923, 66, 36, 30, 300.32698827717985, 37
1, 1058130, 604690, 453440, 4535374.036010426, 42, 42, 0, 267.97298950218305, 42
1, 1058167, 604727, 453440, 4535633.068581882, 37, 37, 0, 259.03257145596604, 37
51, 1058287, 604767, 453520, 4535985.243673847, 120, 40, 80, 352.1750919646873, 42
1, 1058374, 604814, 453560, 4536309.151254845, 87, 47, 40, 323.9075809977351, 48
1, 1058441, 604851, 453590, 4536610.751810103, 67, 37, 30, 301.6005552576305, 38
1, 1058478, 604888, 453590, 4536869.784381559, 37, 37, 0, 259.03257145596604, 37
51, 1058569, 604929, 453640, 4537196.943443498, 91, 41, 50, 327.1590619387661, 42
1, 1058646, 604966, 453680, 4537509.669107264, 77, 37, 40, 312.72566376652986, 38
1, 1058678, 604998, 453680, 4537758.9105302645, 32, 32, 0, 249.24142300054422, 32
51, 1058762, 605032, 453730, 4538078.550540668, 84, 34, 50, 319.64001040350905, 35
1, 1058831, 605071, 453760, 4538382.662682378, 69, 39, 30, 304.1121417102006, 40
1, 1058874, 605114, 453760, 4538652.337642581, 43, 43, 0, 269.6749602031015, 43
1, 1058989, 605159, 453830, 4539001.009859643, 115, 45, 70, 348.6722170622053, 47
1, 1059031, 605201, 453830, 4539268.982849145, 42, 42, 0, 267.97298950218305, 42
51, 1059127, 605247, 453880, 4539601.29976516, 96, 46, 50, 332.31691601465747, 47
1, 1059227, 605277, 453950, 4539935.727531177, 100, 30, 70, 334.42776601683795, 32
1, 1059256, 605306, 453950, 4540178.587109888, 29, 29, 0, 242.8595787106084, 29
1, 1059290, 605340, 453950, 4540431.860750165, 34, 34, 0, 253.2736402766418, 34
51, 1059416, 605376, 454040, 4540788.2976460485, 126, 36, 90, 356.43689588345075, 38
1, 1059495, 605425, 454070, 4541104.328396179, 79, 49, 30, 316.03075013013313, 50
1, 1059538, 605468, 454070, 4541374.003356382, 43, 43, 0, 269.6749602031015, 43
1, 1059572, 605502, 454070, 4541627.276996659, 34, 34, 0, 253.2736402766418, 34
51, 1059665, 605545, 454120, 4541956.519276566, 93, 43, 50, 329.24227990714814, 44
1, 1059738, 605588, 454150, 4542265.520555135, 73, 43, 30, 309.00127856917646, 44
1, 1059816, 605626, 454190, 4542579.403341755, 78, 38, 40, 313.8827866200841, 39
1, 1059866, 605676, 454190, 4542860.318136603, 50, 50, 0, 280.9147948472494, 50
51, 1059966, 605726, 454240, 4543196.64590262, 100, 50, 50, 336.327766016838, 51
1, 1060034, 605754, 454280, 4543498.508073722, 68, 28, 40, 301.86217110259, 29
1, 1060110, 605800, 454310, 4543811.067246095, 76, 46, 30, 312.5591723737189, 47
1, 1060151, 605841, 454310, 4544077.311199538, 41, 41, 0, 266.24395344352433, 41
1, 1060259, 605879, 454380, 4544419.482179086, 108, 38, 70, 342.1709795470626, 40
51, 1060340, 605910, 454430, 4544735.782179086, 81, 31, 50, 316.3, 32
1, 1060410, 605950, 454460, 4545041.1329399375, 70, 40, 30, 305.3507608519078, 41
1, 1060453, 605993, 454460, 4545310.807900141, 43, 43, 0, 269.6749602031015, 43
1, 1060497, 606037, 454460, 4545582.158857831, 44, 44, 0, 271.35095769013947, 44
51, 1060635, 606085, 454550, 4545948.7027873825, 138, 48, 90, 366.54392955194305, 50
1, 1060678, 606128, 454550, 4546218.377747586, 43, 43, 0, 269.6749602031015, 43
1, 1060725, 606175, 454550, 4546494.610797456, 47, 47, 0, 276.2330498695885, 47
1, 1060785, 606205, 454580, 4546787.0265658265, 60, 30, 30, 292.41576837137404, 31
51, 1060870, 606240, 454630, 4547107.763593498, 85, 35, 50, 320.73702767108114, 36
1, 1060946, 606276, 454670, 4547419.322765871, 76, 36, 40, 311.5591723737189, 37
1, 1060989, 606319, 454670, 4547688.997726074, 43, 43, 0, 269.6749602031015, 43
51, 1061086, 606366, 454720, 4548022.326625346, 97, 47, 50, 333.3288992714996, 48
1, 1061155, 606405, 454750, 4548326.438767056, 69, 39, 30, 304.1121417102006, 40
1, 1061228, 606438, 454790, 4548634.440045625, 73, 33, 40, 308.00127856917646, 34
51, 1061328, 606488, 454840, 4548970.767811642, 100, 50, 50, 336.327766016838, 51
1, 1061400, 606530, 454870, 4549278.562874666, 72, 42, 30, 307.79506302439404, 43
1, 1061435, 606565, 454870, 4549533.792802576, 35, 35, 0, 255.22992790977875, 35
1, 1061511, 606611, 454900, 4549846.351974949, 76, 46, 30, 312.5591723737189, 47
1, 1061592, 606652, 454940, 4550163.651974949, 81, 41, 40, 317.3, 42
51, 1061673, 606683, 454990, 4550479.951974949, 81, 31, 50, 316.3, 32
1, 1061709, 606719, 454990, 4550737.100949227, 36, 36, 0, 257.1489742783178, 36
1, 1061794, 606764, 455030, 4551058.837976898, 85, 45, 40, 321.73702767108114, 46
51, 1061878, 606798, 455080, 4551378.477987302, 84, 34, 50, 319.64001040350905, 35
1, 1061947, 606837, 455110, 4551682.590129011, 69, 39, 30, 304.1121417102006, 40
1, 1061984, 606874, 455110, 4551941.622700468, 37, 37, 0, 259.03257145596604, 37
51, 1062143, 606913, 455230, 4552321.82156294, 159, 39, 120, 380.1988624723894, 42
1, 1062178, 606948, 455230, 4552577.05149085, 35, 35, 0, 255.22992790977875, 35
1, 1062252, 606992, 455260, 4552887.248699617, 74, 44, 30, 310.1972087668518, 45
51, 1062344, 607034, 455310, 4553215.452801085, 92, 42, 50, 328.20410146824725, 43
1, 1062421, 607071, 455350, 4553528.178464851, 77, 37, 40, 312.72566376652986, 38
1, 1062497, 607117, 455380, 4553840.737637225, 76, 46, 30, 312.5591723737189, 47
1, 1062532, 607152, 455380, 4554095.967565134, 35, 35, 0, 255.22992790977875, 35
51, 1062619, 607189, 455430, 4554418.875146132, 87, 37, 50, 322.9075809977351, 38
1, 1062736, 607236, 455500, 4554769.36196293, 117, 47, 70, 350.4868167986058, 49
1, 1062778, 607278, 455500, 4555037.334952433, 42, 42, 0, 267.97298950218305, 42
1, 1062868, 607328, 455540, 4555364.441981257, 90, 50, 40, 327.1070288241023, 51
51, 1062961, 607371, 455590, 4555693.684261164, 93, 43, 50, 329.24227990714814, 44
1, 1063076, 607416, 455660, 4556042.356478225, 115, 45, 70, 348.6722170622053, 47
1, 1063115, 607455, 455660, 4556305.056418169, 39, 39, 0, 262.6999399439383, 39
1, 1063166, 607506, 455660, 4556587.490929947, 51, 51, 0, 282.43451177837886, 51
51, 1063292, 607542, 455750, 4556943.927825831, 126, 36, 90, 356.43689588345075, 38
1, 1063361, 607581, 455780, 4557248.039967541, 69, 39, 30, 304.1121417102006, 40
1, 1063391, 607611, 455780, 4557493.074699473, 30, 30, 0, 245.0347319320716, 30
1, 1063430, 607650, 455780, 4557755.7746394165, 39, 39, 0, 262.6999399439383, 39
51, 1063557, 607687, 455870, 4558113.074321716, 127, 37, 90, 357.2996822992933, 39
1, 1063598, 607728, 455870, 4558379.318275159, 41, 41, 0, 266.24395344352433, 41
1, 1063671, 607771, 455900, 4558688.319553728, 73, 43, 30, 309.00127856917646, 44
51, 1063760, 607810, 455950, 4559013.367419292, 89, 39, 50, 325.0478655640733, 40
1, 1063791, 607841, 455950, 4559260.528525469, 31, 31, 0, 247.1611061770567, 31
1, 1063871, 607881, 455990, 4559576.698281713, 80, 40, 40, 316.1697562442441, 41
1, 1063940, 607920, 456020, 4559880.810423423, 69, 39, 30, 304.1121417102006, 40
51, 1064069, 607959, 456110, 4560239.824023914, 129, 39, 90, 359.01360049114555, 41
1, 1064109, 607999, 456110, 4560504.31070985, 40, 40, 0, 264.4866859365871, 40
1, 1064151, 608041, 456110, 4560772.283699352, 42, 42, 0, 267.97298950218305, 42
1, 1064193, 608083, 456110, 4561040.256688855, 42, 42, 0, 267.97298950218305, 42
51, 1064319, 608119, 456200, 4561396.693584738, 126, 36, 90, 356.43689588345075, 38
1, 1064387, 608157, 456230, 4561699.555755841, 68, 38, 30, 302.86217110259, 39
1, 1064425, 608195, 456230, 4561960.43813546, 38, 38, 0, 260.88237961983884, 38
1, 1064466, 608236, 456230, 4562226.682088903, 41, 41, 0, 266.24395344352433, 41
51, 1064594, 608274, 456320, 4562584.840655005, 128, 38, 90, 358.1585661014858, 40
1, 1064635, 608315, 456320, 4562851.084608448, 41, 41, 0, 266.24395344352433, 41
1, 1064679, 608359, 456320, 4563122.435566138, 44, 44, 0, 271.35095769013947, 44
1, 1064793, 608403, 456390, 4563470.19355383, 114, 44, 70, 347.75798769167545, 46
51, 1064892, 608452, 456440, 4563805.527768383, 99, 49, 50, 335.33421455299043, 50
1, 1064934, 608494, 456440, 4564073.500757885, 42, 42, 0, 267.97298950218305, 42
1, 1064974, 608534, 456440, 4564337.9874438215, 40, 40, 0, 264.4866859365871, 40
51, 1065063, 608573, 456490, 4564663.0353093855, 89, 39, 50, 325.0478655640733, 40
1, 1065154, 608624, 456530, 4564991.194371324, 91, 51, 40, 328.1590619387661, 52
1, 1065223, 608663, 456560, 4565295.306513034, 69, 39, 30, 304.1121417102006, 40
51, 1065310, 608700, 456610, 4565618.214094032, 87, 37, 50, 322.9075809977351, 38
1, 1065351, 608741, 456610, 4565884.458047475, 41, 41, 0, 266.24395344352433, 41
1, 1065430, 608780, 456650, 4566199.488797605, 79, 39, 40, 315.03075013013313, 40
1, 1065502, 608822, 456680, 4566507.283860629, 72, 42, 30, 307.79506302439404, 43
51, 1065590, 608860, 456730, 4566831.265291991, 88, 38, 50, 323.98143136087856, 39
1, 1065627, 608897, 456730, 4567090.297863447, 37, 37, 0, 259.03257145596604, 37
1, 1065677, 608947, 456730, 4567371.2126582945, 50, 50, 0, 280.9147948472494, 50
51, 1065809, 608989, 456820, 4567732.768780721, 132, 42, 90, 361.55612242701943, 44
1, 1065894, 609044, 456850, 4568055.505808393, 85, 55, 30, 322.73702767108114, 56
1, 1065934, 609084, 456850, 4568319.992494329, 40, 40, 0, 264.4866859365871, 40
51, 1066047, 609117, 456930, 4568665.8315381985, 113, 33, 80, 345.83904386951343, 35
1, 1066122, 609152, 456970, 4568976.214633836, 75, 35, 40, 310.38309563827124, 36
1, 1066158, 609188, 456970, 4569233.363608114, 36, 36, 0, 257.1489742783178, 36
1, 1066192, 609222, 456970, 4569486.637248391, 34, 34, 0, 253.2736402766418, 34
1, 1066265, 609255, 457010, 4569794.63852696, 73, 33, 40, 308.00127856917646, 34
51, 1066364, 609304, 457060, 4570129.9727415135, 99, 49, 50, 335.33421455299043, 50
1, 1066433, 609343, 457090, 4570434.084883223, 69, 39, 30, 304.1121417102006, 40
1, 1066516, 609386, 457130, 4570753.619831152, 83, 43, 40, 319.5349479292333, 44
51, 1066612, 609432, 457180, 4571085.936747167, 96, 46, 50, 332.31691601465747, 47
1, 1066648, 609468, 457180, 4571343.085721445, 36, 36, 0, 257.1489742783178, 36
1, 1066697, 609517, 457180, 4571622.460852551, 49, 49, 0, 279.3751311064591, 49
1, 1066736, 609556, 457180, 4571885.160792495, 39, 39, 0, 262.6999399439383, 39
51, 1066892, 609592, 457300, 4572263.0726768, 156, 36, 120, 377.9118843049396, 39
1, 1066931, 609631, 457300, 4572525.772616744, 39, 39, 0, 262.6999399439383, 39
1, 1066979, 609679, 457300, 4572803.587419335, 48, 48, 0, 277.8148025904985, 48
1, 1067063, 609723, 457340, 4573124.227429738, 84, 44, 40, 320.64001040350905, 45
51, 1067149, 609759, 457390, 4573446.053594386, 86, 36, 50, 321.82616464756694, 37
1, 1067189, 609799, 457390, 4573710.540280323, 40, 40, 0, 264.4866859365871, 40
1, 1067262, 609842, 457420, 4574019.541558892, 73, 43, 30, 309.00127856917646, 44
1, 1067295, 609875, 457420, 4574270.819731585, 33, 33, 0, 251.27817269284301, 33
51, 1067429, 609919, 457510, 4574634.052547503, 134, 44, 90, 363.23281591860336, 46
1, 1067498, 609958, 457540, 4574938.164689213, 69, 39, 30, 304.1121417102006, 40
1, 1067581, 610001, 457580, 4575257.699637142, 83, 43, 40, 319.5349479292333, 44
1, 1067655, 610045, 457610, 4575567.896845909, 74, 44, 30, 310.1972087668518, 45
1, 1067697, 610087, 457610, 4575835.869835411, 42, 42, 0, 267.97298950218305, 42
51, 1067795, 610135, 457660, 4576170.204463776, 98, 48, 50, 334.33462836457886, 49
1, 1067831, 610171, 457660, 4576427.353438054, 36, 36, 0, 257.1489742783178, 36
1, 1067911, 610211, 457700, 4576743.523194298, 80, 40, 40, 316.1697562442441, 41
1, 1067950, 610250, 457700, 4577006.223134242, 39, 39, 0, 262.6999399439383, 39
1, 1068009, 610279, 457730, 4577297.27193449, 59, 29, 30, 291.0488002476036, 30
51, 1068104, 610324, 457780, 4577628.570498625, 95, 45, 50, 331.2985641352145, 46
1, 1068187, 610367, 457820, 4577948.105446554, 83, 43, 40, 319.5349479292333, 44
1, 1068217, 610397, 457820, 4578193.140178486, 30, 30, 0, 245.0347319320716, 30
1, 1068262, 610442, 457820, 4578466.142184897, 45, 45, 0, 273.00200641113514, 45
51, 1068385, 610485, 457900, 4578820.966756159, 123, 43, 80, 354.8245712617827, 45
1, 1068420, 610520, 457900, 4579076.196684069, 35, 35, 0, 255.22992790977875, 35
1, 1068503, 610563, 457940, 4579395.731631998, 83, 43, 40, 319.5349479292333, 44
1, 1068540, 610600, 457940, 4579654.764203454, 37, 37, 0, 259.03257145596604, 37
1, 1068570, 610630, 457940, 4579899.798935386, 30, 30, 0, 245.0347319320716, 30
51, 1068649, 610659, 457990, 4580213.829685517, 79, 29, 50, 314.03075013013313, 30
1, 1068765, 610705, 458060, 4580563.411489008, 116, 46, 70, 349.5818034911291, 48
1, 1068801, 610741, 458060, 4580820.560463286, 36, 36, 0, 257.1489742783178, 36
1, 1068866, 610776, 458090, 4581119.6016147295, 65, 35, 30, 299.04115144336777, 36
51, 1068953, 610813, 458140, 4581442.509195727, 87, 37, 50, 322.9075809977351, 38
1, 1069059, 610849, 458210, 4581782.777239337, 106, 36, 70, 340.2680436096278, 38
1, 1069100, 610890, 458210, 4582049.02119278, 41, 41, 0, 266.24395344352433, 41
51, 1069190, 610930, 458260, 4582375.128221604, 90, 40, 50, 326.1070288241023, 41
1, 1069261, 610971, 458290, 4582681.706532422, 71, 41, 30, 306.57831081870995, 42
1, 1069300, 611010, 458290, 4582944.406472366, 39, 39, 0, 262.6999399439383, 39
51, 1069393, 611053, 458340, 4583273.648752273, 93, 43, 50, 329.24227990714814, 44
1, 1069476, 611096, 458380, 4583593.183700202, 83, 43, 40, 319.5349479292333, 44
1, 1069523, 611143, 458380, 4583869.416750072, 47, 47, 0, 276.2330498695885, 47
1, 1069593, 611183, 458410, 4584174.767510924, 70, 40, 30, 305.3507608519078, 41
1, 1069637, 611227, 458410, 4584446.118468613, 44, 44, 0, 271.35095769013947, 44
51, 1069726, 611266, 458460, 4584771.166334177, 89, 39, 50, 325.0478655640733, 40
1, 1069758, 611298, 458460, 4585020.407757178, 32, 32, 0, 249.24142300054422, 32
1, 1069865, 611335, 458530, 4585361.629902448, 107, 37, 70, 341.2221452697031, 39
1, 1069906, 611376, 458530, 4585627.873855891, 41, 41, 0, 266.24395344352433, 41
1, 1069939, 611409, 458530, 4585879.152028584, 33, 33, 0, 251.27817269284301, 33
51, 1070024, 611444, 458580, 4586199.889056255, 85, 35, 50, 320.73702767108114, 36
1, 1070059, 611479, 458580, 4586455.118984165, 35, 35, 0, 255.22992790977875, 35
1, 1070165, 611515, 458650, 4586795.387027774, 106, 36, 70, 340.2680436096278, 38
1, 1070213, 611563, 458650, 4587073.201830365, 48, 48, 0, 277.8148025904985, 48
51, 1070304, 611604, 458700, 4587400.360892303, 91, 41, 50, 327.1590619387661, 42
1, 1070377, 611647, 458730, 4587709.362170872, 73, 43, 30, 309.00127856917646, 44
1, 1070422, 611692, 458730, 4587982.364177284, 45, 45, 0, 273.00200641113514, 45
1, 1070502, 611732, 458770, 4588298.533933528, 80, 40, 40, 316.1697562442441, 41
51, 1070583, 611763, 458820, 4588614.833933528, 81, 31, 50, 316.3, 32
1, 1070617, 611797, 458820, 4588868.107573804, 34, 34, 0, 253.2736402766418, 34
1, 1070654, 611834, 458820, 4589127.140145261, 37, 37, 0, 259.03257145596604, 37
1, 1070735, 611885, 458850, 4589445.440145261, 81, 51, 30, 318.3, 52
51, 1070859, 611919, 458940, 4589800.1395418085, 124, 34, 90, 354.6993965481514, 36
1, 1070896, 611956, 458940, 4590059.172113265, 37, 37, 0, 259.03257145596604, 37
1, 1070967, 611997, 458970, 4590365.750424083, 71, 41, 30, 306.57831081870995, 42
1, 1071013, 612043, 458970, 4590640.379492797, 46, 46, 0, 274.6290687140218, 46
1, 1071047, 612077, 458970, 4590893.653133074, 34, 34, 0, 253.2736402766418, 34
51, 1071188, 612128, 459060, 4591262.64480574, 141, 51, 90, 368.9916726654594, 53
1, 1071247, 612157, 459090, 4591553.693605987, 59, 29, 30, 291.0488002476036, 30
1, 1071285, 612195, 459090, 4591814.575985607, 38, 38, 0, 260.88237961983884, 38
1, 1071366, 612236, 459130, 4592131.875985607, 81, 41, 40, 317.3, 42
51, 1071465, 612285, 459180, 4592467.21020016, 99, 49, 50, 335.33421455299043, 50
1, 1071505, 612325, 459180, 4592731.696886096, 40, 40, 0, 264.4866859365871, 40
1, 1071545, 612365, 459180, 4592996.1835720325, 40, 40, 0, 264.4866859365871, 40
1, 1071604, 612394, 459210, 4593287.23237228, 59, 29, 30, 291.0488002476036, 30
51, 1071736, 612436, 459300, 4593648.788494707, 132, 42, 90, 361.55612242701943, 44
1, 1071774, 612474, 459300, 4593909.6708743265, 38, 38, 0, 260.88237961983884, 38
1, 1071849, 612519, 459330, 4594221.053969964, 75, 45, 30, 311.38309563827124, 46
51, 1071942, 612562, 459380, 4594550.296249871, 93, 43, 50, 329.24227990714814, 44
1, 1071983, 612603, 459380, 4594816.540203314, 41, 41, 0, 266.24395344352433, 41
1, 1072034, 612654, 459380, 4595098.974715092, 51, 51, 0, 282.43451177837886, 51
1, 1072111, 612691, 459420, 4595411.7003788585, 77, 37, 40, 312.72566376652986, 38
51, 1072201, 612731, 459470, 4595737.807407683, 90, 40, 50, 326.1070288241023, 41
1, 1072303, 612763, 459540, 4596074.204590464, 102, 32, 70, 336.39718278112656, 34
1, 1072342, 612802, 459540, 4596336.904530408, 39, 39, 0, 262.6999399439383, 39
51, 1072435, 612845, 459590, 4596666.146810315, 93, 43, 50, 329.24227990714814, 44
1, 1072475, 612885, 459590, 4596930.633496251, 40, 40, 0, 264.4866859365871, 40
1, 1072553, 612923, 459630, 4597244.516282871, 78, 38, 40, 313.8827866200841, 39
51, 1072644, 612964, 459680, 4597571.67534481, 91, 41, 50, 327.1590619387661, 42
1, 1072717, 613007, 459710, 4597880.676623379, 73, 43, 30, 309.00127856917646, 44
1, 1072757, 613047, 459710, 4598145.163309315, 40, 40, 0, 264.4866859365871, 40
1, 1072800, 613090, 459710, 4598414.838269519, 43, 43, 0, 269.6749602031015, 43
1, 1072877, 613127, 459750, 4598727.563933285, 77, 37, 40, 312.72566376652986, 38
51, 1072972, 613172, 459800, 4599058.86249742, 95, 45, 50, 331.2985641352145, 46
1, 1073052, 613222, 459830, 4599376.032253664, 80, 50, 30, 317.1697562442441, 51
1, 1073124, 613254, 459870, 4599682.827316688, 72, 32, 40, 306.79506302439404, 33
1, 1073158, 613288, 459870, 4599936.100956965, 34, 34, 0, 253.2736402766418, 34
51, 1073285, 613325, 459960, 4600293.400639265, 127, 37, 90, 357.2996822992933, 39
1, 1073333, 613373, 459960, 4600571.215441856, 48, 48, 0, 277.8148025904985, 48
1, 1073368, 613408, 459960, 4600826.445369765, 35, 35, 0, 255.22992790977875, 35
1, 1073443, 613453, 459990, 4601137.828465403, 75, 45, 30, 311.38309563827124, 46
51, 1073582, 613502, 460080, 4601505.191627705, 139, 49, 90, 367.36316230125203, 51
1, 1073622, 613542, 460080, 4601769.678313641, 40, 40, 0, 264.4866859365871, 40
1, 1073663, 613583, 460080, 4602035.922267084, 41, 41, 0, 266.24395344352433, 41
1, 1073774, 613624, 460150, 4602380.908985125, 111, 41, 70, 344.9867180408456, 43
51, 1073862, 613662, 460200, 4602704.890416486, 88, 38, 50, 323.98143136087856, 39
1, 1073929, 613699, 460230, 4603006.490971744, 67, 37, 30, 301.6005552576305, 38
1, 1073961, 613731, 460230, 4603255.732394745, 32, 32, 0, 249.24142300054422, 32
1, 1074003, 613773, 460230, 4603523.705384247, 42, 42, 0, 267.97298950218305, 42
51, 1074096, 613816, 460280, 4603852.947664154, 93, 43, 50, 329.24227990714814, 44
1, 1074209, 613859, 460350, 4604199.786708023, 113, 43, 70, 346.83904386951343, 45
1, 1074255, 613905, 460350, 4604474.415776737, 46, 46, 0, 274.6290687140218, 46
1, 1074289, 613939, 460350, 4604727.689417014, 34, 34, 0, 253.2736402766418, 34
51, 1074381, 613981, 460400, 4605055.893518482, 92, 42, 50, 328.20410146824725, 43
1, 1074489, 614019, 460470, 4605398.06449803, 108, 38, 70, 342.1709795470626, 40
1, 1074528, 614058, 460470, 4605660.7644379735, 39, 39, 0, 262.6999399439383, 39
1, 1074560, 614090, 460470, 4605910.005860974, 32, 32, 0, 249.24142300054422, 32
51, 1074691, 614131, 460560, 4606270.718189189, 131, 41, 90, 360.7123282155055, 43
1, 1074732, 614172, 460560, 4606536.962142632, 41, 41, 0, 266.24395344352433, 41
1, 1074847, 614217, 460630, 4606885.634359694, 115, 45, 70, 348.6722170622053, 47
51, 1074943, 614263, 460680, 4607217.951275709, 96, 46, 50, 332.31691601465747, 47
1, 1074982, 614302, 460680, 4607480.651215653, 39, 39, 0, 262.6999399439383, 39
1, 1075023, 614343, 460680, 4607746.895169096, 41, 41, 0, 266.24395344352433, 41
1, 1075097, 614377, 460720, 4608056.092377863, 74, 34, 40, 309.1972087668518, 35
51, 1075219, 614419, 460800, 4608410.037996417, 122, 42, 80, 353.9456185537469, 44
1, 1075258, 614458, 460800, 4608672.737936361, 39, 39, 0, 262.6999399439383, 39
1, 1075332, 614492, 460840, 4608981.935145128, 74, 34, 40, 309.1972087668518, 35
1, 1075379, 614539, 460840, 4609258.168194997, 47, 47, 0, 276.2330498695885, 47
51, 1075462, 614572, 460890, 4609576.703142926, 83, 33, 50, 318.5349479292333, 34
1, 1075542, 614612, 460930, 4609892.87289917, 80, 40, 40, 316.1697562442441, 41
1, 1075611, 614651, 460960, 4610196.98504088, 69, 39, 30, 304.1121417102006, 40
1, 1075651, 614691, 460960, 4610461.471726816, 40, 40, 0, 264.4866859365871, 40
51, 1075787, 614737, 461050, 4610826.367023851, 136, 46, 90, 364.89529703482884, 48
1, 1075835, 614785, 461050, 4611104.181826442, 48, 48, 0, 277.8148025904985, 48
1, 1075878, 614828, 461050, 4611373.856786645, 43, 43, 0, 269.6749602031015, 43
1, 1075923, 614873, 461050, 4611646.858793057, 45, 45, 0, 273.00200641113514, 45
1, 1075998, 614918, 461080, 4611958.241888694, 75, 45, 30, 311.38309563827124, 46
51, 1076077, 614947, 461130, 4612272.272638825, 79, 29, 50, 314.03075013013313, 30
1, 1076157, 614987, 461170, 4612588.442395069, 80, 40, 40, 316.1697562442441, 41
1, 1076197, 615027, 461170, 4612852.929081005, 40, 40, 0, 264.4866859365871, 40
1, 1076237, 615067, 461170, 4613117.415766941, 40, 40, 0, 264.4866859365871, 40
51, 1076395, 615105, 461290, 4613496.854976197, 158, 38, 120, 379.43920925585275, 41
1, 1076432, 615142, 461290, 4613755.887547653, 37, 37, 0, 259.03257145596604, 37
1, 1076538, 615178, 461360, 4614096.1555912625, 106, 36, 70, 340.2680436096278, 38
51, 1076630, 615220, 461410, 4614424.359692731, 92, 42, 50, 328.20410146824725, 43
1, 1076669, 615259, 461410, 4614687.059632675, 39, 39, 0, 262.6999399439383, 39
1, 1076749, 615299, 461450, 4615003.229388919, 80, 40, 40, 316.1697562442441, 41
1, 1076789, 615339, 461450, 4615267.716074855, 40, 40, 0, 264.4866859365871, 40
51, 1076912, 615382, 461530, 4615622.540646117, 123, 43, 80, 354.8245712617827, 45
1, 1076989, 615419, 461570, 4615935.266309883, 77, 37, 40, 312.72566376652986, 38
1, 1077030, 615460, 461570, 4616201.510263327, 41, 41, 0, 266.24395344352433, 41
1, 1077063, 615493, 461570, 4616452.78843602, 33, 33, 0, 251.27817269284301, 33
51, 1077162, 615542, 461620, 4616788.122650573, 99, 49, 50, 335.33421455299043, 50
1, 1077240, 615580, 461660, 4617102.005437193, 78, 38, 40, 313.8827866200841, 39
1, 1077305, 615615, 461690, 4617401.046588637, 65, 35, 30, 299.04115144336777, 36
1, 1077343, 615653, 461690, 4617661.928968256, 38, 38, 0, 260.88237961983884, 38
51, 1077430, 615690, 461740, 4617984.836549254, 87, 37, 50, 322.9075809977351, 38
1, 1077507, 615727, 461780, 4618297.56221302, 77, 37, 40, 312.72566376652986, 38
1, 1077586, 615776, 461810, 4618613.592963151, 79, 49, 30, 316.03075013013313, 50
51, 1077670, 615810, 461860, 4618933.232973554, 84, 34, 50, 319.64001040350905, 35
1, 1077711, 615851, 461860, 4619199.476926997, 41, 41, 0, 266.24395344352433, 41
1, 1077740, 615880, 461860, 4619442.336505708, 29, 29, 0, 242.8595787106084, 29
1, 1077830, 615930, 461900, 4619769.443534533, 90, 50, 40, 327.1070288241023, 51
51, 1077911, 615961, 461950, 4620085.743534532, 81, 31, 50, 316.3, 32
1, 1077985, 616005, 461980, 4620395.940743299, 74, 44, 30, 310.1972087668518, 45
1, 1078070, 616050, 462020, 4620717.67777097, 85, 45, 40, 321.73702767108114, 46
51, 1078191, 616091, 462100, 4621070.740250006, 121, 41, 80, 353.06247903554, 43
1, 1078227, 616127, 462100, 4621327.889224284, 36, 36, 0, 257.1489742783178, 36
1, 1078271, 616171, 462100, 4621599.240181974, 44, 44, 0, 271.35095769013947, 44
51, 1078353, 616203, 462150, 4621916.661851818, 82, 32, 50, 317.42166984345636, 33
1, 1078387, 616237, 462150, 4622169.935492095, 34, 34, 0, 253.2736402766418, 34
1, 1078464, 616274, 462190, 4622482.661155861, 77, 37, 40, 312.72566376652986, 38
1, 1078537, 616317, 462220, 4622791.66243443, 73, 43, 30, 309.00127856917646, 44
51, 1078634, 616364, 462270, 4623124.991333702, 97, 47, 50, 333.3288992714996, 48
1, 1078671, 616401, 462270, 4623384.023905158, 37, 37, 0, 259.03257145596604, 37
1, 1078752, 616442, 462310, 4623701.323905158, 81, 41, 40, 317.3, 42
1, 1078797, 616487, 462310, 4623974.325911569, 45, 45, 0, 273.00200641113514, 45
51, 1078915, 616525, 462390, 4624324.713236738, 118, 38, 80, 350.3873251689181, 40
1, 1078957, 616567, 462390, 4624592.68622624, 42, 42, 0, 267.97298950218305, 42
1, 1078995, 616605, 462390, 4624853.56860586, 38, 38, 0, 260.88237961983884, 38
1, 1079074, 616644, 462430, 4625168.59935599, 79, 39, 40, 315.03075013013313, 40
1, 1079131, 616671, 462460, 4625456.868976495, 57, 27, 30, 288.2696205054472, 28
51, 1079227, 616717, 462510, 4625789.18589251, 96, 46, 50, 332.31691601465747, 47
1, 1079266, 616756, 462510, 4626051.885832454, 39, 39, 0, 262.6999399439383, 39
1, 1079311, 616801, 462510, 4626324.887838866, 45, 45, 0, 273.00200641113514, 45
1, 1079385, 616835, 462550, 4626634.085047632, 74, 34, 40, 309.1972087668518, 35
1, 1079425, 616875, 462550, 4626898.571733569, 40, 40, 0, 264.4866859365871, 40
51, 1079544, 616914, 462630, 4627249.855128771, 119, 39, 80, 351.28339520229764, 41
1, 1079584, 616954, 462630, 4627514.341814707, 40, 40, 0, 264.4866859365871, 40
1, 1079624, 616994, 462630, 4627778.828500643, 40, 40, 0, 264.4866859365871, 40
51, 1079713, 617033, 462680, 4628103.876366207, 89, 39, 50, 325.0478655640733, 40
1, 1079790, 617070, 462720, 4628416.602029974, 77, 37, 40, 312.72566376652986, 38
1, 1079834, 617114, 462720, 4628687.952987663, 44, 44, 0, 271.35095769013947, 44
1, 1079899, 617149, 462750, 4628986.994139107, 65, 35, 30, 299.04115144336777, 36
1, 1079931, 617181, 462750, 4629236.2355621075, 32, 32, 0, 249.24142300054422, 32
51, 1080019, 617219, 462800, 4629560.216993469, 88, 38, 50, 323.98143136087856, 39
1, 1080134, 617264, 462870, 4629908.889210531, 115, 45, 70, 348.6722170622053, 47
1, 1080178, 617308, 462870, 4630180.24016822, 44, 44, 0, 271.35095769013947, 44
1, 1080221, 617351, 462870, 4630449.915128424, 43, 43, 0, 269.6749602031015, 43
51, 1080316, 617396, 462920, 4630781.213692559, 95, 45, 50, 331.2985641352145, 46
1, 1080344, 617424, 462920, 4631021.846355938, 28, 28, 0, 240.63266337912057, 28
1, 1080445, 617455, 462990, 4631357.261743911, 101, 31, 70, 335.41538797227, 33
51, 1080549, 617509, 463040, 4631697.505430668, 104, 54, 50, 340.243686757474, 55
1, 1080585, 617545, 463040, 4631954.654404946, 36, 36, 0, 257.1489742783178, 36
1, 1080649, 617579, 463070, 4632252.39711742, 64, 34, 30, 297.742712474619, 35
1, 1080735, 617625, 463110, 4632575.223282068, 86, 46, 40, 322.82616464756694, 47
1, 1080770, 617660, 463110, 4632830.453209978, 35, 35, 0, 255.22992790977875, 35
51, 1080867, 617707, 463160, 4633163.782109249, 97, 47, 50, 333.3288992714996, 48
1, 1080902, 617742, 463160, 4633419.012037159, 35, 35, 0, 255.22992790977875, 35
1, 1080969, 617779, 463190, 4633720.612592417, 67, 37, 30, 301.6005552576305, 38
51, 1081065, 617825, 463240, 4634052.929508432, 96, 46, 50, 332.31691601465747, 47
1, 1081181, 617871, 463310, 4634402.511311923, 116, 46, 70, 349.5818034911291, 48
1, 1081220, 617910, 463310, 4634665.211251867, 39, 39, 0, 262.6999399439383, 39
51, 1081345, 617955, 463390, 4635021.781404356, 125, 45, 80, 356.57015248821097, 47
1, 1081381, 617991, 463390, 4635278.930378634, 36, 36, 0, 257.1489742783178, 36
1, 1081471, 618041, 463430, 4635606.037407458, 90, 50, 40, 327.1070288241023, 51
1, 1081510, 618080, 463430, 4635868.737347402, 39, 39, 0, 262.6999399439383, 39
1, 1081544, 618114, 463430, 4636122.010987679, 34, 34, 0, 253.2736402766418, 34
51, 1081669, 618159, 463510, 4636478.581140167, 125, 45, 80, 356.57015248821097, 47
1, 1081752, 618202, 463550, 4636798.116088096, 83, 43, 40, 319.5349479292333, 44
1, 1081790, 618240, 463550, 4637058.998467715, 38, 38, 0, 260.88237961983884, 38
1, 1081830, 618280, 463550, 4637323.485153652, 40, 40, 0, 264.4866859365871, 40
51, 1081919, 618319, 463600, 4637648.533019216, 89, 39, 50, 325.0478655640733, 40
1, 1082001, 618361, 463640, 4637966.954689059, 82, 42, 40, 318.42166984345636, 43
1, 1082060, 618390, 463670, 4638258.003489307, 59, 29, 30, 291.0488002476036, 30
1, 1082105, 618435, 463670, 4638531.005495719, 45, 45, 0, 273.00200641113514, 45
51, 1082233, 618473, 463760, 4638889.16406182, 128, 38, 90, 358.1585661014858, 40
1, 1082303, 618513, 463790, 4639194.514822672, 70, 40, 30, 305.3507608519078, 41
1, 1082384, 618554, 463830, 4639511.814822672, 81, 41, 40, 317.3, 42
1, 1082424, 618594, 463830, 4639776.301508608, 40, 40, 0, 264.4866859365871, 40
51, 1082518, 618638, 463880, 4640106.575234456, 94, 44, 50, 330.273725847777, 45
1, 1082584, 618674, 463910, 4640406.902222733, 66, 36, 30, 300.32698827717985, 37
1, 1082614, 618704, 463910, 4640651.936954665, 30, 30, 0, 245.0347319320716, 30
1, 1082692, 618752, 463940, 4640966.819741285, 78, 48, 30, 314.8827866200841, 49
51, 1082832, 618802, 464030, 4641334.99880411, 140, 50, 90, 368.1790628250393, 52
1, 1082903, 618843, 464060, 4641641.5771149285, 71, 41, 30, 306.57831081870995, 42
1, 1082941, 618881, 464060, 4641902.459494548, 38, 38, 0, 260.88237961983884, 38
1, 1082985, 618925, 464060, 4642173.810452238, 44, 44, 0, 271.35095769013947, 44
51, 1083069, 618959, 464110, 4642493.450462641, 84, 34, 50, 319.64001040350905, 35
1, 1083149, 618999, 464150, 4642809.620218885, 80, 40, 40, 316.1697562442441, 41
1, 1083218, 619038, 464180, 4643113.732360595, 69, 39, 30, 304.1121417102006, 40
1, 1083302, 619082, 464220, 4643434.372370998, 84, 44, 40, 320.64001040350905, 45
51, 1083392, 619122, 464270, 4643760.479399823, 90, 40, 50, 326.1070288241023, 41
1, 1083455, 619155, 464300, 4644056.910724549, 63, 33, 30, 296.43132472612575, 34
1, 1083525, 619185, 464340, 4644361.261485401, 70, 30, 40, 304.3507608519078, 31
1, 1083562, 619222, 464340, 4644620.294056857, 37, 37, 0, 259.03257145596604, 37
1, 1083600, 619260, 464340, 4644881.176436476, 38, 38, 0, 260.88237961983884, 38
51, 1083691, 619301, 464390, 4645208.335498415, 91, 41, 50, 327.1590619387661, 42
1, 1083763, 619343, 464420, 4645516.130561439, 72, 42, 30, 307.79506302439404, 43
1, 1083794, 619374, 464420, 4645763.291667616, 31, 31, 0, 247.1611061770567, 31
1, 1083894, 619404, 464490, 4646097.719433633, 100, 30, 70, 334.42776601683795, 32
51, 1083989, 619449, 464540, 4646429.017997768, 95, 45, 50, 331.2985641352145, 46
1, 1084065, 619485, 464580, 4646740.577170141, 76, 36, 40, 311.5591723737189, 37
1, 1084099, 619519, 464580, 4646993.850810418, 34, 34, 0, 253.2736402766418, 34
1, 1084145, 619565, 464580, 4647268.479879132, 46, 46, 0, 274.6290687140218, 46
51, 1084279, 619609, 464670, 4647631.71269505, 134, 44, 90, 363.23281591860336, 46
1, 1084349, 619649, 464700, 4647937.063455902, 70, 40, 30, 305.3507608519078, 41
1, 1084432, 619692, 464740, 4648256.598403831, 83, 43, 40, 319.5349479292333, 44
1, 1084514, 619744, 464770, 4648576.020073675, 82, 52, 30, 319.42166984345636, 53
51, 1084599, 619779, 464820, 4648896.757101346, 85, 35, 50, 320.73702767108114, 36
1, 1084642, 619822, 464820, 4649166.432061549, 43, 43, 0, 269.6749602031015, 43
1, 1084749, 619859, 464890, 4649507.654206819, 107, 37, 70, 341.2221452697031, 39
1, 1084791, 619901, 464890, 4649775.627196321, 42, 42, 0, 267.97298950218305, 42
1, 1084892, 619932, 464960, 4650111.0425842935, 101, 31, 70, 335.41538797227, 33
51, 1084979, 619969, 465010, 4650433.950165291, 87, 37, 50, 322.9075809977351, 38
1, 1085018, 620008, 465010, 4650696.650105235, 39, 39, 0, 262.6999399439383, 39
1, 1085123, 620043, 465080, 4651035.958692529, 105, 35, 70, 339.30858729436795, 37
51, 1085208, 620078, 465130, 4651356.6957202, 85, 35, 50, 320.73702767108114, 36
1, 1085251, 620121, 465130, 4651626.370680404, 43, 43, 0, 269.6749602031015, 43
1, 1085289, 620159, 465130, 4651887.253060023, 38, 38, 0, 260.88237961983884, 38
1, 1085353, 620193, 465160, 4652184.995772498, 64, 34, 30, 297.742712474619, 35
51, 1085476, 620226, 465250, 4652538.82034376, 123, 33, 90, 353.8245712617827, 35
1, 1085512, 620262, 465250, 4652795.969318038, 36, 36, 0, 257.1489742783178, 36
1, 1085544, 620294, 465250, 4653045.210741038, 32, 32, 0, 249.24142300054422, 32
1, 1085579, 620329, 465250, 4653300.440668948, 35, 35, 0, 255.22992790977875, 35
51, 1085712, 620372, 465340, 4653662.836937989, 133, 43, 90, 362.3962690412072, 45
1, 1085792, 620422, 465370, 4653980.006694233, 80, 50, 30, 317.1697562442441, 51
1, 1085836, 620466, 465370, 4654251.357651923, 44, 44, 0, 271.35095769013947, 44
1, 1085876, 620506, 465370, 4654515.844337859, 40, 40, 0, 264.4866859365871, 40
51, 1086017, 620557, 465460, 4654884.836010525, 141, 51, 90, 368.9916726654594, 53
1, 1086061, 620601, 465460, 4655156.186968215, 44, 44, 0, 271.35095769013947, 44
1, 1086103, 620643, 465460, 4655424.159957717, 42, 42, 0, 267.97298950218305, 42
1, 1086181, 620691, 465490, 4655739.042744338, 78, 48, 30, 314.8827866200841, 49
51, 1086310, 620730, 465580, 4656098.056344829, 129, 39, 90, 359.01360049114555, 41
1, 1086354, 620774, 465580, 4656369.407302518, 44, 44, 0, 271.35095769013947, 44
1, 1086432, 620822, 465610, 4656684.290089139, 78, 48, 30, 314.8827866200841, 49
1, 1086511, 620861, 465650, 4656999.320839269, 79, 39, 40, 315.03075013013313, 40
1, 1086550, 620900, 465650, 4657262.020779213, 39, 39, 0, 262.6999399439383, 39
51, 1086641, 620941, 465700, 4657589.179841151, 91, 41, 50, 327.1590619387661, 42
1, 1086675, 620975, 465700, 4657842.453481428, 34, 34, 0, 253.2736402766418, 34
1, 1086747, 621017, 465730, 4658150.248544453, 72, 42, 30, 307.79506302439404, 43
1, 1086821, 621051, 465770, 4658459.44575322, 74, 34, 40, 309.1972087668518, 35
51, 1086949, 621099, 465850, 4658818.604319321, 128, 48, 80, 359.1585661014858, 50
1, 1086988, 621138, 465850, 4659081.304259265, 39, 39, 0, 262.6999399439383, 39
1, 1087028, 621178, 465850, 4659345.790945201, 40, 40, 0, 264.4866859365871, 40
1, 1087097, 621217, 465880, 4659649.903086911, 69, 39, 30, 304.1121417102006, 40
51, 1087219, 621249, 465970, 4660002.848705465, 122, 32, 90, 352.9456185537469, 34
1, 1087267, 621297, 465970, 4660280.663508056, 48, 48, 0, 277.8148025904985, 48
1, 1087302, 621332, 465970, 4660535.893435965, 35, 35, 0, 255.22992790977875, 35
51, 1087429, 621379, 466050, 4660894.193118265, 127, 47, 80, 358.2996822992933, 49
1, 1087468, 621418, 466050, 4661156.893058209, 39, 39, 0, 262.6999399439383, 39
1, 1087516, 621466, 466050, 4661434.7078607995, 48, 48, 0, 277.8148025904985, 48
1, 1087595, 621505, 466090, 4661749.73861093, 79, 39, 40, 315.03075013013313, 40
1, 1087639, 621549, 466090, 4662021.08956862, 44, 44, 0, 271.35095769013947, 44
51, 1087718, 621578, 466140, 4662335.12031875, 79, 29, 50, 314.03075013013313, 30
1, 1087832, 621622, 466210, 4662682.878306442, 114, 44, 70, 347.75798769167545, 46
1, 1087874, 621664, 466210, 4662950.851295944, 42, 42, 0, 267.97298950218305, 42
1, 1087914, 621704, 466210, 4663215.337981881, 40, 40, 0, 264.4866859365871, 40
1, 1087993, 621743, 466250, 4663530.368732011, 79, 39, 40, 315.03075013013313, 40
51, 1088082, 621782, 466300, 4663855.416597575, 89, 39, 50, 325.0478655640733, 40
1, 1088155, 621825, 466330, 4664164.417876144, 73, 43, 30, 309.00127856917646, 44
1, 1088207, 621877, 466330, 4664448.352837572, 52, 52, 0, 283.93496142826496, 52
1, 1088284, 621914, 466370, 4664761.078501338, 77, 37, 40, 312.72566376652986, 38
51, 1088398, 621948, 466450, 4665107.83648903, 114, 34, 80, 346.75798769167545, 36
1, 1088436, 621986, 466450, 4665368.71886865, 38, 38, 0, 260.88237961983884, 38
1, 1088474, 622024, 466450, 4665629.601248269, 38, 38, 0, 260.88237961983884, 38
51, 1088572, 622072, 466500, 4665963.935876634, 98, 48, 50, 334.33462836457886, 49
1, 1088659, 622119, 466540, 4666287.843457632, 87, 47, 40, 323.9075809977351, 48
1, 1088734, 622164, 466570, 4666599.22655327, 75, 45, 30, 311.38309563827124, 46
1, 1088766, 622196, 466570, 4666848.46797627, 32, 32, 0, 249.24142300054422, 32
1, 1088807, 622237, 466570, 4667114.711929713, 41, 41, 0, 266.24395344352433, 41
51, 1088971, 622281, 466690, 4667498.670120549, 164, 44, 120, 383.9581908363381, 47
1, 1089012, 622322, 466690, 4667764.9140739925, 41, 41, 0, 266.24395344352433, 41
1, 1089047, 622357, 466690, 4668020.144001902, 35, 35, 0, 255.22992790977875, 35
1, 1089133, 622403, 466730, 4668342.97016655, 86, 46, 40, 322.82616464756694, 47
1, 1089163, 622433, 466730, 4668588.004898482, 30, 30, 0, 245.0347319320716, 30
51, 1089240, 622460, 466780, 4668899.730562248, 77, 27, 50, 311.72566376652986, 28
1, 1089313, 622503, 466810, 4669208.731840817, 73, 43, 30, 309.00127856917646, 44
1, 1089354, 622544, 466810, 4669474.97579426, 41, 41, 0, 266.24395344352433, 41
1, 1089396, 622586, 466810, 4669742.948783763, 42, 42, 0, 267.97298950218305, 42
1, 1089498, 622618, 466880, 4670079.345966544, 102, 32, 70, 336.39718278112656, 34
51, 1089586, 622656, 466930, 4670403.327397905, 88, 38, 50, 323.98143136087856, 39
1, 1089625, 622695, 466930, 4670666.027337849, 39, 39, 0, 262.6999399439383, 39
1, 1089661, 622731, 466930, 4670923.176312127, 36, 36, 0, 257.1489742783178, 36
51, 1089791, 622771, 467020, 4671283.041149666, 130, 40, 90, 359.86483753851803, 42
1, 1089865, 622815, 467050, 4671593.238358432, 74, 44, 30, 310.1972087668518, 45
1, 1089917, 622867, 467050, 4671877.17331986, 52, 52, 0, 283.93496142826496, 52
1, 1089952, 622902, 467050, 4672132.40324777, 35, 35, 0, 255.22992790977875, 35
51, 1090089, 622949, 467140, 4672498.124569975, 137, 47, 90, 365.72132220485213, 49
1, 1090131, 622991, 467140, 4672766.097559477, 42, 42, 0, 267.97298950218305, 42
1, 1090203, 623033, 467170, 4673073.892622502, 72, 42, 30, 307.79506302439404, 43
51, 1090324, 623064, 467260, 4673425.9551015375, 121, 31, 90, 352.06247903554, 33
1, 1090374, 623114, 467260, 4673706.869896385, 50, 50, 0, 280.9147948472494, 50
1, 1090442, 623152, 467290, 4674009.732067487, 68, 38, 30, 302.86217110259, 39
1, 1090519, 623189, 467330, 4674322.4577312535, 77, 37, 40, 312.72566376652986, 38
51, 1090611, 623231, 467380, 4674650.661832722, 92, 42, 50, 328.20410146824725, 43
1, 1090649, 623269, 467380, 4674911.544212341, 38, 38, 0, 260.88237961983884, 38
1, 1090751, 623301, 467450, 4675247.941395123, 102, 32, 70, 336.39718278112656, 34
1, 1090796, 623346, 467450, 4675520.943401534, 45, 45, 0, 273.00200641113514, 45
1, 1090837, 623387, 467450, 4675787.187354977, 41, 41, 0, 266.24395344352433, 41
51, 1090927, 623427, 467500, 4676113.2943838015, 90, 40, 50, 326.1070288241023, 41
1, 1091010, 623480, 467530, 4676433.8293317305, 83, 53, 30, 320.5349479292333, 54
1, 1091047, 623517, 467530, 4676692.861903187, 37, 37, 0, 259.03257145596604, 37
51, 1091178, 623558, 467620, 4677053.574231402, 131, 41, 90, 360.7123282155055, 43
1, 1091221, 623601, 467620, 4677323.2491916055, 43, 43, 0, 269.6749602031015, 43
1, 1091285, 623635, 467650, 4677620.99190408, 64, 34, 30, 297.742712474619, 35
51, 1091381, 623681, 467700, 4677953.308820095, 96, 46, 50, 332.31691601465747, 47
1, 1091421, 623721, 467700, 4678217.795506031, 40, 40, 0, 264.4866859365871, 40
1, 1091455, 623755, 467700, 4678471.069146308, 34, 34, 0, 253.2736402766418, 34
1, 1091568, 623798, 467770, 4678817.908190178, 113, 43, 70, 346.83904386951343, 45
51, 1091666, 623846, 467820, 4679152.242818543, 98, 48, 50, 334.33462836457886, 49
1, 1091744, 623894, 467850, 4679467.125605163, 78, 48, 30, 314.8827866200841, 49
1, 1091815, 623925, 467890, 4679772.703915982, 71, 31, 40, 305.57831081870995, 32
1, 1091864, 623974, 467890, 4680052.079047088, 49, 49, 0, 279.3751311064591, 49
51, 1091949, 624009, 467940, 4680372.816074759, 85, 35, 50, 320.73702767108114, 36
1, 1091993, 624053, 467940, 4680644.167032449, 44, 44, 0, 271.35095769013947, 44
1, 1092105, 624095, 468010, 4680990.082344788, 112, 42, 70, 345.91531233955715, 44
1, 1092144, 624134, 468010, 4681252.782284732, 39, 39, 0, 262.6999399439383, 39
51, 1092260, 624170, 468090, 4681601.364088223, 116, 36, 80, 348.5818034911291, 38
1, 1092345, 624215, 468130, 4681923.1011158945, 85, 45, 40, 321.73702767108114, 46
1, 1092393, 624263, 468130, 4682200.915918485, 48, 48, 0, 277.8148025904985, 48
1, 1092432, 624302, 468130, 4682463.615858429, 39, 39, 0, 262.6999399439383, 39
51, 1092553, 624343, 468210, 4682816.678337465, 121, 41, 80, 353.06247903554, 43
1, 1092636, 624386, 468250, 4683136.213285394, 83, 43, 40, 319.5349479292333, 44
1, 1092672, 624422, 468250, 4683393.362259672, 36, 36, 0, 257.1489742783178, 36
1, 1092712, 624462, 468250, 4683657.848945608, 40, 40, 0, 264.4866859365871, 40
51, 1092799, 624499, 468300, 4683980.756526606, 87, 37, 50, 322.9075809977351, 38
1, 1092878, 624548, 468330, 4684296.787276736, 79, 49, 30, 316.03075013013313, 50
1, 1092925, 624595, 468330, 4684573.020326606, 47, 47, 0, 276.2330498695885, 47
1, 1093008, 624638, 468370, 4684892.555274535, 83, 43, 40, 319.5349479292333, 44
1, 1093081, 624681, 468400, 4685201.556553104, 73, 43, 30, 309.00127856917646, 44
51, 1093168, 624718, 468450, 4685524.464134102, 87, 37, 50, 322.9075809977351, 38
1, 1093208, 624758, 468450, 4685788.950820038, 40, 40, 0, 264.4866859365871, 40
1, 1093289, 624799, 468490, 4686106.250820038, 81, 41, 40, 317.3, 42
1, 1093333, 624843, 468490, 4686377.601777728, 44, 44, 0, 271.35095769013947, 44
1, 1093379, 624889, 468490, 4686652.230846441, 46, 46, 0, 274.6290687140218, 46
51, 1093499, 624929, 468570, 4687004.4059384065, 120, 40, 80, 352.1750919646873, 42
1, 1093535, 624965, 468570, 4687261.5549126845, 36, 36, 0, 257.1489742783178, 36
1, 1093609, 624999, 468610, 4687570.752121451, 74, 34, 40, 309.1972087668518, 35
1, 1093642, 625032, 468610, 4687822.0302941445, 33, 33, 0, 251.27817269284301, 33
51, 1093739, 625079, 468660, 4688155.359193416, 97, 47, 50, 333.3288992714996, 48
1, 1093810, 625120, 468690, 4688461.937504235, 71, 41, 30, 306.57831081870995, 42
1, 1093855, 625165, 468690, 4688734.939510646, 45, 45, 0, 273.00200641113514, 45
1, 1093890, 625200, 468690, 4688990.169438556, 35, 35, 0, 255.22992790977875, 35
1, 1093972, 625242, 468730, 4689308.591108399, 82, 42, 40, 318.42166984345636, 43
51, 1094059, 625279, 468780, 4689631.498689397, 87, 37, 50, 322.9075809977351, 38
1, 1094123, 625313, 468810, 4689929.241401872, 64, 34, 30, 297.742712474619, 35
1, 1094167, 625357, 468810, 4690200.5923595615, 44, 44, 0, 271.35095769013947, 44
1, 1094247, 625397, 468850, 4690516.762115805, 80, 40, 40, 316.1697562442441, 41
51, 1094340, 625440, 468900, 4690846.004395712, 93, 43, 50, 329.24227990714814, 44
1, 1094372, 625472, 468900, 4691095.245818713, 32, 32, 0, 249.24142300054422, 32
1, 1094460, 625520, 468940, 4691420.227250074, 88, 48, 40, 324.98143136087856, 49
51, 1094580, 625560, 469020, 4691772.402342039, 120, 40, 80, 352.1750919646873, 42
1, 1094612, 625592, 469020, 4692021.64376504, 32, 32, 0, 249.24142300054422, 32
1, 1094644, 625624, 469020, 4692270.88518804, 32, 32, 0, 249.24142300054422, 32
1, 1094688, 625668, 469020, 4692542.23614573, 44, 44, 0, 271.35095769013947, 44
1, 1094723, 625703, 469020, 4692797.46607364, 35, 35, 0, 255.22992790977875, 35
51, 1094889, 625749, 469140, 4693182.910341274, 166, 46, 120, 385.4442676339201, 49
1, 1094925, 625785, 469140, 4693440.059315552, 36, 36, 0, 257.1489742783178, 36
1, 1094963, 625823, 469140, 4693700.941695171, 38, 38, 0, 260.88237961983884, 38
51, 1095099, 625869, 469230, 4694065.836992206, 136, 46, 90, 364.89529703482884, 48
1, 1095172, 625912, 469260, 4694374.838270775, 73, 43, 30, 309.00127856917646, 44
1, 1095212, 625952, 469260, 4694639.324956711, 40, 40, 0, 264.4866859365871, 40
1, 1095250, 625990, 469260, 4694900.207336331, 38, 38, 0, 260.88237961983884, 38
51, 1095410, 626030, 469380, 4695281.163218339, 160, 40, 120, 380.95588200778457, 43
1, 1095453, 626073, 469380, 4695550.838178542, 43, 43, 0, 269.6749602031015, 43
1, 1095529, 626109, 469420, 4695862.397350916, 76, 36, 40, 311.5591723737189, 37
1, 1095569, 626149, 469420, 4696126.884036852, 40, 40, 0, 264.4866859365871, 40
1, 1095613, 626193, 469420, 4696398.234994542, 44, 44, 0, 271.35095769013947, 44
51, 1095731, 626231, 469500, 4696748.62231971, 118, 38, 80, 350.3873251689181, 40
1, 1095808, 626268, 469540, 4697061.347983477, 77, 37, 40, 312.72566376652986, 38
1, 1095843, 626303, 469540, 4697316.577911386, 35, 35, 0, 255.22992790977875, 35
51, 1095934, 626344, 469590, 4697643.736973325, 91, 41, 50, 327.1590619387661, 42
1, 1096040, 626380, 469660, 4697984.005016934, 106, 36, 70, 340.2680436096278, 38
1, 1096085, 626425, 469660, 4698257.007023346, 45, 45, 0, 273.00200641113514, 45
51, 1096176, 626466, 469710, 4698584.166085284, 91, 41, 50, 327.1590619387661, 42
1, 1096221, 626511, 469710, 4698857.168091696, 45, 45, 0, 273.00200641113514, 45
1, 1096301, 626551, 469750, 4699173.33784794, 80, 40, 40, 316.1697562442441, 41
51, 1096393, 626593, 469800, 4699501.541949408, 92, 42, 50, 328.20410146824725, 43
1, 1096471, 626641, 469830, 4699816.424736029, 78, 48, 30, 314.8827866200841, 49
1, 1096513, 626683, 469830, 4700084.397725531, 42, 42, 0, 267.97298950218305, 42
1, 1096589, 626719, 469870, 4700395.956897904, 76, 36, 40, 311.5591723737189, 37
51, 1096687, 626767, 469920, 4700730.291526269, 98, 48, 50, 334.33462836457886, 49
1, 1096767, 626817, 469950, 4701047.461282513, 80, 50, 30, 317.1697562442441, 51
1, 1096810, 626860, 469950, 4701317.136242717, 43, 43, 0, 269.6749602031015, 43
1, 1096891, 626901, 469990, 4701634.436242716, 81, 41, 40, 317.3, 42
1, 1096931, 626941, 469990, 4701898.922928653, 40, 40, 0, 264.4866859365871, 40
51, 1097022, 626982, 470040, 4702226.081990591, 91, 41, 50, 327.1590619387661, 42
1, 1097132, 627022, 470110, 4702570.135174638, 110, 40, 70, 344.0531840464366, 42
1, 1097180, 627070, 470110, 4702847.949977228, 48, 48, 0, 277.8148025904985, 48
1, 1097287, 627107, 470180, 4703189.172122498, 107, 37, 70, 341.2221452697031, 39
51, 1097370, 627140, 470230, 4703507.707070427, 83, 33, 50, 318.5349479292333, 34
1, 1097417, 627187, 470230, 4703783.940120297, 47, 47, 0, 276.2330498695885, 47
1, 1097457, 627227, 470230, 4704048.426806233, 40, 40, 0, 264.4866859365871, 40
51, 1097558, 627278, 470280, 4704385.7421942055, 101, 51, 50, 337.31538797227006, 52
1, 1097597, 627317, 470280, 4704648.442134149, 39, 39, 0, 262.6999399439383, 39
1, 1097709, 627359, 470350, 4704994.357446489, 112, 42, 70, 345.91531233955715, 44
51, 1097796, 627396, 470400, 4705317.265027487, 87, 37, 50, 322.9075809977351, 38
1, 1097874, 627444, 470430, 4705632.147814107, 78, 48, 30, 314.8827866200841, 49
1, 1097913, 627483, 470430, 4705894.847754051, 39, 39, 0, 262.6999399439383, 39
51, 1098040, 627520, 470520, 4706252.147436351, 127, 37, 90, 357.2996822992933, 39
1, 1098075, 627555, 470520, 4706507.37736426, 35, 35, 0, 255.22992790977875, 35
1, 1098139, 627589, 470550, 4706805.120076735, 64, 34, 30, 297.742712474619, 35
1, 1098176, 627626, 470550, 4707064.152648191, 37, 37, 0, 259.03257145596604, 37
51, 1098307, 627667, 470640, 4707424.864976406, 131, 41, 90, 360.7123282155055, 43
1, 1098347, 627707, 470640, 4707689.351662342, 40, 40, 0, 264.4866859365871, 40
1, 1098381, 627741, 470640, 4707942.625302619, 34, 34, 0, 253.2736402766418, 34
51, 1098504, 627774, 470730, 4708296.449873881, 123, 33, 90, 353.8245712617827, 35
1, 1098580, 627820, 470760, 4708609.009046255, 76, 46, 30, 312.5591723737189, 47
1, 1098669, 627869, 470800, 4708935.056911819, 89, 49, 40, 326.0478655640733, 50
1, 1098736, 627906, 470830, 4709236.657467077, 67, 37, 30, 301.6005552576305, 38
51, 1098827, 627947, 470880, 4709563.816529015, 91, 41, 50, 327.1590619387661, 42
1, 1098889, 627979, 470910, 4709858.923155345, 62, 32, 30, 295.1066263296683, 33
1, 1098921, 628011, 470910, 4710108.164578346, 32, 32, 0, 249.24142300054422, 32
51, 1099043, 628053, 470990, 4710462.1101969, 122, 42, 80, 353.9456185537469, 44
1, 1099112, 628082, 471030, 4710765.222338609, 69, 29, 40, 303.1121417102006, 30
1, 1099139, 628109, 471030, 4711003.573044305, 27, 27, 0, 238.35070569547776, 27
1, 1099208, 628138, 471070, 4711306.6851860145, 69, 29, 40, 303.1121417102006, 30
1, 1099248, 628178, 471070, 4711571.171871951, 40, 40, 0, 264.4866859365871, 40
51, 1099374, 628224, 471150, 4711928.6087678345, 126, 46, 80, 357.43689588345075, 48
1, 1099460, 628270, 471190, 4712251.434932482, 86, 46, 40, 322.82616464756694, 47
1, 1099497, 628307, 471190, 4712510.467503939, 37, 37, 0, 259.03257145596604, 37
1, 1099579, 628349, 471230, 4712828.889173782, 82, 42, 40, 318.42166984345636, 43
1, 1099619, 628389, 471230, 4713093.375859719, 40, 40, 0, 264.4866859365871, 40
51, 1099702, 628422, 471280, 4713411.910807648, 83, 33, 50, 318.5349479292333, 34
1, 1099773, 628463, 471310, 4713718.489118466, 71, 41, 30, 306.57831081870995, 42
1, 1099852, 628502, 471350, 4714033.519868596, 79, 39, 40, 315.03075013013313, 40
51, 1099943, 628543, 471400, 4714360.678930535, 91, 41, 50, 327.1590619387661, 42
1, 1099977, 628577, 471400, 4714613.952570812, 34, 34, 0, 253.2736402766418, 34
1, 1100059, 628619, 471440, 4714932.374240655, 82, 42, 40, 318.42166984345636, 43
1, 1100101, 628661, 471440, 4715200.347230158, 42, 42, 0, 267.97298950218305, 42
51, 1100217, 628697, 471520, 4715548.929033649, 116, 36, 80, 348.5818034911291, 38
1, 1100258, 628738, 471520, 4715815.172987092, 41, 41, 0, 266.24395344352433, 41
1, 1100334, 628774, 471560, 4716126.732159466, 76, 36, 40, 311.5591723737189, 37
51, 1100421, 628811, 471610, 4716449.639740463, 87, 37, 50, 322.9075809977351, 38
1, 1100464, 628854, 471610, 4716719.314700667, 43, 43, 0, 269.6749602031015, 43
1, 1100500, 628890, 471610, 4716976.463674945, 36, 36, 0, 257.1489742783178, 36
51, 1100667, 628937, 471730, 4717362.647304382, 167, 47, 120, 386.1836294370035, 50
1, 1100706, 628976, 471730, 4717625.347244326, 39, 39, 0, 262.6999399439383, 39
1, 1100742, 629012, 471730, 4717882.496218604, 36, 36, 0, 257.1489742783178, 36
1, 1100780, 629050, 471730, 4718143.378598223, 38, 38, 0, 260.88237961983884, 38
51, 1100940, 629090, 471850, 4718524.334480232, 160, 40, 120, 380.95588200778457, 43
1, 1100976, 629126, 471850, 4718781.48345451, 36, 36, 0, 257.1489742783178, 36
1, 1101014, 629164, 471850, 4719042.365834129, 38, 38, 0, 260.88237961983884, 38
51, 1101145, 629205, 471940, 4719403.078162344, 131, 41, 90, 360.7123282155055, 43
1, 1101203, 629233, 471970, 4719692.745064451, 58, 28, 30, 289.66690210718946, 29
1, 1101242, 629272, 471970, 4719955.445004395, 39, 39, 0, 262.6999399439383, 39
51, 1101327, 629307, 472020, 4720276.182032066, 85, 35, 50, 320.73702767108114, 36
1, 1101399, 629349, 472050, 4720583.977095091, 72, 42, 30, 307.79506302439404, 43
1, 1101481, 629391, 472090, 4720902.398764934, 82, 42, 40, 318.42166984345636, 43
1, 1101528, 629438, 472090, 4721178.631814804, 47, 47, 0, 276.2330498695885, 47
51, 1101606, 629466, 472140, 4721491.514601424, 78, 28, 50, 312.8827866200841, 29
1, 1101651, 629511, 472140, 4721764.516607836, 45, 45, 0, 273.00200641113514, 45
1, 1101717, 629547, 472170, 4722064.843596113, 66, 36, 30, 300.32698827717985, 37
1, 1101797, 629587, 472210, 4722381.013352357, 80, 40, 40, 316.1697562442441, 41
51, 1101887, 629627, 472260, 4722707.120381181, 90, 40, 50, 326.1070288241023, 41
1, 1101927, 629667, 472260, 4722971.6070671175, 40, 40, 0, 264.4866859365871, 40
1, 1101967, 629707, 472260, 4723236.093753054, 40, 40, 0, 264.4866859365871, 40
1, 1102037, 629747, 472290, 4723541.444513906, 70, 40, 30, 305.3507608519078, 41
1, 1102127, 629797, 472330, 4723868.55154273, 90, 50, 40, 327.1070288241023, 51
51, 1102217, 629837, 472380, 4724194.658571554, 90, 40, 50, 326.1070288241023, 41
1, 1102282, 629872, 472410, 4724493.699722998, 65, 35, 30, 299.04115144336777, 36
1, 1102325, 629915, 472410, 4724763.374683201, 43, 43, 0, 269.6749602031015, 43
51, 1102415, 629955, 472460, 4725089.481712026, 90, 40, 50, 326.1070288241023, 41
1, 1102496, 629996, 472500, 4725406.781712025, 81, 41, 40, 317.3, 42
1, 1102533, 630033, 472500, 4725665.814283482, 37, 37, 0, 259.03257145596604, 37
1, 1102580, 630080, 472500, 4725942.047333351, 47, 47, 0, 276.2330498695885, 47
51, 1102708, 630128, 472580, 4726301.205899453, 128, 48, 80, 359.1585661014858, 50
1, 1102747, 630167, 472580, 4726563.905839397, 39, 39, 0, 262.6999399439383, 39
1, 1102865, 630215, 472650, 4726915.293164565, 118, 48, 70, 351.3873251689181, 50
1, 1102910, 630260, 472650, 4727188.295170977, 45, 45, 0, 273.00200641113514, 45
51, 1103009, 630309, 472700, 4727523.62938553, 99, 49, 50, 335.33421455299043, 50
1, 1103091, 630351, 472740, 4727842.051055374, 82, 42, 40, 318.42166984345636, 43
1, 1103177, 630407, 472770, 4728165.877220022, 86, 56, 30, 323.82616464756694, 57
1, 1103213, 630443, 472770, 4728423.0261943, 36, 36, 0, 257.1489742783178, 36
51, 1103335, 630485, 472850, 4728776.971812854, 122, 42, 80, 353.9456185537469, 44
1, 1103375, 630525, 472850, 4729041.45849879, 40, 40, 0, 264.4866859365871, 40
1, 1103452, 630562, 472890, 4729354.184162556, 77, 37, 40, 312.72566376652986, 38
1, 1103527, 630607, 472920, 4729665.567258194, 75, 45, 30, 311.38309563827124, 46
51, 1103612, 630642, 472970, 4729986.304285865, 85, 35, 50, 320.73702767108114, 36
1, 1103659, 630689, 472970, 4730262.537335735, 47, 47, 0, 276.2330498695885, 47
1, 1103744, 630734, 473010, 4730584.274363406, 85, 45, 40, 321.73702767108114, 46
1, 1103775, 630765, 473010, 4730831.435469583, 31, 31, 0, 247.1611061770567, 31
51, 1103897, 630807, 473090, 4731185.381088137, 122, 42, 80, 353.9456185537469, 44
1, 1103936, 630846, 473090, 4731448.081028081, 39, 39, 0, 262.6999399439383, 39
1, 1104044, 630884, 473160, 4731790.252007628, 108, 38, 70, 342.1709795470626, 40
1, 1104098, 630938, 473160, 4732077.132608711, 54, 54, 0, 286.88060108295343, 54
1, 1104170, 630980, 473190, 4732384.927671735, 72, 42, 30, 307.79506302439404, 43
51, 1104282, 631002, 473280, 4732728.842984075, 112, 22, 90, 343.91531233955715, 24
1, 1104323, 631043, 473280, 4732995.086937518, 41, 41, 0, 266.24395344352433, 41
1, 1104366, 631086, 473280, 4733264.761897721, 43, 43, 0, 269.6749602031015, 43
1, 1104487, 631137, 473350, 4733618.824376757, 121, 51, 70, 354.06247903554, 53
1, 1104532, 631182, 473350, 4733891.826383169, 45, 45, 0, 273.00200641113514, 45
51, 1104626, 631226, 473400, 4734222.1001090165, 94, 44, 50, 330.273725847777, 45
1, 1104662, 631262, 473400, 4734479.2490832945, 36, 36, 0, 257.1489742783178, 36
1, 1104734, 631294, 473440, 4734786.044146319, 72, 32, 40, 306.79506302439404, 33
1, 1104780, 631340, 473440, 4735060.673215033, 46, 46, 0, 274.6290687140218, 46
51, 1104893, 631373, 473520, 4735406.512258902, 113, 33, 80, 345.83904386951343, 35
1, 1104928, 631408, 473520, 4735661.742186812, 35, 35, 0, 255.22992790977875, 35
1, 1104977, 631457, 473520, 4735941.117317918, 49, 49, 0, 279.3751311064591, 49
1, 1105025, 631505, 473520, 4736218.9321205085, 48, 48, 0, 277.8148025904985, 48
51, 1105158, 631548, 473610, 4736581.32838955, 133, 43, 90, 362.3962690412072, 45
1, 1105223, 631583, 473640, 4736880.369540993, 65, 35, 30, 299.04115144336777, 36
1, 1105256, 631616, 473640, 4737131.647713686, 33, 33, 0, 251.27817269284301, 33
1, 1105367, 631657, 473710, 4737476.634431727, 111, 41, 70, 344.9867180408456, 43
1, 1105411, 631701, 473710, 4737747.985389417, 44, 44, 0, 271.35095769013947, 44
51, 1105528, 631738, 473790, 4738097.472206215, 117, 37, 80, 349.4868167986058, 39
1, 1105573, 631783, 473790, 4738370.474212627, 45, 45, 0, 273.00200641113514, 45
1, 1105649, 631819, 473830, 4738682.033385, 76, 36, 40, 311.5591723737189, 37
1, 1105691, 631861, 473830, 4738950.006374503, 42, 42, 0, 267.97298950218305, 42
51, 1105813, 631903, 473910, 4739303.951993057, 122, 42, 80, 353.9456185537469, 44
1, 1105853, 631943, 473910, 4739568.438678993, 40, 40, 0, 264.4866859365871, 40
1, 1105889, 631979, 473910, 4739825.587653271, 36, 36, 0, 257.1489742783178, 36
1, 1105994, 632014, 473980, 4740164.896240565, 105, 35, 70, 339.30858729436795, 37
1, 1106039, 632059, 473980, 4740437.898246977, 45, 45, 0, 273.00200641113514, 45
51, 1106147, 632087, 474060, 4740779.069226524, 108, 28, 80, 341.1709795470626, 30
1, 1106195, 632135, 474060, 4741056.884029115, 48, 48, 0, 277.8148025904985, 48
1, 1106239, 632179, 474060, 4741328.234986804, 44, 44, 0, 271.35095769013947, 44
1, 1106281, 632221, 474060, 4741596.207976307, 42, 42, 0, 267.97298950218305, 42
51, 1106446, 632266, 474180, 4741980.910439729, 165, 45, 120, 384.7024634215721, 48
1, 1106486, 632306, 474180, 4742245.397125665, 40, 40, 0, 264.4866859365871, 40
1, 1106523, 632343, 474180, 4742504.4296971215, 37, 37, 0, 259.03257145596604, 37
1, 1106580, 632400, 474180, 4742795.599317627, 57, 57, 0, 291.1696205054472, 57
51, 1106738, 632438, 474300, 4743175.038526882, 158, 38, 120, 379.43920925585275, 41
1, 1106767, 632467, 474300, 4743417.898105593, 29, 29, 0, 242.8595787106084, 29
1, 1106801, 632501, 474300, 4743671.17174587, 34, 34, 0, 253.2736402766418, 34
51, 1106889, 632539, 474350, 4743995.153177232, 88, 38, 50, 323.98143136087856, 39
1, 1106927, 632577, 474350, 4744256.035556851, 38, 38, 0, 260.88237961983884, 38
1, 1107034, 632614, 474420, 4744597.257702121, 107, 37, 70, 341.2221452697031, 39
1, 1107065, 632645, 474420, 4744844.418808297, 31, 31, 0, 247.1611061770567, 31
1, 1107114, 632694, 474420, 4745123.793939403, 49, 49, 0, 279.3751311064591, 49
51, 1107236, 632736, 474500, 4745477.739557957, 122, 42, 80, 353.9456185537469, 44
1, 1107323, 632783, 474540, 4745801.647138955, 87, 47, 40, 323.9075809977351, 48
1, 1107355, 632815, 474540, 4746050.888561956, 32, 32, 0, 249.24142300054422, 32
51, 1107441, 632851, 474590, 4746372.714726604, 86, 36, 50, 321.82616464756694, 37
1, 1107489, 632899, 474590, 4746650.529529194, 48, 48, 0, 277.8148025904985, 48
1, 1107595, 632935, 474660, 4746990.797572804, 106, 36, 70, 340.2680436096278, 38
1, 1107639, 632979, 474660, 4747262.1485304935, 44, 44, 0, 271.35095769013947, 44
51, 1107734, 633024, 474710, 4747593.447094629, 95, 45, 50, 331.2985641352145, 46
1, 1107771, 633061, 474710, 4747852.479666085, 37, 37, 0, 259.03257145596604, 37
1, 1107884, 633104, 474780, 4748199.318709955, 113, 43, 70, 346.83904386951343, 45
51, 1107974, 633144, 474830, 4748525.425738779, 90, 40, 50, 326.1070288241023, 41
1, 1108007, 633177, 474830, 4748776.703911472, 33, 33, 0, 251.27817269284301, 33
1, 1108077, 633217, 474860, 4749082.054672324, 70, 40, 30, 305.3507608519078, 41
1, 1108116, 633256, 474860, 4749344.754612268, 39, 39, 0, 262.6999399439383, 39
1, 1108194, 633294, 474900, 4749658.637398888, 78, 38, 40, 313.8827866200841, 39
51, 1108283, 633333, 474950, 4749983.685264452, 89, 39, 50, 325.0478655640733, 40
1, 1108324, 633374, 474950, 4750249.9292178955, 41, 41, 0, 266.24395344352433, 41
1, 1108363, 633413, 474950, 4750512.629157839, 39, 39, 0, 262.6999399439383, 39
1, 1108474, 633454, 475020, 4750857.61587588, 111, 41, 70, 344.9867180408456, 43
51, 1108569, 633499, 475070, 4751188.914440015, 95, 45, 50, 331.2985641352145, 46
1, 1108609, 633539, 475070, 4751453.401125952, 40, 40, 0, 264.4866859365871, 40
1, 1108670, 633570, 475100, 4751747.169365219, 61, 31, 30, 293.7682392671241, 32
1, 1108738, 633598, 475140, 4752049.031536321, 68, 28, 40, 301.86217110259, 29
1, 1108779, 633639, 475140, 4752315.275489764, 41, 41, 0, 266.24395344352433, 41
51, 1108872, 633682, 475190, 4752644.517769671, 93, 43, 50, 329.24227990714814, 44
1, 1108953, 633723, 475230, 4752961.817769671, 81, 41, 40, 317.3, 42
1, 1109024, 633764, 475260, 4753268.396080489, 71, 41, 30, 306.57831081870995, 42
1, 1109062, 633802, 475260, 4753529.278460109, 38, 38, 0, 260.88237961983884, 38
51, 1109188, 633838, 475350, 4753885.715355992, 126, 36, 90, 356.43689588345075, 38
1, 1109224, 633874, 475350, 4754142.86433027, 36, 36, 0, 257.1489742783178, 36
1, 1109263, 633913, 475350, 4754405.564270214, 39, 39, 0, 262.6999399439383, 39
1, 1109304, 633954, 475350, 4754671.808223657, 41, 41, 0, 266.24395344352433, 41
1, 1109389, 634009, 475380, 4754994.5452513285, 85, 55, 30, 322.73702767108114, 56
51, 1109527, 634057, 475470, 4755361.08918088, 138, 48, 90, 366.54392955194305, 50
1, 1109598, 634098, 475500, 4755667.667491699, 71, 41, 30, 306.57831081870995, 42
1, 1109668, 634128, 475540, 4755972.018252551, 70, 30, 40, 304.3507608519078, 31
1, 1109710, 634170, 475540, 4756239.991242053, 42, 42, 0, 267.97298950218305, 42
51, 1109795, 634205, 475590, 4756560.728269724, 85, 35, 50, 320.73702767108114, 36
1, 1109832, 634242, 475590, 4756819.760841181, 37, 37, 0, 259.03257145596604, 37
1, 1109934, 634274, 475660, 4757156.158023962, 102, 32, 70, 336.39718278112656, 34
1, 1109967, 634307, 475660, 4757407.436196655, 33, 33, 0, 251.27817269284301, 33
51, 1110058, 634348, 475710, 4757734.595258594, 91, 41, 50, 327.1590619387661, 42
1, 1110129, 634389, 475740, 4758041.173569412, 71, 41, 30, 306.57831081870995, 42
1, 1110170, 634430, 475740, 4758307.417522855, 41, 41, 0, 266.24395344352433, 41
51, 1110293, 634463, 475830, 4758661.242094117, 123, 33, 90, 353.8245712617827, 35
1, 1110356, 634496, 475860, 4758957.673418843, 63, 33, 30, 296.43132472612575, 34
1, 1110406, 634546, 475860, 4759238.588213691, 50, 50, 0, 280.9147948472494, 50
1, 1110491, 634591, 475900, 4759560.325241362, 85, 45, 40, 321.73702767108114, 46
1, 1110529, 634629, 475900, 4759821.207620981, 38, 38, 0, 260.88237961983884, 38
51, 1110622, 634672, 475950, 4760150.449900888, 93, 43, 50, 329.24227990714814, 44
1, 1110669, 634719, 475950, 4760426.682950757, 47, 47, 0, 276.2330498695885, 47
1, 1110735, 634755, 475980, 4760727.0099390345, 66, 36, 30, 300.32698827717985, 37
51, 1110862, 634792, 476070, 4761084.309621334, 127, 37, 90, 357.2996822992933, 39
1, 1110899, 634829, 476070, 4761343.3421927905, 37, 37, 0, 259.03257145596604, 37
1, 1110940, 634870, 476070, 4761609.586146234, 41, 41, 0, 266.24395344352433, 41
1, 1110974, 634904, 476070, 4761862.8597865105, 34, 34, 0, 253.2736402766418, 34
51, 1111064, 634944, 476120, 4762188.966815335, 90, 40, 50, 326.1070288241023, 41
1, 1111176, 634986, 476190, 4762534.882127674, 112, 42, 70, 345.91531233955715, 44
1, 1111221, 635031, 476190, 4762807.884134086, 45, 45, 0, 273.00200641113514, 45
1, 1111267, 635077, 476190, 4763082.5132027995, 46, 46, 0, 274.6290687140218, 46
1, 1111351, 635121, 476230, 4763403.153213203, 84, 44, 40, 320.64001040350905, 45
51, 1111472, 635162, 476310, 4763756.215692239, 121, 41, 80, 353.06247903554, 43
1, 1111504, 635194, 476310, 4764005.457115239, 32, 32, 0, 249.24142300054422, 32
1, 1111589, 635239, 476350, 4764327.194142911, 85, 45, 40, 321.73702767108114, 46
1, 1111635, 635285, 476350, 4764601.823211624, 46, 46, 0, 274.6290687140218, 46
51, 1111756, 635326, 476430, 4764954.88569066, 121, 41, 80, 353.06247903554, 43
1, 1111790, 635360, 476430, 4765208.159330937, 34, 34, 0, 253.2736402766418, 34
1, 1111877, 635407, 476470, 4765532.066911935, 87, 47, 40, 323.9075809977351, 48
1, 1111924, 635454, 476470, 4765808.299961804, 47, 47, 0, 276.2330498695885, 47
1, 1111971, 635501, 476470, 4766084.533011674, 47, 47, 0, 276.2330498695885, 47
51, 1112129, 635539, 476590, 4766463.972220929, 158, 38, 120, 379.43920925585275, 41
1, 1112174, 635584, 476590, 4766736.974227341, 45, 45, 0, 273.00200641113514, 45
1, 1112236, 635616, 476620, 4767032.080853671, 62, 32, 30, 295.1066263296683, 33
1, 1112282, 635662, 476620, 4767306.7099223845, 46, 46, 0, 274.6290687140218, 46
51, 1112384, 635714, 476670, 4767645.007105165, 102, 52, 50, 338.29718278112654, 53
1, 1112466, 635756, 476710, 4767963.428775009, 82, 42, 40, 318.42166984345636, 43
1, 1112504, 635794, 476710, 4768224.311154628, 38, 38, 0, 260.88237961983884, 38
51, 1112621, 635831, 476790, 4768573.7979714265, 117, 37, 80, 349.4868167986058, 39
1, 1112656, 635866, 476790, 4768829.027899336, 35, 35, 0, 255.22992790977875, 35
1, 1112697, 635907, 476790, 4769095.271852779, 41, 41, 0, 266.24395344352433, 41
1, 1112790, 635960, 476830, 4769425.514132686, 93, 53, 40, 330.24227990714814, 54
51, 1112902, 635992, 476910, 4769770.4294450255, 112, 32, 80, 344.91531233955715, 34
1, 1112986, 636036, 476950, 4770091.069455429, 84, 44, 40, 320.64001040350905, 45
1, 1113041, 636091, 476950, 4770379.396436962, 55, 55, 0, 288.32698153315005, 55
51, 1113134, 636134, 477000, 4770708.638716869, 93, 43, 50, 329.24227990714814, 44
1, 1113201, 636161, 477040, 4771009.239272127, 67, 27, 40, 300.6005552576305, 28
1, 1113241, 636201, 477040, 4771273.725958063, 40, 40, 0, 264.4866859365871, 40
1, 1113310, 636240, 477070, 4771577.838099773, 69, 39, 30, 304.1121417102006, 40
51, 1113403, 636283, 477120, 4771907.08037968, 93, 43, 50, 329.24227990714814, 44
1, 1113449, 636329, 477120, 4772181.709448393, 46, 46, 0, 274.6290687140218, 46
1, 1113534, 636374, 477160, 4772503.446476065, 85, 45, 40, 321.73702767108114, 46
1, 1113605, 636415, 477190, 4772810.024786883, 71, 41, 30, 306.57831081870995, 42
51, 1113737, 636457, 477280, 4773171.58090931, 132, 42, 90, 361.55612242701943, 44
1, 1113778, 636498, 477280, 4773437.824862753, 41, 41, 0, 266.24395344352433, 41
1, 1113814, 636534, 477280, 4773694.973837031, 36, 36, 0, 257.1489742783178, 36
1, 1113892, 636582, 477310, 4774009.856623651, 78, 48, 30, 314.8827866200841, 49
51, 1114015, 636615, 477400, 4774363.681194914, 123, 33, 90, 353.8245712617827, 35
1, 1114071, 636671, 477400, 4774653.4376748875, 56, 56, 0, 289.7564799734761, 56
1, 1114113, 636713, 477400, 4774921.41066439, 42, 42, 0, 267.97298950218305, 42
1, 1114194, 636754, 477440, 4775238.71066439, 81, 41, 40, 317.3, 42
51, 1114276, 636786, 477490, 4775556.132334233, 82, 32, 50, 317.42166984345636, 33
1, 1114348, 636828, 477520, 4775863.927397258, 72, 42, 30, 307.79506302439404, 43
1, 1114391, 636871, 477520, 4776133.602357461, 43, 43, 0, 269.6749602031015, 43
1, 1114432, 636912, 477520, 4776399.846310904, 41, 41, 0, 266.24395344352433, 41
1, 1114499, 636949, 477550, 4776701.446866162, 67, 37, 30, 301.6005552576305, 38
51, 1114630, 636990, 477640, 4777062.159194377, 131, 41, 90, 360.7123282155055, 43
1, 1114698, 637028, 477670, 4777365.02136548, 68, 38, 30, 302.86217110259, 39
1, 1114731, 637061, 477670, 4777616.299538173, 33, 33, 0, 251.27817269284301, 33
1, 1114769, 637099, 477670, 4777877.181917792, 38, 38, 0, 260.88237961983884, 38
1, 1114852, 637142, 477710, 4778196.716865721, 83, 43, 40, 319.5349479292333, 44
51, 1114948, 637188, 477760, 4778529.033781736, 96, 46, 50, 332.31691601465747, 47
1, 1115018, 637228, 477790, 4778834.384542588, 70, 40, 30, 305.3507608519078, 41
1, 1115069, 637279, 477790, 4779116.819054366, 51, 51, 0, 282.43451177837886, 51
1, 1115148, 637318, 477830, 4779431.849804496, 79, 39, 40, 315.03075013013313, 40
51, 1115228, 637348, 477880, 4779747.01956074, 80, 30, 50, 315.1697562442441, 31
1, 1115293, 637383, 477910, 4780046.060712184, 65, 35, 30, 299.04115144336777, 36
1, 1115337, 637427, 477910, 4780317.411669874, 44, 44, 0, 271.35095769013947, 44
1, 1115381, 637471, 477910, 4780588.762627563, 44, 44, 0, 271.35095769013947, 44
51, 1115472, 637512, 477960, 4780915.921689502, 91, 41, 50, 327.1590619387661, 42
1, 1115545, 637545, 478000, 4781223.922968071, 73, 33, 40, 308.00127856917646, 34
1, 1115596, 637596, 478000, 4781506.357479849, 51, 51, 0, 282.43451177837886, 51
1, 1115711, 637641, 478070, 4781855.029696911, 115, 45, 70, 348.6722170622053, 47
51, 1115800, 637680, 478120, 4782180.077562475, 89, 39, 50, 325.0478655640733, 40
1, 1115843, 637723, 478120, 4782449.752522678, 43, 43, 0, 269.6749602031015, 43
1, 1115878, 637758, 478120, 4782704.982450588, 35, 35, 0, 255.22992790977875, 35
1, 1115919, 637799, 478120, 4782971.226404031, 41, 41, 0, 266.24395344352433, 41
1, 1116001, 637841, 478160, 4783289.648073874, 82, 42, 40, 318.42166984345636, 43
51, 1116125, 637885, 478240, 4783645.347470422, 124, 44, 80, 355.6993965481514, 46
1, 1116170, 637930, 478240, 4783918.349476834, 45, 45, 0, 273.00200641113514, 45
1, 1116247, 637977, 478270, 4784232.0751406, 77, 47, 30, 313.72566376652986, 48
51, 1116378, 638018, 478360, 4784592.787468815, 131, 41, 90, 360.7123282155055, 43
1, 1116449, 638059, 478390, 4784899.365779634, 71, 41, 30, 306.57831081870995, 42
1, 1116494, 638104, 478390, 4785172.367786045, 45, 45, 0, 273.00200641113514, 45
1, 1116533, 638143, 478390, 4785435.067725989, 39, 39, 0, 262.6999399439383, 39
1, 1116618, 638188, 478430, 4785756.80475366, 85, 45, 40, 321.73702767108114, 46
51, 1116732, 638222, 478510, 4786103.562741352, 114, 34, 80, 346.75798769167545, 36
1, 1116780, 638270, 478510, 4786381.377543943, 48, 48, 0, 277.8148025904985, 48
1, 1116891, 638311, 478580, 4786726.364261984, 111, 41, 70, 344.9867180408456, 43
51, 1116977, 638347, 478630, 4787048.190426632, 86, 36, 50, 321.82616464756694, 37
1, 1117034, 638374, 478660, 4787336.460047137, 57, 27, 30, 288.2696205054472, 28
1, 1117074, 638414, 478660, 4787600.946733073, 40, 40, 0, 264.4866859365871, 40
1, 1117124, 638464, 478660, 4787881.861527921, 50, 50, 0, 280.9147948472494, 50
51, 1117280, 638500, 478780, 4788259.773412226, 156, 36, 120, 377.9118843049396, 39
1, 1117316, 638536, 478780, 4788516.922386504, 36, 36, 0, 257.1489742783178, 36
1, 1117402, 638582, 478820, 4788839.748551152, 86, 46, 40, 322.82616464756694, 47
1, 1117440, 638620, 478820, 4789100.630930771, 38, 38, 0, 260.88237961983884, 38
51, 1117523, 638653, 478870, 4789419.1658787, 83, 33, 50, 318.5349479292333, 34
1, 1117570, 638700, 478870, 4789695.39892857, 47, 47, 0, 276.2330498695885, 47
1, 1117652, 638752, 478900, 4790014.820598413, 82, 52, 30, 319.42166984345636, 53
51, 1117788, 638798, 478990, 4790379.715895448, 136, 46, 90, 364.89529703482884, 48
1, 1117826, 638836, 478990, 4790640.598275067, 38, 38, 0, 260.88237961983884, 38
1, 1117873, 638883, 478990, 4790916.831324937, 47, 47, 0, 276.2330498695885, 47
1, 1117941, 638921, 479020, 4791219.693496039, 68, 38, 30, 302.86217110259, 39
51, 1118078, 638968, 479110, 4791585.414818244, 137, 47, 90, 365.72132220485213, 49
1, 1118120, 639010, 479110, 4791853.387807746, 42, 42, 0, 267.97298950218305, 42
1, 1118155, 639045, 479110, 4792108.617735656, 35, 35, 0, 255.22992790977875, 35
51, 1118235, 639075, 479160, 4792423.7874919, 80, 30, 50, 315.1697562442441, 31
1, 1118271, 639111, 479160, 4792680.936466178, 36, 36, 0, 257.1489742783178, 36
1, 1118344, 639154, 479190, 4792989.937744747, 73, 43, 30, 309.00127856917646, 44
1, 1118415, 639185, 479230, 4793295.516055565, 71, 31, 40, 305.57831081870995, 32
51, 1118500, 639220, 479280, 4793616.2530832365, 85, 35, 50, 320.73702767108114, 36
1, 1118532, 639252, 479280, 4793865.494506237, 32, 32, 0, 249.24142300054422, 32
1, 1118571, 639291, 479280, 4794128.194446181, 39, 39, 0, 262.6999399439383, 39
1, 1118677, 639327, 479350, 4794468.46248979, 106, 36, 70, 340.2680436096278, 38
51, 1118769, 639369, 479400, 4794796.666591259, 92, 42, 50, 328.20410146824725, 43
1, 1118810, 639410, 479400, 4795062.910544702, 41, 41, 0, 266.24395344352433, 41
1, 1118848, 639448, 479400, 4795323.792924321, 38, 38, 0, 260.88237961983884, 38
51, 1118967, 639487, 479480, 4795675.076319523, 119, 39, 80, 351.28339520229764, 41
1, 1119045, 639525, 479520, 4795988.959106144, 78, 38, 40, 313.8827866200841, 39
1, 1119082, 639562, 479520, 4796247.9916776, 37, 37, 0, 259.03257145596604, 37
51, 1119171, 639601, 479570, 4796573.039543164, 89, 39, 50, 325.0478655640733, 40
1, 1119244, 639634, 479610, 4796881.040821733, 73, 33, 40, 308.00127856917646, 34
1, 1119311, 639671, 479640, 4797182.641376991, 67, 37, 30, 301.6005552576305, 38
1, 1119351, 639711, 479640, 4797447.128062927, 40, 40, 0, 264.4866859365871, 40
51, 1119439, 639749, 479690, 4797771.109494288, 88, 38, 50, 323.98143136087856, 39
1, 1119514, 639784, 479730, 4798081.492589926, 75, 35, 40, 310.38309563827124, 36
1, 1119591, 639831, 479760, 4798395.218253693, 77, 47, 30, 313.72566376652986, 48
1, 1119636, 639876, 479760, 4798668.220260104, 45, 45, 0, 273.00200641113514, 45
51, 1119767, 639927, 479840, 4799029.932588319, 131, 51, 80, 361.7123282155055, 53
1, 1119802, 639962, 479840, 4799285.162516229, 35, 35, 0, 255.22992790977875, 35
1, 1119887, 640007, 479880, 4799606.8995439, 85, 45, 40, 321.73702767108114, 46
51, 1119979, 640049, 479930, 4799935.1036453685, 92, 42, 50, 328.20410146824725, 43
1, 1120053, 640093, 479960, 4800245.300854135, 74, 44, 30, 310.1972087668518, 45
1, 1120093, 640133, 479960, 4800509.787540072, 40, 40, 0, 264.4866859365871, 40
1, 1120169, 640169, 480000, 4800821.346712445, 76, 36, 40, 311.5591723737189, 37
51, 1120249, 640199, 480050, 4801136.516468689, 80, 30, 50, 315.1697562442441, 31
1, 1120355, 640235, 480120, 4801476.784512298, 106, 36, 70, 340.2680436096278, 38
1, 1120393, 640273, 480120, 4801737.666891918, 38, 38, 0, 260.88237961983884, 38
1, 1120425, 640305, 480120, 4801986.908314918, 32, 32, 0, 249.24142300054422, 32
1, 1120484, 640334, 480150, 4802277.957115166, 59, 29, 30, 291.0488002476036, 30
51, 1120570, 640370, 480200, 4802599.783279814, 86, 36, 50, 321.82616464756694, 37
1, 1120612, 640412, 480200, 4802867.756269316, 42, 42, 0, 267.97298950218305, 42
1, 1120735, 640465, 480270, 4803223.580840578, 123, 53, 70, 355.8245712617827, 55
1, 1120778, 640508, 480270, 4803493.255800782, 43, 43, 0, 269.6749602031015, 43
51, 1120867, 640547, 480320, 4803818.303666346, 89, 39, 50, 325.0478655640733, 40
1, 1120942, 640582, 480360, 4804128.686761984, 75, 35, 40, 310.38309563827124, 36
1, 1120972, 640612, 480360, 4804373.721493916, 30, 30, 0, 245.0347319320716, 30
51, 1121089, 640649, 480440, 4804723.208310714, 117, 37, 80, 349.4868167986058, 39
1, 1121136, 640696, 480440, 4804999.4413605835, 47, 47, 0, 276.2330498695885, 47
1, 1121181, 640741, 480440, 4805272.443366995, 45, 45, 0, 273.00200641113514, 45
1, 1121259, 640779, 480480, 4805586.3261536155, 78, 38, 40, 313.8827866200841, 39
51, 1121344, 640814, 480530, 4805907.063181287, 85, 35, 50, 320.73702767108114, 36
1, 1121415, 640855, 480560, 4806213.641492105, 71, 41, 30, 306.57831081870995, 42
1, 1121448, 640888, 480560, 4806464.919664798, 33, 33, 0, 251.27817269284301, 33
1, 1121565, 640935, 480630, 4806815.406481597, 117, 47, 70, 350.4868167986058, 49
51, 1121651, 640971, 480680, 4807137.232646245, 86, 36, 50, 321.82616464756694, 37
1, 1121716, 641006, 480710, 4807436.273797688, 65, 35, 30, 299.04115144336777, 36
1, 1121791, 641041, 480750, 4807746.656893326, 75, 35, 40, 310.38309563827124, 36
1, 1121836, 641086, 480750, 4808019.6588997375, 45, 45, 0, 273.00200641113514, 45
51, 1121915, 641115, 480800, 4808333.689649868, 79, 29, 50, 314.03075013013313, 30
1, 1121962, 641162, 480800, 4808609.922699737, 47, 47, 0, 276.2330498695885, 47
1, 1122034, 641204, 480830, 4808917.717762762, 72, 42, 30, 307.79506302439404, 43
1, 1122120, 641250, 480870, 4809240.54392741, 86, 46, 40, 322.82616464756694, 47
51, 1122221, 641301, 480920, 4809577.859315382, 101, 51, 50, 337.31538797227006, 52
1, 1122253, 641333, 480920, 4809827.100738383, 32, 32, 0, 249.24142300054422, 32
1, 1122293, 641373, 480920, 4810091.587424319, 40, 40, 0, 264.4866859365871, 40
51, 1122389, 641419, 480970, 4810423.904340334, 96, 46, 50, 332.31691601465747, 47
1, 1122500, 641460, 481040, 4810768.891058375, 111, 41, 70, 344.9867180408456, 43
1, 1122531, 641491, 481040, 4811016.052164552, 31, 31, 0, 247.1611061770567, 31
51, 1122614, 641524, 481090, 4811334.587112481, 83, 33, 50, 318.5349479292333, 34
1, 1122652, 641562, 481090, 4811595.4694921, 38, 38, 0, 260.88237961983884, 38
1, 1122728, 641598, 481130, 4811907.028664473, 76, 36, 40, 311.5591723737189, 37
1, 1122803, 641643, 481160, 4812218.411760111, 75, 45, 30, 311.38309563827124, 46
51, 1122884, 641674, 481210, 4812534.711760111, 81, 31, 50, 316.3, 32
1, 1122957, 641717, 481240, 4812843.71303868, 73, 43, 30, 309.00127856917646, 44
1, 1122997, 641757, 481240, 4813108.1997246165, 40, 40, 0, 264.4866859365871, 40
51, 1123086, 641796, 481290, 4813433.2475901805, 89, 39, 50, 325.0478655640733, 40
1, 1123192, 641832, 481360, 4813773.51563379, 106, 36, 70, 340.2680436096278, 38
1, 1123229, 641869, 481360, 4814032.548205246, 37, 37, 0, 259.03257145596604, 37
1, 1123260, 641900, 481360, 4814279.709311423, 31, 31, 0, 247.1611061770567, 31
51, 1123352, 641942, 481410, 4814607.913412891, 92, 42, 50, 328.20410146824725, 43
1, 1123430, 641980, 481450, 4814921.796199512, 78, 38, 40, 313.8827866200841, 39
1, 1123463, 642013, 481450, 4815173.074372205, 33, 33, 0, 251.27817269284301, 33
1, 1123542, 642062, 481480, 4815489.105122335, 79, 49, 30, 316.03075013013313, 50
1, 1123579, 642099, 481480, 4815748.137693792, 37, 37, 0, 259.03257145596604, 37
51, 1123664, 642134, 481530, 4816068.874721463, 85, 35, 50, 320.73702767108114, 36
1, 1123738, 642168, 481570, 4816378.07193023, 74, 34, 40, 309.1972087668518, 35
1, 1123773, 642203, 481570, 4816633.301858139, 35, 35, 0, 255.22992790977875, 35
51, 1123861, 642241, 481620, 4816957.2832895005, 88, 38, 50, 323.98143136087856, 39
1, 1123927, 642277, 481650, 4817257.610277778, 66, 36, 30, 300.32698827717985, 37
1, 1123970, 642320, 481650, 4817527.285237981, 43, 43, 0, 269.6749602031015, 43
1, 1124015, 642365, 481650, 4817800.287244393, 45, 45, 0, 273.00200641113514, 45
51, 1124148, 642408, 481740, 4818162.683513434, 133, 43, 90, 362.3962690412072, 45
1, 1124191, 642451, 481740, 4818432.358473637, 43, 43, 0, 269.6749602031015, 43
1, 1124270, 642500, 481770, 4818748.389223767, 79, 49, 30, 316.03075013013313, 50
51, 1124399, 642539, 481860, 4819107.402824258, 129, 39, 90, 359.01360049114555, 41
1, 1124438, 642578, 481860, 4819370.102764202, 39, 39, 0, 262.6999399439383, 39
1, 1124481, 642621, 481860, 4819639.777724406, 43, 43, 0, 269.6749602031015, 43
1, 1124548, 642658, 481890, 4819941.378279664, 67, 37, 30, 301.6005552576305, 38
1, 1124588, 642698, 481890, 4820205.8649656, 40, 40, 0, 264.4866859365871, 40
51, 1124665, 642725, 481940, 4820517.590629366, 77, 27, 50, 311.72566376652986, 28
1, 1124753, 642773, 481980, 4820842.5720607275, 88, 48, 40, 324.98143136087856, 49
1, 1124819, 642809, 482010, 4821142.899049005, 66, 36, 30, 300.32698827717985, 37
1, 1124863, 642853, 482010, 4821414.250006694, 44, 44, 0, 271.35095769013947, 44
1, 1124902, 642892, 482010, 4821676.949946638, 39, 39, 0, 262.6999399439383, 39
51, 1125029, 642929, 482100, 4822034.249628938, 127, 37, 90, 357.2996822992933, 39
1, 1125091, 642961, 482130, 4822329.356255268, 62, 32, 30, 295.1066263296683, 33
1, 1125122, 642992, 482130, 4822576.517361444, 31, 31, 0, 247.1611061770567, 31
1, 1125161, 643031, 482130, 4822839.217301388, 39, 39, 0, 262.6999399439383, 39
1, 1125250, 643080, 482170, 4823165.265166952, 89, 49, 40, 326.0478655640733, 50
51, 1125337, 643117, 482220, 4823488.17274795, 87, 37, 50, 322.9075809977351, 38
1, 1125411, 643161, 482250, 4823798.369956717, 74, 44, 30, 310.1972087668518, 45
1, 1125451, 643201, 482250, 4824062.856642653, 40, 40, 0, 264.4866859365871, 40
1, 1125521, 643241, 482280, 4824368.207403505, 70, 40, 30, 305.3507608519078, 41
51, 1125619, 643289, 482330, 4824702.54203187, 98, 48, 50, 334.33462836457886, 49
1, 1125696, 643326, 482370, 4825015.2676956365, 77, 37, 40, 312.72566376652986, 38
1, 1125772, 643372, 482400, 4825327.82686801, 76, 46, 30, 312.5591723737189, 47
1, 1125808, 643408, 482400, 4825584.975842288, 36, 36, 0, 257.1489742783178, 36
1, 1125851, 643451, 482400, 4825854.650802491, 43, 43, 0, 269.6749602031015, 43
51, 1125976, 643486, 482490, 4826210.22095498, 125, 35, 90, 355.57015248821097, 37
1, 1126015, 643525, 482490, 4826472.920894924, 39, 39, 0, 262.6999399439383, 39
1, 1126090, 643570, 482520, 4826784.3039905615, 75, 45, 30, 311.38309563827124, 46
1, 1126128, 643608, 482520, 4827045.186370181, 38, 38, 0, 260.88237961983884, 38
51, 1126220, 643650, 482570, 4827373.390471649, 92, 42, 50, 328.20410146824725, 43
1, 1126262, 643692, 482570, 4827641.363461152, 42, 42, 0, 267.97298950218305, 42
1, 1126340, 643730, 482610, 4827955.246247772, 78, 38, 40, 313.8827866200841, 39
51, 1126425, 643765, 482660, 4828275.983275443, 85, 35, 50, 320.73702767108114, 36
1, 1126500, 643810, 482690, 4828587.366371081, 75, 45, 30, 311.38309563827124, 46
1, 1126539, 643849, 482690, 4828850.066311025, 39, 39, 0, 262.6999399439383, 39
1, 1126606, 643886, 482720, 4829151.666866283, 67, 37, 30, 301.6005552576305, 38
1, 1126641, 643921, 482720, 4829406.8967941925, 35, 35, 0, 255.22992790977875, 35
51, 1126800, 643960, 482840, 4829787.095656665, 159, 39, 120, 380.1988624723894, 42
1, 1126840, 644000, 482840, 4830051.582342601, 40, 40, 0, 264.4866859365871, 40
1, 1126875, 644035, 482840, 4830306.812270511, 35, 35, 0, 255.22992790977875, 35
1, 1126957, 644077, 482880, 4830625.233940355, 82, 42, 40, 318.42166984345636, 43
51, 1127069, 644109, 482960, 4830970.149252694, 112, 32, 80, 344.91531233955715, 34
1, 1127106, 644146, 482960, 4831229.1818241505, 37, 37, 0, 259.03257145596604, 37
1, 1127167, 644177, 482990, 4831522.950063418, 61, 31, 30, 293.7682392671241, 32
1, 1127213, 644223, 482990, 4831797.579132131, 46, 46, 0, 274.6290687140218, 46
51, 1127336, 644256, 483080, 4832151.403703393, 123, 33, 90, 353.8245712617827, 35
1, 1127371, 644291, 483080, 4832406.633631303, 35, 35, 0, 255.22992790977875, 35
1, 1127439, 644329, 483110, 4832709.495802405, 68, 38, 30, 302.86217110259, 39
1, 1127481, 644371, 483110, 4832977.468791908, 42, 42, 0, 267.97298950218305, 42
1, 1127527, 644417, 483110, 4833252.097860621, 46, 46, 0, 274.6290687140218, 46
51, 1127691, 644461, 483230, 4833636.056051457, 164, 44, 120, 383.9581908363381, 47
1, 1127725, 644495, 483230, 4833889.329691734, 34, 34, 0, 253.2736402766418, 34
1, 1127760, 644530, 483230, 4834144.559619644, 35, 35, 0, 255.22992790977875, 35
51, 1127848, 644568, 483280, 4834468.541051005, 88, 38, 50, 323.98143136087856, 39
1, 1127883, 644603, 483280, 4834723.770978915, 35, 35, 0, 255.22992790977875, 35
1, 1127996, 644646, 483350, 4835070.610022784, 113, 43, 70, 346.83904386951343, 45
51, 1128078, 644678, 483400, 4835388.031692628, 82, 32, 50, 317.42166984345636, 33
1, 1128144, 644714, 483430, 4835688.358680905, 66, 36, 30, 300.32698827717985, 37
1, 1128193, 644763, 483430, 4835967.733812011, 49, 49, 0, 279.3751311064591, 49
1, 1128272, 644802, 483470, 4836282.764562141, 79, 39, 40, 315.03075013013313, 40
51, 1128360, 644840, 483520, 4836606.745993502, 88, 38, 50, 323.98143136087856, 39
1, 1128398, 644878, 483520, 4836867.628373122, 38, 38, 0, 260.88237961983884, 38
1, 1128477, 644927, 483550, 4837183.659123252, 79, 49, 30, 316.03075013013313, 50
1, 1128555, 644965, 483590, 4837497.541909873, 78, 38, 40, 313.8827866200841, 39
51, 1128641, 645001, 483640, 4837819.3680745205, 86, 36, 50, 321.82616464756694, 37
1, 1128726, 645046, 483680, 4838141.105102192, 85, 45, 40, 321.73702767108114, 46
1, 1128766, 645086, 483680, 4838405.591788128, 40, 40, 0, 264.4866859365871, 40
1, 1128817, 645137, 483680, 4838688.026299906, 51, 51, 0, 282.43451177837886, 51
51, 1128932, 645172, 483760, 4839035.698516968, 115, 35, 80, 347.6722170622053, 37
1, 1128967, 645207, 483760, 4839290.928444877, 35, 35, 0, 255.22992790977875, 35
1, 1129009, 645249, 483760, 4839558.90143438, 42, 42, 0, 267.97298950218305, 42
1, 1129095, 645295, 483800, 4839881.727599028, 86, 46, 40, 322.82616464756694, 47
51, 1129225, 645345, 483880, 4840242.592436566, 130, 50, 80, 360.86483753851803, 52
1, 1129264, 645384, 483880, 4840505.29237651, 39, 39, 0, 262.6999399439383, 39
1, 1129313, 645433, 483880, 4840784.667507616, 49, 49, 0, 279.3751311064591, 49
1, 1129348, 645468, 483880, 4841039.897435525, 35, 35, 0, 255.22992790977875, 35
51, 1129437, 645507, 483930, 4841364.945301089, 89, 39, 50, 325.0478655640733, 40
1, 1129516, 645546, 483970, 4841679.97605122, 79, 39, 40, 315.03075013013313, 40
1, 1129581, 645581, 484000, 4841979.017202663, 65, 35, 30, 299.04115144336777, 36
1, 1129616, 645616, 484000, 4842234.247130573, 35, 35, 0, 255.22992790977875, 35
51, 1129746, 645656, 484090, 4842594.111968111, 130, 40, 90, 359.86483753851803, 42
1, 1129815, 645695, 484120, 4842898.224109821, 69, 39, 30, 304.1121417102006, 40
1, 1129891, 645731, 484160, 4843209.783282194, 76, 36, 40, 311.5591723737189, 37
1, 1129937, 645777, 484160, 4843484.412350908, 46, 46, 0, 274.6290687140218, 46
1, 1129975, 645815, 484160, 4843745.294730527, 38, 38, 0, 260.88237961983884, 38
51, 1130096, 645856, 484240, 4844098.357209563, 121, 41, 80, 353.06247903554, 43
1, 1130134, 645894, 484240, 4844359.239589183, 38, 38, 0, 260.88237961983884, 38
1, 1130176, 645936, 484240, 4844627.212578685, 42, 42, 0, 267.97298950218305, 42
51, 1130297, 645967, 484330, 4844979.275057721, 121, 31, 90, 352.06247903554, 33
1, 1130339, 646009, 484330, 4845247.248047223, 42, 42, 0, 267.97298950218305, 42
1, 1130412, 646052, 484360, 4845556.249325792, 73, 43, 30, 309.00127856917646, 44
1, 1130452, 646092, 484360, 4845820.736011729, 40, 40, 0, 264.4866859365871, 40
51, 1130535, 646125, 484410, 4846139.270959658, 83, 33, 50, 318.5349479292333, 34
1, 1130613, 646163, 484450, 4846453.153746278, 78, 38, 40, 313.8827866200841, 39
1, 1130686, 646206, 484480, 4846762.155024847, 73, 43, 30, 309.00127856917646, 44
1, 1130723, 646243, 484480, 4847021.187596303, 37, 37, 0, 259.03257145596604, 37
51, 1130806, 646276, 484530, 4847339.722544232, 83, 33, 50, 318.5349479292333, 34
1, 1130894, 646324, 484570, 4847664.703975594, 88, 48, 40, 324.98143136087856, 49
1, 1130928, 646358, 484570, 4847917.977615871, 34, 34, 0, 253.2736402766418, 34
51, 1131049, 646399, 484650, 4848271.040094906, 121, 41, 80, 353.06247903554, 43
1, 1131128, 646438, 484690, 4848586.070845037, 79, 39, 40, 315.03075013013313, 40
1, 1131167, 646477, 484690, 4848848.770784981, 39, 39, 0, 262.6999399439383, 39
51, 1131259, 646519, 484740, 4849176.974886449, 92, 42, 50, 328.20410146824725, 43
1, 1131328, 646558, 484770, 4849481.087028159, 69, 39, 30, 304.1121417102006, 40
1, 1131405, 646595, 484810, 4849793.812691925, 77, 37, 40, 312.72566376652986, 38
1, 1131471, 646631, 484840, 4850094.139680202, 66, 36, 30, 300.32698827717985, 37
51, 1131570, 646680, 484890, 4850429.473894755, 99, 49, 50, 335.33421455299043, 50
1, 1131652, 646732, 484920, 4850748.895564599, 82, 52, 30, 319.42166984345636, 53
1, 1131696, 646776, 484920, 4851020.246522289, 44, 44, 0, 271.35095769013947, 44
1, 1131776, 646816, 484960, 4851336.416278533, 80, 40, 40, 316.1697562442441, 41
51, 1131876, 646866, 485010, 4851672.74404455, 100, 50, 50, 336.327766016838, 51
1, 1131944, 646904, 485040, 4851975.606215652, 68, 38, 30, 302.86217110259, 39
1, 1132025, 646945, 485080, 4852292.906215652, 81, 41, 40, 317.3, 42
51, 1132149, 646989, 485160, 4852648.6056122, 124, 44, 80, 355.6993965481514, 46
1, 1132186, 647026, 485160, 4852907.638183656, 37, 37, 0, 259.03257145596604, 37
1, 1132224, 647064, 485160, 4853168.520563276, 38, 38, 0, 260.88237961983884, 38
1, 1132271, 647111, 485160, 4853444.753613145, 47, 47, 0, 276.2330498695885, 47
51, 1132427, 647147, 485280, 4853822.66549745, 156, 36, 120, 377.9118843049396, 39
1, 1132476, 647196, 485280, 4854102.040628556, 49, 49, 0, 279.3751311064591, 49
1, 1132519, 647239, 485280, 4854371.71558876, 43, 43, 0, 269.6749602031015, 43
1, 1132604, 647284, 485320, 4854693.452616431, 85, 45, 40, 321.73702767108114, 46
51, 1132702, 647332, 485370, 4855027.787244796, 98, 48, 50, 334.33462836457886, 49
1, 1132738, 647368, 485370, 4855284.936219074, 36, 36, 0, 257.1489742783178, 36
1, 1132815, 647415, 485400, 4855598.66188284, 77, 47, 30, 313.72566376652986, 48
1, 1132888, 647448, 485440, 4855906.663161409, 73, 33, 40, 308.00127856917646, 34
51, 1133002, 647482, 485520, 4856253.421149101, 114, 34, 80, 346.75798769167545, 36
1, 1133041, 647521, 485520, 4856516.121089045, 39, 39, 0, 262.6999399439383, 39
1, 1133122, 647562, 485560, 4856833.421089045, 81, 41, 40, 317.3, 42
1, 1133169, 647609, 485560, 4857109.654138914, 47, 47, 0, 276.2330498695885, 47
51, 1133262, 647652, 485610, 4857438.896418821, 93, 43, 50, 329.24227990714814, 44
1, 1133332, 647692, 485640, 4857744.247179673, 70, 40, 30, 305.3507608519078, 41
1, 1133373, 647733, 485640, 4858010.491133116, 41, 41, 0, 266.24395344352433, 41
1, 1133462, 647782, 485680, 4858336.53899868, 89, 49, 40, 326.0478655640733, 50
1, 1133502, 647822, 485680, 4858601.0256846165, 40, 40, 0, 264.4866859365871, 40
51, 1133589, 647859, 485730, 4858923.933265614, 87, 37, 50, 322.9075809977351, 38
1, 1133658, 647898, 485760, 4859228.045407324, 69, 39, 30, 304.1121417102006, 40
1, 1133698, 647938, 485760, 4859492.53209326, 40, 40, 0, 264.4866859365871, 40
1, 1133778, 647978, 485800, 4859808.701849504, 80, 40, 40, 316.1697562442441, 41
51, 1133870, 648020, 485850, 4860136.905950973, 92, 42, 50, 328.20410146824725, 43
1, 1133937, 648057, 485880, 4860438.506506231, 67, 37, 30, 301.6005552576305, 38
1, 1134019, 648099, 485920, 4860756.928176074, 82, 42, 40, 318.42166984345636, 43
1, 1134066, 648146, 485920, 4861033.161225944, 47, 47, 0, 276.2330498695885, 47
1, 1134105, 648185, 485920, 4861295.861165888, 39, 39, 0, 262.6999399439383, 39
51, 1134219, 648219, 486000, 4861642.61915358, 114, 34, 80, 346.75798769167545, 36
1, 1134305, 648265, 486040, 4861965.445318228, 86, 46, 40, 322.82616464756694, 47
1, 1134349, 648309, 486040, 4862236.796275917, 44, 44, 0, 271.35095769013947, 44
1, 1134386, 648346, 486040, 4862495.828847374, 37, 37, 0, 259.03257145596604, 37
1, 1134458, 648388, 486070, 4862803.623910398, 72, 42, 30, 307.79506302439404, 43
51, 1134593, 648433, 486160, 4863167.689720338, 135, 45, 90, 364.06580994024984, 47
1, 1134628, 648468, 486160, 4863422.919648248, 35, 35, 0, 255.22992790977875, 35
1, 1134673, 648513, 486160, 4863695.921654659, 45, 45, 0, 273.00200641113514, 45
1, 1134753, 648553, 486200, 4864012.091410903, 80, 40, 40, 316.1697562442441, 41
51, 1134838, 648588, 486250, 4864332.828438574, 85, 35, 50, 320.73702767108114, 36
1, 1134914, 648634, 486280, 4864645.387610948, 76, 46, 30, 312.5591723737189, 47
1, 1134990, 648670, 486320, 4864956.946783321, 76, 36, 40, 311.5591723737189, 37
1, 1135061, 648711, 486350, 4865263.525094139, 71, 41, 30, 306.57831081870995, 42
51, 1135154, 648754, 486400, 4865592.767374046, 93, 43, 50, 329.24227990714814, 44
1, 1135196, 648796, 486400, 4865860.7403635485, 42, 42, 0, 267.97298950218305, 42
1, 1135236, 648836, 486400, 4866125.227049485, 40, 40, 0, 264.4866859365871, 40
51, 1135358, 648868, 486490, 4866478.172668039, 122, 32, 90, 352.9456185537469, 34
1, 1135439, 648919, 486520, 4866796.472668039, 81, 51, 30, 318.3, 52
1, 1135484, 648964, 486520, 4867069.47467445, 45, 45, 0, 273.00200641113514, 45
51, 1135571, 649001, 486570, 4867392.382255448, 87, 37, 50, 322.9075809977351, 38
1, 1135605, 649035, 486570, 4867645.655895725, 34, 34, 0, 253.2736402766418, 34
1, 1135715, 649075, 486640, 4867989.709079771, 110, 40, 70, 344.0531840464366, 42
1, 1135750, 649110, 486640, 4868244.939007681, 35, 35, 0, 255.22992790977875, 35
1, 1135785, 649145, 486640, 4868500.16893559, 35, 35, 0, 255.22992790977875, 35
51, 1135900, 649180, 486720, 4868847.841152652, 115, 35, 80, 347.6722170622053, 37
1, 1135978, 649218, 486760, 4869161.723939273, 78, 38, 40, 313.8827866200841, 39
1, 1136014, 649254, 486760, 4869418.872913551, 36, 36, 0, 257.1489742783178, 36
1, 1136082, 649292, 486790, 4869721.735084653, 68, 38, 30, 302.86217110259, 39
1, 1136172, 649342, 486830, 4870048.842113477, 90, 50, 40, 327.1070288241023, 51
51, 1136289, 649379, 486910, 4870398.3289302755, 117, 37, 80, 349.4868167986058, 39
1, 1136329, 649419, 486910, 4870662.815616212, 40, 40, 0, 264.4866859365871, 40
1, 1136365, 649455, 486910, 4870919.96459049, 36, 36, 0, 257.1489742783178, 36
1, 1136433, 649493, 486940, 4871222.826761592, 68, 38, 30, 302.86217110259, 39
51, 1136563, 649533, 487030, 4871582.691599131, 130, 40, 90, 359.86483753851803, 42
1, 1136595, 649565, 487030, 4871831.933022131, 32, 32, 0, 249.24142300054422, 32
1, 1136639, 649609, 487030, 4872103.283979821, 44, 44, 0, 271.35095769013947, 44
1, 1136747, 649647, 487100, 4872445.454959368, 108, 38, 70, 342.1709795470626, 40
51, 1136840, 649690, 487150, 4872774.697239275, 93, 43, 50, 329.24227990714814, 44
1, 1136918, 649728, 487190, 4873088.5800258955, 78, 38, 40, 313.8827866200841, 39
1, 1136962, 649772, 487190, 4873359.930983585, 44, 44, 0, 271.35095769013947, 44
1, 1136995, 649805, 487190, 4873611.2091562785, 33, 33, 0, 251.27817269284301, 33
1, 1137109, 649849, 487260, 4873958.967143971, 114, 44, 70, 347.75798769167545, 46
51, 1137202, 649892, 487310, 4874288.209423877, 93, 43, 50, 329.24227990714814, 44
1, 1137246, 649936, 487310, 4874559.560381567, 44, 44, 0, 271.35095769013947, 44
1, 1137344, 649964, 487380, 4874891.995009932, 98, 28, 70, 332.4346283645789, 30
1, 1137380, 650000, 487380, 4875149.14398421, 36, 36, 0, 257.1489742783178, 36
1, 1137422, 650042, 487380, 4875417.116973712, 42, 42, 0, 267.97298950218305, 42
51, 1137580, 650080, 487500, 4875796.5561829675, 158, 38, 120, 379.43920925585275, 41
1, 1137619, 650119, 487500, 4876059.256122911, 39, 39, 0, 262.6999399439383, 39
1, 1137697, 650157, 487540, 4876373.138909532, 78, 38, 40, 313.8827866200841, 39
1, 1137732, 650192, 487540, 4876628.368837441, 35, 35, 0, 255.22992790977875, 35
51, 1137830, 650240, 487590, 4876962.703465806, 98, 48, 50, 334.33462836457886, 49
1, 1137899, 650279, 487620, 4877266.815607516, 69, 39, 30, 304.1121417102006, 40
1, 1137948, 650328, 487620, 4877546.190738622, 49, 49, 0, 279.3751311064591, 49
1, 1138022, 650362, 487660, 4877855.387947389, 74, 34, 40, 309.1972087668518, 35
1, 1138063, 650403, 487660, 4878121.631900832, 41, 41, 0, 266.24395344352433, 41
51, 1138148, 650438, 487710, 4878442.368928503, 85, 35, 50, 320.73702767108114, 36
1, 1138210, 650470, 487740, 4878737.475554833, 62, 32, 30, 295.1066263296683, 33
1, 1138298, 650518, 487780, 4879062.4569861945, 88, 48, 40, 324.98143136087856, 49
1, 1138331, 650551, 487780, 4879313.735158888, 33, 33, 0, 251.27817269284301, 33
1, 1138369, 650589, 487780, 4879574.617538507, 38, 38, 0, 260.88237961983884, 38
51, 1138489, 650619, 487870, 4879925.792630472, 120, 30, 90, 351.1750919646873, 32
1, 1138532, 650662, 487870, 4880195.467590676, 43, 43, 0, 269.6749602031015, 43
1, 1138595, 650695, 487900, 4880491.898915402, 63, 33, 30, 296.43132472612575, 34
51, 1138675, 650725, 487950, 4880807.068671646, 80, 30, 50, 315.1697562442441, 31
1, 1138780, 650760, 488020, 4881146.37725894, 105, 35, 70, 339.30858729436795, 37
1, 1138820, 650800, 488020, 4881410.863944876, 40, 40, 0, 264.4866859365871, 40
1, 1138856, 650836, 488020, 4881668.012919154, 36, 36, 0, 257.1489742783178, 36
51, 1138978, 650868, 488110, 4882020.958537708, 122, 32, 90, 352.9456185537469, 34
1, 1139019, 650909, 488110, 4882287.202491151, 41, 41, 0, 266.24395344352433, 41
1, 1139091, 650951, 488140, 4882594.997554176, 72, 42, 30, 307.79506302439404, 43
1, 1139126, 650986, 488140, 4882850.227482085, 35, 35, 0, 255.22992790977875, 35
51, 1139248, 651028, 488220, 4883204.173100639, 122, 42, 80, 353.9456185537469, 44
1, 1139293, 651073, 488220, 4883477.175107051, 45, 45, 0, 273.00200641113514, 45
1, 1139367, 651107, 488260, 4883786.3723158175, 74, 34, 40, 309.1972087668518, 35
1, 1139416, 651156, 488260, 4884065.7474469235, 49, 49, 0, 279.3751311064591, 49
51, 1139507, 651197, 488310, 4884392.906508862, 91, 41, 50, 327.1590619387661, 42
1, 1139547, 651237, 488310, 4884657.393194798, 40, 40, 0, 264.4866859365871, 40
1, 1139658, 651278, 488380, 4885002.379912839, 111, 41, 70, 344.9867180408456, 43
51, 1139748, 651318, 488430, 4885328.486941664, 90, 40, 50, 326.1070288241023, 41
1, 1139785, 651355, 488430, 4885587.51951312, 37, 37, 0, 259.03257145596604, 37
1, 1139825, 651395, 488430, 4885852.006199056, 40, 40, 0, 264.4866859365871, 40
1, 1139895, 651435, 488460, 4886157.356959908, 70, 40, 30, 305.3507608519078, 41
1, 1139969, 651469, 488500, 4886466.554168675, 74, 34, 40, 309.1972087668518, 35
51, 1140053, 651503, 488550, 4886786.194179079, 84, 34, 50, 319.64001040350905, 35
1, 1140093, 651543, 488550, 4887050.680865015, 40, 40, 0, 264.4866859365871, 40
1, 1140140, 651590, 488550, 4887326.913914884, 47, 47, 0, 276.2330498695885, 47
1, 1140222, 651632, 488590, 4887645.335584728, 82, 42, 40, 318.42166984345636, 43
51, 1140334, 651664, 488670, 4887990.250897068, 112, 32, 80, 344.91531233955715, 34
1, 1140369, 651699, 488670, 4888245.480824977, 35, 35, 0, 255.22992790977875, 35
1, 1140412, 651742, 488670, 4888515.155785181, 43, 43, 0, 269.6749602031015, 43
1, 1140487, 651777, 488710, 4888825.5388808185, 75, 35, 40, 310.38309563827124, 36
51, 1140586, 651826, 488760, 4889160.873095372, 99, 49, 50, 335.33421455299043, 50
1, 1140655, 651865, 488790, 4889464.985237082, 69, 39, 30, 304.1121417102006, 40
1, 1140688, 651898, 488790, 4889716.263409775, 33, 33, 0, 251.27817269284301, 33
51, 1140781, 651941, 488840, 4890045.5056896815, 93, 43, 50, 329.24227990714814, 44
1, 1140867, 651987, 488880, 4890368.331854329, 86, 46, 40, 322.82616464756694, 47
1, 1140897, 652017, 488880, 4890613.366586261, 30, 30, 0, 245.0347319320716, 30
1, 1140963, 652053, 488910, 4890913.693574538, 66, 36, 30, 300.32698827717985, 37
51, 1141058, 652098, 488960, 4891244.992138674, 95, 45, 50, 331.2985641352145, 46
1, 1141093, 652133, 488960, 4891500.222066583, 35, 35, 0, 255.22992790977875, 35
1, 1141169, 652169, 489000, 4891811.781238956, 76, 36, 40, 311.5591723737189, 37
1, 1141216, 652216, 489000, 4892088.014288826, 47, 47, 0, 276.2330498695885, 47
51, 1141308, 652258, 489050, 4892416.218390294, 92, 42, 50, 328.20410146824725, 43
1, 1141378, 652298, 489080, 4892721.569151146, 70, 40, 30, 305.3507608519078, 41
1, 1141414, 652334, 489080, 4892978.718125424, 36, 36, 0, 257.1489742783178, 36
51, 1141500, 652370, 489130, 4893300.544290072, 86, 36, 50, 321.82616464756694, 37
1, 1141609, 652409, 489200, 4893643.658921571, 109, 39, 70, 343.114631499574, 41
1, 1141648, 652448, 489200, 4893906.358861515, 39, 39, 0, 262.6999399439383, 39
1, 1141681, 652481, 489200, 4894157.6370342085, 33, 33, 0, 251.27817269284301, 33
51, 1141770, 652520, 489250, 4894482.6848997725, 89, 39, 50, 325.0478655640733, 40
1, 1141814, 652564, 489250, 4894754.035857462, 44, 44, 0, 271.35095769013947, 44
1, 1141898, 652608, 489290, 4895074.675867866, 84, 44, 40, 320.64001040350905, 45
1, 1141967, 652647, 489320, 4895378.788009576, 69, 39, 30, 304.1121417102006, 40
51, 1142062, 652692, 489370, 4895710.086573711, 95, 45, 50, 331.2985641352145, 46
1, 1142130, 652730, 489400, 4896012.948744813, 68, 38, 30, 302.86217110259, 39
1, 1142213, 652773, 489440, 4896332.483692742, 83, 43, 40, 319.5349479292333, 44
51, 1142332, 652812, 489520, 4896683.767087944, 119, 39, 80, 351.28339520229764, 41
1, 1142368, 652848, 489520, 4896940.916062222, 36, 36, 0, 257.1489742783178, 36
1, 1142409, 652889, 489520, 4897207.160015665, 41, 41, 0, 266.24395344352433, 41
51, 1142542, 652932, 489610, 4897569.556284706, 133, 43, 90, 362.3962690412072, 45
1, 1142579, 652969, 489610, 4897828.5888561625, 37, 37, 0, 259.03257145596604, 37
1, 1142620, 653010, 489610, 4898094.832809606, 41, 41, 0, 266.24395344352433, 41
51, 1142741, 653051, 489690, 4898447.895288642, 121, 41, 80, 353.06247903554, 43
1, 1142815, 653085, 489730, 4898757.092497408, 74, 34, 40, 309.1972087668518, 35
1, 1142862, 653132, 489730, 4899033.325547278, 47, 47, 0, 276.2330498695885, 47
51, 1142945, 653165, 489780, 4899351.860495207, 83, 33, 50, 318.5349479292333, 34
1, 1143014, 653204, 489810, 4899655.972636917, 69, 39, 30, 304.1121417102006, 40
1, 1143053, 653243, 489810, 4899918.6725768605, 39, 39, 0, 262.6999399439383, 39
51, 1143175, 653275, 489900, 4900271.618195415, 122, 32, 90, 352.9456185537469, 34
1, 1143220, 653320, 489900, 4900544.620201826, 45, 45, 0, 273.00200641113514, 45
1, 1143256, 653356, 489900, 4900801.769176104, 36, 36, 0, 257.1489742783178, 36
1, 1143334, 653404, 489930, 4901116.6519627245, 78, 48, 30, 314.8827866200841, 49
51, 1143427, 653447, 489980, 4901445.894242631, 93, 43, 50, 329.24227990714814, 44
1, 1143493, 653483, 490010, 4901746.221230908, 66, 36, 30, 300.32698827717985, 37
1, 1143578, 653528, 490050, 4902067.9582585795, 85, 45, 40, 321.73702767108114, 46
1, 1143646, 653566, 490080, 4902370.820429682, 68, 38, 30, 302.86217110259, 39
1, 1143690, 653610, 490080, 4902642.171387372, 44, 44, 0, 271.35095769013947, 44
51, 1143823, 653653, 490170, 4903004.567656413, 133, 43, 90, 362.3962690412072, 45
1, 1143867, 653697, 490170, 4903275.9186141025, 44, 44, 0, 271.35095769013947, 44
1, 1143916, 653746, 490170, 4903555.2937452085, 49, 49, 0, 279.3751311064591, 49
1, 1143981, 653781, 490200, 4903854.334896652, 65, 35, 30, 299.04115144336777, 36
1, 1144022, 653822, 490200, 4904120.578850095, 41, 41, 0, 266.24395344352433, 41
51, 1144192, 653872, 490320, 4904508.96616378, 170, 50, 120, 388.38731368472776, 53
1, 1144231, 653911, 490320, 4904771.666103723, 39, 39, 0, 262.6999399439383, 39
1, 1144313, 653953, 490360, 4905090.087773567, 82, 42, 40, 318.42166984345636, 43
51, 1144394, 653984, 490410, 4905406.387773567, 81, 31, 50, 316.3, 32
1, 1144479, 654029, 490450, 4905728.124801238, 85, 45, 40, 321.73702767108114, 46
1, 1144550, 654070, 490480, 4906034.7031120565, 71, 41, 30, 306.57831081870995, 42
1, 1144591, 654111, 490480, 4906300.9470655, 41, 41, 0, 266.24395344352433, 41
51, 1144718, 654148, 490570, 4906658.246747799, 127, 37, 90, 357.2996822992933, 39
1, 1144757, 654187, 490570, 4906920.946687743, 39, 39, 0, 262.6999399439383, 39
1, 1144796, 654226, 490570, 4907183.646627687, 39, 39, 0, 262.6999399439383, 39
51, 1144888, 654268, 490620, 4907511.850729155, 92, 42, 50, 328.20410146824725, 43
1, 1145001, 654311, 490690, 4907858.689773025, 113, 43, 70, 346.83904386951343, 45
1, 1145027, 654337, 490690, 4908094.69985946, 26, 26, 0, 236.01008643532256, 26
1, 1145065, 654375, 490690, 4908355.582239079, 38, 38, 0, 260.88237961983884, 38
51, 1145191, 654411, 490780, 4908712.019134963, 126, 36, 90, 356.43689588345075, 38
1, 1145242, 654462, 490780, 4908994.453646741, 51, 51, 0, 282.43451177837886, 51
1, 1145285, 654505, 490780, 4909264.128606944, 43, 43, 0, 269.6749602031015, 43
1, 1145362, 654552, 490810, 4909577.854270711, 77, 47, 30, 313.72566376652986, 48
1, 1145402, 654592, 490810, 4909842.340956647, 40, 40, 0, 264.4866859365871, 40
51, 1145565, 654635, 490930, 4910225.552380125, 163, 43, 120, 383.21142347822723, 46
1, 1145608, 654678, 490930, 4910495.2273403285, 43, 43, 0, 269.6749602031015, 43
1, 1145649, 654719, 490930, 4910761.471293772, 41, 41, 0, 266.24395344352433, 41
1, 1145695, 654765, 490930, 4911036.100362485, 46, 46, 0, 274.6290687140218, 46
51, 1145783, 654803, 490980, 4911360.081793847, 88, 38, 50, 323.98143136087856, 39
1, 1145893, 654843, 491050, 4911704.134977893, 110, 40, 70, 344.0531840464366, 42
1, 1145932, 654882, 491050, 4911966.834917837, 39, 39, 0, 262.6999399439383, 39
1, 1145961, 654911, 491050, 4912209.694496548, 29, 29, 0, 242.8595787106084, 29
51, 1146055, 654955, 491100, 4912539.9682223955, 94, 44, 50, 330.273725847777, 45
1, 1146084, 654984, 491100, 4912782.8278011065, 29, 29, 0, 242.8595787106084, 29
1, 1146196, 655026, 491170, 4913128.743113446, 112, 42, 70, 345.91531233955715, 44
1, 1146240, 655070, 491170, 4913400.094071136, 44, 44, 0, 271.35095769013947, 44
51, 1146329, 655109, 491220, 4913725.1419367, 89, 39, 50, 325.0478655640733, 40
1, 1146366, 655146, 491220, 4913984.174508156, 37, 37, 0, 259.03257145596604, 37
1, 1146446, 655186, 491260, 4914300.3442644, 80, 40, 40, 316.1697562442441, 41
51, 1146533, 655223, 491310, 4914623.251845398, 87, 37, 50, 322.9075809977351, 38
1, 1146596, 655256, 491340, 4914919.683170124, 63, 33, 30, 296.43132472612575, 34
1, 1146669, 655289, 491380, 4915227.684448693, 73, 33, 40, 308.00127856917646, 34
1, 1146712, 655332, 491380, 4915497.359408896, 43, 43, 0, 269.6749602031015, 43
51, 1146887, 655387, 491500, 4915889.3729851525, 175, 55, 120, 392.013576256413, 58
1, 1146929, 655429, 491500, 4916157.345974655, 42, 42, 0, 267.97298950218305, 42
1, 1146974, 655474, 491500, 4916430.347981066, 45, 45, 0, 273.00200641113514, 45
51, 1147104, 655514, 491590, 4916790.212818605, 130, 40, 90, 359.86483753851803, 42
1, 1147141, 655551, 491590, 4917049.245390061, 37, 37, 0, 259.03257145596604, 37
1, 1147211, 655591, 491620, 4917354.596150913, 70, 40, 30, 305.3507608519078, 41
51, 1147296, 655626, 491670, 4917675.333178584, 85, 35, 50, 320.73702767108114, 36
1, 1147339, 655669, 491670, 4917945.008138788, 43, 43, 0, 269.6749602031015, 43
1, 1147449, 655709, 491740, 4918289.061322834, 110, 40, 70, 344.0531840464366, 42
51, 1147549, 655759, 491790, 4918625.389088851, 100, 50, 50, 336.327766016838, 51
1, 1147598, 655808, 491790, 4918904.764219957, 49, 49, 0, 279.3751311064591, 49
1, 1147667, 655847, 491820, 4919208.876361667, 69, 39, 30, 304.1121417102006, 40
1, 1147743, 655883, 491860, 4919520.43553404, 76, 36, 40, 311.5591723737189, 37
51, 1147827, 655917, 491910, 4919840.075544444, 84, 34, 50, 319.64001040350905, 35
1, 1147903, 655963, 491940, 4920152.634716817, 76, 46, 30, 312.5591723737189, 47
1, 1147985, 656005, 491980, 4920471.056386661, 82, 42, 40, 318.42166984345636, 43
51, 1148075, 656045, 492030, 4920797.163415485, 90, 40, 50, 326.1070288241023, 41
1, 1148115, 656085, 492030, 4921061.650101421, 40, 40, 0, 264.4866859365871, 40
1, 1148169, 656139, 492030, 4921348.530702504, 54, 54, 0, 286.88060108295343, 54
1, 1148203, 656173, 492030, 4921601.804342781, 34, 34, 0, 253.2736402766418, 34
51, 1148371, 656221, 492150, 4921988.724917149, 168, 48, 120, 386.9205743678508, 51
1, 1148404, 656254, 492150, 4922240.003089842, 33, 33, 0, 251.27817269284301, 33
1, 1148450, 656300, 492150, 4922514.632158556, 46, 46, 0, 274.6290687140218, 46
1, 1148489, 656339, 492150, 4922777.3320985, 39, 39, 0, 262.6999399439383, 39
1, 1148566, 656376, 492190, 4923090.057762266, 77, 37, 40, 312.72566376652986, 38
51, 1148688, 656418, 492270, 4923444.00338082, 122, 42, 80, 353.9456185537469, 44
1, 1148728, 656458, 492270, 4923708.4900667565, 40, 40, 0, 264.4866859365871, 40
1, 1148765, 656495, 492270, 4923967.522638213, 37, 37, 0, 259.03257145596604, 37
1, 1148837, 656537, 492300, 4924275.317701237, 72, 42, 30, 307.79506302439404, 43
51, 1148975, 656585, 492390, 4924641.861630789, 138, 48, 90, 366.54392955194305, 50
1, 1149029, 656609, 492420, 4924925.842231872, 54, 24, 30, 283.9806010829534, 25
1, 1149069, 656649, 492420, 4925190.328917808, 40, 40, 0, 264.4866859365871, 40
51, 1149197, 656687, 492510, 4925548.487483909, 128, 38, 90, 358.1585661014858, 40
1, 1149233, 656723, 492510, 4925805.636458187, 36, 36, 0, 257.1489742783178, 36
1, 1149273, 656763, 492510, 4926070.123144124, 40, 40, 0, 264.4866859365871, 40
1, 1149387, 656807, 492580, 4926417.881131816, 114, 44, 70, 347.75798769167545, 46
1, 1149424, 656844, 492580, 4926676.913703272, 37, 37, 0, 259.03257145596604, 37
51, 1149563, 656893, 492670, 4927044.276865574, 139, 49, 90, 367.36316230125203, 51
1, 1149599, 656929, 492670, 4927301.425839852, 36, 36, 0, 257.1489742783178, 36
1, 1149664, 656964, 492700, 4927600.466991295, 65, 35, 30, 299.04115144336777, 36
1, 1149699, 656999, 492700, 4927855.696919205, 35, 35, 0, 255.22992790977875, 35
51, 1149779, 657029, 492750, 4928170.866675449, 80, 30, 50, 315.1697562442441, 31
1, 1149857, 657067, 492790, 4928484.749462069, 78, 38, 40, 313.8827866200841, 39
1, 1149896, 657106, 492790, 4928747.449402013, 39, 39, 0, 262.6999399439383, 39
51, 1150012, 657142, 492870, 4929096.031205504, 116, 36, 80, 348.5818034911291, 38
1, 1150045, 657175, 492870, 4929347.309378197, 33, 33, 0, 251.27817269284301, 33
1, 1150122, 657212, 492910, 4929660.035041964, 77, 37, 40, 312.72566376652986, 38
1, 1150166, 657256, 492910, 4929931.3859996535, 44, 44, 0, 271.35095769013947, 44
1, 1150205, 657295, 492910, 4930194.085939597, 39, 39, 0, 262.6999399439383, 39
51, 1150327, 657337, 492990, 4930548.031558151, 122, 42, 80, 353.9456185537469, 44
1, 1150362, 657372, 492990, 4930803.261486061, 35, 35, 0, 255.22992790977875, 35
1, 1150402, 657412, 492990, 4931067.748171997, 40, 40, 0, 264.4866859365871, 40
1, 1150512, 657452, 493060, 4931411.801356044, 110, 40, 70, 344.0531840464366, 42
1, 1150550, 657490, 493060, 4931672.683735663, 38, 38, 0, 260.88237961983884, 38
51, 1150668, 657528, 493140, 4932023.071060832, 118, 38, 80, 350.3873251689181, 40
1, 1150743, 657563, 493180, 4932333.45415647, 75, 35, 40, 310.38309563827124, 36
1, 1150777, 657597, 493180, 4932586.727796746, 34, 34, 0, 253.2736402766418, 34
1, 1150857, 657637, 493220, 4932902.89755299, 80, 40, 40, 316.1697562442441, 41
1, 1150931, 657681, 493250, 4933213.094761757, 74, 44, 30, 310.1972087668518, 45
51, 1151026, 657726, 493300, 4933544.393325892, 95, 45, 50, 331.2985641352145, 46
1, 1151066, 657766, 493300, 4933808.880011829, 40, 40, 0, 264.4866859365871, 40
1, 1151120, 657820, 493300, 4934095.760612912, 54, 54, 0, 286.88060108295343, 54
1, 1151159, 657859, 493300, 4934358.460552855, 39, 39, 0, 262.6999399439383, 39
1, 1151232, 657892, 493340, 4934666.461831424, 73, 33, 40, 308.00127856917646, 34
51, 1151353, 657933, 493420, 4935019.52431046, 121, 41, 80, 353.06247903554, 43
1, 1151386, 657966, 493420, 4935270.8024831535, 33, 33, 0, 251.27817269284301, 33
1, 1151434, 658014, 493420, 4935548.617285744, 48, 48, 0, 277.8148025904985, 48
1, 1151553, 658063, 493490, 4935900.900680946, 119, 49, 70, 352.28339520229764, 51
51, 1151646, 658106, 493540, 4936230.142960853, 93, 43, 50, 329.24227990714814, 44
1, 1151712, 658142, 493570, 4936530.46994913, 66, 36, 30, 300.32698827717985, 37
1, 1151755, 658185, 493570, 4936800.144909333, 43, 43, 0, 269.6749602031015, 43
1, 1151794, 658224, 493570, 4937062.844849277, 39, 39, 0, 262.6999399439383, 39
51, 1151920, 658260, 493660, 4937419.281745161, 126, 36, 90, 356.43689588345075, 38
1, 1151967, 658307, 493660, 4937695.5147950305, 47, 47, 0, 276.2330498695885, 47
1, 1152004, 658344, 493660, 4937954.547366487, 37, 37, 0, 259.03257145596604, 37
1, 1152106, 658376, 493730, 4938290.944549268, 102, 32, 70, 336.39718278112656, 34
51, 1152192, 658412, 493780, 4938612.770713916, 86, 36, 50, 321.82616464756694, 37
1, 1152229, 658449, 493780, 4938871.803285372, 37, 37, 0, 259.03257145596604, 37
1, 1152269, 658489, 493780, 4939136.289971309, 40, 40, 0, 264.4866859365871, 40
1, 1152341, 658531, 493810, 4939444.085034333, 72, 42, 30, 307.79506302439404, 43
1, 1152426, 658576, 493850, 4939765.822062004, 85, 45, 40, 321.73702767108114, 46
51, 1152507, 658607, 493900, 4940082.122062004, 81, 31, 50, 316.3, 32
1, 1152576, 658646, 493930, 4940386.234203714, 69, 39, 30, 304.1121417102006, 40
1, 1152622, 658692, 493930, 4940660.863272428, 46, 46, 0, 274.6290687140218, 46
1, 1152695, 658725, 493970, 4940968.864550997, 73, 33, 40, 308.00127856917646, 34
51, 1152777, 658757, 494020, 4941286.28622084, 82, 32, 50, 317.42166984345636, 33
1, 1152829, 658809, 494020, 4941570.221182268, 52, 52, 0, 283.93496142826496, 52
1, 1152893, 658843, 494050, 4941867.963894743, 64, 34, 30, 297.742712474619, 35
1, 1152986, 658896, 494090, 4942198.206174649, 93, 53, 40, 330.24227990714814, 54
51, 1153077, 658937, 494140, 4942525.365236588, 91, 41, 50, 327.1590619387661, 42
1, 1153121, 658981, 494140, 4942796.716194278, 44, 44, 0, 271.35095769013947, 44
1, 1153164, 659024, 494140, 4943066.391154481, 43, 43, 0, 269.6749602031015, 43
1, 1153237, 659067, 494170, 4943375.39243305, 73, 43, 30, 309.00127856917646, 44
51, 1153329, 659109, 494220, 4943703.5965345185, 92, 42, 50, 328.20410146824725, 43
1, 1153435, 659145, 494290, 4944043.864578128, 106, 36, 70, 340.2680436096278, 38
1, 1153468, 659178, 494290, 4944295.142750821, 33, 33, 0, 251.27817269284301, 33
1, 1153545, 659215, 494330, 4944607.868414587, 77, 37, 40, 312.72566376652986, 38
51, 1153643, 659263, 494380, 4944942.203042952, 98, 48, 50, 334.33462836457886, 49
1, 1153680, 659300, 494380, 4945201.235614409, 37, 37, 0, 259.03257145596604, 37
1, 1153750, 659340, 494410, 4945506.586375261, 70, 40, 30, 305.3507608519078, 41
1, 1153791, 659381, 494410, 4945772.830328704, 41, 41, 0, 266.24395344352433, 41
51, 1153928, 659428, 494500, 4946138.551650909, 137, 47, 90, 365.72132220485213, 49
1, 1153967, 659467, 494500, 4946401.251590853, 39, 39, 0, 262.6999399439383, 39
1, 1154033, 659503, 494530, 4946701.57857913, 66, 36, 30, 300.32698827717985, 37
1, 1154074, 659544, 494530, 4946967.822532573, 41, 41, 0, 266.24395344352433, 41
51, 1154188, 659578, 494610, 4947314.580520265, 114, 34, 80, 346.75798769167545, 36
1, 1154225, 659615, 494610, 4947573.613091721, 37, 37, 0, 259.03257145596604, 37
1, 1154303, 659653, 494650, 4947887.495878342, 78, 38, 40, 313.8827866200841, 39
1, 1154350, 659700, 494650, 4948163.728928211, 47, 47, 0, 276.2330498695885, 47
1, 1154384, 659734, 494650, 4948417.002568488, 34, 34, 0, 253.2736402766418, 34
51, 1154469, 659769, 494700, 4948737.739596159, 85, 35, 50, 320.73702767108114, 36
1, 1154549, 659819, 494730, 4949054.909352403, 80, 50, 30, 317.1697562442441, 51
1, 1154633, 659863, 494770, 4949375.549362807, 84, 44, 40, 320.64001040350905, 45
51, 1154725, 659905, 494820, 4949703.753464275, 92, 42, 50, 328.20410146824725, 43
1, 1154788, 659938, 494850, 4950000.184789001, 63, 33, 30, 296.43132472612575, 34
1, 1154823, 659973, 494850, 4950255.414716911, 35, 35, 0, 255.22992790977875, 35
51, 1154907, 660007, 494900, 4950575.054727314, 84, 34, 50, 319.64001040350905, 35
1, 1154987, 660047, 494940, 4950891.224483558, 80, 40, 40, 316.1697562442441, 41
1, 1155020, 660080, 494940, 4951142.502656251, 33, 33, 0, 251.27817269284301, 33
51, 1155137, 660117, 495020, 4951491.9894730495, 117, 37, 80, 349.4868167986058, 39
1, 1155213, 660153, 495060, 4951803.548645423, 76, 36, 40, 311.5591723737189, 37
1, 1155250, 660190, 495060, 4952062.581216879, 37, 37, 0, 259.03257145596604, 37
1, 1155304, 660244, 495060, 4952349.461817962, 54, 54, 0, 286.88060108295343, 54
51, 1155393, 660283, 495110, 4952674.509683526, 89, 39, 50, 325.0478655640733, 40
1, 1155501, 660321, 495180, 4953016.680663073, 108, 38, 70, 342.1709795470626, 40
1, 1155537, 660357, 495180, 4953273.829637351, 36, 36, 0, 257.1489742783178, 36
1, 1155577, 660397, 495180, 4953538.316323288, 40, 40, 0, 264.4866859365871, 40
1, 1155657, 660437, 495220, 4953854.486079532, 80, 40, 40, 316.1697562442441, 41
51, 1155741, 660471, 495270, 4954174.126089935, 84, 34, 50, 319.64001040350905, 35
1, 1155806, 660506, 495300, 4954473.167241379, 65, 35, 30, 299.04115144336777, 36
1, 1155853, 660553, 495300, 4954749.400291248, 47, 47, 0, 276.2330498695885, 47
1, 1155891, 660591, 495300, 4955010.282670868, 38, 38, 0, 260.88237961983884, 38
51, 1156062, 660642, 495420, 4955399.399827964, 171, 51, 120, 389.11715709603743, 54
1, 1156106, 660686, 495420, 4955670.7507856535, 44, 44, 0, 271.35095769013947, 44
1, 1156144, 660724, 495420, 4955931.633165273, 38, 38, 0, 260.88237961983884, 38
51, 1156236, 660766, 495470, 4956259.837266741, 92, 42, 50, 328.20410146824725, 43
1, 1156272, 660802, 495470, 4956516.986241019, 36, 36, 0, 257.1489742783178, 36
1, 1156384, 660844, 495540, 4956862.901553359, 112, 42, 70, 345.91531233955715, 44
1, 1156435, 660895, 495540, 4957145.336065137, 51, 51, 0, 282.43451177837886, 51
51, 1156515, 660925, 495590, 4957460.505821381, 80, 30, 50, 315.1697562442441, 31
1, 1156559, 660969, 495590, 4957731.856779071, 44, 44, 0, 271.35095769013947, 44
1, 1156632, 661012, 495620, 4958040.85805764, 73, 43, 30, 309.00127856917646, 44
1, 1156673, 661053, 495620, 4958307.102011083, 41, 41, 0, 266.24395344352433, 41
51, 1156842, 661102, 495740, 4958694.757138629, 169, 49, 120, 387.65512754639894, 52
1, 1156877, 661137, 495740, 4958949.987066539, 35, 35, 0, 255.22992790977875, 35
1, 1156913, 661173, 495740, 4959207.136040817, 36, 36, 0, 257.1489742783178, 36
1, 1156945, 661205, 495740, 4959456.377463818, 32, 32, 0, 249.24142300054422, 32
51, 1157036, 661246, 495790, 4959783.536525756, 91, 41, 50, 327.1590619387661, 42
1, 1157153, 661293, 495860, 4960134.023342554, 117, 47, 70, 350.4868167986058, 49
1, 1157188, 661328, 495860, 4960389.253270464, 35, 35, 0, 255.22992790977875, 35
1, 1157255, 661365, 495890, 4960690.853825722, 67, 37, 30, 301.6005552576305, 38
51, 1157352, 661412, 495940, 4961024.182724994, 97, 47, 50, 333.3288992714996, 48
1, 1157388, 661448, 495940, 4961281.331699272, 36, 36, 0, 257.1489742783178, 36
1, 1157427, 661487, 495940, 4961544.031639216, 39, 39, 0, 262.6999399439383, 39
51, 1157595, 661535, 496060, 4961930.9522135835, 168, 48, 120, 386.9205743678508, 51
1, 1157625, 661565, 496060, 4962175.9869455155, 30, 30, 0, 245.0347319320716, 30
1, 1157658, 661598, 496060, 4962427.265118209, 33, 33, 0, 251.27817269284301, 33
1, 1157721, 661631, 496090, 4962723.696442935, 63, 33, 30, 296.43132472612575, 34
51, 1157807, 661667, 496140, 4963045.522607583, 86, 36, 50, 321.82616464756694, 37
1, 1157845, 661705, 496140, 4963306.404987202, 38, 38, 0, 260.88237961983884, 38
1, 1157912, 661732, 496180, 4963607.00554246, 67, 27, 40, 300.6005552576305, 28
1, 1157941, 661761, 496180, 4963849.865121171, 29, 29, 0, 242.8595787106084, 29
51, 1158020, 661790, 496230, 4964163.895871301, 79, 29, 50, 314.03075013013313, 30
1, 1158100, 661840, 496260, 4964481.065627545, 80, 50, 30, 317.1697562442441, 51
1, 1158150, 661890, 496260, 4964761.9804223925, 50, 50, 0, 280.9147948472494, 50
51, 1158284, 661934, 496350, 4965125.213238311, 134, 44, 90, 363.23281591860336, 46
1, 1158337, 661987, 496350, 4965410.630025952, 53, 53, 0, 285.4167876408086, 53
1, 1158378, 662028, 496350, 4965676.873979395, 41, 41, 0, 266.24395344352433, 41
1, 1158494, 662074, 496420, 4966026.455782887, 116, 46, 70, 349.5818034911291, 48
1, 1158532, 662112, 496420, 4966287.338162506, 38, 38, 0, 260.88237961983884, 38
51, 1158624, 662154, 496470, 4966615.542263974, 92, 42, 50, 328.20410146824725, 43
1, 1158699, 662189, 496510, 4966925.925359612, 75, 35, 40, 310.38309563827124, 36
1, 1158762, 662222, 496540, 4967222.356684338, 63, 33, 30, 296.43132472612575, 34
51, 1158850, 662260, 496590, 4967546.3381157, 88, 38, 50, 323.98143136087856, 39
1, 1158889, 662299, 496590, 4967809.038055643, 39, 39, 0, 262.6999399439383, 39
1, 1158956, 662336, 496620, 4968110.638610901, 67, 37, 30, 301.6005552576305, 38
1, 1158999, 662379, 496620, 4968380.313571105, 43, 43, 0, 269.6749602031015, 43
51, 1159124, 662414, 496710, 4968735.883723593, 125, 35, 90, 355.57015248821097, 37
1, 1159161, 662451, 496710, 4968994.91629505, 37, 37, 0, 259.03257145596604, 37
1, 1159248, 662498, 496750, 4969318.8238760475, 87, 47, 40, 323.9075809977351, 48
1, 1159318, 662538, 496780, 4969624.1746368995, 70, 40, 30, 305.3507608519078, 41
51, 1159408, 662578, 496830, 4969950.281665724, 90, 40, 50, 326.1070288241023, 41
1, 1159518, 662618, 496900, 4970294.33484977, 110, 40, 70, 344.0531840464366, 42
1, 1159556, 662656, 496900, 4970555.21722939, 38, 38, 0, 260.88237961983884, 38
51, 1159647, 662697, 496950, 4970882.376291328, 91, 41, 50, 327.1590619387661, 42
1, 1159690, 662740, 496950, 4971152.051251532, 43, 43, 0, 269.6749602031015, 43
1, 1159748, 662768, 496980, 4971441.718153639, 58, 28, 30, 289.66690210718946, 29
1, 1159782, 662802, 496980, 4971694.991793916, 34, 34, 0, 253.2736402766418, 34
51, 1159917, 662847, 497070, 4972059.057603856, 135, 45, 90, 364.06580994024984, 47
1, 1159963, 662893, 497070, 4972333.686672569, 46, 46, 0, 274.6290687140218, 46
1, 1160035, 662935, 497100, 4972641.481735594, 72, 42, 30, 307.79506302439404, 43
1, 1160082, 662982, 497100, 4972917.714785463, 47, 47, 0, 276.2330498695885, 47
51, 1160217, 663027, 497190, 4973281.780595403, 135, 45, 90, 364.06580994024984, 47
1, 1160260, 663070, 497190, 4973551.455555607, 43, 43, 0, 269.6749602031015, 43
1, 1160299, 663109, 497190, 4973814.1554955505, 39, 39, 0, 262.6999399439383, 39
1, 1160378, 663158, 497220, 4974130.186245681, 79, 49, 30, 316.03075013013313, 50
51, 1160511, 663201, 497310, 4974492.582514722, 133, 43, 90, 362.3962690412072, 45
1, 1160547, 663237, 497310, 4974749.731489, 36, 36, 0, 257.1489742783178, 36
1, 1160589, 663279, 497310, 4975017.704478502, 42, 42, 0, 267.97298950218305, 42
51, 1160755, 663325, 497430, 4975403.148746137, 166, 46, 120, 385.4442676339201, 49
1, 1160799, 663369, 497430, 4975674.499703826, 44, 44, 0, 271.35095769013947, 44
1, 1160828, 663398, 497430, 4975917.359282537, 29, 29, 0, 242.8595787106084, 29
1, 1160864, 663434, 497430, 4976174.508256815, 36, 36, 0, 257.1489742783178, 36
51, 1160952, 663472, 497480, 4976498.489688177, 88, 38, 50, 323.98143136087856, 39
1, 1160992, 663512, 497480, 4976762.976374113, 40, 40, 0, 264.4866859365871, 40
1, 1161098, 663548, 497550, 4977103.244417722, 106, 36, 70, 340.2680436096278, 38
51, 1161178, 663578, 497600, 4977418.414173966, 80, 30, 50, 315.1697562442441, 31
1, 1161220, 663620, 497600, 4977686.387163469, 42, 42, 0, 267.97298950218305, 42
1, 1161296, 663656, 497640, 4977997.946335842, 76, 36, 40, 311.5591723737189, 37
1, 1161358, 663688, 497670, 4978293.052962172, 62, 32, 30, 295.1066263296683, 33
1, 1161441, 663731, 497710, 4978612.587910101, 83, 43, 40, 319.5349479292333, 44
51, 1161534, 663774, 497760, 4978941.830190008, 93, 43, 50, 329.24227990714814, 44
1, 1161571, 663811, 497760, 4979200.862761464, 37, 37, 0, 259.03257145596604, 37
1, 1161679, 663849, 497830, 4979543.033741011, 108, 38, 70, 342.1709795470626, 40
51, 1161763, 663883, 497880, 4979862.673751415, 84, 34, 50, 319.64001040350905, 35
1, 1161812, 663932, 497880, 4980142.048882521, 49, 49, 0, 279.3751311064591, 49
1, 1161878, 663968, 497910, 4980442.375870798, 66, 36, 30, 300.32698827717985, 37
1, 1161958, 664008, 497950, 4980758.545627042, 80, 40, 40, 316.1697562442441, 41
1, 1161999, 664049, 497950, 4981024.789580485, 41, 41, 0, 266.24395344352433, 41
51, 1162115, 664085, 498030, 4981373.371383976, 116, 36, 80, 348.5818034911291, 38
1, 1162153, 664123, 498030, 4981634.253763596, 38, 38, 0, 260.88237961983884, 38
1, 1162230, 664160, 498070, 4981946.979427362, 77, 37, 40, 312.72566376652986, 38
51, 1162324, 664204, 498120, 4982277.25315321, 94, 44, 50, 330.273725847777, 45
1, 1162363, 664243, 498120, 4982539.953093153, 39, 39, 0, 262.6999399439383, 39
1, 1162427, 664277, 498150, 4982837.695805628, 64, 34, 30, 297.742712474619, 35
51, 1162515, 664315, 498200, 4983161.677236989, 88, 38, 50, 323.98143136087856, 39
1, 1162595, 664355, 498240, 4983477.846993233, 80, 40, 40, 316.1697562442441, 41
1, 1162668, 664398, 498270, 4983786.848271802, 73, 43, 30, 309.00127856917646, 44
1, 1162707, 664437, 498270, 4984049.548211746, 39, 39, 0, 262.6999399439383, 39
1, 1162751, 664481, 498270, 4984320.899169436, 44, 44, 0, 271.35095769013947, 44
51, 1162840, 664520, 498320, 4984645.947035, 89, 39, 50, 325.0478655640733, 40
1, 1162920, 664560, 498360, 4984962.116791244, 80, 40, 40, 316.1697562442441, 41
1, 1162966, 664606, 498360, 4985236.745859957, 46, 46, 0, 274.6290687140218, 46
51, 1163088, 664648, 498440, 4985590.691478511, 122, 42, 80, 353.9456185537469, 44
1, 1163131, 664691, 498440, 4985860.366438715, 43, 43, 0, 269.6749602031015, 43
1, 1163177, 664737, 498440, 4986134.995507428, 46, 46, 0, 274.6290687140218, 46
1, 1163251, 664771, 498480, 4986444.192716195, 74, 34, 40, 309.1972087668518, 35
51, 1163340, 664810, 498530, 4986769.240581759, 89, 39, 50, 325.0478655640733, 40
1, 1163414, 664854, 498560, 4987079.437790526, 74, 44, 30, 310.1972087668518, 45
1, 1163452, 664892, 498560, 4987340.3201701455, 38, 38, 0, 260.88237961983884, 38
1, 1163568, 664938, 498630, 4987689.901973637, 116, 46, 70, 349.5818034911291, 48
1, 1163607, 664977, 498630, 4987952.601913581, 39, 39, 0, 262.6999399439383, 39
51, 1163696, 665016, 498680, 4988277.649779145, 89, 39, 50, 325.0478655640733, 40
1, 1163804, 665054, 498750, 4988619.820758692, 108, 38, 70, 342.1709795470626, 40
1, 1163847, 665097, 498750, 4988889.495718895, 43, 43, 0, 269.6749602031015, 43
1, 1163930, 665150, 498780, 4989210.030666824, 83, 53, 30, 320.5349479292333, 54
51, 1164062, 665192, 498870, 4989571.586789251, 132, 42, 90, 361.55612242701943, 44
1, 1164126, 665226, 498900, 4989869.329501726, 64, 34, 30, 297.742712474619, 35
1, 1164166, 665266, 498900, 4990133.816187662, 40, 40, 0, 264.4866859365871, 40
1, 1164251, 665311, 498940, 4990455.553215333, 85, 45, 40, 321.73702767108114, 46
1, 1164295, 665355, 498940, 4990726.904173023, 44, 44, 0, 271.35095769013947, 44
51, 1164395, 665405, 498990, 4991063.23193904, 100, 50, 50, 336.327766016838, 51
1, 1164479, 665459, 499020, 4991384.871949444, 84, 54, 30, 321.64001040350905, 55
1, 1164553, 665493, 499060, 4991694.06915821, 74, 34, 40, 309.1972087668518, 35
1, 1164593, 665533, 499060, 4991958.555844147, 40, 40, 0, 264.4866859365871, 40
51, 1164690, 665580, 499110, 4992291.884743419, 97, 47, 50, 333.3288992714996, 48
1, 1164781, 665631, 499150, 4992620.043805357, 91, 51, 40, 328.1590619387661, 52
1, 1164817, 665667, 499150, 4992877.192779635, 36, 36, 0, 257.1489742783178, 36
1, 1164881, 665701, 499180, 4993174.9354921095, 64, 34, 30, 297.742712474619, 35
51, 1164967, 665737, 499230, 4993496.761656757, 86, 36, 50, 321.82616464756694, 37
1, 1165004, 665774, 499230, 4993755.794228214, 37, 37, 0, 259.03257145596604, 37
1, 1165093, 665823, 499270, 4994081.842093778, 89, 49, 40, 326.0478655640733, 50
1, 1165139, 665869, 499270, 4994356.4711624915, 46, 46, 0, 274.6290687140218, 46
51, 1165257, 665907, 499350, 4994706.85848766, 118, 38, 80, 350.3873251689181, 40
1, 1165295, 665945, 499350, 4994967.7408672795, 38, 38, 0, 260.88237961983884, 38
1, 1165335, 665985, 499350, 4995232.227553216, 40, 40, 0, 264.4866859365871, 40
1, 1165417, 666027, 499390, 4995550.649223059, 82, 42, 40, 318.42166984345636, 43
51, 1165509, 666069, 499440, 4995878.853324528, 92, 42, 50, 328.20410146824725, 43
1, 1165581, 666111, 499470, 4996186.648387552, 72, 42, 30, 307.79506302439404, 43
1, 1165621, 666151, 499470, 4996451.135073489, 40, 40, 0, 264.4866859365871, 40
1, 1165662, 666192, 499470, 4996717.379026932, 41, 41, 0, 266.24395344352433, 41
1, 1165774, 666234, 499540, 4997063.294339271, 112, 42, 70, 345.91531233955715, 44
51, 1165853, 666263, 499590, 4997377.325089402, 79, 29, 50, 314.03075013013313, 30
1, 1165902, 666312, 499590, 4997656.700220508, 49, 49, 0, 279.3751311064591, 49
1, 1166008, 666348, 499660, 4997996.968264117, 106, 36, 70, 340.2680436096278, 38
51, 1166094, 666384, 499710, 4998318.794428765, 86, 36, 50, 321.82616464756694, 37
1, 1166158, 666418, 499740, 4998616.537141239, 64, 34, 30, 297.742712474619, 35
1, 1166204, 666464, 499740, 4998891.166209953, 46, 46, 0, 274.6290687140218, 46
1, 1166248, 666508, 499740, 4999162.517167643, 44, 44, 0, 271.35095769013947, 44
1, 1166296, 666556, 499740, 4999440.3319702335, 48, 48, 0, 277.8148025904985, 48
51, 1166425, 666595, 499830, 4999799.345570724, 129, 39, 90, 359.01360049114555, 41
1, 1166493, 666633, 499860, 5000102.207741827, 68, 38, 30, 302.86217110259, 39
1, 1166536, 666676, 499860, 5000371.88270203, 43, 43, 0, 269.6749602031015, 43
51, 1166657, 666717, 499940, 5000724.945181066, 121, 41, 80, 353.06247903554, 43
1, 1166745, 666765, 499980, 5001049.926612427, 88, 48, 40, 324.98143136087856, 49
1, 1166783, 666803, 499980, 5001310.808992047, 38, 38, 0, 260.88237961983884, 38
51, 1166885, 666855, 500030, 5001649.106174828, 102, 52, 50, 338.29718278112654, 53
1, 1166950, 666890, 500060, 5001948.147326271, 65, 35, 30, 299.04115144336777, 36
1, 1166991, 666931, 500060, 5002214.391279714, 41, 41, 0, 266.24395344352433, 41
51, 1167124, 666974, 500150, 5002576.787548755, 133, 43, 90, 362.3962690412072, 45
1, 1167160, 667010, 500150, 5002833.936523033, 36, 36, 0, 257.1489742783178, 36
1, 1167229, 667049, 500180, 5003138.048664743, 69, 39, 30, 304.1121417102006, 40
1, 1167274, 667094, 500180, 5003411.050671155, 45, 45, 0, 273.00200641113514, 45
51, 1167361, 667131, 500230, 5003733.958252152, 87, 37, 50, 322.9075809977351, 38
1, 1167392, 667162, 500230, 5003981.119358329, 31, 31, 0, 247.1611061770567, 31
1, 1167478, 667208, 500270, 5004303.945522977, 86, 46, 40, 322.82616464756694, 47
1, 1167554, 667254, 500300, 5004616.50469535, 76, 46, 30, 312.5591723737189, 47
1, 1167588, 667288, 500300, 5004869.778335627, 34, 34, 0, 253.2736402766418, 34
51, 1167679, 667329, 500350, 5005196.937397566, 91, 41, 50, 327.1590619387661, 42
1, 1167757, 667367, 500390, 5005510.820184186, 78, 38, 40, 313.8827866200841, 39
1, 1167793, 667403, 500390, 5005767.969158464, 36, 36, 0, 257.1489742783178, 36
51, 1167891, 667451, 500440, 5006102.303786829, 98, 48, 50, 334.33462836457886, 49
1, 1167954, 667484, 500470, 5006398.735111555, 63, 33, 30, 296.43132472612575, 34
1, 1168037, 667527, 500510, 5006718.270059484, 83, 43, 40, 319.5349479292333, 44
1, 1168081, 667571, 500510, 5006989.621017174, 44, 44, 0, 271.35095769013947, 44
51, 1168202, 667612, 500590, 5007342.68349621, 121, 41, 80, 353.06247903554, 43
1, 1168251, 667661, 500590, 5007622.058627316, 49, 49, 0, 279.3751311064591, 49
1, 1168314, 667694, 500620, 5007918.489952042, 63, 33, 30, 296.43132472612575, 34
1, 1168395, 667735, 500660, 5008235.789952042, 81, 41, 40, 317.3, 42
1, 1168462, 667772, 500690, 5008537.390507299, 67, 37, 30, 301.6005552576305, 38
51, 1168550, 667810, 500740, 5008861.371938661, 88, 38, 50, 323.98143136087856, 39
1, 1168624, 667844, 500780, 5009170.569147428, 74, 34, 40, 309.1972087668518, 35
1, 1168695, 667885, 500810, 5009477.147458246, 71, 41, 30, 306.57831081870995, 42
1, 1168735, 667925, 500810, 5009741.634144182, 40, 40, 0, 264.4866859365871, 40
51, 1168826, 667966, 500860, 5010068.793206121, 91, 41, 50, 327.1590619387661, 42
1, 1168898, 668008, 500890, 5010376.588269145, 72, 42, 30, 307.79506302439404, 43
1, 1168931, 668041, 500890, 5010627.866441838, 33, 33, 0, 251.27817269284301, 33
1, 1169019, 668089, 500930, 5010952.8478732, 88, 48, 40, 324.98143136087856, 49
51, 1169106, 668126, 500980, 5011275.7554541975, 87, 37, 50, 322.9075809977351, 38
1, 1169141, 668161, 500980, 5011530.985382107, 35, 35, 0, 255.22992790977875, 35
1, 1169204, 668194, 501010, 5011827.416706833, 63, 33, 30, 296.43132472612575, 34
51, 1169334, 668234, 501100, 5012187.2815443715, 130, 40, 90, 359.86483753851803, 42
1, 1169378, 668278, 501100, 5012458.632502061, 44, 44, 0, 271.35095769013947, 44
1, 1169415, 668315, 501100, 5012717.665073518, 37, 37, 0, 259.03257145596604, 37
1, 1169501, 668361, 501140, 5013040.491238166, 86, 46, 40, 322.82616464756694, 47
51, 1169621, 668401, 501220, 5013392.666330131, 120, 40, 80, 352.1750919646873, 42
1, 1169660, 668440, 501220, 5013655.366270075, 39, 39, 0, 262.6999399439383, 39
1, 1169704, 668484, 501220, 5013926.717227764, 44, 44, 0, 271.35095769013947, 44
1, 1169786, 668526, 501260, 5014245.138897608, 82, 42, 40, 318.42166984345636, 43
1, 1169829, 668569, 501260, 5014514.8138578115, 43, 43, 0, 269.6749602031015, 43
51, 1169945, 668605, 501340, 5014863.395661303, 116, 36, 80, 348.5818034911291, 38
1, 1170019, 668639, 501380, 5015172.59287007, 74, 34, 40, 309.1972087668518, 35
1, 1170049, 668669, 501380, 5015417.627602002, 30, 30, 0, 245.0347319320716, 30
1, 1170130, 668720, 501410, 5015735.9276020015, 81, 51, 30, 318.3, 52
1, 1170210, 668760, 501450, 5016052.097358245, 80, 40, 40, 316.1697562442441, 41
51, 1170303, 668803, 501500, 5016381.339638152, 93, 43, 50, 329.24227990714814, 44
1, 1170385, 668845, 501540, 5016699.761307996, 82, 42, 40, 318.42166984345636, 43
1, 1170435, 668895, 501540, 5016980.676102843, 50, 50, 0, 280.9147948472494, 50
51, 1170567, 668947, 501620, 5017343.23222527, 132, 52, 80, 362.55612242701943, 54
1, 1170653, 668993, 501660, 5017666.058389918, 86, 46, 40, 322.82616464756694, 47
1, 1170692, 669032, 501660, 5017928.758329862, 39, 39, 0, 262.6999399439383, 39
1, 1170732, 669072, 501660, 5018193.245015798, 40, 40, 0, 264.4866859365871, 40
51, 1170865, 669115, 501750, 5018555.641284839, 133, 43, 90, 362.3962690412072, 45
1, 1170899, 669149, 501750, 5018808.914925116, 34, 34, 0, 253.2736402766418, 34
1, 1170968, 669188, 501780, 5019113.027066826, 69, 39, 30, 304.1121417102006, 40
1, 1171010, 669230, 501780, 5019381.000056328, 42, 42, 0, 267.97298950218305, 42
1, 1171070, 669260, 501810, 5019673.415824699, 60, 30, 30, 292.41576837137404, 31
51, 1171195, 669295, 501900, 5020028.985977188, 125, 35, 90, 355.57015248821097, 37
1, 1171267, 669337, 501930, 5020336.781040212, 72, 42, 30, 307.79506302439404, 43
1, 1171306, 669376, 501930, 5020599.480980156, 39, 39, 0, 262.6999399439383, 39
1, 1171405, 669405, 502000, 5020932.915194709, 99, 29, 70, 333.43421455299045, 31
51, 1171492, 669442, 502050, 5021255.822775707, 87, 37, 50, 322.9075809977351, 38
1, 1171580, 669490, 502090, 5021580.804207068, 88, 48, 40, 324.98143136087856, 49
1, 1171617, 669527, 502090, 5021839.836778524, 37, 37, 0, 259.03257145596604, 37
1, 1171652, 669562, 502090, 5022095.066706434, 35, 35, 0, 255.22992790977875, 35
51, 1171770, 669600, 502170, 5022445.4540316025, 118, 38, 80, 350.3873251689181, 40
1, 1171793, 669623, 502170, 5022674.047901912, 23, 23, 0, 228.5938703094842, 23
1, 1171832, 669662, 502170, 5022936.7478418555, 39, 39, 0, 262.6999399439383, 39
1, 1171914, 669704, 502210, 5023255.169511699, 82, 42, 40, 318.42166984345636, 43
1, 1171953, 669743, 502210, 5023517.869451643, 39, 39, 0, 262.6999399439383, 39
51, 1172072, 669782, 502290, 5023869.152846845, 119, 39, 80, 351.28339520229764, 41
1, 1172120, 669830, 502290, 5024146.967649436, 48, 48, 0, 277.8148025904985, 48
1, 1172160, 669870, 502290, 5024411.454335372, 40, 40, 0, 264.4866859365871, 40
51, 1172276, 669906, 502370, 5024760.036138863, 116, 36, 80, 348.5818034911291, 38
1, 1172363, 669953, 502410, 5025083.943719861, 87, 47, 40, 323.9075809977351, 48
1, 1172415, 670005, 502410, 5025367.878681289, 52, 52, 0, 283.93496142826496, 52
1, 1172458, 670048, 502410, 5025637.5536414925, 43, 43, 0, 269.6749602031015, 43
51, 1172542, 670082, 502460, 5025957.193651896, 84, 34, 50, 319.64001040350905, 35
1, 1172662, 670132, 502530, 5026310.368743861, 120, 50, 70, 353.1750919646873, 52
1, 1172702, 670172, 502530, 5026574.855429797, 40, 40, 0, 264.4866859365871, 40
1, 1172774, 670214, 502560, 5026882.650492822, 72, 42, 30, 307.79506302439404, 43
51, 1172868, 670258, 502610, 5027212.9242186695, 94, 44, 50, 330.273725847777, 45
1, 1172939, 670289, 502650, 5027518.502529488, 71, 31, 40, 305.57831081870995, 32
1, 1172977, 670327, 502650, 5027779.384909107, 38, 38, 0, 260.88237961983884, 38
51, 1173060, 670360, 502700, 5028097.919857036, 83, 33, 50, 318.5349479292333, 34
1, 1173144, 670404, 502740, 5028418.55986744, 84, 44, 40, 320.64001040350905, 45
1, 1173209, 670439, 502770, 5028717.601018883, 65, 35, 30, 299.04115144336777, 36
51, 1173296, 670476, 502820, 5029040.508599881, 87, 37, 50, 322.9075809977351, 38
1, 1173335, 670515, 502820, 5029303.208539825, 39, 39, 0, 262.6999399439383, 39
1, 1173364, 670544, 502820, 5029546.068118536, 29, 29, 0, 242.8595787106084, 29
51, 1173488, 670588, 502900, 5029901.767515084, 124, 44, 80, 355.6993965481514, 46
1, 1173575, 670635, 502940, 5030225.675096082, 87, 47, 40, 323.9075809977351, 48
1, 1173631, 670661, 502970, 5030512.531576055, 56, 26, 30, 286.8564799734761, 27
51, 1173714, 670694, 503020, 5030831.066523984, 83, 33, 50, 318.5349479292333, 34
1, 1173751, 670731, 503020, 5031090.0990954405, 37, 37, 0, 259.03257145596604, 37
1, 1173825, 670765, 503060, 5031399.296304207, 74, 34, 40, 309.1972087668518, 35
1, 1173877, 670817, 503060, 5031683.231265635, 52, 52, 0, 283.93496142826496, 52
1, 1173916, 670856, 503060, 5031945.931205579, 39, 39, 0, 262.6999399439383, 39
51, 1174037, 670897, 503140, 5032298.993684615, 121, 41, 80, 353.06247903554, 43
1, 1174077, 670937, 503140, 5032563.480370551, 40, 40, 0, 264.4866859365871, 40
1, 1174143, 670973, 503170, 5032863.807358828, 66, 36, 30, 300.32698827717985, 37
1, 1174226, 671016, 503210, 5033183.342306757, 83, 43, 40, 319.5349479292333, 44
51, 1174347, 671057, 503290, 5033536.404785793, 121, 41, 80, 353.06247903554, 43
1, 1174386, 671096, 503290, 5033799.104725737, 39, 39, 0, 262.6999399439383, 39
1, 1174471, 671141, 503330, 5034120.841753408, 85, 45, 40, 321.73702767108114, 46
51, 1174551, 671171, 503380, 5034436.011509652, 80, 30, 50, 315.1697562442441, 31
1, 1174596, 671216, 503380, 5034709.013516064, 45, 45, 0, 273.00200641113514, 45
1, 1174665, 671255, 503410, 5035013.125657774, 69, 39, 30, 304.1121417102006, 40
1, 1174710, 671300, 503410, 5035286.127664185, 45, 45, 0, 273.00200641113514, 45
51, 1174838, 671338, 503500, 5035644.286230287, 128, 38, 90, 358.1585661014858, 40
1, 1174888, 671388, 503500, 5035925.201025134, 50, 50, 0, 280.9147948472494, 50
1, 1174956, 671426, 503530, 5036228.063196236, 68, 38, 30, 302.86217110259, 39
1, 1174996, 671466, 503530, 5036492.549882173, 40, 40, 0, 264.4866859365871, 40
51, 1175087, 671507, 503580, 5036819.708944111, 91, 41, 50, 327.1590619387661, 42
1, 1175163, 671543, 503620, 5037131.268116484, 76, 36, 40, 311.5591723737189, 37
1, 1175225, 671575, 503650, 5037426.374742814, 62, 32, 30, 295.1066263296683, 33
1, 1175265, 671615, 503650, 5037690.861428751, 40, 40, 0, 264.4866859365871, 40
1, 1175309, 671659, 503650, 5037962.2123864405, 44, 44, 0, 271.35095769013947, 44
51, 1175393, 671693, 503700, 5038281.852396844, 84, 34, 50, 319.64001040350905, 35
1, 1175426, 671726, 503700, 5038533.130569537, 33, 33, 0, 251.27817269284301, 33
1, 1175521, 671751, 503770, 5038862.529133673, 95, 25, 70, 329.3985641352145, 27
1, 1175559, 671789, 503770, 5039123.411513292, 38, 38, 0, 260.88237961983884, 38
51, 1175654, 671834, 503820, 5039454.710077427, 95, 45, 50, 331.2985641352145, 46
1, 1175768, 671878, 503890, 5039802.468065119, 114, 44, 70, 347.75798769167545, 46
1, 1175802, 671912, 503890, 5040055.741705396, 34, 34, 0, 253.2736402766418, 34
51, 1175922, 671952, 503970, 5040407.916797361, 120, 40, 80, 352.1750919646873, 42
1, 1176000, 671990, 504010, 5040721.799583982, 78, 38, 40, 313.8827866200841, 39
1, 1176045, 672035, 504010, 5040994.801590393, 45, 45, 0, 273.00200641113514, 45
1, 1176128, 672078, 504050, 5041314.336538322, 83, 43, 40, 319.5349479292333, 44
51, 1176243, 672113, 504130, 5041662.008755384, 115, 35, 80, 347.6722170622053, 37
1, 1176282, 672152, 504130, 5041924.708695328, 39, 39, 0, 262.6999399439383, 39
1, 1176358, 672188, 504170, 5042236.267867701, 76, 36, 40, 311.5591723737189, 37
1, 1176396, 672226, 504170, 5042497.1502473205, 38, 38, 0, 260.88237961983884, 38
1, 1176466, 672266, 504200, 5042802.5010081725, 70, 40, 30, 305.3507608519078, 41
51, 1176555, 672305, 504250, 5043127.5488737365, 89, 39, 50, 325.0478655640733, 40
1, 1176589, 672339, 504250, 5043380.822514013, 34, 34, 0, 253.2736402766418, 34
1, 1176657, 672377, 504280, 5043683.684685116, 68, 38, 30, 302.86217110259, 39
1, 1176734, 672414, 504320, 5043996.410348882, 77, 37, 40, 312.72566376652986, 38
51, 1176831, 672461, 504370, 5044329.739248154, 97, 47, 50, 333.3288992714996, 48
1, 1176900, 672500, 504400, 5044633.8513898635, 69, 39, 30, 304.1121417102006, 40
1, 1176937, 672537, 504400, 5044892.88396132, 37, 37, 0, 259.03257145596604, 37
1, 1176977, 672577, 504400, 5045157.370647256, 40, 40, 0, 264.4866859365871, 40
1, 1177054, 672614, 504440, 5045470.0963110225, 77, 37, 40, 312.72566376652986, 38
51, 1177141, 672651, 504490, 5045793.00389202, 87, 37, 50, 322.9075809977351, 38
1, 1177207, 672687, 504520, 5046093.330880297, 66, 36, 30, 300.32698827717985, 37
1, 1177238, 672718, 504520, 5046340.491986474, 31, 31, 0, 247.1611061770567, 31
1, 1177310, 672750, 504560, 5046647.287049498, 72, 32, 40, 306.79506302439404, 33
51, 1177425, 672785, 504640, 5046994.95926656, 115, 35, 80, 347.6722170622053, 37
1, 1177469, 672829, 504640, 5047266.31022425, 44, 44, 0, 271.35095769013947, 44
1, 1177511, 672871, 504640, 5047534.283213752, 42, 42, 0, 267.97298950218305, 42
1, 1177549, 672909, 504640, 5047795.165593372, 38, 38, 0, 260.88237961983884, 38
51, 1177677, 672947, 504730, 5048153.324159473, 128, 38, 90, 358.1585661014858, 40
1, 1177720, 672990, 504730, 5048422.999119677, 43, 43, 0, 269.6749602031015, 43
1, 1177785, 673025, 504760, 5048722.04027112, 65, 35, 30, 299.04115144336777, 36
1, 1177867, 673067, 504800, 5049040.461940964, 82, 42, 40, 318.42166984345636, 43
51, 1177957, 673107, 504850, 5049366.568969788, 90, 40, 50, 326.1070288241023, 41
1, 1178030, 673150, 504880, 5049675.570248357, 73, 43, 30, 309.00127856917646, 44
1, 1178067, 673187, 504880, 5049934.602819813, 37, 37, 0, 259.03257145596604, 37
51, 1178159, 673229, 504930, 5050262.806921282, 92, 42, 50, 328.20410146824725, 43
1, 1178222, 673262, 504960, 5050559.238246008, 63, 33, 30, 296.43132472612575, 34
1, 1178306, 673306, 505000, 5050879.878256411, 84, 44, 40, 320.64001040350905, 45
1, 1178346, 673346, 505000, 5051144.364942348, 40, 40, 0, 264.4866859365871, 40
1, 1178386, 673386, 505000, 5051408.851628284, 40, 40, 0, 264.4866859365871, 40
51, 1178509, 673419, 505090, 5051762.676199546, 123, 33, 90, 353.8245712617827, 35
1, 1178575, 673455, 505120, 5052063.003187823, 66, 36, 30, 300.32698827717985, 37
1, 1178659, 673499, 505160, 5052383.643198227, 84, 44, 40, 320.64001040350905, 45
1, 1178697, 673537, 505160, 5052644.525577846, 38, 38, 0, 260.88237961983884, 38
51, 1178786, 673576, 505210, 5052969.57344341, 89, 39, 50, 325.0478655640733, 40
1, 1178895, 673615, 505280, 5053312.688074909, 109, 39, 70, 343.114631499574, 41
1, 1178938, 673658, 505280, 5053582.363035113, 43, 43, 0, 269.6749602031015, 43
1, 1179007, 673697, 505310, 5053886.475176822, 69, 39, 30, 304.1121417102006, 40
51, 1179141, 673741, 505400, 5054249.707992741, 134, 44, 90, 363.23281591860336, 46
1, 1179184, 673784, 505400, 5054519.382952944, 43, 43, 0, 269.6749602031015, 43
1, 1179218, 673818, 505400, 5054772.656593221, 34, 34, 0, 253.2736402766418, 34
1, 1179305, 673865, 505440, 5055096.564174219, 87, 47, 40, 323.9075809977351, 48
1, 1179378, 673908, 505470, 5055405.565452788, 73, 43, 30, 309.00127856917646, 44
51, 1179479, 673959, 505520, 5055742.880840761, 101, 51, 50, 337.31538797227006, 52
1, 1179586, 673996, 505590, 5056084.10298603, 107, 37, 70, 341.2221452697031, 39
1, 1179625, 674035, 505590, 5056346.802925974, 39, 39, 0, 262.6999399439383, 39
1, 1179673, 674083, 505590, 5056624.617728565, 48, 48, 0, 277.8148025904985, 48
51, 1179775, 674135, 505640, 5056962.914911346, 102, 52, 50, 338.29718278112654, 53
1, 1179877, 674167, 505710, 5057299.312094127, 102, 32, 70, 336.39718278112656, 34
1, 1179913, 674203, 505710, 5057556.461068405, 36, 36, 0, 257.1489742783178, 36
1, 1179948, 674238, 505710, 5057811.690996314, 35, 35, 0, 255.22992790977875, 35
1, 1180028, 674288, 505740, 5058128.860752558, 80, 50, 30, 317.1697562442441, 51
51, 1180158, 674328, 505830, 5058488.725590097, 130, 40, 90, 359.86483753851803, 42
1, 1180190, 674360, 505830, 5058737.967013097, 32, 32, 0, 249.24142300054422, 32
1, 1180257, 674397, 505860, 5059039.567568355, 67, 37, 30, 301.6005552576305, 38
1, 1180301, 674441, 505860, 5059310.918526045, 44, 44, 0, 271.35095769013947, 44
1, 1180374, 674484, 505890, 5059619.919804614, 73, 43, 30, 309.00127856917646, 44
51, 1180496, 674516, 505980, 5059972.865423168, 122, 32, 90, 352.9456185537469, 34
1, 1180541, 674561, 505980, 5060245.86742958, 45, 45, 0, 273.00200641113514, 45
1, 1180584, 674604, 505980, 5060515.542389783, 43, 43, 0, 269.6749602031015, 43
1, 1180621, 674641, 505980, 5060774.5749612395, 37, 37, 0, 259.03257145596604, 37
51, 1180747, 674677, 506070, 5061131.011857123, 126, 36, 90, 356.43689588345075, 38
1, 1180820, 674720, 506100, 5061440.013135692, 73, 43, 30, 309.00127856917646, 44
1, 1180905, 674765, 506140, 5061761.750163363, 85, 45, 40, 321.73702767108114, 46
1, 1180976, 674806, 506170, 5062068.328474182, 71, 41, 30, 306.57831081870995, 42
1, 1181017, 674847, 506170, 5062334.572427625, 41, 41, 0, 266.24395344352433, 41
51, 1181109, 674889, 506220, 5062662.776529093, 92, 42, 50, 328.20410146824725, 43
1, 1181185, 674925, 506260, 5062974.335701467, 76, 36, 40, 311.5591723737189, 37
1, 1181252, 674962, 506290, 5063275.936256724, 67, 37, 30, 301.6005552576305, 38
51, 1181343, 675003, 506340, 5063603.095318663, 91, 41, 50, 327.1590619387661, 42
1, 1181382, 675042, 506340, 5063865.795258607, 39, 39, 0, 262.6999399439383, 39
1, 1181423, 675083, 506340, 5064132.03921205, 41, 41, 0, 266.24395344352433, 41
1, 1181461, 675121, 506340, 5064392.921591669, 38, 38, 0, 260.88237961983884, 38
51, 1181606, 675176, 506430, 5064765.131599865, 145, 55, 90, 372.2100081956181, 57
1, 1181682, 675222, 506460, 5065077.690772238, 76, 46, 30, 312.5591723737189, 47
1, 1181724, 675264, 506460, 5065345.663761741, 42, 42, 0, 267.97298950218305, 42
1, 1181769, 675309, 506460, 5065618.665768152, 45, 45, 0, 273.00200641113514, 45
51, 1181850, 675340, 506510, 5065934.965768152, 81, 31, 50, 316.3, 32
1, 1181929, 675379, 506550, 5066249.996518282, 79, 39, 40, 315.03075013013313, 40
1, 1181976, 675426, 506550, 5066526.229568152, 47, 47, 0, 276.2330498695885, 47
1, 1182048, 675468, 506580, 5066834.024631176, 72, 42, 30, 307.79506302439404, 43
51, 1182132, 675502, 506630, 5067153.66464158, 84, 34, 50, 319.64001040350905, 35
1, 1182208, 675538, 506670, 5067465.223813953, 76, 36, 40, 311.5591723737189, 37
1, 1182238, 675568, 506670, 5067710.258545885, 30, 30, 0, 245.0347319320716, 30
1, 1182272, 675602, 506670, 5067963.532186162, 34, 34, 0, 253.2736402766418, 34
51, 1182391, 675641, 506750, 5068314.815581364, 119, 39, 80, 351.28339520229764, 41
1, 1182433, 675683, 506750, 5068582.788570866, 42, 42, 0, 267.97298950218305, 42
1, 1182512, 675722, 506790, 5068897.819320996, 79, 39, 40, 315.03075013013313, 40
1, 1182540, 675750, 506790, 5069138.451984376, 28, 28, 0, 240.63266337912057, 28
1, 1182660, 675800, 506860, 5069491.627076341, 120, 50, 70, 353.1750919646873, 52
51, 1182744, 675834, 506910, 5069811.267086744, 84, 34, 50, 319.64001040350905, 35
1, 1182809, 675869, 506940, 5070110.308238188, 65, 35, 30, 299.04115144336777, 36
1, 1182859, 675919, 506940, 5070391.223033035, 50, 50, 0, 280.9147948472494, 50
1, 1182944, 675964, 506980, 5070712.960060706, 85, 45, 40, 321.73702767108114, 46
1, 1182984, 676004, 506980, 5070977.446746643, 40, 40, 0, 264.4866859365871, 40
51, 1183065, 676035, 507030, 5071293.7467466425, 81, 31, 50, 316.3, 32
1, 1183146, 676076, 507070, 5071611.046746642, 81, 41, 40, 317.3, 42
1, 1183231, 676131, 507100, 5071933.7837743135, 85, 55, 30, 322.73702767108114, 56
1, 1183270, 676170, 507100, 5072196.483714257, 39, 39, 0, 262.6999399439383, 39
51, 1183382, 676202, 507180, 5072541.399026597, 112, 32, 80, 344.91531233955715, 34
1, 1183428, 676248, 507180, 5072816.028095311, 46, 46, 0, 274.6290687140218, 46
1, 1183502, 676282, 507220, 5073125.225304077, 74, 34, 40, 309.1972087668518, 35
1, 1183543, 676323, 507220, 5073391.4692575205, 41, 41, 0, 266.24395344352433, 41
51, 1183635, 676365, 507270, 5073719.673358989, 92, 42, 50, 328.20410146824725, 43
1, 1183670, 676400, 507270, 5073974.9032868985, 35, 35, 0, 255.22992790977875, 35
1, 1183738, 676438, 507300, 5074277.765458001, 68, 38, 30, 302.86217110259, 39
1, 1183822, 676482, 507340, 5074598.405468404, 84, 44, 40, 320.64001040350905, 45
1, 1183892, 676522, 507370, 5074903.756229256, 70, 40, 30, 305.3507608519078, 41
51, 1183976, 676556, 507420, 5075223.39623966, 84, 34, 50, 319.64001040350905, 35
1, 1184054, 676604, 507450, 5075538.27902628, 78, 48, 30, 314.8827866200841, 49
1, 1184086, 676636, 507450, 5075787.520449281, 32, 32, 0, 249.24142300054422, 32
1, 1184171, 676681, 507490, 5076109.257476952, 85, 45, 40, 321.73702767108114, 46
1, 1184219, 676729, 507490, 5076387.072279543, 48, 48, 0, 277.8148025904985, 48
51, 1184353, 676773, 507580, 5076750.305095461, 134, 44, 90, 363.23281591860336, 46
1, 1184413, 676803, 507610, 5077042.720863832, 60, 30, 30, 292.41576837137404, 31
1, 1184457, 676847, 507610, 5077314.071821522, 44, 44, 0, 271.35095769013947, 44
1, 1184496, 676886, 507610, 5077576.771761466, 39, 39, 0, 262.6999399439383, 39
1, 1184600, 676920, 507680, 5077915.115448223, 104, 34, 70, 338.343686757474, 36
51, 1184688, 676958, 507730, 5078239.096879585, 88, 38, 50, 323.98143136087856, 39
1, 1184760, 677000, 507760, 5078546.891942609, 72, 42, 30, 307.79506302439404, 43
1, 1184799, 677039, 507760, 5078809.591882553, 39, 39, 0, 262.6999399439383, 39
1, 1184911, 677081, 507830, 5079155.5071948925, 112, 42, 70, 345.91531233955715, 44
51, 1184993, 677113, 507880, 5079472.928864736, 82, 32, 50, 317.42166984345636, 33
1, 1185058, 677148, 507910, 5079771.97001618, 65, 35, 30, 299.04115144336777, 36
1, 1185103, 677193, 507910, 5080044.972022591, 45, 45, 0, 273.00200641113514, 45
1, 1185182, 677232, 507950, 5080360.002772721, 79, 39, 40, 315.03075013013313, 40
51, 1185308, 677278, 508030, 5080717.439668605, 126, 46, 80, 357.43689588345075, 48
1, 1185341, 677311, 508030, 5080968.717841298, 33, 33, 0, 251.27817269284301, 33
1, 1185444, 677344, 508100, 5081306.091091353, 103, 33, 70, 337.37325005549695, 35
51, 1185542, 677392, 508150, 5081640.425719718, 98, 48, 50, 334.33462836457886, 49
1, 1185576, 677426, 508150, 5081893.699359995, 34, 34, 0, 253.2736402766418, 34
1, 1185611, 677461, 508150, 5082148.929287905, 35, 35, 0, 255.22992790977875, 35
51, 1185739, 677509, 508230, 5082508.087854006, 128, 48, 80, 359.1585661014858, 50
1, 1185813, 677543, 508270, 5082817.285062773, 74, 34, 40, 309.1972087668518, 35
1, 1185886, 677586, 508300, 5083126.286341342, 73, 43, 30, 309.00127856917646, 44
1, 1185924, 677624, 508300, 5083387.168720962, 38, 38, 0, 260.88237961983884, 38
51, 1186014, 677664, 508350, 5083713.275749786, 90, 40, 50, 326.1070288241023, 41
1, 1186105, 677715, 508390, 5084041.434811724, 91, 51, 40, 328.1590619387661, 52
1, 1186139, 677749, 508390, 5084294.708452001, 34, 34, 0, 253.2736402766418, 34
1, 1186182, 677792, 508390, 5084564.383412205, 43, 43, 0, 269.6749602031015, 43
51, 1186314, 677844, 508470, 5084926.939534632, 132, 52, 80, 362.55612242701943, 54
1, 1186347, 677877, 508470, 5085178.217707325, 33, 33, 0, 251.27817269284301, 33
1, 1186450, 677910, 508540, 5085515.59095738, 103, 33, 70, 337.37325005549695, 35
1, 1186500, 677960, 508540, 5085796.505752227, 50, 50, 0, 280.9147948472494, 50
1, 1186545, 678005, 508540, 5086069.507758639, 45, 45, 0, 273.00200641113514, 45
51, 1186638, 678048, 508590, 5086398.750038546, 93, 43, 50, 329.24227990714814, 44
1, 1186710, 678080, 508630, 5086705.54510157, 72, 32, 40, 306.79506302439404, 33
1, 1186758, 678128, 508630, 5086983.359904161, 48, 48, 0, 277.8148025904985, 48
1, 1186832, 678172, 508660, 5087293.557112928, 74, 44, 30, 310.1972087668518, 45
51, 1186964, 678214, 508750, 5087655.113235354, 132, 42, 90, 361.55612242701943, 44
1, 1187005, 678255, 508750, 5087921.357188798, 41, 41, 0, 266.24395344352433, 41
1, 1187045, 678295, 508750, 5088185.843874734, 40, 40, 0, 264.4866859365871, 40
1, 1187089, 678339, 508750, 5088457.194832424, 44, 44, 0, 271.35095769013947, 44
51, 1187218, 678388, 508830, 5088817.208432915, 129, 49, 80, 360.01360049114555, 51
1, 1187293, 678423, 508870, 5089127.591528553, 75, 35, 40, 310.38309563827124, 36
1, 1187326, 678456, 508870, 5089378.869701246, 33, 33, 0, 251.27817269284301, 33
1, 1187395, 678495, 508900, 5089682.981842956, 69, 39, 30, 304.1121417102006, 40
51, 1187479, 678529, 508950, 5090002.621853359, 84, 34, 50, 319.64001040350905, 35
1, 1187516, 678566, 508950, 5090261.654424815, 37, 37, 0, 259.03257145596604, 37
1, 1187596, 678606, 508990, 5090577.824181059, 80, 40, 40, 316.1697562442441, 41
1, 1187634, 678644, 508990, 5090838.706560679, 38, 38, 0, 260.88237961983884, 38
1, 1187748, 678688, 509060, 5091186.464548371, 114, 44, 70, 347.75798769167545, 46
51, 1187841, 678731, 509110, 5091515.706828278, 93, 43, 50, 329.24227990714814, 44
1, 1187906, 678766, 509140, 5091814.747979721, 65, 35, 30, 299.04115144336777, 36
1, 1187945, 678805, 509140, 5092077.447919665, 39, 39, 0, 262.6999399439383, 39
1, 1188025, 678845, 509180, 5092393.617675909, 80, 40, 40, 316.1697562442441, 41
51, 1188122, 678892, 509230, 5092726.946575181, 97, 47, 50, 333.3288992714996, 48
1, 1188190, 678930, 509260, 5093029.808746283, 68, 38, 30, 302.86217110259, 39
1, 1188226, 678966, 509260, 5093286.957720561, 36, 36, 0, 257.1489742783178, 36
1, 1188300, 679010, 509290, 5093597.154929328, 74, 44, 30, 310.1972087668518, 45
1, 1188331, 679041, 509290, 5093844.316035504, 31, 31, 0, 247.1611061770567, 31
51, 1188456, 679076, 509380, 5094199.886187993, 125, 35, 90, 355.57015248821097, 37
1, 1188498, 679118, 509380, 5094467.859177495, 42, 42, 0, 267.97298950218305, 42
1, 1188532, 679152, 509380, 5094721.132817772, 34, 34, 0, 253.2736402766418, 34
1, 1188603, 679193, 509410, 5095027.711128591, 71, 41, 30, 306.57831081870995, 42
1, 1188652, 679242, 509410, 5095307.086259697, 49, 49, 0, 279.3751311064591, 49
51, 1188752, 679292, 509460, 5095643.414025714, 100, 50, 50, 336.327766016838, 51
1, 1188831, 679331, 509500, 5095958.444775844, 79, 39, 40, 315.03075013013313, 40
1, 1188887, 679387, 509500, 5096248.201255818, 56, 56, 0, 289.7564799734761, 56
1, 1189008, 679438, 509570, 5096602.263734854, 121, 51, 70, 354.06247903554, 53
51, 1189091, 679471, 509620, 5096920.798682783, 83, 33, 50, 318.5349479292333, 34
1, 1189151, 679501, 509650, 5097213.214451154, 60, 30, 30, 292.41576837137404, 31
1, 1189189, 679539, 509650, 5097474.096830773, 38, 38, 0, 260.88237961983884, 38
1, 1189306, 679586, 509720, 5097824.5836475715, 117, 47, 70, 350.4868167986058, 49
51, 1189399, 679629, 509770, 5098153.825927478, 93, 43, 50, 329.24227990714814, 44
1, 1189507, 679667, 509840, 5098495.996907026, 108, 38, 70, 342.1709795470626, 40
1, 1189546, 679706, 509840, 5098758.696846969, 39, 39, 0, 262.6999399439383, 39
1, 1189583, 679743, 509840, 5099017.729418426, 37, 37, 0, 259.03257145596604, 37
51, 1189676, 679786, 509890, 5099346.971698333, 93, 43, 50, 329.24227990714814, 44
1, 1189720, 679830, 509890, 5099618.322656022, 44, 44, 0, 271.35095769013947, 44
1, 1189833, 679873, 509960, 5099965.161699892, 113, 43, 70, 346.83904386951343, 45
51, 1189927, 679917, 510010, 5100295.43542574, 94, 44, 50, 330.273725847777, 45
1, 1189989, 679949, 510040, 5100590.54205207, 62, 32, 30, 295.1066263296683, 33
1, 1190024, 679984, 510040, 5100845.771979979, 35, 35, 0, 255.22992790977875, 35
1, 1190061, 680021, 510040, 5101104.804551436, 37, 37, 0, 259.03257145596604, 37
51, 1190148, 680058, 510090, 5101427.712132433, 87, 37, 50, 322.9075809977351, 38
1, 1190225, 680095, 510130, 5101740.4377962, 77, 37, 40, 312.72566376652986, 38
1, 1190294, 680134, 510160, 5102044.5499379095, 69, 39, 30, 304.1121417102006, 40
1, 1190382, 680182, 510200, 5102369.531369271, 88, 48, 40, 324.98143136087856, 49
1, 1190426, 680226, 510200, 5102640.882326961, 44, 44, 0, 271.35095769013947, 44
51, 1190513, 680263, 510250, 5102963.789907958, 87, 37, 50, 322.9075809977351, 38
1, 1190556, 680306, 510250, 5103233.464868162, 43, 43, 0, 269.6749602031015, 43
1, 1190634, 680344, 510290, 5103547.347654782, 78, 38, 40, 313.8827866200841, 39
1, 1190705, 680385, 510320, 5103853.925965601, 71, 41, 30, 306.57831081870995, 42
1, 1190754, 680434, 510320, 5104133.301096707, 49, 49, 0, 279.3751311064591, 49
51, 1190876, 680476, 510400, 5104487.246715261, 122, 42, 80, 353.9456185537469, 44
1, 1190918, 680518, 510400, 5104755.219704763, 42, 42, 0, 267.97298950218305, 42
1, 1190958, 680558, 510400, 5105019.706390699, 40, 40, 0, 264.4866859365871, 40
1, 1191037, 680597, 510440, 5105334.73714083, 79, 39, 40, 315.03075013013313, 40
51, 1191126, 680636, 510490, 5105659.785006394, 89, 39, 50, 325.0478655640733, 40
1, 1191173, 680683, 510490, 5105936.018056263, 47, 47, 0, 276.2330498695885, 47
1, 1191246, 680726, 510520, 5106245.019334832, 73, 43, 30, 309.00127856917646, 44
1, 1191281, 680761, 510520, 5106500.249262742, 35, 35, 0, 255.22992790977875, 35
51, 1191398, 680798, 510600, 5106849.73607954, 117, 37, 80, 349.4868167986058, 39
1, 1191482, 680842, 510640, 5107170.376089944, 84, 44, 40, 320.64001040350905, 45
1, 1191514, 680874, 510640, 5107419.617512944, 32, 32, 0, 249.24142300054422, 32
1, 1191585, 680915, 510670, 5107726.195823763, 71, 41, 30, 306.57831081870995, 42
51, 1191678, 680958, 510720, 5108055.438103669, 93, 43, 50, 329.24227990714814, 44
1, 1191779, 680989, 510790, 5108390.853491642, 101, 31, 70, 335.41538797227, 33
1, 1191810, 681020, 510790, 5108638.014597818, 31, 31, 0, 247.1611061770567, 31
1, 1191846, 681056, 510790, 5108895.163572096, 36, 36, 0, 257.1489742783178, 36
1, 1191924, 681094, 510830, 5109209.046358717, 78, 38, 40, 313.8827866200841, 39
51, 1192009, 681129, 510880, 5109529.783386388, 85, 35, 50, 320.73702767108114, 36
1, 1192048, 681168, 510880, 5109792.483326332, 39, 39, 0, 262.6999399439383, 39
1, 1192154, 681204, 510950, 5110132.751369941, 106, 36, 70, 340.2680436096278, 38
1, 1192191, 681241, 510950, 5110391.783941397, 37, 37, 0, 259.03257145596604, 37
51, 1192267, 681267, 511000, 5110702.343113771, 76, 26, 50, 310.5591723737189, 27
1, 1192332, 681302, 511030, 5111001.384265214, 65, 35, 30, 299.04115144336777, 36
1, 1192377, 681347, 511030, 5111274.386271626, 45, 45, 0, 273.00200641113514, 45
51, 1192502, 681382, 511120, 5111629.956424114, 125, 35, 90, 355.57015248821097, 37
1, 1192543, 681423, 511120, 5111896.200377557, 41, 41, 0, 266.24395344352433, 41
1, 1192616, 681466, 511150, 5112205.201656126, 73, 43, 30, 309.00127856917646, 44
1, 1192700, 681510, 511190, 5112525.84166653, 84, 44, 40, 320.64001040350905, 45
51, 1192794, 681554, 511240, 5112856.115392378, 94, 44, 50, 330.273725847777, 45
1, 1192870, 681600, 511270, 5113168.674564751, 76, 46, 30, 312.5591723737189, 47
1, 1192918, 681648, 511270, 5113446.489367342, 48, 48, 0, 277.8148025904985, 48
1, 1192968, 681698, 511270, 5113727.404162189, 50, 50, 0, 280.9147948472494, 50
1, 1193051, 681741, 511310, 5114046.939110118, 83, 43, 40, 319.5349479292333, 44
51, 1193141, 681781, 511360, 5114373.046138942, 90, 40, 50, 326.1070288241023, 41
1, 1193214, 681824, 511390, 5114682.047417511, 73, 43, 30, 309.00127856917646, 44
1, 1193250, 681860, 511390, 5114939.196391789, 36, 36, 0, 257.1489742783178, 36
1, 1193330, 681900, 511430, 5115255.366148033, 80, 40, 40, 316.1697562442441, 41
1, 1193376, 681946, 511430, 5115529.995216747, 46, 46, 0, 274.6290687140218, 46
51, 1193491, 681981, 511510, 5115877.667433809, 115, 35, 80, 347.6722170622053, 37
1, 1193527, 682017, 511510, 5116134.816408087, 36, 36, 0, 257.1489742783178, 36
1, 1193593, 682053, 511540, 5116435.143396364, 66, 36, 30, 300.32698827717985, 37
51, 1193725, 682095, 511630, 5116796.6995187905, 132, 42, 90, 361.55612242701943, 44
1, 1193759, 682129, 511630, 5117049.973159067, 34, 34, 0, 253.2736402766418, 34
1, 1193791, 682161, 511630, 5117299.214582068, 32, 32, 0, 249.24142300054422, 32
1, 1193868, 682198, 511670, 5117611.940245834, 77, 37, 40, 312.72566376652986, 38
1, 1193935, 682235, 511700, 5117913.540801092, 67, 37, 30, 301.6005552576305, 38
51, 1194033, 682283, 511750, 5118247.875429457, 98, 48, 50, 334.33462836457886, 49
1, 1194069, 682319, 511750, 5118505.024403735, 36, 36, 0, 257.1489742783178, 36
1, 1194117, 682367, 511750, 5118782.839206326, 48, 48, 0, 277.8148025904985, 48
1, 1194196, 682406, 511790, 5119097.869956456, 79, 39, 40, 315.03075013013313, 40
51, 1194321, 682451, 511870, 5119454.440108945, 125, 45, 80, 356.57015248821097, 47
1, 1194364, 682494, 511870, 5119724.115069148, 43, 43, 0, 269.6749602031015, 43
1, 1194397, 682527, 511870, 5119975.393241841, 33, 33, 0, 251.27817269284301, 33
1, 1194437, 682567, 511870, 5120239.879927778, 40, 40, 0, 264.4866859365871, 40
51, 1194571, 682611, 511960, 5120603.112743696, 134, 44, 90, 363.23281591860336, 46
1, 1194611, 682651, 511960, 5120867.599429633, 40, 40, 0, 264.4866859365871, 40
1, 1194686, 682696, 511990, 5121178.98252527, 75, 45, 30, 311.38309563827124, 46
51, 1194776, 682736, 512040, 5121505.089554095, 90, 40, 50, 326.1070288241023, 41
1, 1194864, 682784, 512080, 5121830.070985456, 88, 48, 40, 324.98143136087856, 49
1, 1194909, 682829, 512080, 5122103.072991868, 45, 45, 0, 273.00200641113514, 45
1, 1194982, 682872, 512110, 5122412.074270437, 73, 43, 30, 309.00127856917646, 44
51, 1195111, 682911, 512200, 5122771.0878709275, 129, 39, 90, 359.01360049114555, 41
1, 1195151, 682951, 512200, 5123035.574556864, 40, 40, 0, 264.4866859365871, 40
1, 1195196, 682996, 512200, 5123308.576563275, 45, 45, 0, 273.00200641113514, 45
1, 1195244, 683044, 512200, 5123586.391365866, 48, 48, 0, 277.8148025904985, 48
1, 1195350, 683080, 512270, 5123926.6594094755, 106, 36, 70, 340.2680436096278, 38
51, 1195441, 683121, 512320, 5124253.818471414, 91, 41, 50, 327.1590619387661, 42
1, 1195481, 683161, 512320, 5124518.30515735, 40, 40, 0, 264.4866859365871, 40
1, 1195515, 683195, 512320, 5124771.578797627, 34, 34, 0, 253.2736402766418, 34
1, 1195578, 683228, 512350, 5125068.010122353, 63, 33, 30, 296.43132472612575, 34
1, 1195614, 683264, 512350, 5125325.159096631, 36, 36, 0, 257.1489742783178, 36
51, 1195770, 683300, 512470, 5125703.070980936, 156, 36, 120, 377.9118843049396, 39
1, 1195815, 683345, 512470, 5125976.072987348, 45, 45, 0, 273.00200641113514, 45
1, 1195924, 683384, 512540, 5126319.187618847, 109, 39, 70, 343.114631499574, 41
1, 1195964, 683424, 512540, 5126583.674304783, 40, 40, 0, 264.4866859365871, 40
51, 1196044, 683454, 512590, 5126898.844061027, 80, 30, 50, 315.1697562442441, 31
1, 1196128, 683498, 512630, 5127219.484071431, 84, 44, 40, 320.64001040350905, 45
1, 1196202, 683542, 512660, 5127529.681280198, 74, 44, 30, 310.1972087668518, 45
1, 1196229, 683569, 512660, 5127768.031985893, 27, 27, 0, 238.35070569547776, 27
1, 1196294, 683604, 512690, 5128067.073137336, 65, 35, 30, 299.04115144336777, 36
51, 1196401, 683661, 512740, 5128410.195282606, 107, 57, 50, 343.1221452697031, 58
1, 1196492, 683712, 512780, 5128738.354344545, 91, 51, 40, 328.1590619387661, 52
1, 1196539, 683759, 512780, 5129014.5873944145, 47, 47, 0, 276.2330498695885, 47
51, 1196621, 683791, 512830, 5129332.009064258, 82, 32, 50, 317.42166984345636, 33
1, 1196674, 683844, 512830, 5129617.425851899, 53, 53, 0, 285.4167876408086, 53
1, 1196743, 683883, 512860, 5129921.537993609, 69, 39, 30, 304.1121417102006, 40
1, 1196773, 683913, 512860, 5130166.572725541, 30, 30, 0, 245.0347319320716, 30
1, 1196852, 683952, 512900, 5130481.603475671, 79, 39, 40, 315.03075013013313, 40
51, 1196938, 683988, 512950, 5130803.429640319, 86, 36, 50, 321.82616464756694, 37
1, 1196977, 684027, 512950, 5131066.129580263, 39, 39, 0, 262.6999399439383, 39
1, 1197052, 684072, 512980, 5131377.512675901, 75, 45, 30, 311.38309563827124, 46
1, 1197125, 684105, 513020, 5131685.51395447, 73, 33, 40, 308.00127856917646, 34
1, 1197163, 684143, 513020, 5131946.396334089, 38, 38, 0, 260.88237961983884, 38
51, 1197258, 684188, 513070, 5132277.694898224, 95, 45, 50, 331.2985641352145, 46
1, 1197374, 684234, 513140, 5132627.276701716, 116, 46, 70, 349.5818034911291, 48
1, 1197423, 684283, 513140, 5132906.651832822, 49, 49, 0, 279.3751311064591, 49
1, 1197495, 684315, 513180, 5133213.446895846, 72, 32, 40, 306.79506302439404, 33
51, 1197579, 684349, 513230, 5133533.08690625, 84, 34, 50, 319.64001040350905, 35
1, 1197622, 684392, 513230, 5133802.761866453, 43, 43, 0, 269.6749602031015, 43
1, 1197732, 684432, 513300, 5134146.8150504995, 110, 40, 70, 344.0531840464366, 42
1, 1197766, 684466, 513300, 5134400.088690776, 34, 34, 0, 253.2736402766418, 34
51, 1197858, 684508, 513350, 5134728.292792245, 92, 42, 50, 328.20410146824725, 43
1, 1197937, 684547, 513390, 5135043.323542375, 79, 39, 40, 315.03075013013313, 40
1, 1197975, 684585, 513390, 5135304.2059219945, 38, 38, 0, 260.88237961983884, 38
51, 1198090, 684620, 513470, 5135651.878139056, 115, 35, 80, 347.6722170622053, 37
1, 1198164, 684654, 513510, 5135961.075347823, 74, 34, 40, 309.1972087668518, 35
1, 1198198, 684688, 513510, 5136214.3489881, 34, 34, 0, 253.2736402766418, 34
1, 1198272, 684732, 513540, 5136524.546196867, 74, 44, 30, 310.1972087668518, 45
1, 1198319, 684779, 513540, 5136800.779246736, 47, 47, 0, 276.2330498695885, 47
51, 1198410, 684820, 513590, 5137127.938308675, 91, 41, 50, 327.1590619387661, 42
1, 1198451, 684861, 513590, 5137394.182262118, 41, 41, 0, 266.24395344352433, 41
1, 1198544, 684914, 513630, 5137724.424542025, 93, 53, 40, 330.24227990714814, 54
1, 1198592, 684962, 513630, 5138002.2393446155, 48, 48, 0, 277.8148025904985, 48
51, 1198718, 685008, 513710, 5138359.676240499, 126, 46, 80, 357.43689588345075, 48
1, 1198760, 685050, 513710, 5138627.6492300015, 42, 42, 0, 267.97298950218305, 42
1, 1198873, 685093, 513780, 5138974.488273871, 113, 43, 70, 346.83904386951343, 45
1, 1198914, 685134, 513780, 5139240.732227314, 41, 41, 0, 266.24395344352433, 41
1, 1198955, 685175, 513780, 5139506.976180757, 41, 41, 0, 266.24395344352433, 41
51, 1199046, 685216, 513830, 5139834.135242696, 91, 41, 50, 327.1590619387661, 42
1, 1199127, 685257, 513870, 5140151.435242696, 81, 41, 40, 317.3, 42
1, 1199188, 685288, 513900, 5140445.203481963, 61, 31, 30, 293.7682392671241, 32
1, 1199226, 685326, 513900, 5140706.085861582, 38, 38, 0, 260.88237961983884, 38
51, 1199315, 685365, 513950, 5141031.133727146, 89, 39, 50, 325.0478655640733, 40
1, 1199433, 685413, 514020, 5141382.521052315, 118, 48, 70, 351.3873251689181, 50
1, 1199463, 685443, 514020, 5141627.555784247, 30, 30, 0, 245.0347319320716, 30
1, 1199560, 685470, 514090, 5141958.984683518, 97, 27, 70, 331.42889927149963, 29
51, 1199646, 685506, 514140, 5142280.810848166, 86, 36, 50, 321.82616464756694, 37
1, 1199686, 685546, 514140, 5142545.297534103, 40, 40, 0, 264.4866859365871, 40
1, 1199731, 685591, 514140, 5142818.299540514, 45, 45, 0, 273.00200641113514, 45
1, 1199779, 685639, 514140, 5143096.114343105, 48, 48, 0, 277.8148025904985, 48
1, 1199849, 685679, 514170, 5143401.465103957, 70, 40, 30, 305.3507608519078, 41
51, 1199976, 685716, 514260, 5143758.7647862565, 127, 37, 90, 357.2996822992933, 39
1, 1200016, 685756, 514260, 5144023.251472193, 40, 40, 0, 264.4866859365871, 40
1, 1200060, 685800, 514260, 5144294.602429883, 44, 44, 0, 271.35095769013947, 44
51, 1200143, 685833, 514310, 5144613.137377812, 83, 33, 50, 318.5349479292333, 34
1, 1200222, 685882, 514340, 5144929.168127942, 79, 49, 30, 316.03075013013313, 50
1, 1200270, 685930, 514340, 5145206.982930533, 48, 48, 0, 277.8148025904985, 48
1, 1200389, 685979, 514410, 5145559.266325735, 119, 49, 70, 352.28339520229764, 51
51, 1200477, 686017, 514460, 5145883.247757096, 88, 38, 50, 323.98143136087856, 39
1, 1200558, 686058, 514500, 5146200.547757096, 81, 41, 40, 317.3, 42
1, 1200602, 686102, 514500, 5146471.898714785, 44, 44, 0, 271.35095769013947, 44
1, 1200676, 686146, 514530, 5146782.095923552, 74, 44, 30, 310.1972087668518, 45
51, 1200801, 686181, 514620, 5147137.666076041, 125, 35, 90, 355.57015248821097, 37
1, 1200871, 686221, 514650, 5147443.016836893, 70, 40, 30, 305.3507608519078, 41
1, 1200908, 686258, 514650, 5147702.049408349, 37, 37, 0, 259.03257145596604, 37
1, 1200951, 686301, 514650, 5147971.724368553, 43, 43, 0, 269.6749602031015, 43
51, 1201075, 686345, 514730, 5148327.423765101, 124, 44, 80, 355.6993965481514, 46
1, 1201112, 686382, 514730, 5148586.456336557, 37, 37, 0, 259.03257145596604, 37
1, 1201183, 686413, 514770, 5148892.034647375, 71, 31, 40, 305.57831081870995, 32
51, 1201275, 686455, 514820, 5149220.238748844, 92, 42, 50, 328.20410146824725, 43
1, 1201315, 686495, 514820, 5149484.72543478, 40, 40, 0, 264.4866859365871, 40
1, 1201385, 686535, 514850, 5149790.076195632, 70, 40, 30, 305.3507608519078, 41
51, 1201514, 686574, 514940, 5150149.089796123, 129, 39, 90, 359.01360049114555, 41
1, 1201585, 686615, 514970, 5150455.6681069415, 71, 41, 30, 306.57831081870995, 42
1, 1201617, 686647, 514970, 5150704.909529942, 32, 32, 0, 249.24142300054422, 32
1, 1201668, 686698, 514970, 5150987.34404172, 51, 51, 0, 282.43451177837886, 51
1, 1201746, 686736, 515010, 5151301.22682834, 78, 38, 40, 313.8827866200841, 39
51, 1201862, 686772, 515090, 5151649.808631832, 116, 36, 80, 348.5818034911291, 38
1, 1201898, 686808, 515090, 5151906.95760611, 36, 36, 0, 257.1489742783178, 36
1, 1201936, 686846, 515090, 5152167.839985729, 38, 38, 0, 260.88237961983884, 38
1, 1202007, 686877, 515130, 5152473.418296548, 71, 31, 40, 305.57831081870995, 32
51, 1202115, 686905, 515210, 5152814.589276095, 108, 28, 80, 341.1709795470626, 30
1, 1202158, 686948, 515210, 5153084.264236298, 43, 43, 0, 269.6749602031015, 43
1, 1202197, 686987, 515210, 5153346.964176242, 39, 39, 0, 262.6999399439383, 39
1, 1202245, 687035, 515210, 5153624.778978833, 48, 48, 0, 277.8148025904985, 48
51, 1202335, 687075, 515260, 5153950.886007657, 90, 40, 50, 326.1070288241023, 41
1, 1202447, 687117, 515330, 5154296.801319997, 112, 42, 70, 345.91531233955715, 44
1, 1202490, 687160, 515330, 5154566.4762802, 43, 43, 0, 269.6749602031015, 43
51, 1202589, 687209, 515380, 5154901.8104947535, 99, 49, 50, 335.33421455299043, 50
1, 1202623, 687243, 515380, 5155155.08413503, 34, 34, 0, 253.2736402766418, 34
1, 1202708, 687288, 515420, 5155476.821162702, 85, 45, 40, 321.73702767108114, 46
1, 1202776, 687326, 515450, 5155779.683333804, 68, 38, 30, 302.86217110259, 39
51, 1202853, 687353, 515500, 5156091.40899757, 77, 27, 50, 311.72566376652986, 28
1, 1202929, 687389, 515540, 5156402.968169943, 76, 36, 40, 311.5591723737189, 37
1, 1202972, 687432, 515540, 5156672.643130147, 43, 43, 0, 269.6749602031015, 43
1, 1203015, 687475, 515540, 5156942.31809035, 43, 43, 0, 269.6749602031015, 43
51, 1203106, 687516, 515590, 5157269.477152289, 91, 41, 50, 327.1590619387661, 42
1, 1203179, 687559, 515620, 5157578.478430858, 73, 43, 30, 309.00127856917646, 44
1, 1203251, 687591, 515660, 5157885.273493882, 72, 32, 40, 306.79506302439404, 33
1, 1203302, 687642, 515660, 5158167.70800566, 51, 51, 0, 282.43451177837886, 51
1, 1203374, 687684, 515690, 5158475.503068685, 72, 42, 30, 307.79506302439404, 43
51, 1203520, 687740, 515780, 5158848.509828883, 146, 56, 90, 373.006760198857, 58
1, 1203565, 687785, 515780, 5159121.511835295, 45, 45, 0, 273.00200641113514, 45
1, 1203644, 687824, 515820, 5159436.542585425, 79, 39, 40, 315.03075013013313, 40
51, 1203728, 687858, 515870, 5159756.182595829, 84, 34, 50, 319.64001040350905, 35
1, 1203790, 687890, 515900, 5160051.2892221585, 62, 32, 30, 295.1066263296683, 33
1, 1203832, 687932, 515900, 5160319.262211661, 42, 42, 0, 267.97298950218305, 42
1, 1203880, 687980, 515900, 5160597.077014252, 48, 48, 0, 277.8148025904985, 48
1, 1203954, 688014, 515940, 5160906.274223018, 74, 34, 40, 309.1972087668518, 35
51, 1204043, 688053, 515990, 5161231.322088582, 89, 39, 50, 325.0478655640733, 40
1, 1204116, 688096, 516020, 5161540.323367151, 73, 43, 30, 309.00127856917646, 44
1, 1204157, 688137, 516020, 5161806.567320595, 41, 41, 0, 266.24395344352433, 41
1, 1204197, 688177, 516020, 5162071.054006531, 40, 40, 0, 264.4866859365871, 40
51, 1204287, 688217, 516070, 5162397.161035355, 90, 40, 50, 326.1070288241023, 41
1, 1204360, 688250, 516110, 5162705.162313924, 73, 33, 40, 308.00127856917646, 34
1, 1204394, 688284, 516110, 5162958.435954201, 34, 34, 0, 253.2736402766418, 34
51, 1204518, 688328, 516190, 5163314.135350749, 124, 44, 80, 355.6993965481514, 46
1, 1204595, 688365, 516230, 5163626.861014515, 77, 37, 40, 312.72566376652986, 38
1, 1204632, 688402, 516230, 5163885.893585972, 37, 37, 0, 259.03257145596604, 37
1, 1204694, 688434, 516260, 5164181.0002123015, 62, 32, 30, 295.1066263296683, 33
51, 1204783, 688473, 516310, 5164506.0480778655, 89, 39, 50, 325.0478655640733, 40
1, 1204874, 688524, 516350, 5164834.207139804, 91, 51, 40, 328.1590619387661, 52
1, 1204915, 688565, 516350, 5165100.451093247, 41, 41, 0, 266.24395344352433, 41
1, 1204954, 688604, 516350, 5165363.151033191, 39, 39, 0, 262.6999399439383, 39
1, 1205058, 688638, 516420, 5165701.494719949, 104, 34, 70, 338.343686757474, 36
51, 1205152, 688682, 516470, 5166031.768445796, 94, 44, 50, 330.273725847777, 45
1, 1205186, 688716, 516470, 5166285.042086073, 34, 34, 0, 253.2736402766418, 34
1, 1205227, 688757, 516470, 5166551.286039516, 41, 41, 0, 266.24395344352433, 41
1, 1205265, 688795, 516470, 5166812.168419136, 38, 38, 0, 260.88237961983884, 38
1, 1205345, 688835, 516510, 5167128.33817538, 80, 40, 40, 316.1697562442441, 41
51, 1205468, 688878, 516590, 5167483.162746642, 123, 43, 80, 354.8245712617827, 45
1, 1205503, 688913, 516590, 5167738.392674551, 35, 35, 0, 255.22992790977875, 35
1, 1205543, 688953, 516590, 5168002.879360488, 40, 40, 0, 264.4866859365871, 40
1, 1205584, 688994, 516590, 5168269.123313931, 41, 41, 0, 266.24395344352433, 41
51, 1205712, 689042, 516670, 5168628.281880032, 128, 48, 80, 359.1585661014858, 50
1, 1205794, 689084, 516710, 5168946.703549876, 82, 42, 40, 318.42166984345636, 43
1, 1205828, 689118, 516710, 5169199.977190153, 34, 34, 0, 253.2736402766418, 34
1, 1205906, 689166, 516740, 5169514.859976773, 78, 48, 30, 314.8827866200841, 49
51, 1205992, 689202, 516790, 5169836.686141421, 86, 36, 50, 321.82616464756694, 37
1, 1206036, 689246, 516790, 5170108.037099111, 44, 44, 0, 271.35095769013947, 44
1, 1206119, 689289, 516830, 5170427.57204704, 83, 43, 40, 319.5349479292333, 44
1, 1206198, 689338, 516860, 5170743.60279717, 79, 49, 30, 316.03075013013313, 50
1, 1206238, 689378, 516860, 5171008.0894831065, 40, 40, 0, 264.4866859365871, 40
51, 1206327, 689417, 516910, 5171333.1373486705, 89, 39, 50, 325.0478655640733, 40
1, 1206360, 689450, 516910, 5171584.415521364, 33, 33, 0, 251.27817269284301, 33
1, 1206471, 689491, 516980, 5171929.402239405, 111, 41, 70, 344.9867180408456, 43
1, 1206504, 689524, 516980, 5172180.680412098, 33, 33, 0, 251.27817269284301, 33
51, 1206630, 689560, 517070, 5172537.1173079815, 126, 36, 90, 356.43689588345075, 38
1, 1206665, 689595, 517070, 5172792.347235891, 35, 35, 0, 255.22992790977875, 35
1, 1206710, 689640, 517070, 5173065.349242303, 45, 45, 0, 273.00200641113514, 45
1, 1206777, 689677, 517100, 5173366.94979756, 67, 37, 30, 301.6005552576305, 38
1, 1206819, 689719, 517100, 5173634.922787063, 42, 42, 0, 267.97298950218305, 42
51, 1206916, 689766, 517150, 5173968.251686335, 97, 47, 50, 333.3288992714996, 48
1, 1206987, 689797, 517190, 5174273.829997153, 71, 31, 40, 305.57831081870995, 32
1, 1207033, 689843, 517190, 5174548.459065867, 46, 46, 0, 274.6290687140218, 46
1, 1207118, 689888, 517230, 5174870.196093538, 85, 45, 40, 321.73702767108114, 46
51, 1207236, 689926, 517310, 5175220.583418706, 118, 38, 80, 350.3873251689181, 40
1, 1207273, 689963, 517310, 5175479.615990163, 37, 37, 0, 259.03257145596604, 37
1, 1207336, 689996, 517340, 5175776.047314889, 63, 33, 30, 296.43132472612575, 34
51, 1207469, 690039, 517430, 5176138.44358393, 133, 43, 90, 362.3962690412072, 45
1, 1207517, 690087, 517430, 5176416.258386521, 48, 48, 0, 277.8148025904985, 48
1, 1207564, 690134, 517430, 5176692.49143639, 47, 47, 0, 276.2330498695885, 47
1, 1207629, 690169, 517460, 5176991.532587834, 65, 35, 30, 299.04115144336777, 36
51, 1207728, 690218, 517510, 5177326.866802387, 99, 49, 50, 335.33421455299043, 50
1, 1207807, 690257, 517550, 5177641.897552517, 79, 39, 40, 315.03075013013313, 40
1, 1207840, 690290, 517550, 5177893.17572521, 33, 33, 0, 251.27817269284301, 33
1, 1207905, 690325, 517580, 5178192.216876654, 65, 35, 30, 299.04115144336777, 36
51, 1208037, 690367, 517670, 5178553.772999081, 132, 42, 90, 361.55612242701943, 44
1, 1208077, 690407, 517670, 5178818.259685017, 40, 40, 0, 264.4866859365871, 40
1, 1208146, 690446, 517700, 5179122.371826727, 69, 39, 30, 304.1121417102006, 40
1, 1208187, 690487, 517700, 5179388.61578017, 41, 41, 0, 266.24395344352433, 41
51, 1208306, 690516, 517790, 5179738.899175372, 119, 29, 90, 350.28339520229764, 31
1, 1208334, 690544, 517790, 5179979.531838751, 28, 28, 0, 240.63266337912057, 28
1, 1208374, 690584, 517790, 5180244.018524688, 40, 40, 0, 264.4866859365871, 40
1, 1208486, 690626, 517860, 5180589.933837027, 112, 42, 70, 345.91531233955715, 44
51, 1208574, 690664, 517910, 5180913.915268389, 88, 38, 50, 323.98143136087856, 39
1, 1208620, 690710, 517910, 5181188.544337102, 46, 46, 0, 274.6290687140218, 46
1, 1208697, 690757, 517940, 5181502.2700008685, 77, 47, 30, 313.72566376652986, 48
1, 1208738, 690798, 517940, 5181768.513954312, 41, 41, 0, 266.24395344352433, 41
51, 1208863, 690833, 518030, 5182124.0841068, 125, 35, 90, 355.57015248821097, 37
1, 1208899, 690869, 518030, 5182381.233081078, 36, 36, 0, 257.1489742783178, 36
1, 1208947, 690917, 518030, 5182659.047883669, 48, 48, 0, 277.8148025904985, 48
1, 1209056, 690956, 518100, 5183002.162515168, 109, 39, 70, 343.114631499574, 41
1, 1209101, 691001, 518100, 5183275.16452158, 45, 45, 0, 273.00200641113514, 45
51, 1209201, 691051, 518150, 5183611.492287597, 100, 50, 50, 336.327766016838, 51
1, 1209320, 691100, 518220, 5183963.775682799, 119, 49, 70, 352.28339520229764, 51
1, 1209353, 691133, 518220, 5184215.053855492, 33, 33, 0, 251.27817269284301, 33
1, 1209397, 691177, 518220, 5184486.404813182, 44, 44, 0, 271.35095769013947, 44
51, 1209491, 691221, 518270, 5184816.678539029, 94, 44, 50, 330.273725847777, 45
1, 1209524, 691254, 518270, 5185067.956711723, 33, 33, 0, 251.27817269284301, 33
1, 1209609, 691299, 518310, 5185389.693739394, 85, 45, 40, 321.73702767108114, 46
1, 1209673, 691333, 518340, 5185687.436451868, 64, 34, 30, 297.742712474619, 35
51, 1209756, 691366, 518390, 5186005.971399797, 83, 33, 50, 318.5349479292333, 34
1, 1209794, 691404, 518390, 5186266.8537794165, 38, 38, 0, 260.88237961983884, 38
1, 1209831, 691441, 518390, 5186525.886350873, 37, 37, 0, 259.03257145596604, 37
1, 1209909, 691479, 518430, 5186839.769137493, 78, 38, 40, 313.8827866200841, 39
1, 1209983, 691523, 518460, 5187149.96634626, 74, 44, 30, 310.1972087668518, 45
51, 1210084, 691574, 518510, 5187487.281734233, 101, 51, 50, 337.31538797227006, 52
1, 1210170, 691620, 518550, 5187810.107898881, 86, 46, 40, 322.82616464756694, 47
1, 1210209, 691659, 518550, 5188072.807838825, 39, 39, 0, 262.6999399439383, 39
1, 1210250, 691700, 518550, 5188339.051792268, 41, 41, 0, 266.24395344352433, 41
51, 1210342, 691742, 518600, 5188667.255893736, 92, 42, 50, 328.20410146824725, 43
1, 1210450, 691780, 518670, 5189009.426873283, 108, 38, 70, 342.1709795470626, 40
1, 1210495, 691825, 518670, 5189282.428879695, 45, 45, 0, 273.00200641113514, 45
51, 1210629, 691879, 518750, 5189646.6616956135, 134, 54, 80, 364.23281591860336, 56
1, 1210667, 691917, 518750, 5189907.544075233, 38, 38, 0, 260.88237961983884, 38
1, 1210698, 691948, 518750, 5190154.70518141, 31, 31, 0, 247.1611061770567, 31
1, 1210774, 691984, 518790, 5190466.264353783, 76, 36, 40, 311.5591723737189, 37
51, 1210872, 692032, 518840, 5190800.598982148, 98, 48, 50, 334.33462836457886, 49
1, 1210909, 692069, 518840, 5191059.631553604, 37, 37, 0, 259.03257145596604, 37
1, 1211016, 692106, 518910, 5191400.853698874, 107, 37, 70, 341.2221452697031, 39
1, 1211075, 692165, 518910, 5191694.802499121, 59, 59, 0, 293.94880024760363, 59
51, 1211176, 692216, 518960, 5192032.117887094, 101, 51, 50, 337.31538797227006, 52
1, 1211248, 692258, 518990, 5192339.912950118, 72, 42, 30, 307.79506302439404, 43
1, 1211281, 692291, 518990, 5192591.191122811, 33, 33, 0, 251.27817269284301, 33
1, 1211352, 692322, 519030, 5192896.76943363, 71, 31, 40, 305.57831081870995, 32
1, 1211393, 692363, 519030, 5193163.013387073, 41, 41, 0, 266.24395344352433, 41
51, 1211511, 692401, 519110, 5193513.400712241, 118, 38, 80, 350.3873251689181, 40
1, 1211545, 692435, 519110, 5193766.674352518, 34, 34, 0, 253.2736402766418, 34
1, 1211609, 692469, 519140, 5194064.417064993, 64, 34, 30, 297.742712474619, 35
1, 1211645, 692505, 519140, 5194321.566039271, 36, 36, 0, 257.1489742783178, 36
1, 1211758, 692548, 519210, 5194668.40508314, 113, 43, 70, 346.83904386951343, 45
51, 1211839, 692579, 519260, 5194984.70508314, 81, 31, 50, 316.3, 32
1, 1211882, 692622, 519260, 5195254.380043344, 43, 43, 0, 269.6749602031015, 43
1, 1211923, 692663, 519260, 5195520.623996787, 41, 41, 0, 266.24395344352433, 41
1, 1212031, 692701, 519330, 5195862.794976334, 108, 38, 70, 342.1709795470626, 40
51, 1212114, 692734, 519380, 5196181.329924263, 83, 33, 50, 318.5349479292333, 34
1, 1212149, 692769, 519380, 5196436.559852173, 35, 35, 0, 255.22992790977875, 35
1, 1212196, 692816, 519380, 5196712.792902042, 47, 47, 0, 276.2330498695885, 47
51, 1212274, 692844, 519430, 5197025.675688663, 78, 28, 50, 312.8827866200841, 29
1, 1212348, 692888, 519460, 5197335.872897429, 74, 44, 30, 310.1972087668518, 45
1, 1212423, 692923, 519500, 5197646.255993067, 75, 35, 40, 310.38309563827124, 36
1, 1212460, 692960, 519500, 5197905.288564524, 37, 37, 0, 259.03257145596604, 37
51, 1212548, 692998, 519550, 5198229.269995885, 88, 38, 50, 323.98143136087856, 39
1, 1212619, 693039, 519580, 5198535.848306703, 71, 41, 30, 306.57831081870995, 42
1, 1212692, 693072, 519620, 5198843.849585272, 73, 33, 40, 308.00127856917646, 34
1, 1212757, 693107, 519650, 5199142.890736716, 65, 35, 30, 299.04115144336777, 36
1, 1212796, 693146, 519650, 5199405.59067666, 39, 39, 0, 262.6999399439383, 39
51, 1212897, 693197, 519700, 5199742.906064632, 101, 51, 50, 337.31538797227006, 52
1, 1212965, 693235, 519730, 5200045.768235735, 68, 38, 30, 302.86217110259, 39
1, 1213049, 693279, 519770, 5200366.408246138, 84, 44, 40, 320.64001040350905, 45
51, 1213132, 693312, 519820, 5200684.943194067, 83, 33, 50, 318.5349479292333, 34
1, 1213242, 693352, 519890, 5201028.9963781135, 110, 40, 70, 344.0531840464366, 42
1, 1213284, 693394, 519890, 5201296.969367616, 42, 42, 0, 267.97298950218305, 42
1, 1213328, 693438, 519890, 5201568.320325306, 44, 44, 0, 271.35095769013947, 44
1, 1213406, 693476, 519930, 5201882.203111926, 78, 38, 40, 313.8827866200841, 39
51, 1213520, 693510, 520010, 5202228.961099618, 114, 34, 80, 346.75798769167545, 36
1, 1213571, 693561, 520010, 5202511.395611396, 51, 51, 0, 282.43451177837886, 51
1, 1213608, 693598, 520010, 5202770.428182852, 37, 37, 0, 259.03257145596604, 37
1, 1213645, 693635, 520010, 5203029.460754309, 37, 37, 0, 259.03257145596604, 37
51, 1213776, 693676, 520100, 5203390.173082524, 131, 41, 90, 360.7123282155055, 43
1, 1213809, 693709, 520100, 5203641.451255217, 33, 33, 0, 251.27817269284301, 33
1, 1213880, 693750, 520130, 5203948.029566036, 71, 41, 30, 306.57831081870995, 42
1, 1213915, 693785, 520130, 5204203.259493945, 35, 35, 0, 255.22992790977875, 35
51, 1214002, 693822, 520180, 5204526.167074943, 87, 37, 50, 322.9075809977351, 38
1, 1214086, 693866, 520220, 5204846.807085346, 84, 44, 40, 320.64001040350905, 45
1, 1214144, 693894, 520250, 5205136.473987454, 58, 28, 30, 289.66690210718946, 29
1, 1214187, 693937, 520250, 5205406.148947657, 43, 43, 0, 269.6749602031015, 43
51, 1214288, 693988, 520300, 5205743.46433563, 101, 51, 50, 337.31538797227006, 52
1, 1214357, 694027, 520330, 5206047.5764773395, 69, 39, 30, 304.1121417102006, 40
1, 1214444, 694074, 520370, 5206371.484058337, 87, 47, 40, 323.9075809977351, 48
1, 1214483, 694113, 520370, 5206634.183998281, 39, 39, 0, 262.6999399439383, 39
51, 1214571, 694151, 520420, 5206958.165429642, 88, 38, 50, 323.98143136087856, 39
1, 1214617, 694197, 520420, 5207232.794498356, 46, 46, 0, 274.6290687140218, 46
1, 1214680, 694230, 520450, 5207529.225823082, 63, 33, 30, 296.43132472612575, 34
51, 1214820, 694280, 520540, 5207897.404885907, 140, 50, 90, 368.1790628250393, 52
1, 1214884, 694314, 520570, 5208195.147598381, 64, 34, 30, 297.742712474619, 35
1, 1214924, 694354, 520570, 5208459.6342843175, 40, 40, 0, 264.4866859365871, 40
1, 1215044, 694404, 520640, 5208812.809376283, 120, 50, 70, 353.1750919646873, 52
1, 1215095, 694455, 520640, 5209095.243888061, 51, 51, 0, 282.43451177837886, 51
51, 1215221, 694501, 520720, 5209452.680783944, 126, 46, 80, 357.43689588345075, 48
1, 1215301, 694541, 520760, 5209768.850540188, 80, 40, 40, 316.1697562442441, 41
1, 1215379, 694589, 520790, 5210083.733326809, 78, 48, 30, 314.8827866200841, 49
1, 1215432, 694642, 520790, 5210369.15011445, 53, 53, 0, 285.4167876408086, 53
51, 1215596, 694686, 520910, 5210753.108305286, 164, 44, 120, 383.9581908363381, 47
1, 1215638, 694728, 520910, 5211021.081294788, 42, 42, 0, 267.97298950218305, 42
1, 1215672, 694762, 520910, 5211274.354935065, 34, 34, 0, 253.2736402766418, 34
1, 1215744, 694804, 520940, 5211582.149998089, 72, 42, 30, 307.79506302439404, 43
51, 1215868, 694838, 521030, 5211936.849394637, 124, 34, 90, 354.6993965481514, 36
1, 1215907, 694877, 521030, 5212199.549334581, 39, 39, 0, 262.6999399439383, 39
1, 1215941, 694911, 521030, 5212452.822974858, 34, 34, 0, 253.2736402766418, 34
1, 1216029, 694959, 521070, 5212777.804406219, 88, 48, 40, 324.98143136087856, 49
1, 1216074, 695004, 521070, 5213050.806412631, 45, 45, 0, 273.00200641113514, 45
51, 1216237, 695047, 521190, 5213434.017836109, 163, 43, 120, 383.21142347822723, 46
1, 1216274, 695084, 521190, 5213693.050407565, 37, 37, 0, 259.03257145596604, 37
1, 1216311, 695121, 521190, 5213952.082979022, 37, 37, 0, 259.03257145596604, 37
51, 1216392, 695152, 521240, 5214268.382979021, 81, 31, 50, 316.3, 32
1, 1216428, 695188, 521240, 5214525.531953299, 36, 36, 0, 257.1489742783178, 36
1, 1216499, 695229, 521270, 5214832.110264118, 71, 41, 30, 306.57831081870995, 42
51, 1216634, 695274, 521360, 5215196.176074058, 135, 45, 90, 364.06580994024984, 47
1, 1216688, 695328, 521360, 5215483.056675141, 54, 54, 0, 286.88060108295343, 54
1, 1216725, 695365, 521360, 5215742.089246597, 37, 37, 0, 259.03257145596604, 37
51, 1216808, 695398, 521410, 5216060.624194526, 83, 33, 50, 318.5349479292333, 34
1, 1216874, 695434, 521440, 5216360.951182803, 66, 36, 30, 300.32698827717985, 37
1, 1216948, 695468, 521480, 5216670.14839157, 74, 34, 40, 309.1972087668518, 35
51, 1217039, 695509, 521530, 5216997.3074535085, 91, 41, 50, 327.1590619387661, 42
1, 1217074, 695544, 521530, 5217252.537381418, 35, 35, 0, 255.22992790977875, 35
1, 1217123, 695593, 521530, 5217531.912512524, 49, 49, 0, 279.3751311064591, 49
51, 1217288, 695638, 521650, 5217916.614975946, 165, 45, 120, 384.7024634215721, 48
1, 1217326, 695676, 521650, 5218177.497355565, 38, 38, 0, 260.88237961983884, 38
1, 1217376, 695726, 521650, 5218458.412150413, 50, 50, 0, 280.9147948472494, 50
1, 1217422, 695772, 521650, 5218733.041219126, 46, 46, 0, 274.6290687140218, 46
51, 1217556, 695816, 521740, 5219096.274035045, 134, 44, 90, 363.23281591860336, 46
1, 1217633, 695863, 521770, 5219409.999698811, 77, 47, 30, 313.72566376652986, 48
1, 1217677, 695907, 521770, 5219681.350656501, 44, 44, 0, 271.35095769013947, 44
1, 1217762, 695952, 521810, 5220003.087684172, 85, 45, 40, 321.73702767108114, 46
51, 1217848, 695988, 521860, 5220324.91384882, 86, 36, 50, 321.82616464756694, 37
1, 1217936, 696036, 521900, 5220649.895280181, 88, 48, 40, 324.98143136087856, 49
1, 1218025, 696095, 521930, 5220976.943145745, 89, 59, 30, 327.0478655640733, 60
1, 1218104, 696134, 521970, 5221291.973895876, 79, 39, 40, 315.03075013013313, 40
51, 1218199, 696179, 522020, 5221623.272460011, 95, 45, 50, 331.2985641352145, 46
1, 1218243, 696223, 522020, 5221894.623417701, 44, 44, 0, 271.35095769013947, 44
1, 1218306, 696256, 522050, 5222191.054742427, 63, 33, 30, 296.43132472612575, 34
1, 1218353, 696303, 522050, 5222467.287792296, 47, 47, 0, 276.2330498695885, 47
51, 1218443, 696343, 522100, 5222793.39482112, 90, 40, 50, 326.1070288241023, 41
1, 1218520, 696380, 522140, 5223106.120484887, 77, 37, 40, 312.72566376652986, 38
1, 1218602, 696432, 522170, 5223425.54215473, 82, 52, 30, 319.42166984345636, 53
51, 1218692, 696472, 522220, 5223751.649183555, 90, 40, 50, 326.1070288241023, 41
1, 1218779, 696519, 522260, 5224075.556764552, 87, 47, 40, 323.9075809977351, 48
1, 1218816, 696556, 522260, 5224334.589336009, 37, 37, 0, 259.03257145596604, 37
1, 1218889, 696599, 522290, 5224643.590614578, 73, 43, 30, 309.00127856917646, 44
51, 1219023, 696643, 522380, 5225006.823430496, 134, 44, 90, 363.23281591860336, 46
1, 1219073, 696693, 522380, 5225287.738225344, 50, 50, 0, 280.9147948472494, 50
1, 1219100, 696720, 522380, 5225526.088931039, 27, 27, 0, 238.35070569547776, 27
51, 1219185, 696755, 522430, 5225846.82595871, 85, 35, 50, 320.73702767108114, 36
1, 1219231, 696801, 522430, 5226121.455027424, 46, 46, 0, 274.6290687140218, 46
1, 1219341, 696841, 522500, 5226465.50821147, 110, 40, 70, 344.0531840464366, 42
1, 1219372, 696872, 522500, 5226712.669317647, 31, 31, 0, 247.1611061770567, 31
51, 1219465, 696915, 522550, 5227041.911597554, 93, 43, 50, 329.24227990714814, 44
1, 1219543, 696953, 522590, 5227355.794384174, 78, 38, 40, 313.8827866200841, 39
1, 1219582, 696992, 522590, 5227618.494324118, 39, 39, 0, 262.6999399439383, 39
51, 1219704, 697034, 522670, 5227972.439942672, 122, 42, 80, 353.9456185537469, 44
1, 1219753, 697083, 522670, 5228251.815073778, 49, 49, 0, 279.3751311064591, 49
1, 1219827, 697127, 522700, 5228562.012282545, 74, 44, 30, 310.1972087668518, 45
51, 1219912, 697162, 522750, 5228882.749310216, 85, 35, 50, 320.73702767108114, 36
1, 1219995, 697205, 522790, 5229202.284258145, 83, 43, 40, 319.5349479292333, 44
1, 1220036, 697246, 522790, 5229468.528211588, 41, 41, 0, 266.24395344352433, 41
1, 1220070, 697280, 522790, 5229721.801851865, 34, 34, 0, 253.2736402766418, 34
1, 1220133, 697313, 522820, 5230018.233176591, 63, 33, 30, 296.43132472612575, 34
51, 1220254, 697344, 522910, 5230370.295655627, 121, 31, 90, 352.06247903554, 33
1, 1220292, 697382, 522910, 5230631.178035246, 38, 38, 0, 260.88237961983884, 38
1, 1220367, 697417, 522950, 5230941.561130884, 75, 35, 40, 310.38309563827124, 36
1, 1220402, 697452, 522950, 5231196.791058794, 35, 35, 0, 255.22992790977875, 35
1, 1220477, 697497, 522980, 5231508.174154432, 75, 45, 30, 311.38309563827124, 46
51, 1220570, 697540, 523030, 5231837.416434338, 93, 43, 50, 329.24227990714814, 44
1, 1220679, 697579, 523100, 5232180.5310658375, 109, 39, 70, 343.114631499574, 41
1, 1220718, 697618, 523100, 5232443.231005781, 39, 39, 0, 262.6999399439383, 39
1, 1220760, 697660, 523100, 5232711.203995284, 42, 42, 0, 267.97298950218305, 42
51, 1220851, 697701, 523150, 5233038.363057222, 91, 41, 50, 327.1590619387661, 42
1, 1220895, 697745, 523150, 5233309.714014912, 44, 44, 0, 271.35095769013947, 44
1, 1221010, 697790, 523220, 5233658.386231974, 115, 45, 70, 348.6722170622053, 47
1, 1221043, 697823, 523220, 5233909.664404667, 33, 33, 0, 251.27817269284301, 33
51, 1221131, 697861, 523270, 5234233.645836028, 88, 38, 50, 323.98143136087856, 39
1, 1221206, 697896, 523310, 5234544.028931666, 75, 35, 40, 310.38309563827124, 36
1, 1221288, 697948, 523340, 5234863.45060151, 82, 52, 30, 319.42166984345636, 53
51, 1221376, 697986, 523390, 5235187.432032871, 88, 38, 50, 323.98143136087856, 39
1, 1221411, 698021, 523390, 5235442.661960781, 35, 35, 0, 255.22992790977875, 35
1, 1221496, 698066, 523430, 5235764.398988452, 85, 45, 40, 321.73702767108114, 46
1, 1221555, 698095, 523460, 5236055.4477886995, 59, 29, 30, 291.0488002476036, 30
51, 1221642, 698132, 523510, 5236378.355369697, 87, 37, 50, 322.9075809977351, 38
1, 1221721, 698171, 523550, 5236693.386119828, 79, 39, 40, 315.03075013013313, 40
1, 1221765, 698215, 523550, 5236964.737077517, 44, 44, 0, 271.35095769013947, 44
1, 1221801, 698251, 523550, 5237221.886051795, 36, 36, 0, 257.1489742783178, 36
51, 1221929, 698289, 523640, 5237580.044617897, 128, 38, 90, 358.1585661014858, 40
1, 1222006, 698336, 523670, 5237893.770281663, 77, 47, 30, 313.72566376652986, 48
1, 1222046, 698376, 523670, 5238158.2569675995, 40, 40, 0, 264.4866859365871, 40
1, 1222131, 698421, 523710, 5238479.993995271, 85, 45, 40, 321.73702767108114, 46
51, 1222220, 698460, 523760, 5238805.041860835, 89, 39, 50, 325.0478655640733, 40
1, 1222330, 698500, 523830, 5239149.095044881, 110, 40, 70, 344.0531840464366, 42
1, 1222383, 698553, 523830, 5239434.511832522, 53, 53, 0, 285.4167876408086, 53
1, 1222412, 698582, 523830, 5239677.371411233, 29, 29, 0, 242.8595787106084, 29
1, 1222479, 698619, 523860, 5239978.971966491, 67, 37, 30, 301.6005552576305, 38
51, 1222564, 698654, 523910, 5240299.708994162, 85, 35, 50, 320.73702767108114, 36
1, 1222643, 698693, 523950, 5240614.739744293, 79, 39, 40, 315.03075013013313, 40
1, 1222685, 698735, 523950, 5240882.712733795, 42, 42, 0, 267.97298950218305, 42
1, 1222757, 698777, 523980, 5241190.507796819, 72, 42, 30, 307.79506302439404, 43
51, 1222888, 698818, 524070, 5241551.220125034, 131, 41, 90, 360.7123282155055, 43
1, 1222927, 698857, 524070, 5241813.920064978, 39, 39, 0, 262.6999399439383, 39
1, 1222990, 698890, 524100, 5242110.351389704, 63, 33, 30, 296.43132472612575, 34
51, 1223083, 698933, 524150, 5242439.593669611, 93, 43, 50, 329.24227990714814, 44
1, 1223168, 698978, 524190, 5242761.330697282, 85, 45, 40, 321.73702767108114, 46
1, 1223213, 699023, 524190, 5243034.332703694, 45, 45, 0, 273.00200641113514, 45
1, 1223253, 699063, 524190, 5243298.81938963, 40, 40, 0, 264.4866859365871, 40
1, 1223365, 699105, 524260, 5243644.73470197, 112, 42, 70, 345.91531233955715, 44
51, 1223442, 699132, 524310, 5243956.460365736, 77, 27, 50, 311.72566376652986, 28
1, 1223486, 699176, 524310, 5244227.811323426, 44, 44, 0, 271.35095769013947, 44
1, 1223562, 699212, 524350, 5244539.370495799, 76, 36, 40, 311.5591723737189, 37
1, 1223604, 699254, 524350, 5244807.343485301, 42, 42, 0, 267.97298950218305, 42
1, 1223642, 699292, 524350, 5245068.225864921, 38, 38, 0, 260.88237961983884, 38
51, 1223778, 699348, 524430, 5245434.121161955, 136, 56, 80, 365.89529703482884, 58
1, 1223863, 699393, 524470, 5245755.858189627, 85, 45, 40, 321.73702767108114, 46
1, 1223905, 699435, 524470, 5246023.831179129, 42, 42, 0, 267.97298950218305, 42
51, 1224073, 699483, 524590, 5246410.751753497, 168, 48, 120, 386.9205743678508, 51
1, 1224114, 699524, 524590, 5246676.99570694, 41, 41, 0, 266.24395344352433, 41
1, 1224181, 699561, 524620, 5246978.596262198, 67, 37, 30, 301.6005552576305, 38
1, 1224219, 699599, 524620, 5247239.478641817, 38, 38, 0, 260.88237961983884, 38
51, 1224308, 699638, 524670, 5247564.526507381, 89, 39, 50, 325.0478655640733, 40
1, 1224384, 699674, 524710, 5247876.085679755, 76, 36, 40, 311.5591723737189, 37
1, 1224424, 699714, 524710, 5248140.572365691, 40, 40, 0, 264.4866859365871, 40
1, 1224458, 699748, 524710, 5248393.846005968, 34, 34, 0, 253.2736402766418, 34
51, 1224581, 699791, 524790, 5248748.67057723, 123, 43, 80, 354.8245712617827, 45
1, 1224618, 699828, 524790, 5249007.703148686, 37, 37, 0, 259.03257145596604, 37
1, 1224696, 699866, 524830, 5249321.585935307, 78, 38, 40, 313.8827866200841, 39
1, 1224736, 699906, 524830, 5249586.072621243, 40, 40, 0, 264.4866859365871, 40
51, 1224827, 699947, 524880, 5249913.231683182, 91, 41, 50, 327.1590619387661, 42
1, 1224864, 699984, 524880, 5250172.264254638, 37, 37, 0, 259.03257145596604, 37
1, 1224976, 700026, 524950, 5250518.179566978, 112, 42, 70, 345.91531233955715, 44
1, 1225010, 700060, 524950, 5250771.453207254, 34, 34, 0, 253.2736402766418, 34
51, 1225101, 700101, 525000, 5251098.612269193, 91, 41, 50, 327.1590619387661, 42
1, 1225142, 700142, 525000, 5251364.856222636, 41, 41, 0, 266.24395344352433, 41
1, 1225176, 700176, 525000, 5251618.129862913, 34, 34, 0, 253.2736402766418, 34
51, 1225296, 700206, 525090, 5251969.304954878, 120, 30, 90, 351.1750919646873, 32
1, 1225365, 700245, 525120, 5252273.417096588, 69, 39, 30, 304.1121417102006, 40
1, 1225404, 700284, 525120, 5252536.117036532, 39, 39, 0, 262.6999399439383, 39
1, 1225452, 700332, 525120, 5252813.931839122, 48, 48, 0, 277.8148025904985, 48
51, 1225577, 700367, 525210, 5253169.501991611, 125, 35, 90, 355.57015248821097, 37
1, 1225611, 700401, 525210, 5253422.775631888, 34, 34, 0, 253.2736402766418, 34
1, 1225644, 700434, 525210, 5253674.053804581, 33, 33, 0, 251.27817269284301, 33
51, 1225773, 700483, 525290, 5254034.067405072, 129, 49, 80, 360.01360049114555, 51
1, 1225804, 700514, 525290, 5254281.228511249, 31, 31, 0, 247.1611061770567, 31
1, 1225840, 700550, 525290, 5254538.377485527, 36, 36, 0, 257.1489742783178, 36
1, 1225923, 700593, 525330, 5254857.912433456, 83, 43, 40, 319.5349479292333, 44
51, 1226008, 700628, 525380, 5255178.649461127, 85, 35, 50, 320.73702767108114, 36
1, 1226080, 700670, 525410, 5255486.444524151, 72, 42, 30, 307.79506302439404, 43
1, 1226125, 700715, 525410, 5255759.446530563, 45, 45, 0, 273.00200641113514, 45
1, 1226193, 700753, 525440, 5256062.308701665, 68, 38, 30, 302.86217110259, 39
51, 1226317, 700787, 525530, 5256417.008098213, 124, 34, 90, 354.6993965481514, 36
1, 1226354, 700824, 525530, 5256676.040669669, 37, 37, 0, 259.03257145596604, 37
1, 1226392, 700862, 525530, 5256936.923049289, 38, 38, 0, 260.88237961983884, 38
51, 1226493, 700913, 525580, 5257274.238437261, 101, 51, 50, 337.31538797227006, 52
1, 1226532, 700952, 525580, 5257536.938377205, 39, 39, 0, 262.6999399439383, 39
1, 1226642, 700992, 525650, 5257880.991561252, 110, 40, 70, 344.0531840464366, 42
1, 1226690, 701040, 525650, 5258158.806363842, 48, 48, 0, 277.8148025904985, 48
1, 1226757, 701077, 525680, 5258460.4069191, 67, 37, 30, 301.6005552576305, 38
51, 1226887, 701117, 525770, 5258820.271756639, 130, 40, 90, 359.86483753851803, 42
1, 1226922, 701152, 525770, 5259075.501684548, 35, 35, 0, 255.22992790977875, 35
1, 1227001, 701191, 525810, 5259390.532434679, 79, 39, 40, 315.03075013013313, 40
1, 1227074, 701234, 525840, 5259699.533713248, 73, 43, 30, 309.00127856917646, 44
51, 1227161, 701271, 525890, 5260022.441294245, 87, 37, 50, 322.9075809977351, 38
1, 1227203, 701313, 525890, 5260290.414283748, 42, 42, 0, 267.97298950218305, 42
1, 1227236, 701346, 525890, 5260541.692456441, 33, 33, 0, 251.27817269284301, 33
1, 1227349, 701389, 525960, 5260888.531500311, 113, 43, 70, 346.83904386951343, 45
51, 1227441, 701431, 526010, 5261216.735601779, 92, 42, 50, 328.20410146824725, 43
1, 1227482, 701472, 526010, 5261482.979555222, 41, 41, 0, 266.24395344352433, 41
1, 1227517, 701507, 526010, 5261738.209483132, 35, 35, 0, 255.22992790977875, 35
51, 1227655, 701555, 526100, 5262104.7534126835, 138, 48, 90, 366.54392955194305, 50
1, 1227697, 701597, 526100, 5262372.726402186, 42, 42, 0, 267.97298950218305, 42
1, 1227772, 701642, 526130, 5262684.109497824, 75, 45, 30, 311.38309563827124, 46
1, 1227850, 701680, 526170, 5262997.992284444, 78, 38, 40, 313.8827866200841, 39
1, 1227892, 701722, 526170, 5263265.9652739465, 42, 42, 0, 267.97298950218305, 42
51, 1227979, 701759, 526220, 5263588.872854944, 87, 37, 50, 322.9075809977351, 38
1, 1228050, 701800, 526250, 5263895.451165763, 71, 41, 30, 306.57831081870995, 42
1, 1228099, 701849, 526250, 5264174.826296869, 49, 49, 0, 279.3751311064591, 49
1, 1228154, 701874, 526280, 5264460.253278402, 55, 25, 30, 285.42698153315007, 26
51, 1228281, 701911, 526370, 5264817.552960701, 127, 37, 90, 357.2996822992933, 39
1, 1228358, 701958, 526400, 5265131.278624468, 77, 47, 30, 313.72566376652986, 48
1, 1228393, 701993, 526400, 5265386.508552377, 35, 35, 0, 255.22992790977875, 35
1, 1228481, 702041, 526440, 5265711.489983738, 88, 48, 40, 324.98143136087856, 49
1, 1228525, 702085, 526440, 5265982.840941428, 44, 44, 0, 271.35095769013947, 44
51, 1228617, 702127, 526490, 5266311.045042897, 92, 42, 50, 328.20410146824725, 43
1, 1228687, 702167, 526520, 5266616.395803749, 70, 40, 30, 305.3507608519078, 41
1, 1228765, 702205, 526560, 5266930.278590369, 78, 38, 40, 313.8827866200841, 39
51, 1228856, 702246, 526610, 5267257.437652308, 91, 41, 50, 327.1590619387661, 42
1, 1228924, 702284, 526640, 5267560.29982341, 68, 38, 30, 302.86217110259, 39
1, 1229006, 702326, 526680, 5267878.7214932535, 82, 42, 40, 318.42166984345636, 43
51, 1229094, 702364, 526730, 5268202.702924615, 88, 38, 50, 323.98143136087856, 39
1, 1229138, 702408, 526730, 5268474.053882305, 44, 44, 0, 271.35095769013947, 44
1, 1229171, 702441, 526730, 5268725.332054998, 33, 33, 0, 251.27817269284301, 33
51, 1229266, 702486, 526780, 5269056.630619133, 95, 45, 50, 331.2985641352145, 46
1, 1229373, 702523, 526850, 5269397.8527644025, 107, 37, 70, 341.2221452697031, 39
1, 1229420, 702570, 526850, 5269674.085814272, 47, 47, 0, 276.2330498695885, 47
51, 1229508, 702608, 526900, 5269998.067245633, 88, 38, 50, 323.98143136087856, 39
1, 1229547, 702647, 526900, 5270260.767185577, 39, 39, 0, 262.6999399439383, 39
1, 1229620, 702690, 526930, 5270569.768464146, 73, 43, 30, 309.00127856917646, 44
1, 1229700, 702730, 526970, 5270885.93822039, 80, 40, 40, 316.1697562442441, 41
51, 1229834, 702784, 527050, 5271250.171036309, 134, 54, 80, 364.23281591860336, 56
1, 1229875, 702825, 527050, 5271516.414989752, 41, 41, 0, 266.24395344352433, 41
1, 1229921, 702871, 527050, 5271791.044058465, 46, 46, 0, 274.6290687140218, 46
51, 1230014, 702914, 527100, 5272120.286338372, 93, 43, 50, 329.24227990714814, 44
1, 1230062, 702962, 527100, 5272398.101140963, 48, 48, 0, 277.8148025904985, 48
1, 1230174, 703004, 527170, 5272744.016453302, 112, 42, 70, 345.91531233955715, 44
1, 1230216, 703046, 527170, 5273011.989442805, 42, 42, 0, 267.97298950218305, 42
1, 1230258, 703088, 527170, 5273279.962432307, 42, 42, 0, 267.97298950218305, 42
51, 1230374, 703124, 527250, 5273628.5442357985, 116, 36, 80, 348.5818034911291, 38
1, 1230425, 703175, 527250, 5273910.9787475765, 51, 51, 0, 282.43451177837886, 51
1, 1230489, 703209, 527280, 5274208.721460051, 64, 34, 30, 297.742712474619, 35
1, 1230570, 703250, 527320, 5274526.021460051, 81, 41, 40, 317.3, 42
51, 1230658, 703288, 527370, 5274850.002891412, 88, 38, 50, 323.98143136087856, 39
1, 1230696, 703326, 527370, 5275110.885271031, 38, 38, 0, 260.88237961983884, 38
1, 1230761, 703361, 527400, 5275409.926422475, 65, 35, 30, 299.04115144336777, 36
51, 1230901, 703411, 527490, 5275778.1054853, 140, 50, 90, 368.1790628250393, 52
1, 1230932, 703442, 527490, 5276025.266591476, 31, 31, 0, 247.1611061770567, 31
1, 1230965, 703475, 527490, 5276276.5447641695, 33, 33, 0, 251.27817269284301, 33
1, 1231038, 703508, 527530, 5276584.5460427385, 73, 33, 40, 308.00127856917646, 34
1, 1231112, 703552, 527560, 5276894.743251505, 74, 44, 30, 310.1972087668518, 45
51, 1231212, 703602, 527610, 5277231.071017522, 100, 50, 50, 336.327766016838, 51
1, 1231243, 703633, 527610, 5277478.232123699, 31, 31, 0, 247.1611061770567, 31
1, 1231299, 703689, 527610, 5277767.988603673, 56, 56, 0, 289.7564799734761, 56
1, 1231383, 703733, 527650, 5278088.628614076, 84, 44, 40, 320.64001040350905, 45
51, 1231502, 703772, 527730, 5278439.912009278, 119, 39, 80, 351.28339520229764, 41
1, 1231540, 703810, 527730, 5278700.794388898, 38, 38, 0, 260.88237961983884, 38
1, 1231613, 703853, 527760, 5279009.795667467, 73, 43, 30, 309.00127856917646, 44
1, 1231700, 703900, 527800, 5279333.7032484645, 87, 47, 40, 323.9075809977351, 48
51, 1231787, 703937, 527850, 5279656.610829462, 87, 37, 50, 322.9075809977351, 38
1, 1231835, 703985, 527850, 5279934.425632053, 48, 48, 0, 277.8148025904985, 48
1, 1231905, 704015, 527890, 5280238.776392905, 70, 30, 40, 304.3507608519078, 31
51, 1231991, 704051, 527940, 5280560.602557553, 86, 36, 50, 321.82616464756694, 37
1, 1232058, 704088, 527970, 5280862.203112811, 67, 37, 30, 301.6005552576305, 38
1, 1232150, 704140, 528010, 5281191.407214279, 92, 52, 40, 329.20410146824725, 53
1, 1232189, 704179, 528010, 5281454.107154223, 39, 39, 0, 262.6999399439383, 39
51, 1232309, 704219, 528090, 5281806.282246188, 120, 40, 80, 352.1750919646873, 42
1, 1232399, 704269, 528130, 5282133.389275013, 90, 50, 40, 327.1070288241023, 51
1, 1232437, 704307, 528130, 5282394.271654632, 38, 38, 0, 260.88237961983884, 38
1, 1232483, 704353, 528130, 5282668.900723346, 46, 46, 0, 274.6290687140218, 46
51, 1232589, 704409, 528180, 5283011.068766955, 106, 56, 50, 342.16804360962783, 57
1, 1232634, 704454, 528180, 5283284.070773367, 45, 45, 0, 273.00200641113514, 45
1, 1232745, 704495, 528250, 5283629.057491408, 111, 41, 70, 344.9867180408456, 43
51, 1232837, 704537, 528300, 5283957.261592876, 92, 42, 50, 328.20410146824725, 43
1, 1232877, 704577, 528300, 5284221.7482788125, 40, 40, 0, 264.4866859365871, 40
1, 1232951, 704621, 528330, 5284531.945487579, 74, 44, 30, 310.1972087668518, 45
51, 1233072, 704652, 528420, 5284884.007966615, 121, 31, 90, 352.06247903554, 33
1, 1233151, 704701, 528450, 5285200.038716746, 79, 49, 30, 316.03075013013313, 50
1, 1233226, 704736, 528490, 5285510.421812383, 75, 35, 40, 310.38309563827124, 36
1, 1233262, 704772, 528490, 5285767.5707866615, 36, 36, 0, 257.1489742783178, 36
1, 1233316, 704826, 528490, 5286054.451387744, 54, 54, 0, 286.88060108295343, 54
51, 1233405, 704865, 528540, 5286379.499253308, 89, 39, 50, 325.0478655640733, 40
1, 1233473, 704903, 528570, 5286682.361424411, 68, 38, 30, 302.86217110259, 39
1, 1233552, 704942, 528610, 5286997.392174541, 79, 39, 40, 315.03075013013313, 40
51, 1233678, 704988, 528690, 5287354.829070425, 126, 46, 80, 357.43689588345075, 48
1, 1233711, 705021, 528690, 5287606.107243118, 33, 33, 0, 251.27817269284301, 33
1, 1233748, 705058, 528690, 5287865.139814574, 37, 37, 0, 259.03257145596604, 37
51, 1233882, 705102, 528780, 5288228.372630493, 134, 44, 90, 363.23281591860336, 46
1, 1233915, 705135, 528780, 5288479.650803186, 33, 33, 0, 251.27817269284301, 33
1, 1233962, 705182, 528780, 5288755.883853056, 47, 47, 0, 276.2330498695885, 47
1, 1234034, 705224, 528810, 5289063.67891608, 72, 42, 30, 307.79506302439404, 43
1, 1234058, 705248, 528810, 5289294.81530002, 24, 24, 0, 231.13638394006432, 24
51, 1234179, 705289, 528890, 5289647.877779056, 121, 41, 80, 353.06247903554, 43
1, 1234258, 705328, 528930, 5289962.908529187, 79, 39, 40, 315.03075013013313, 40
1, 1234295, 705365, 528930, 5290221.941100643, 37, 37, 0, 259.03257145596604, 37
1, 1234330, 705400, 528930, 5290477.171028553, 35, 35, 0, 255.22992790977875, 35
51, 1234420, 705440, 528980, 5290803.278057377, 90, 40, 50, 326.1070288241023, 41
1, 1234500, 705480, 529020, 5291119.447813621, 80, 40, 40, 316.1697562442441, 41
1, 1234569, 705519, 529050, 5291423.559955331, 69, 39, 30, 304.1121417102006, 40
1, 1234613, 705563, 529050, 5291694.91091302, 44, 44, 0, 271.35095769013947, 44
1, 1234696, 705616, 529080, 5292015.445860949, 83, 53, 30, 320.5349479292333, 54
51, 1234825, 705655, 529170, 5292374.45946144, 129, 39, 90, 359.01360049114555, 41
1, 1234869, 705699, 529170, 5292645.81041913, 44, 44, 0, 271.35095769013947, 44
1, 1234941, 705741, 529200, 5292953.6054821545, 72, 42, 30, 307.79506302439404, 43
1, 1234975, 705775, 529200, 5293206.879122431, 34, 34, 0, 253.2736402766418, 34
51, 1235102, 705812, 529290, 5293564.178804731, 127, 37, 90, 357.2996822992933, 39
1, 1235178, 705858, 529320, 5293876.737977104, 76, 46, 30, 312.5591723737189, 47
1, 1235224, 705904, 529320, 5294151.367045818, 46, 46, 0, 274.6290687140218, 46
51, 1235317, 705947, 529370, 5294480.609325725, 93, 43, 50, 329.24227990714814, 44
1, 1235394, 705994, 529400, 5294794.334989491, 77, 47, 30, 313.72566376652986, 48
1, 1235473, 706033, 529440, 5295109.365739621, 79, 39, 40, 315.03075013013313, 40
51, 1235554, 706064, 529490, 5295425.665739621, 81, 31, 50, 316.3, 32
1, 1235599, 706109, 529490, 5295698.667746033, 45, 45, 0, 273.00200641113514, 45
1, 1235665, 706145, 529520, 5295998.99473431, 66, 36, 30, 300.32698827717985, 37
1, 1235707, 706187, 529520, 5296266.967723812, 42, 42, 0, 267.97298950218305, 42
1, 1235750, 706230, 529520, 5296536.642684015, 43, 43, 0, 269.6749602031015, 43
51, 1235887, 706277, 529610, 5296902.36400622, 137, 47, 90, 365.72132220485213, 49
1, 1235924, 706314, 529610, 5297161.396577677, 37, 37, 0, 259.03257145596604, 37
1, 1235967, 706357, 529610, 5297431.07153788, 43, 43, 0, 269.6749602031015, 43
1, 1236080, 706400, 529680, 5297777.91058175, 113, 43, 70, 346.83904386951343, 45
1, 1236109, 706429, 529680, 5298020.770160461, 29, 29, 0, 242.8595787106084, 29
51, 1236192, 706462, 529730, 5298339.30510839, 83, 33, 50, 318.5349479292333, 34
1, 1236224, 706494, 529730, 5298588.54653139, 32, 32, 0, 249.24142300054422, 32
1, 1236300, 706530, 529770, 5298900.105703764, 76, 36, 40, 311.5591723737189, 37
1, 1236339, 706569, 529770, 5299162.8056437075, 39, 39, 0, 262.6999399439383, 39
1, 1236406, 706606, 529800, 5299464.406198965, 67, 37, 30, 301.6005552576305, 38
51, 1236541, 706651, 529890, 5299828.472008905, 135, 45, 90, 364.06580994024984, 47
1, 1236581, 706691, 529890, 5300092.958694842, 40, 40, 0, 264.4866859365871, 40
1, 1236616, 706726, 529890, 5300348.188622751, 35, 35, 0, 255.22992790977875, 35
1, 1236651, 706761, 529890, 5300603.418550661, 35, 35, 0, 255.22992790977875, 35
51, 1236740, 706800, 529940, 5300928.466416225, 89, 39, 50, 325.0478655640733, 40
1, 1236849, 706839, 530010, 5301271.581047724, 109, 39, 70, 343.114631499574, 41
1, 1236892, 706882, 530010, 5301541.2560079275, 43, 43, 0, 269.6749602031015, 43
1, 1236925, 706915, 530010, 5301792.534180621, 33, 33, 0, 251.27817269284301, 33
51, 1237017, 706957, 530060, 5302120.738282089, 92, 42, 50, 328.20410146824725, 43
1, 1237053, 706993, 530060, 5302377.887256367, 36, 36, 0, 257.1489742783178, 36
1, 1237132, 707032, 530100, 5302692.918006497, 79, 39, 40, 315.03075013013313, 40
1, 1237201, 707071, 530130, 5302997.030148207, 69, 39, 30, 304.1121417102006, 40
51, 1237293, 707113, 530180, 5303325.234249676, 92, 42, 50, 328.20410146824725, 43
1, 1237368, 707158, 530210, 5303636.617345314, 75, 45, 30, 311.38309563827124, 46
1, 1237404, 707194, 530210, 5303893.766319592, 36, 36, 0, 257.1489742783178, 36
51, 1237483, 707223, 530260, 5304207.797069722, 79, 29, 50, 314.03075013013313, 30
1, 1237571, 707271, 530300, 5304532.778501083, 88, 48, 40, 324.98143136087856, 49
1, 1237615, 707315, 530300, 5304804.129458773, 44, 44, 0, 271.35095769013947, 44
51, 1237749, 707369, 530380, 5305168.362274691, 134, 54, 80, 364.23281591860336, 56
1, 1237823, 707403, 530420, 5305477.559483458, 74, 34, 40, 309.1972087668518, 35
1, 1237861, 707441, 530420, 5305738.441863078, 38, 38, 0, 260.88237961983884, 38
1, 1237939, 707489, 530450, 5306053.324649698, 78, 48, 30, 314.8827866200841, 49
51, 1238066, 707526, 530540, 5306410.624331998, 127, 37, 90, 357.2996822992933, 39
1, 1238141, 707571, 530570, 5306722.007427636, 75, 45, 30, 311.38309563827124, 46
1, 1238169, 707599, 530570, 5306962.640091015, 28, 28, 0, 240.63266337912057, 28
51, 1238258, 707638, 530620, 5307287.687956579, 89, 39, 50, 325.0478655640733, 40
1, 1238341, 707691, 530650, 5307608.222904508, 83, 53, 30, 320.5349479292333, 54
1, 1238414, 707724, 530690, 5307916.224183077, 73, 33, 40, 308.00127856917646, 34
1, 1238466, 707776, 530690, 5308200.159144505, 52, 52, 0, 283.93496142826496, 52
1, 1238501, 707811, 530690, 5308455.3890724145, 35, 35, 0, 255.22992790977875, 35
51, 1238586, 707846, 530740, 5308776.126100086, 85, 35, 50, 320.73702767108114, 36
1, 1238691, 707881, 530810, 5309115.43468738, 105, 35, 70, 339.30858729436795, 37
1, 1238729, 707919, 530810, 5309376.317066999, 38, 38, 0, 260.88237961983884, 38
1, 1238844, 707964, 530880, 5309724.989284061, 115, 45, 70, 348.6722170622053, 47
51, 1238943, 708013, 530930, 5310060.323498614, 99, 49, 50, 335.33421455299043, 50
1, 1238980, 708050, 530930, 5310319.3560700705, 37, 37, 0, 259.03257145596604, 37
1, 1239022, 708092, 530930, 5310587.329059573, 42, 42, 0, 267.97298950218305, 42
51, 1239143, 708133, 531010, 5310940.391538609, 121, 41, 80, 353.06247903554, 43
1, 1239234, 708184, 531050, 5311268.550600547, 91, 51, 40, 328.1590619387661, 52
1, 1239307, 708227, 531080, 5311577.551879116, 73, 43, 30, 309.00127856917646, 44
1, 1239352, 708272, 531080, 5311850.553885528, 45, 45, 0, 273.00200641113514, 45
51, 1239477, 708317, 531160, 5312207.124038016, 125, 45, 80, 356.57015248821097, 47
1, 1239516, 708356, 531160, 5312469.82397796, 39, 39, 0, 262.6999399439383, 39
1, 1239563, 708403, 531160, 5312746.05702783, 47, 47, 0, 276.2330498695885, 47
51, 1239692, 708442, 531250, 5313105.070628321, 129, 39, 90, 359.01360049114555, 41
1, 1239757, 708477, 531280, 5313404.111779764, 65, 35, 30, 299.04115144336777, 36
1, 1239805, 708525, 531280, 5313681.926582355, 48, 48, 0, 277.8148025904985, 48
1, 1239890, 708570, 531320, 5314003.663610026, 85, 45, 40, 321.73702767108114, 46
1, 1239936, 708616, 531320, 5314278.29267874, 46, 46, 0, 274.6290687140218, 46
51, 1240026, 708656, 531370, 5314604.399707564, 90, 40, 50, 326.1070288241023, 41
1, 1240103, 708693, 531410, 5314917.12537133, 77, 37, 40, 312.72566376652986, 38
1, 1240176, 708736, 531440, 5315226.126649899, 73, 43, 30, 309.00127856917646, 44
1, 1240214, 708774, 531440, 5315487.009029519, 38, 38, 0, 260.88237961983884, 38
51, 1240339, 708809, 531530, 5315842.579182007, 125, 35, 90, 355.57015248821097, 37
1, 1240382, 708852, 531530, 5316112.254142211, 43, 43, 0, 269.6749602031015, 43
1, 1240453, 708893, 531560, 5316418.832453029, 71, 41, 30, 306.57831081870995, 42
1, 1240527, 708927, 531600, 5316728.029661796, 74, 34, 40, 309.1972087668518, 35
51, 1240651, 708971, 531680, 5317083.729058344, 124, 44, 80, 355.6993965481514, 46
1, 1240689, 709009, 531680, 5317344.611437963, 38, 38, 0, 260.88237961983884, 38
1, 1240722, 709042, 531680, 5317595.889610657, 33, 33, 0, 251.27817269284301, 33
1, 1240765, 709085, 531680, 5317865.56457086, 43, 43, 0, 269.6749602031015, 43
51, 1240852, 709122, 531730, 5318188.472151858, 87, 37, 50, 322.9075809977351, 38
1, 1240959, 709159, 531800, 5318529.694297127, 107, 37, 70, 341.2221452697031, 39
1, 1241001, 709201, 531800, 5318797.66728663, 42, 42, 0, 267.97298950218305, 42
1, 1241039, 709239, 531800, 5319058.549666249, 38, 38, 0, 260.88237961983884, 38
1, 1241080, 709280, 531800, 5319324.793619692, 41, 41, 0, 266.24395344352433, 41
51, 1241168, 709318, 531850, 5319648.775051054, 88, 38, 50, 323.98143136087856, 39
1, 1241215, 709365, 531850, 5319925.008100923, 47, 47, 0, 276.2330498695885, 47
1, 1241336, 709416, 531920, 5320279.070579959, 121, 51, 70, 354.06247903554, 53
1, 1241372, 709452, 531920, 5320536.219554237, 36, 36, 0, 257.1489742783178, 36
51, 1241461, 709491, 531970, 5320861.267419801, 89, 39, 50, 325.0478655640733, 40
1, 1241511, 709541, 531970, 5321142.182214648, 50, 50, 0, 280.9147948472494, 50
1, 1241581, 709581, 532000, 5321447.5329755, 70, 40, 30, 305.3507608519078, 41
1, 1241657, 709617, 532040, 5321759.092147874, 76, 36, 40, 311.5591723737189, 37
51, 1241772, 709652, 532120, 5322106.764364935, 115, 35, 80, 347.6722170622053, 37
1, 1241814, 709694, 532120, 5322374.737354438, 42, 42, 0, 267.97298950218305, 42
1, 1241925, 709735, 532190, 5322719.724072479, 111, 41, 70, 344.9867180408456, 43
1, 1241957, 709767, 532190, 5322968.965495479, 32, 32, 0, 249.24142300054422, 32
51, 1242052, 709812, 532240, 5323300.264059614, 95, 45, 50, 331.2985641352145, 46
1, 1242087, 709847, 532240, 5323555.493987524, 35, 35, 0, 255.22992790977875, 35
1, 1242157, 709887, 532270, 5323860.844748376, 70, 40, 30, 305.3507608519078, 41
1, 1242231, 709921, 532310, 5324170.041957143, 74, 34, 40, 309.1972087668518, 35
51, 1242315, 709955, 532360, 5324489.681967546, 84, 34, 50, 319.64001040350905, 35
1, 1242384, 709994, 532390, 5324793.794109256, 69, 39, 30, 304.1121417102006, 40
1, 1242426, 710036, 532390, 5325061.767098758, 42, 42, 0, 267.97298950218305, 42
51, 1242520, 710080, 532440, 5325392.040824606, 94, 44, 50, 330.273725847777, 45
1, 1242635, 710125, 532510, 5325740.713041668, 115, 45, 70, 348.6722170622053, 47
1, 1242668, 710158, 532510, 5325991.991214361, 33, 33, 0, 251.27817269284301, 33
1, 1242702, 710192, 532510, 5326245.264854638, 34, 34, 0, 253.2736402766418, 34
51, 1242789, 710229, 532560, 5326568.172435636, 87, 37, 50, 322.9075809977351, 38
1, 1242899, 710269, 532630, 5326912.225619682, 110, 40, 70, 344.0531840464366, 42
1, 1242933, 710303, 532630, 5327165.499259959, 34, 34, 0, 253.2736402766418, 34
1, 1243040, 710340, 532700, 5327506.721405229, 107, 37, 70, 341.2221452697031, 39
51, 1243126, 710376, 532750, 5327828.547569877, 86, 36, 50, 321.82616464756694, 37
1, 1243203, 710413, 532790, 5328141.273233643, 77, 37, 40, 312.72566376652986, 38
1, 1243272, 710452, 532820, 5328445.385375353, 69, 39, 30, 304.1121417102006, 40
1, 1243311, 710491, 532820, 5328708.085315296, 39, 39, 0, 262.6999399439383, 39
51, 1243400, 710530, 532870, 5329033.13318086, 89, 39, 50, 325.0478655640733, 40
1, 1243484, 710574, 532910, 5329353.773191264, 84, 44, 40, 320.64001040350905, 45
1, 1243550, 710610, 532940, 5329654.100179541, 66, 36, 30, 300.32698827717985, 37
51, 1243638, 710648, 532990, 5329978.081610902, 88, 38, 50, 323.98143136087856, 39
1, 1243679, 710689, 532990, 5330244.325564345, 41, 41, 0, 266.24395344352433, 41
1, 1243716, 710726, 532990, 5330503.358135802, 37, 37, 0, 259.03257145596604, 37
1, 1243830, 710770, 533060, 5330851.116123494, 114, 44, 70, 347.75798769167545, 46
51, 1243915, 710805, 533110, 5331171.853151165, 85, 35, 50, 320.73702767108114, 36
1, 1243957, 710847, 533110, 5331439.826140667, 42, 42, 0, 267.97298950218305, 42
1, 1244031, 710881, 533150, 5331749.023349434, 74, 34, 40, 309.1972087668518, 35
51, 1244120, 710920, 533200, 5332074.071214998, 89, 39, 50, 325.0478655640733, 40
1, 1244158, 710958, 533200, 5332334.953594618, 38, 38, 0, 260.88237961983884, 38
1, 1244265, 710995, 533270, 5332676.175739887, 107, 37, 70, 341.2221452697031, 39
1, 1244313, 711043, 533270, 5332953.990542478, 48, 48, 0, 277.8148025904985, 48
51, 1244412, 711092, 533320, 5333289.324757031, 99, 49, 50, 335.33421455299043, 50
1, 1244449, 711129, 533320, 5333548.357328488, 37, 37, 0, 259.03257145596604, 37
1, 1244497, 711177, 533320, 5333826.172131078, 48, 48, 0, 277.8148025904985, 48
1, 1244577, 711217, 533360, 5334142.341887322, 80, 40, 40, 316.1697562442441, 41
51, 1244693, 711253, 533440, 5334490.923690814, 116, 36, 80, 348.5818034911291, 38
1, 1244728, 711288, 533440, 5334746.153618723, 35, 35, 0, 255.22992790977875, 35
1, 1244772, 711332, 533440, 5335017.504576413, 44, 44, 0, 271.35095769013947, 44
1, 1244856, 711376, 533480, 5335338.144586816, 84, 44, 40, 320.64001040350905, 45
51, 1244974, 711414, 533560, 5335688.531911985, 118, 38, 80, 350.3873251689181, 40
1, 1245018, 711458, 533560, 5335959.882869675, 44, 44, 0, 271.35095769013947, 44
1, 1245103, 711503, 533600, 5336281.619897346, 85, 45, 40, 321.73702767108114, 46
1, 1245147, 711547, 533600, 5336552.970855036, 44, 44, 0, 271.35095769013947, 44
1, 1245228, 711588, 533640, 5336870.270855036, 81, 41, 40, 317.3, 42
51, 1245349, 711629, 533720, 5337223.333334072, 121, 41, 80, 353.06247903554, 43
1, 1245389, 711669, 533720, 5337487.820020008, 40, 40, 0, 264.4866859365871, 40
1, 1245431, 711711, 533720, 5337755.79300951, 42, 42, 0, 267.97298950218305, 42
1, 1245547, 711757, 533790, 5338105.374813002, 116, 46, 70, 349.5818034911291, 48
51, 1245646, 711806, 533840, 5338440.709027555, 99, 49, 50, 335.33421455299043, 50
1, 1245709, 711839, 533870, 5338737.140352281, 63, 33, 30, 296.43132472612575, 34
1, 1245750, 711880, 533870, 5339003.384305724, 41, 41, 0, 266.24395344352433, 41
51, 1245837, 711917, 533920, 5339326.291886722, 87, 37, 50, 322.9075809977351, 38
1, 1245941, 711951, 533990, 5339664.635573479, 104, 34, 70, 338.343686757474, 36
1, 1245985, 711995, 533990, 5339935.986531169, 44, 44, 0, 271.35095769013947, 44
1, 1246063, 712033, 534030, 5340249.86931779, 78, 38, 40, 313.8827866200841, 39
51, 1246185, 712075, 534110, 5340603.814936344, 122, 42, 80, 353.9456185537469, 44
1, 1246226, 712116, 534110, 5340870.058889787, 41, 41, 0, 266.24395344352433, 41
1, 1246319, 712169, 534150, 5341200.3011696935, 93, 53, 40, 330.24227990714814, 54
1, 1246365, 712215, 534150, 5341474.930238407, 46, 46, 0, 274.6290687140218, 46
51, 1246464, 712264, 534200, 5341810.26445296, 99, 49, 50, 335.33421455299043, 50
1, 1246504, 712304, 534200, 5342074.751138897, 40, 40, 0, 264.4866859365871, 40
1, 1246569, 712339, 534230, 5342373.79229034, 65, 35, 30, 299.04115144336777, 36
1, 1246645, 712375, 534270, 5342685.351462713, 76, 36, 40, 311.5591723737189, 37
51, 1246733, 712413, 534320, 5343009.332894075, 88, 38, 50, 323.98143136087856, 39
1, 1246769, 712449, 534320, 5343266.481868353, 36, 36, 0, 257.1489742783178, 36
1, 1246845, 712485, 534360, 5343578.041040726, 76, 36, 40, 311.5591723737189, 37
1, 1246913, 712523, 534390, 5343880.903211828, 68, 38, 30, 302.86217110259, 39
1, 1246956, 712566, 534390, 5344150.578172032, 43, 43, 0, 269.6749602031015, 43
51, 1247047, 712607, 534440, 5344477.73723397, 91, 41, 50, 327.1590619387661, 42
1, 1247126, 712646, 534480, 5344792.767984101, 79, 39, 40, 315.03075013013313, 40
1, 1247162, 712682, 534480, 5345049.916958379, 36, 36, 0, 257.1489742783178, 36
1, 1247190, 712710, 534480, 5345290.549621758, 28, 28, 0, 240.63266337912057, 28
51, 1247363, 712763, 534600, 5345681.119532806, 173, 53, 120, 390.5699110481307, 56
1, 1247407, 712807, 534600, 5345952.470490496, 44, 44, 0, 271.35095769013947, 44
1, 1247457, 712857, 534600, 5346233.385285343, 50, 50, 0, 280.9147948472494, 50
51, 1247550, 712900, 534650, 5346562.62756525, 93, 43, 50, 329.24227990714814, 44
1, 1247653, 712933, 534720, 5346900.000815305, 103, 33, 70, 337.37325005549695, 35
1, 1247691, 712971, 534720, 5347160.883194924, 38, 38, 0, 260.88237961983884, 38
51, 1247781, 713011, 534770, 5347486.990223749, 90, 40, 50, 326.1070288241023, 41
1, 1247812, 713042, 534770, 5347734.151329925, 31, 31, 0, 247.1611061770567, 31
1, 1247901, 713091, 534810, 5348060.199195489, 89, 49, 40, 326.0478655640733, 50
51, 1247991, 713131, 534860, 5348386.306224314, 90, 40, 50, 326.1070288241023, 41
1, 1248107, 713177, 534930, 5348735.888027805, 116, 46, 70, 349.5818034911291, 48
1, 1248140, 713210, 534930, 5348987.166200498, 33, 33, 0, 251.27817269284301, 33
51, 1248230, 713250, 534980, 5349313.273229322, 90, 40, 50, 326.1070288241023, 41
1, 1248269, 713289, 534980, 5349575.973169266, 39, 39, 0, 262.6999399439383, 39
1, 1248357, 713337, 535020, 5349900.9546006275, 88, 48, 40, 324.98143136087856, 49
1, 1248437, 713387, 535050, 5350218.1243568715, 80, 50, 30, 317.1697562442441, 51
1, 1248480, 713430, 535050, 5350487.799317075, 43, 43, 0, 269.6749602031015, 43
51, 1248573, 713473, 535100, 5350817.041596982, 93, 43, 50, 329.24227990714814, 44
1, 1248654, 713514, 535140, 5351134.3415969815, 81, 41, 40, 317.3, 42
1, 1248701, 713561, 535140, 5351410.574646851, 47, 47, 0, 276.2330498695885, 47
1, 1248768, 713598, 535170, 5351712.175202109, 67, 37, 30, 301.6005552576305, 38
51, 1248901, 713641, 535260, 5352074.57147115, 133, 43, 90, 362.3962690412072, 45
1, 1248967, 713677, 535290, 5352374.898459427, 66, 36, 30, 300.32698827717985, 37
1, 1249000, 713710, 535290, 5352626.17663212, 33, 33, 0, 251.27817269284301, 33
1, 1249086, 713756, 535330, 5352949.002796768, 86, 46, 40, 322.82616464756694, 47
51, 1249163, 713783, 535380, 5353260.7284605345, 77, 27, 50, 311.72566376652986, 28
1, 1249241, 713821, 535420, 5353574.611247155, 78, 38, 40, 313.8827866200841, 39
1, 1249286, 713866, 535420, 5353847.613253566, 45, 45, 0, 273.00200641113514, 45
1, 1249399, 713909, 535490, 5354194.452297436, 113, 43, 70, 346.83904386951343, 45
1, 1249432, 713942, 535490, 5354445.730470129, 33, 33, 0, 251.27817269284301, 33
51, 1249534, 713994, 535540, 5354784.02765291, 102, 52, 50, 338.29718278112654, 53
1, 1249622, 714042, 535580, 5355109.009084271, 88, 48, 40, 324.98143136087856, 49
1, 1249699, 714089, 535610, 5355422.7347480375, 77, 47, 30, 313.72566376652986, 48
1, 1249739, 714129, 535610, 5355687.221433974, 40, 40, 0, 264.4866859365871, 40
1, 1249781, 714171, 535610, 5355955.194423476, 42, 42, 0, 267.97298950218305, 42
51, 1249871, 714211, 535660, 5356281.3014523005, 90, 40, 50, 326.1070288241023, 41
1, 1249949, 714249, 535700, 5356595.184238921, 78, 38, 40, 313.8827866200841, 39
1, 1249988, 714288, 535700, 5356857.884178865, 39, 39, 0, 262.6999399439383, 39
1, 1250086, 714316, 535770, 5357190.318807229, 98, 28, 70, 332.4346283645789, 30
1, 1250121, 714351, 535770, 5357445.548735139, 35, 35, 0, 255.22992790977875, 35
51, 1250210, 714390, 535820, 5357770.596600703, 89, 39, 50, 325.0478655640733, 40
1, 1250240, 714420, 535820, 5358015.631332635, 30, 30, 0, 245.0347319320716, 30
1, 1250331, 714471, 535860, 5358343.7903945735, 91, 51, 40, 328.1590619387661, 52
51, 1250414, 714504, 535910, 5358662.325342502, 83, 33, 50, 318.5349479292333, 34
1, 1250485, 714545, 535940, 5358968.903653321, 71, 41, 30, 306.57831081870995, 42
1, 1250524, 714584, 535940, 5359231.603593265, 39, 39, 0, 262.6999399439383, 39
1, 1250600, 714620, 535980, 5359543.162765638, 76, 36, 40, 311.5591723737189, 37
51, 1250714, 714654, 536060, 5359889.92075333, 114, 34, 80, 346.75798769167545, 36
1, 1250753, 714693, 536060, 5360152.620693274, 39, 39, 0, 262.6999399439383, 39
1, 1250796, 714736, 536060, 5360422.295653477, 43, 43, 0, 269.6749602031015, 43
1, 1250841, 714781, 536060, 5360695.297659889, 45, 45, 0, 273.00200641113514, 45
51, 1250976, 714826, 536150, 5361059.363469829, 135, 45, 90, 364.06580994024984, 47
1, 1251043, 714863, 536180, 5361360.964025087, 67, 37, 30, 301.6005552576305, 38
1, 1251122, 714902, 536220, 5361675.994775217, 79, 39, 40, 315.03075013013313, 40
1, 1251176, 714956, 536220, 5361962.8753763, 54, 54, 0, 286.88060108295343, 54
51, 1251345, 715005, 536340, 5362350.530503847, 169, 49, 120, 387.65512754639894, 52
1, 1251378, 715038, 536340, 5362601.80867654, 33, 33, 0, 251.27817269284301, 33
1, 1251421, 715081, 536340, 5362871.483636743, 43, 43, 0, 269.6749602031015, 43
1, 1251515, 715135, 536380, 5363202.757362591, 94, 54, 40, 331.273725847777, 55
51, 1251589, 715159, 536430, 5363510.954571358, 74, 24, 50, 308.1972087668518, 25
1, 1251625, 715195, 536430, 5363768.103545636, 36, 36, 0, 257.1489742783178, 36
1, 1251698, 715238, 536460, 5364077.104824205, 73, 43, 30, 309.00127856917646, 44
1, 1251735, 715275, 536460, 5364336.137395661, 37, 37, 0, 259.03257145596604, 37
51, 1251824, 715314, 536510, 5364661.185261225, 89, 39, 50, 325.0478655640733, 40
1, 1251902, 715352, 536550, 5364975.068047846, 78, 38, 40, 313.8827866200841, 39
1, 1251973, 715393, 536580, 5365281.646358664, 71, 41, 30, 306.57831081870995, 42
1, 1252012, 715432, 536580, 5365544.346298608, 39, 39, 0, 262.6999399439383, 39
51, 1252100, 715470, 536630, 5365868.327729969, 88, 38, 50, 323.98143136087856, 39
1, 1252150, 715520, 536630, 5366149.242524817, 50, 50, 0, 280.9147948472494, 50
1, 1252255, 715555, 536700, 5366488.551112111, 105, 35, 70, 339.30858729436795, 37
1, 1252295, 715595, 536700, 5366753.037798047, 40, 40, 0, 264.4866859365871, 40
1, 1252330, 715630, 536700, 5367008.267725957, 35, 35, 0, 255.22992790977875, 35
51, 1252455, 715675, 536780, 5367364.837878445, 125, 45, 80, 356.57015248821097, 47
1, 1252536, 715716, 536820, 5367682.137878445, 81, 41, 40, 317.3, 42
1, 1252614, 715764, 536850, 5367997.020665065, 78, 48, 30, 314.8827866200841, 49
1, 1252693, 715803, 536890, 5368312.051415196, 79, 39, 40, 315.03075013013313, 40
51, 1252779, 715839, 536940, 5368633.877579844, 86, 36, 50, 321.82616464756694, 37
1, 1252842, 715872, 536970, 5368930.30890457, 63, 33, 30, 296.43132472612575, 34
1, 1252892, 715922, 536970, 5369211.223699417, 50, 50, 0, 280.9147948472494, 50
1, 1252969, 715959, 537010, 5369523.949363183, 77, 37, 40, 312.72566376652986, 38
51, 1253048, 715988, 537060, 5369837.9801133135, 79, 29, 50, 314.03075013013313, 30
1, 1253116, 716026, 537090, 5370140.842284416, 68, 38, 30, 302.86217110259, 39
1, 1253192, 716062, 537130, 5370452.401456789, 76, 36, 40, 311.5591723737189, 37
1, 1253233, 716103, 537130, 5370718.645410232, 41, 41, 0, 266.24395344352433, 41
51, 1253354, 716144, 537210, 5371071.707889268, 121, 41, 80, 353.06247903554, 43
1, 1253422, 716172, 537250, 5371373.5700603705, 68, 28, 40, 301.86217110259, 29
1, 1253466, 716216, 537250, 5371644.92101806, 44, 44, 0, 271.35095769013947, 44
1, 1253506, 716256, 537250, 5371909.407703997, 40, 40, 0, 264.4866859365871, 40
51, 1253620, 716290, 537330, 5372256.165691689, 114, 34, 80, 346.75798769167545, 36
1, 1253667, 716337, 537330, 5372532.398741558, 47, 47, 0, 276.2330498695885, 47
1, 1253745, 716375, 537370, 5372846.281528179, 78, 38, 40, 313.8827866200841, 39
51, 1253841, 716421, 537420, 5373178.598444194, 96, 46, 50, 332.31691601465747, 47
1, 1253916, 716466, 537450, 5373489.9815398315, 75, 45, 30, 311.38309563827124, 46
1, 1253993, 716503, 537490, 5373802.707203598, 77, 37, 40, 312.72566376652986, 38
1, 1254060, 716540, 537520, 5374104.307758856, 67, 37, 30, 301.6005552576305, 38
1, 1254100, 716580, 537520, 5374368.794444792, 40, 40, 0, 264.4866859365871, 40
51, 1254202, 716632, 537570, 5374707.091627573, 102, 52, 50, 338.29718278112654, 53
1, 1254299, 716659, 537640, 5375038.520526844, 97, 27, 70, 331.42889927149963, 29
1, 1254340, 716700, 537640, 5375304.764480287, 41, 41, 0, 266.24395344352433, 41
1, 1254371, 716731, 537640, 5375551.925586464, 31, 31, 0, 247.1611061770567, 31
1, 1254439, 716769, 537670, 5375854.787757566, 68, 38, 30, 302.86217110259, 39
51, 1254534, 716814, 537720, 5376186.086321701, 95, 45, 50, 331.2985641352145, 46
1, 1254614, 716854, 537760, 5376502.256077945, 80, 40, 40, 316.1697562442441, 41
1, 1254659, 716899, 537760, 5376775.258084357, 45, 45, 0, 273.00200641113514, 45
1, 1254700, 716940, 537760, 5377041.5020378, 41, 41, 0, 266.24395344352433, 41
1, 1254808, 716978, 537830, 5377383.673017347, 108, 38, 70, 342.1709795470626, 40
51, 1254894, 717014, 537880, 5377705.499181995, 86, 36, 50, 321.82616464756694, 37
1, 1254937, 717057, 537880, 5377975.174142199, 43, 43, 0, 269.6749602031015, 43
1, 1255005, 717095, 537910, 5378278.036313301, 68, 38, 30, 302.86217110259, 39
1, 1255043, 717133, 537910, 5378538.91869292, 38, 38, 0, 260.88237961983884, 38
51, 1255173, 717173, 538000, 5378898.783530459, 130, 40, 90, 359.86483753851803, 42
1, 1255204, 717204, 538000, 5379145.9446366355, 31, 31, 0, 247.1611061770567, 31
1, 1255279, 717249, 538030, 5379457.327732273, 75, 45, 30, 311.38309563827124, 46
1, 1255359, 717289, 538070, 5379773.497488517, 80, 40, 40, 316.1697562442441, 41
1, 1255401, 717331, 538070, 5380041.47047802, 42, 42, 0, 267.97298950218305, 42
51, 1255498, 717378, 538120, 5380374.799377291, 97, 47, 50, 333.3288992714996, 48
1, 1255535, 717415, 538120, 5380633.831948748, 37, 37, 0, 259.03257145596604, 37
1, 1255580, 717460, 538120, 5380906.833955159, 45, 45, 0, 273.00200641113514, 45
1, 1255691, 717501, 538190, 5381251.8206732, 111, 41, 70, 344.9867180408456, 43
51, 1255776, 717536, 538240, 5381572.5577008715, 85, 35, 50, 320.73702767108114, 36
1, 1255836, 717566, 538270, 5381864.973469242, 60, 30, 30, 292.41576837137404, 31
1, 1255866, 717596, 538270, 5382110.008201174, 30, 30, 0, 245.0347319320716, 30
1, 1255935, 717635, 538300, 5382414.120342884, 69, 39, 30, 304.1121417102006, 40
1, 1255967, 717667, 538300, 5382663.361765885, 32, 32, 0, 249.24142300054422, 32
51, 1256128, 717708, 538420, 5383045.072062486, 161, 41, 120, 381.7102966008917, 44
1, 1256175, 717755, 538420, 5383321.305112355, 47, 47, 0, 276.2330498695885, 47
1, 1256222, 717802, 538420, 5383597.538162225, 47, 47, 0, 276.2330498695885, 47
1, 1256266, 717846, 538420, 5383868.889119915, 44, 44, 0, 271.35095769013947, 44
51, 1256348, 717878, 538470, 5384186.310789758, 82, 32, 50, 317.42166984345636, 33
1, 1256387, 717917, 538470, 5384449.010729702, 39, 39, 0, 262.6999399439383, 39
1, 1256498, 717958, 538540, 5384793.997447743, 111, 41, 70, 344.9867180408456, 43
1, 1256541, 718001, 538540, 5385063.672407947, 43, 43, 0, 269.6749602031015, 43
1, 1256577, 718037, 538540, 5385320.821382225, 36, 36, 0, 257.1489742783178, 36
51, 1256660, 718070, 538590, 5385639.3563301535, 83, 33, 50, 318.5349479292333, 34
1, 1256701, 718111, 538590, 5385905.600283597, 41, 41, 0, 266.24395344352433, 41
1, 1256746, 718156, 538590, 5386178.602290008, 45, 45, 0, 273.00200641113514, 45
51, 1256896, 718186, 538710, 5386551.865841166, 150, 30, 120, 373.26355115805836, 33
1, 1256934, 718224, 538710, 5386812.7482207855, 38, 38, 0, 260.88237961983884, 38
1, 1256975, 718265, 538710, 5387078.992174229, 41, 41, 0, 266.24395344352433, 41
51, 1257063, 718303, 538760, 5387402.97360559, 88, 38, 50, 323.98143136087856, 39
1, 1257134, 718344, 538790, 5387709.551916408, 71, 41, 30, 306.57831081870995, 42
1, 1257157, 718367, 538790, 5387938.1457867175, 23, 23, 0, 228.5938703094842, 23
1, 1257238, 718408, 538830, 5388255.445786717, 81, 41, 40, 317.3, 42
51, 1257329, 718449, 538880, 5388582.604848656, 91, 41, 50, 327.1590619387661, 42
1, 1257368, 718488, 538880, 5388845.3047886, 39, 39, 0, 262.6999399439383, 39
1, 1257403, 718523, 538880, 5389100.534716509, 35, 35, 0, 255.22992790977875, 35
1, 1257470, 718560, 538910, 5389402.135271767, 67, 37, 30, 301.6005552576305, 38
51, 1257596, 718596, 539000, 5389758.572167651, 126, 36, 90, 356.43689588345075, 38
1, 1257630, 718630, 539000, 5390011.845807928, 34, 34, 0, 253.2736402766418, 34
1, 1257666, 718666, 539000, 5390268.994782206, 36, 36, 0, 257.1489742783178, 36
1, 1257705, 718705, 539000, 5390531.6947221495, 39, 39, 0, 262.6999399439383, 39
1, 1257754, 718754, 539000, 5390811.0698532555, 49, 49, 0, 279.3751311064591, 49
51, 1257913, 718793, 539120, 5391191.268715728, 159, 39, 120, 380.1988624723894, 42
1, 1257954, 718834, 539120, 5391457.512669171, 41, 41, 0, 266.24395344352433, 41
1, 1257988, 718868, 539120, 5391710.786309448, 34, 34, 0, 253.2736402766418, 34
1, 1258029, 718909, 539120, 5391977.030262891, 41, 41, 0, 266.24395344352433, 41
51, 1258163, 718953, 539210, 5392340.26307881, 134, 44, 90, 363.23281591860336, 46
1, 1258237, 718997, 539240, 5392650.460287577, 74, 44, 30, 310.1972087668518, 45
1, 1258267, 719027, 539240, 5392895.4950195085, 30, 30, 0, 245.0347319320716, 30
51, 1258354, 719064, 539290, 5393218.402600506, 87, 37, 50, 322.9075809977351, 38
1, 1258402, 719112, 539290, 5393496.217403097, 48, 48, 0, 277.8148025904985, 48
1, 1258515, 719155, 539360, 5393843.056446967, 113, 43, 70, 346.83904386951343, 45
1, 1258554, 719194, 539360, 5394105.756386911, 39, 39, 0, 262.6999399439383, 39
1, 1258601, 719241, 539360, 5394381.98943678, 47, 47, 0, 276.2330498695885, 47
51, 1258694, 719284, 539410, 5394711.231716687, 93, 43, 50, 329.24227990714814, 44
1, 1258764, 719324, 539440, 5395016.582477539, 70, 40, 30, 305.3507608519078, 41
1, 1258798, 719358, 539440, 5395269.856117816, 34, 34, 0, 253.2736402766418, 34
1, 1258892, 719412, 539480, 5395601.129843663, 94, 54, 40, 331.273725847777, 55
51, 1259004, 719444, 539560, 5395946.045156003, 112, 32, 80, 344.91531233955715, 34
1, 1259045, 719485, 539560, 5396212.289109446, 41, 41, 0, 266.24395344352433, 41
1, 1259088, 719528, 539560, 5396481.96406965, 43, 43, 0, 269.6749602031015, 43
1, 1259193, 719563, 539630, 5396821.272656944, 105, 35, 70, 339.30858729436795, 37
51, 1259274, 719594, 539680, 5397137.572656943, 81, 31, 50, 316.3, 32
1, 1259315, 719635, 539680, 5397403.816610387, 41, 41, 0, 266.24395344352433, 41
1, 1259392, 719672, 539720, 5397716.542274153, 77, 37, 40, 312.72566376652986, 38
1, 1259438, 719718, 539720, 5397991.1713428665, 46, 46, 0, 274.6290687140218, 46
51, 1259560, 719760, 539800, 5398345.1169614205, 122, 42, 80, 353.9456185537469, 44
1, 1259611, 719811, 539800, 5398627.551473198, 51, 51, 0, 282.43451177837886, 51
1, 1259683, 719843, 539840, 5398934.346536223, 72, 32, 40, 306.79506302439404, 33
51, 1259779, 719889, 539890, 5399266.663452238, 96, 46, 50, 332.31691601465747, 47
1, 1259839, 719919, 539920, 5399559.079220609, 60, 30, 30, 292.41576837137404, 31
1, 1259882, 719962, 539920, 5399828.754180812, 43, 43, 0, 269.6749602031015, 43
1, 1259925, 720005, 539920, 5400098.429141016, 43, 43, 0, 269.6749602031015, 43
1, 1259969, 720049, 539920, 5400369.780098706, 44, 44, 0, 271.35095769013947, 44
51, 1260096, 720086, 540010, 5400727.079781005, 127, 37, 90, 357.2996822992933, 39
1, 1260139, 720129, 540010, 5400996.754741209, 43, 43, 0, 269.6749602031015, 43
1, 1260248, 720168, 540080, 5401339.869372708, 109, 39, 70, 343.114631499574, 41
51, 1260333, 720203, 540130, 5401660.606400379, 85, 35, 50, 320.73702767108114, 36
1, 1260375, 720245, 540130, 5401928.579389881, 42, 42, 0, 267.97298950218305, 42
1, 1260455, 720285, 540170, 5402244.749146125, 80, 40, 40, 316.1697562442441, 41
1, 1260487, 720317, 540170, 5402493.990569126, 32, 32, 0, 249.24142300054422, 32
1, 1260527, 720357, 540170, 5402758.477255062, 40, 40, 0, 264.4866859365871, 40
51, 1260649, 720399, 540250, 5403112.422873616, 122, 42, 80, 353.9456185537469, 44
1, 1260732, 720442, 540290, 5403431.957821545, 83, 43, 40, 319.5349479292333, 44
1, 1260774, 720484, 540290, 5403699.930811048, 42, 42, 0, 267.97298950218305, 42
51, 1260910, 720530, 540380, 5404064.826108082, 136, 46, 90, 364.89529703482884, 48
1, 1260947, 720567, 540380, 5404323.858679539, 37, 37, 0, 259.03257145596604, 37
1, 1261014, 720604, 540410, 5404625.459234796, 67, 37, 30, 301.6005552576305, 38
1, 1261058, 720648, 540410, 5404896.810192486, 44, 44, 0, 271.35095769013947, 44
51, 1261219, 720689, 540530, 5405278.520489087, 161, 41, 120, 381.7102966008917, 44
1, 1261256, 720726, 540530, 5405537.553060544, 37, 37, 0, 259.03257145596604, 37
1, 1261294, 720764, 540530, 5405798.435440163, 38, 38, 0, 260.88237961983884, 38
1, 1261324, 720794, 540530, 5406043.470172095, 30, 30, 0, 245.0347319320716, 30
1, 1261439, 720839, 540600, 5406392.142389157, 115, 45, 70, 348.6722170622053, 47
51, 1261527, 720877, 540650, 5406716.123820518, 88, 38, 50, 323.98143136087856, 39
1, 1261568, 720918, 540650, 5406982.367773961, 41, 41, 0, 266.24395344352433, 41
1, 1261642, 720952, 540690, 5407291.564982728, 74, 34, 40, 309.1972087668518, 35
1, 1261676, 720986, 540690, 5407544.838623005, 34, 34, 0, 253.2736402766418, 34
51, 1261770, 721030, 540740, 5407875.112348853, 94, 44, 50, 330.273725847777, 45
1, 1261884, 721074, 540810, 5408222.870336545, 114, 44, 70, 347.75798769167545, 46
1, 1261930, 721120, 540810, 5408497.499405258, 46, 46, 0, 274.6290687140218, 46
51, 1262010, 721150, 540860, 5408812.669161502, 80, 30, 50, 315.1697562442441, 31
1, 1262089, 721189, 540900, 5409127.699911633, 79, 39, 40, 315.03075013013313, 40
1, 1262152, 721222, 540930, 5409424.131236359, 63, 33, 30, 296.43132472612575, 34
1, 1262189, 721259, 540930, 5409683.163807815, 37, 37, 0, 259.03257145596604, 37
51, 1262274, 721294, 540980, 5410003.900835486, 85, 35, 50, 320.73702767108114, 36
1, 1262307, 721327, 540980, 5410255.179008179, 33, 33, 0, 251.27817269284301, 33
1, 1262347, 721367, 540980, 5410519.665694116, 40, 40, 0, 264.4866859365871, 40
1, 1262454, 721404, 541050, 5410860.887839385, 107, 37, 70, 341.2221452697031, 39
51, 1262544, 721444, 541100, 5411186.99486821, 90, 40, 50, 326.1070288241023, 41
1, 1262585, 721485, 541100, 5411453.238821653, 41, 41, 0, 266.24395344352433, 41
1, 1262620, 721520, 541100, 5411708.468749562, 35, 35, 0, 255.22992790977875, 35
1, 1262691, 721561, 541130, 5412015.047060381, 71, 41, 30, 306.57831081870995, 42
51, 1262821, 721601, 541220, 5412374.911897919, 130, 40, 90, 359.86483753851803, 42
1, 1262886, 721636, 541250, 5412673.953049363, 65, 35, 30, 299.04115144336777, 36
1, 1262975, 721685, 541290, 5413000.000914927, 89, 49, 40, 326.0478655640733, 50
1, 1263018, 721728, 541290, 5413269.67587513, 43, 43, 0, 269.6749602031015, 43
51, 1263098, 721758, 541340, 5413584.845631374, 80, 30, 50, 315.1697562442441, 31
1, 1263141, 721801, 541340, 5413854.5205915775, 43, 43, 0, 269.6749602031015, 43
1, 1263211, 721841, 541370, 5414159.8713524295, 70, 40, 30, 305.3507608519078, 41
51, 1263339, 721879, 541460, 5414518.029918531, 128, 38, 90, 358.1585661014858, 40
1, 1263386, 721926, 541460, 5414794.2629684005, 47, 47, 0, 276.2330498695885, 47
1, 1263457, 721967, 541490, 5415100.841279219, 71, 41, 30, 306.57831081870995, 42
1, 1263491, 722001, 541490, 5415354.114919496, 34, 34, 0, 253.2736402766418, 34
51, 1263585, 722045, 541540, 5415684.3886453435, 94, 44, 50, 330.273725847777, 45
1, 1263660, 722080, 541580, 5415994.771740981, 75, 35, 40, 310.38309563827124, 36
1, 1263697, 722117, 541580, 5416253.804312438, 37, 37, 0, 259.03257145596604, 37
1, 1263736, 722156, 541580, 5416516.504252382, 39, 39, 0, 262.6999399439383, 39
1, 1263840, 722190, 541650, 5416854.847939139, 104, 34, 70, 338.343686757474, 36
51, 1263933, 722233, 541700, 5417184.090219046, 93, 43, 50, 329.24227990714814, 44
1, 1264008, 722278, 541730, 5417495.473314684, 75, 45, 30, 311.38309563827124, 46
1, 1264079, 722309, 541770, 5417801.051625502, 71, 31, 40, 305.57831081870995, 32
51, 1264176, 722356, 541820, 5418134.380524774, 97, 47, 50, 333.3288992714996, 48
1, 1264212, 722392, 541820, 5418391.529499052, 36, 36, 0, 257.1489742783178, 36
1, 1264251, 722431, 541820, 5418654.229438996, 39, 39, 0, 262.6999399439383, 39
1, 1264285, 722465, 541820, 5418907.503079273, 34, 34, 0, 253.2736402766418, 34
51, 1264443, 722503, 541940, 5419286.942288528, 158, 38, 120, 379.43920925585275, 41
1, 1264483, 722543, 541940, 5419551.428974465, 40, 40, 0, 264.4866859365871, 40
1, 1264528, 722588, 541940, 5419824.430980876, 45, 45, 0, 273.00200641113514, 45
1, 1264566, 722626, 541940, 5420085.3133604955, 38, 38, 0, 260.88237961983884, 38
51, 1264695, 722675, 542020, 5420445.3269609865, 129, 49, 80, 360.01360049114555, 51
1, 1264774, 722714, 542060, 5420760.357711117, 79, 39, 40, 315.03075013013313, 40
1, 1264805, 722745, 542060, 5421007.518817293, 31, 31, 0, 247.1611061770567, 31
1, 1264851, 722791, 542060, 5421282.147886007, 46, 46, 0, 274.6290687140218, 46
51, 1264975, 722835, 542140, 5421637.847282555, 124, 44, 80, 355.6993965481514, 46
1, 1265051, 722871, 542180, 5421949.406454928, 76, 36, 40, 311.5591723737189, 37
1, 1265089, 722909, 542180, 5422210.288834548, 38, 38, 0, 260.88237961983884, 38
1, 1265130, 722950, 542180, 5422476.532787991, 41, 41, 0, 266.24395344352433, 41
51, 1265285, 722985, 542300, 5422853.676940529, 155, 35, 120, 377.14415253747273, 38
1, 1265324, 723024, 542300, 5423116.3768804725, 39, 39, 0, 262.6999399439383, 39
1, 1265365, 723065, 542300, 5423382.620833916, 41, 41, 0, 266.24395344352433, 41
51, 1265527, 723107, 542420, 5423765.082968417, 162, 42, 120, 382.4621345008163, 45
1, 1265567, 723147, 542420, 5424029.569654353, 40, 40, 0, 264.4866859365871, 40
1, 1265607, 723187, 542420, 5424294.056340289, 40, 40, 0, 264.4866859365871, 40
51, 1265702, 723232, 542470, 5424625.354904424, 95, 45, 50, 331.2985641352145, 46
1, 1265738, 723268, 542470, 5424882.503878702, 36, 36, 0, 257.1489742783178, 36
1, 1265850, 723310, 542540, 5425228.419191042, 112, 42, 70, 345.91531233955715, 44
1, 1265889, 723349, 542540, 5425491.119130986, 39, 39, 0, 262.6999399439383, 39
51, 1265975, 723385, 542590, 5425812.945295634, 86, 36, 50, 321.82616464756694, 37
1, 1266085, 723425, 542660, 5426156.99847968, 110, 40, 70, 344.0531840464366, 42
1, 1266134, 723474, 542660, 5426436.373610786, 49, 49, 0, 279.3751311064591, 49
1, 1266170, 723510, 542660, 5426693.522585064, 36, 36, 0, 257.1489742783178, 36
51, 1266330, 723550, 542780, 5427074.478467072, 160, 40, 120, 380.95588200778457, 43
1, 1266369, 723589, 542780, 5427337.178407016, 39, 39, 0, 262.6999399439383, 39
1, 1266401, 723621, 542780, 5427586.419830017, 32, 32, 0, 249.24142300054422, 32
51, 1266491, 723661, 542830, 5427912.526858841, 90, 40, 50, 326.1070288241023, 41
1, 1266554, 723694, 542860, 5428208.958183567, 63, 33, 30, 296.43132472612575, 34
1, 1266591, 723731, 542860, 5428467.990755023, 37, 37, 0, 259.03257145596604, 37
1, 1266672, 723772, 542900, 5428785.290755023, 81, 41, 40, 317.3, 42
51, 1266764, 723814, 542950, 5429113.494856492, 92, 42, 50, 328.20410146824725, 43
1, 1266853, 723863, 542990, 5429439.542722056, 89, 49, 40, 326.0478655640733, 50
1, 1266899, 723909, 542990, 5429714.171790769, 46, 46, 0, 274.6290687140218, 46
51, 1267026, 723956, 543070, 5430072.471473069, 127, 47, 80, 358.2996822992933, 49
1, 1267055, 723985, 543070, 5430315.33105178, 29, 29, 0, 242.8595787106084, 29
1, 1267132, 724022, 543110, 5430628.056715546, 77, 37, 40, 312.72566376652986, 38
51, 1267254, 724064, 543190, 5430982.0023341, 122, 42, 80, 353.9456185537469, 44
1, 1267299, 724109, 543190, 5431255.004340512, 45, 45, 0, 273.00200641113514, 45
1, 1267344, 724154, 543190, 5431528.006346923, 45, 45, 0, 273.00200641113514, 45
1, 1267385, 724195, 543190, 5431794.250300366, 41, 41, 0, 266.24395344352433, 41
51, 1267494, 724224, 543270, 5432136.364931866, 109, 29, 80, 342.114631499574, 31
1, 1267568, 724258, 543310, 5432445.562140632, 74, 34, 40, 309.1972087668518, 35
1, 1267607, 724297, 543310, 5432708.262080576, 39, 39, 0, 262.6999399439383, 39
1, 1267673, 724333, 543340, 5433008.589068853, 66, 36, 30, 300.32698827717985, 37
51, 1267758, 724368, 543390, 5433329.3260965245, 85, 35, 50, 320.73702767108114, 36
1, 1267792, 724402, 543390, 5433582.599736801, 34, 34, 0, 253.2736402766418, 34
1, 1267869, 724439, 543430, 5433895.325400568, 77, 37, 40, 312.72566376652986, 38
1, 1267931, 724471, 543460, 5434190.432026898, 62, 32, 30, 295.1066263296683, 33
51, 1268022, 724512, 543510, 5434517.591088836, 91, 41, 50, 327.1590619387661, 42
1, 1268096, 724546, 543550, 5434826.788297603, 74, 34, 40, 309.1972087668518, 35
1, 1268133, 724583, 543550, 5435085.820869059, 37, 37, 0, 259.03257145596604, 37
1, 1268211, 724621, 543590, 5435399.70365568, 78, 38, 40, 313.8827866200841, 39
1, 1268281, 724661, 543620, 5435705.054416532, 70, 40, 30, 305.3507608519078, 41
51, 1268370, 724700, 543670, 5436030.102282096, 89, 39, 50, 325.0478655640733, 40
1, 1268408, 724738, 543670, 5436290.984661715, 38, 38, 0, 260.88237961983884, 38
1, 1268448, 724778, 543670, 5436555.471347651, 40, 40, 0, 264.4866859365871, 40
1, 1268529, 724819, 543710, 5436872.771347651, 81, 41, 40, 317.3, 42
1, 1268559, 724849, 543710, 5437117.806079583, 30, 30, 0, 245.0347319320716, 30
51, 1268679, 724889, 543790, 5437469.981171548, 120, 40, 80, 352.1750919646873, 42
1, 1268757, 724927, 543830, 5437783.863958169, 78, 38, 40, 313.8827866200841, 39
1, 1268830, 724970, 543860, 5438092.865236738, 73, 43, 30, 309.00127856917646, 44
51, 1268922, 725012, 543910, 5438421.069338206, 92, 42, 50, 328.20410146824725, 43
1, 1268966, 725056, 543910, 5438692.420295896, 44, 44, 0, 271.35095769013947, 44
1, 1269002, 725092, 543910, 5438949.569270174, 36, 36, 0, 257.1489742783178, 36
51, 1269089, 725129, 543960, 5439272.476851172, 87, 37, 50, 322.9075809977351, 38
1, 1269201, 725171, 544030, 5439618.392163511, 112, 42, 70, 345.91531233955715, 44
1, 1269256, 725226, 544030, 5439906.719145045, 55, 55, 0, 288.32698153315005, 55
1, 1269295, 725265, 544030, 5440169.419084989, 39, 39, 0, 262.6999399439383, 39
1, 1269340, 725310, 544030, 5440442.4210914, 45, 45, 0, 273.00200641113514, 45
51, 1269472, 725352, 544120, 5440803.977213827, 132, 42, 90, 361.55612242701943, 44
1, 1269513, 725393, 544120, 5441070.22116727, 41, 41, 0, 266.24395344352433, 41
1, 1269577, 725427, 544150, 5441367.9638797445, 64, 34, 30, 297.742712474619, 35
1, 1269658, 725468, 544190, 5441685.263879744, 81, 41, 40, 317.3, 42
51, 1269754, 725514, 544240, 5442017.580795759, 96, 46, 50, 332.31691601465747, 47
1, 1269823, 725553, 544270, 5442321.692937469, 69, 39, 30, 304.1121417102006, 40
1, 1269910, 725600, 544310, 5442645.600518467, 87, 47, 40, 323.9075809977351, 48
1, 1269983, 725643, 544340, 5442954.601797036, 73, 43, 30, 309.00127856917646, 44
51, 1270069, 725679, 544390, 5443276.427961684, 86, 36, 50, 321.82616464756694, 37
1, 1270147, 725717, 544430, 5443590.310748304, 78, 38, 40, 313.8827866200841, 39
1, 1270219, 725759, 544460, 5443898.105811329, 72, 42, 30, 307.79506302439404, 43
1, 1270259, 725799, 544460, 5444162.592497265, 40, 40, 0, 264.4866859365871, 40
51, 1270352, 725842, 544510, 5444491.834777172, 93, 43, 50, 329.24227990714814, 44
1, 1270440, 725890, 544550, 5444816.816208533, 88, 48, 40, 324.98143136087856, 49
1, 1270481, 725931, 544550, 5445083.060161976, 41, 41, 0, 266.24395344352433, 41
1, 1270526, 725976, 544550, 5445356.062168388, 45, 45, 0, 273.00200641113514, 45
51, 1270650, 726020, 544630, 5445711.761564936, 124, 44, 80, 355.6993965481514, 46
1, 1270695, 726065, 544630, 5445984.763571347, 45, 45, 0, 273.00200641113514, 45
1, 1270735, 726105, 544630, 5446249.250257283, 40, 40, 0, 264.4866859365871, 40
1, 1270847, 726147, 544700, 5446595.165569623, 112, 42, 70, 345.91531233955715, 44
51, 1270934, 726184, 544750, 5446918.073150621, 87, 37, 50, 322.9075809977351, 38
1, 1271023, 726233, 544790, 5447244.121016185, 89, 49, 40, 326.0478655640733, 50
1, 1271092, 726272, 544820, 5447548.233157895, 69, 39, 30, 304.1121417102006, 40
1, 1271132, 726312, 544820, 5447812.719843831, 40, 40, 0, 264.4866859365871, 40
1, 1271202, 726352, 544850, 5448118.070604683, 70, 40, 30, 305.3507608519078, 41
51, 1271288, 726388, 544900, 5448439.896769331, 86, 36, 50, 321.82616464756694, 37
1, 1271355, 726425, 544930, 5448741.497324589, 67, 37, 30, 301.6005552576305, 38
1, 1271442, 726472, 544970, 5449065.4049055865, 87, 47, 40, 323.9075809977351, 48
1, 1271487, 726517, 544970, 5449338.406911998, 45, 45, 0, 273.00200641113514, 45
51, 1271574, 726554, 545020, 5449661.314492996, 87, 37, 50, 322.9075809977351, 38
1, 1271616, 726596, 545020, 5449929.287482498, 42, 42, 0, 267.97298950218305, 42
1, 1271658, 726638, 545020, 5450197.260472001, 42, 42, 0, 267.97298950218305, 42
51, 1271779, 726679, 545100, 5450550.3229510365, 121, 41, 80, 353.06247903554, 43
1, 1271856, 726716, 545140, 5450863.048614803, 77, 37, 40, 312.72566376652986, 38
1, 1271897, 726757, 545140, 5451129.292568246, 41, 41, 0, 266.24395344352433, 41
1, 1271932, 726792, 545140, 5451384.522496155, 35, 35, 0, 255.22992790977875, 35
51, 1272026, 726836, 545190, 5451714.796222003, 94, 44, 50, 330.273725847777, 45
1, 1272057, 726867, 545190, 5451961.95732818, 31, 31, 0, 247.1611061770567, 31
1, 1272166, 726906, 545260, 5452305.071959679, 109, 39, 70, 343.114631499574, 41
1, 1272213, 726953, 545260, 5452581.305009549, 47, 47, 0, 276.2330498695885, 47
51, 1272330, 726990, 545340, 5452930.791826347, 117, 37, 80, 349.4868167986058, 39
1, 1272367, 727027, 545340, 5453189.824397803, 37, 37, 0, 259.03257145596604, 37
1, 1272410, 727070, 545340, 5453459.499358007, 43, 43, 0, 269.6749602031015, 43
1, 1272517, 727107, 545410, 5453800.721503276, 107, 37, 70, 341.2221452697031, 39
1, 1272555, 727145, 545410, 5454061.603882896, 38, 38, 0, 260.88237961983884, 38
51, 1272640, 727180, 545460, 5454382.340910567, 85, 35, 50, 320.73702767108114, 36
1, 1272707, 727217, 545490, 5454683.941465825, 67, 37, 30, 301.6005552576305, 38
1, 1272738, 727248, 545490, 5454931.1025720015, 31, 31, 0, 247.1611061770567, 31
1, 1272813, 727283, 545530, 5455241.485667639, 75, 35, 40, 310.38309563827124, 36
51, 1272900, 727320, 545580, 5455564.393248637, 87, 37, 50, 322.9075809977351, 38
1, 1272969, 727359, 545610, 5455868.505390347, 69, 39, 30, 304.1121417102006, 40
1, 1272998, 727388, 545610, 5456111.364969058, 29, 29, 0, 242.8595787106084, 29
1, 1273074, 727424, 545650, 5456422.924141431, 76, 36, 40, 311.5591723737189, 37
1, 1273143, 727463, 545680, 5456727.036283141, 69, 39, 30, 304.1121417102006, 40
51, 1273230, 727500, 545730, 5457049.943864139, 87, 37, 50, 322.9075809977351, 38
1, 1273338, 727538, 545800, 5457392.114843686, 108, 38, 70, 342.1709795470626, 40
1, 1273367, 727567, 545800, 5457634.974422397, 29, 29, 0, 242.8595787106084, 29
1, 1273417, 727617, 545800, 5457915.889217244, 50, 50, 0, 280.9147948472494, 50
1, 1273449, 727649, 545800, 5458165.130640245, 32, 32, 0, 249.24142300054422, 32
51, 1273578, 727688, 545890, 5458524.144240736, 129, 39, 90, 359.01360049114555, 41
1, 1273608, 727718, 545890, 5458769.178972668, 30, 30, 0, 245.0347319320716, 30
1, 1273680, 727760, 545920, 5459076.974035692, 72, 42, 30, 307.79506302439404, 43
1, 1273714, 727794, 545920, 5459330.247675969, 34, 34, 0, 253.2736402766418, 34
1, 1273796, 727836, 545960, 5459648.669345813, 82, 42, 40, 318.42166984345636, 43
51, 1273921, 727881, 546040, 5460005.239498301, 125, 45, 80, 356.57015248821097, 47
1, 1273962, 727922, 546040, 5460271.483451745, 41, 41, 0, 266.24395344352433, 41
1, 1274011, 727971, 546040, 5460550.858582851, 49, 49, 0, 279.3751311064591, 49
1, 1274049, 728009, 546040, 5460811.74096247, 38, 38, 0, 260.88237961983884, 38
51, 1274180, 728050, 546130, 5461172.453290685, 131, 41, 90, 360.7123282155055, 43
1, 1274215, 728085, 546130, 5461427.683218595, 35, 35, 0, 255.22992790977875, 35
1, 1274281, 728121, 546160, 5461728.010206872, 66, 36, 30, 300.32698827717985, 37
51, 1274367, 728157, 546210, 5462049.83637152, 86, 36, 50, 321.82616464756694, 37
1, 1274407, 728197, 546210, 5462314.323057456, 40, 40, 0, 264.4866859365871, 40
1, 1274453, 728243, 546210, 5462588.95212617, 46, 46, 0, 274.6290687140218, 46
51, 1274574, 728274, 546300, 5462941.0146052055, 121, 31, 90, 352.06247903554, 33
1, 1274639, 728309, 546330, 5463240.055756649, 65, 35, 30, 299.04115144336777, 36
1, 1274677, 728347, 546330, 5463500.938136268, 38, 38, 0, 260.88237961983884, 38
51, 1274833, 728383, 546450, 5463878.8500205735, 156, 36, 120, 377.9118843049396, 39
1, 1274872, 728422, 546450, 5464141.549960517, 39, 39, 0, 262.6999399439383, 39
1, 1274911, 728461, 546450, 5464404.249900461, 39, 39, 0, 262.6999399439383, 39
1, 1274952, 728502, 546450, 5464670.493853904, 41, 41, 0, 266.24395344352433, 41
51, 1275041, 728541, 546500, 5464995.541719468, 89, 39, 50, 325.0478655640733, 40
1, 1275113, 728583, 546530, 5465303.336782493, 72, 42, 30, 307.79506302439404, 43
1, 1275195, 728625, 546570, 5465621.758452336, 82, 42, 40, 318.42166984345636, 43
51, 1275313, 728663, 546650, 5465972.145777505, 118, 38, 80, 350.3873251689181, 40
1, 1275362, 728712, 546650, 5466251.520908611, 49, 49, 0, 279.3751311064591, 49
1, 1275387, 728737, 546650, 5466485.127706361, 25, 25, 0, 233.60679774997897, 25
51, 1275482, 728782, 546700, 5466816.426270496, 95, 45, 50, 331.2985641352145, 46
1, 1275514, 728814, 546700, 5467065.667693497, 32, 32, 0, 249.24142300054422, 32
1, 1275602, 728862, 546740, 5467390.649124858, 88, 48, 40, 324.98143136087856, 49
1, 1275682, 728912, 546770, 5467707.818881102, 80, 50, 30, 317.1697562442441, 51
51, 1275778, 728958, 546820, 5468040.135797117, 96, 46, 50, 332.31691601465747, 47
1, 1275860, 729000, 546860, 5468358.5574669605, 82, 42, 40, 318.42166984345636, 43
1, 1275893, 729033, 546860, 5468609.835639654, 33, 33, 0, 251.27817269284301, 33
1, 1275928, 729068, 546860, 5468865.065567563, 35, 35, 0, 255.22992790977875, 35
1, 1276003, 729113, 546890, 5469176.448663201, 75, 45, 30, 311.38309563827124, 46
51, 1276141, 729161, 546980, 5469542.992592753, 138, 48, 90, 366.54392955194305, 50
1, 1276182, 729202, 546980, 5469809.236546196, 41, 41, 0, 266.24395344352433, 41
1, 1276273, 729253, 547020, 5470137.395608135, 91, 51, 40, 328.1590619387661, 52
51, 1276361, 729291, 547070, 5470461.377039496, 88, 38, 50, 323.98143136087856, 39
1, 1276396, 729326, 547070, 5470716.606967405, 35, 35, 0, 255.22992790977875, 35
1, 1276472, 729372, 547100, 5471029.166139779, 76, 46, 30, 312.5591723737189, 47
1, 1276553, 729413, 547140, 5471346.4661397785, 81, 41, 40, 317.3, 42
51, 1276654, 729464, 547190, 5471683.781527751, 101, 51, 50, 337.31538797227006, 52
1, 1276728, 729498, 547230, 5471992.978736518, 74, 34, 40, 309.1972087668518, 35
1, 1276799, 729539, 547260, 5472299.557047336, 71, 41, 30, 306.57831081870995, 42
1, 1276839, 729579, 547260, 5472564.043733273, 40, 40, 0, 264.4866859365871, 40
51, 1276934, 729624, 547310, 5472895.342297408, 95, 45, 50, 331.2985641352145, 46
1, 1276972, 729662, 547310, 5473156.224677027, 38, 38, 0, 260.88237961983884, 38
1, 1277049, 729699, 547350, 5473468.9503407935, 77, 37, 40, 312.72566376652986, 38
51, 1277162, 729732, 547430, 5473814.789384663, 113, 33, 80, 345.83904386951343, 35
1, 1277197, 729767, 547430, 5474070.019312573, 35, 35, 0, 255.22992790977875, 35
1, 1277272, 729812, 547460, 5474381.402408211, 75, 45, 30, 311.38309563827124, 46
51, 1277360, 729850, 547510, 5474705.383839572, 88, 38, 50, 323.98143136087856, 39
1, 1277432, 729882, 547550, 5475012.178902596, 72, 32, 40, 306.79506302439404, 33
1, 1277486, 729936, 547550, 5475299.059503679, 54, 54, 0, 286.88060108295343, 54
1, 1277528, 729978, 547550, 5475567.0324931815, 42, 42, 0, 267.97298950218305, 42
51, 1277615, 730015, 547600, 5475889.940074179, 87, 37, 50, 322.9075809977351, 38
1, 1277693, 730063, 547630, 5476204.8228608, 78, 48, 30, 314.8827866200841, 49
1, 1277726, 730096, 547630, 5476456.101033493, 33, 33, 0, 251.27817269284301, 33
51, 1277879, 730129, 547750, 5476831.7014298085, 153, 33, 120, 375.6003963155711, 36
1, 1277917, 730167, 547750, 5477092.583809428, 38, 38, 0, 260.88237961983884, 38
1, 1277960, 730210, 547750, 5477362.258769631, 43, 43, 0, 269.6749602031015, 43
1, 1278028, 730248, 547780, 5477665.120940734, 68, 38, 30, 302.86217110259, 39
51, 1278158, 730288, 547870, 5478024.985778272, 130, 40, 90, 359.86483753851803, 42
1, 1278190, 730320, 547870, 5478274.227201273, 32, 32, 0, 249.24142300054422, 32
1, 1278230, 730360, 547870, 5478538.713887209, 40, 40, 0, 264.4866859365871, 40
1, 1278268, 730398, 547870, 5478799.5962668285, 38, 38, 0, 260.88237961983884, 38
1, 1278301, 730431, 547870, 5479050.874439522, 33, 33, 0, 251.27817269284301, 33
51, 1278452, 730462, 547990, 5479424.919810728, 151, 31, 120, 374.04537120670284, 34
1, 1278486, 730496, 547990, 5479678.193451005, 34, 34, 0, 253.2736402766418, 34
1, 1278531, 730541, 547990, 5479951.195457417, 45, 45, 0, 273.00200641113514, 45
1, 1278576, 730586, 547990, 5480224.197463828, 45, 45, 0, 273.00200641113514, 45
51, 1278673, 730633, 548040, 5480557.5263631, 97, 47, 50, 333.3288992714996, 48
1, 1278751, 730671, 548080, 5480871.40914972, 78, 38, 40, 313.8827866200841, 39
1, 1278814, 730704, 548110, 5481167.840474446, 63, 33, 30, 296.43132472612575, 34
51, 1278905, 730745, 548160, 5481494.999536385, 91, 41, 50, 327.1590619387661, 42
1, 1278949, 730789, 548160, 5481766.350494075, 44, 44, 0, 271.35095769013947, 44
1, 1279034, 730834, 548200, 5482088.087521746, 85, 45, 40, 321.73702767108114, 46
1, 1279073, 730873, 548200, 5482350.78746169, 39, 39, 0, 262.6999399439383, 39
51, 1279162, 730912, 548250, 5482675.835327254, 89, 39, 50, 325.0478655640733, 40
1, 1279235, 730955, 548280, 5482984.836605823, 73, 43, 30, 309.00127856917646, 44
1, 1279309, 730989, 548320, 5483294.0338145895, 74, 34, 40, 309.1972087668518, 35
51, 1279428, 731028, 548400, 5483645.317209791, 119, 39, 80, 351.28339520229764, 41
1, 1279471, 731071, 548400, 5483914.992169995, 43, 43, 0, 269.6749602031015, 43
1, 1279510, 731110, 548400, 5484177.692109939, 39, 39, 0, 262.6999399439383, 39
1, 1279551, 731151, 548400, 5484443.936063382, 41, 41, 0, 266.24395344352433, 41
51, 1279702, 731182, 548520, 5484817.981434588, 151, 31, 120, 374.04537120670284, 34
1, 1279745, 731225, 548520, 5485087.656394792, 43, 43, 0, 269.6749602031015, 43
1, 1279829, 731269, 548560, 5485408.296405195, 84, 44, 40, 320.64001040350905, 45
1, 1279871, 731311, 548560, 5485676.269394698, 42, 42, 0, 267.97298950218305, 42
51, 1279998, 731358, 548640, 5486034.569076997, 127, 47, 80, 358.2996822992933, 49
1, 1280045, 731405, 548640, 5486310.802126867, 47, 47, 0, 276.2330498695885, 47
1, 1280122, 731442, 548680, 5486623.527790633, 77, 37, 40, 312.72566376652986, 38
1, 1280161, 731481, 548680, 5486886.227730577, 39, 39, 0, 262.6999399439383, 39
51, 1280252, 731522, 548730, 5487213.386792515, 91, 41, 50, 327.1590619387661, 42
1, 1280319, 731559, 548760, 5487514.987347773, 67, 37, 30, 301.6005552576305, 38
1, 1280359, 731599, 548760, 5487779.47403371, 40, 40, 0, 264.4866859365871, 40
51, 1280491, 731641, 548850, 5488141.0301561365, 132, 42, 90, 361.55612242701943, 44
1, 1280532, 731682, 548850, 5488407.27410958, 41, 41, 0, 266.24395344352433, 41
1, 1280564, 731714, 548850, 5488656.51553258, 32, 32, 0, 249.24142300054422, 32
1, 1280609, 731759, 548850, 5488929.517538992, 45, 45, 0, 273.00200641113514, 45
51, 1280764, 731794, 548970, 5489306.66169153, 155, 35, 120, 377.14415253747273, 38
1, 1280803, 731833, 548970, 5489569.3616314735, 39, 39, 0, 262.6999399439383, 39
1, 1280840, 731870, 548970, 5489828.39420293, 37, 37, 0, 259.03257145596604, 37
1, 1280890, 731920, 548970, 5490109.308997777, 50, 50, 0, 280.9147948472494, 50
1, 1280977, 731967, 549010, 5490433.216578775, 87, 47, 40, 323.9075809977351, 48
51, 1281099, 732009, 549090, 5490787.162197329, 122, 42, 80, 353.9456185537469, 44
1, 1281141, 732051, 549090, 5491055.1351868315, 42, 42, 0, 267.97298950218305, 42
1, 1281225, 732095, 549130, 5491375.775197235, 84, 44, 40, 320.64001040350905, 45
1, 1281304, 732144, 549160, 5491691.805947365, 79, 49, 30, 316.03075013013313, 50
1, 1281341, 732181, 549160, 5491950.838518822, 37, 37, 0, 259.03257145596604, 37
51, 1281439, 732229, 549210, 5492285.173147187, 98, 48, 50, 334.33462836457886, 49
1, 1281507, 732257, 549250, 5492587.035318289, 68, 28, 40, 301.86217110259, 29
1, 1281553, 732303, 549250, 5492861.664387003, 46, 46, 0, 274.6290687140218, 46
1, 1281593, 732343, 549250, 5493126.151072939, 40, 40, 0, 264.4866859365871, 40
51, 1281750, 732380, 549370, 5493504.827966057, 157, 37, 120, 378.67689311792185, 40
1, 1281779, 732409, 549370, 5493747.687544768, 29, 29, 0, 242.8595787106084, 29
1, 1281810, 732440, 549370, 5493994.848650944, 31, 31, 0, 247.1611061770567, 31
1, 1281882, 732482, 549400, 5494302.643713969, 72, 42, 30, 307.79506302439404, 43
51, 1281977, 732527, 549450, 5494633.942278104, 95, 45, 50, 331.2985641352145, 46
1, 1282059, 732569, 549490, 5494952.3639479475, 82, 42, 40, 318.42166984345636, 43
1, 1282126, 732606, 549520, 5495253.964503205, 67, 37, 30, 301.6005552576305, 38
1, 1282169, 732649, 549520, 5495523.639463409, 43, 43, 0, 269.6749602031015, 43
1, 1282213, 732693, 549520, 5495794.990421099, 44, 44, 0, 271.35095769013947, 44
51, 1282340, 732730, 549610, 5496152.290103398, 127, 37, 90, 357.2996822992933, 39
1, 1282372, 732762, 549610, 5496401.531526399, 32, 32, 0, 249.24142300054422, 32
1, 1282421, 732811, 549610, 5496680.906657505, 49, 49, 0, 279.3751311064591, 49
51, 1282546, 732856, 549690, 5497037.476809993, 125, 45, 80, 356.57015248821097, 47
1, 1282644, 732914, 549730, 5497372.811438358, 98, 58, 40, 335.33462836457886, 59
1, 1282683, 732953, 549730, 5497635.511378302, 39, 39, 0, 262.6999399439383, 39
51, 1282800, 732990, 549810, 5497984.998195101, 117, 37, 80, 349.4868167986058, 39
1, 1282876, 733026, 549850, 5498296.557367474, 76, 36, 40, 311.5591723737189, 37
1, 1282940, 733060, 549880, 5498594.300079948, 64, 34, 30, 297.742712474619, 35
1, 1282981, 733101, 549880, 5498860.544033391, 41, 41, 0, 266.24395344352433, 41
1, 1283028, 733148, 549880, 5499136.777083261, 47, 47, 0, 276.2330498695885, 47
51, 1283156, 733186, 549970, 5499494.935649362, 128, 38, 90, 358.1585661014858, 40
1, 1283227, 733227, 550000, 5499801.513960181, 71, 41, 30, 306.57831081870995, 42
1, 1283275, 733275, 550000, 5500079.328762772, 48, 48, 0, 277.8148025904985, 48
1, 1283307, 733307, 550000, 5500328.570185772, 32, 32, 0, 249.24142300054422, 32
51, 1283431, 733341, 550090, 5500683.26958232, 124, 34, 90, 354.6993965481514, 36
1, 1283474, 733384, 550090, 5500952.9445425235, 43, 43, 0, 269.6749602031015, 43
1, 1283523, 733433, 550090, 5501232.3196736295, 49, 49, 0, 279.3751311064591, 49
1, 1283590, 733470, 550120, 5501533.920228887, 67, 37, 30, 301.6005552576305, 38
51, 1283715, 733505, 550210, 5501889.490381376, 125, 35, 90, 355.57015248821097, 37
1, 1283741, 733531, 550210, 5502125.500467811, 26, 26, 0, 236.01008643532256, 26
1, 1283814, 733574, 550240, 5502434.50174638, 73, 43, 30, 309.00127856917646, 44
1, 1283855, 733615, 550240, 5502700.745699823, 41, 41, 0, 266.24395344352433, 41
51, 1283992, 733662, 550330, 5503066.467022028, 137, 47, 90, 365.72132220485213, 49
1, 1284022, 733692, 550330, 5503311.50175396, 30, 30, 0, 245.0347319320716, 30
1, 1284085, 733725, 550360, 5503607.933078686, 63, 33, 30, 296.43132472612575, 34
1, 1284123, 733763, 550360, 5503868.815458305, 38, 38, 0, 260.88237961983884, 38
51, 1284207, 733797, 550410, 5504188.455468709, 84, 34, 50, 319.64001040350905, 35
1, 1284321, 733841, 550480, 5504536.213456401, 114, 44, 70, 347.75798769167545, 46
1, 1284362, 733882, 550480, 5504802.457409844, 41, 41, 0, 266.24395344352433, 41
1, 1284407, 733927, 550480, 5505075.459416255, 45, 45, 0, 273.00200641113514, 45
1, 1284446, 733966, 550480, 5505338.159356199, 39, 39, 0, 262.6999399439383, 39
51, 1284533, 734003, 550530, 5505661.066937197, 87, 37, 50, 322.9075809977351, 38
1, 1284620, 734050, 550570, 5505984.974518195, 87, 47, 40, 323.9075809977351, 48
1, 1284687, 734087, 550600, 5506286.575073453, 67, 37, 30, 301.6005552576305, 38
1, 1284725, 734125, 550600, 5506547.457453072, 38, 38, 0, 260.88237961983884, 38
51, 1284837, 734157, 550680, 5506892.372765412, 112, 32, 80, 344.91531233955715, 34
1, 1284920, 734200, 550720, 5507211.907713341, 83, 43, 40, 319.5349479292333, 44
1, 1284961, 734241, 550720, 5507478.151666784, 41, 41, 0, 266.24395344352433, 41
1, 1285014, 734294, 550720, 5507763.568454425, 53, 53, 0, 285.4167876408086, 53
1, 1285050, 734330, 550720, 5508020.717428703, 36, 36, 0, 257.1489742783178, 36
51, 1285208, 734368, 550840, 5508400.156637958, 158, 38, 120, 379.43920925585275, 41
1, 1285252, 734412, 550840, 5508671.507595648, 44, 44, 0, 271.35095769013947, 44
1, 1285297, 734457, 550840, 5508944.50960206, 45, 45, 0, 273.00200641113514, 45
1, 1285369, 734489, 550880, 5509251.304665084, 72, 32, 40, 306.79506302439404, 33
51, 1285456, 734526, 550930, 5509574.212246082, 87, 37, 50, 322.9075809977351, 38
1, 1285492, 734562, 550930, 5509831.36122036, 36, 36, 0, 257.1489742783178, 36
1, 1285599, 734599, 551000, 5510172.583365629, 107, 37, 70, 341.2221452697031, 39
1, 1285636, 734636, 551000, 5510431.615937086, 37, 37, 0, 259.03257145596604, 37
51, 1285729, 734679, 551050, 5510760.858216993, 93, 43, 50, 329.24227990714814, 44
1, 1285845, 734725, 551120, 5511110.440020484, 116, 46, 70, 349.5818034911291, 48
1, 1285881, 734761, 551120, 5511367.588994762, 36, 36, 0, 257.1489742783178, 36
1, 1285918, 734798, 551120, 5511626.621566218, 37, 37, 0, 259.03257145596604, 37
51, 1286011, 734841, 551170, 5511955.863846125, 93, 43, 50, 329.24227990714814, 44
1, 1286056, 734886, 551170, 5512228.865852537, 45, 45, 0, 273.00200641113514, 45
1, 1286102, 734932, 551170, 5512503.49492125, 46, 46, 0, 274.6290687140218, 46
51, 1286250, 734960, 551290, 5512875.186048727, 148, 28, 120, 371.69112747597865, 31
1, 1286282, 734992, 551290, 5513124.427471727, 32, 32, 0, 249.24142300054422, 32
1, 1286401, 735041, 551360, 5513476.710866929, 119, 49, 70, 352.28339520229764, 51
1, 1286434, 735074, 551360, 5513727.989039622, 33, 33, 0, 251.27817269284301, 33
1, 1286478, 735118, 551360, 5513999.339997312, 44, 44, 0, 271.35095769013947, 44
51, 1286570, 735160, 551410, 5514327.5440987805, 92, 42, 50, 328.20410146824725, 43
1, 1286653, 735203, 551450, 5514647.079046709, 83, 43, 40, 319.5349479292333, 44
1, 1286693, 735243, 551450, 5514911.565732646, 40, 40, 0, 264.4866859365871, 40
1, 1286805, 735285, 551520, 5515257.481044985, 112, 42, 70, 345.91531233955715, 44
51, 1286888, 735318, 551570, 5515576.015992914, 83, 33, 50, 318.5349479292333, 34
1, 1286921, 735351, 551570, 5515827.294165608, 33, 33, 0, 251.27817269284301, 33
1, 1286957, 735387, 551570, 5516084.443139886, 36, 36, 0, 257.1489742783178, 36
1, 1287029, 735429, 551600, 5516392.23820291, 72, 42, 30, 307.79506302439404, 43
51, 1287155, 735465, 551690, 5516748.675098794, 126, 36, 90, 356.43689588345075, 38
1, 1287197, 735507, 551690, 5517016.648088296, 42, 42, 0, 267.97298950218305, 42
1, 1287277, 735547, 551730, 5517332.81784454, 80, 40, 40, 316.1697562442441, 41
1, 1287319, 735589, 551730, 5517600.790834042, 42, 42, 0, 267.97298950218305, 42
51, 1287437, 735627, 551810, 5517951.178159211, 118, 38, 80, 350.3873251689181, 40
1, 1287474, 735664, 551810, 5518210.210730667, 37, 37, 0, 259.03257145596604, 37
1, 1287514, 735704, 551810, 5518474.697416604, 40, 40, 0, 264.4866859365871, 40
51, 1287679, 735749, 551930, 5518859.399880026, 165, 45, 120, 384.7024634215721, 48
1, 1287716, 735786, 551930, 5519118.432451482, 37, 37, 0, 259.03257145596604, 37
1, 1287753, 735823, 551930, 5519377.465022938, 37, 37, 0, 259.03257145596604, 37
1, 1287821, 735851, 551970, 5519679.327194041, 68, 28, 40, 301.86217110259, 29
1, 1287860, 735890, 551970, 5519942.0271339845, 39, 39, 0, 262.6999399439383, 39
51, 1287972, 735922, 552050, 5520286.942446324, 112, 32, 80, 344.91531233955715, 34
1, 1288011, 735961, 552050, 5520549.642386268, 39, 39, 0, 262.6999399439383, 39
1, 1288050, 736000, 552050, 5520812.342326212, 39, 39, 0, 262.6999399439383, 39
1, 1288090, 736040, 552050, 5521076.829012148, 40, 40, 0, 264.4866859365871, 40
51, 1288213, 736073, 552140, 5521430.65358341, 123, 33, 90, 353.8245712617827, 35
1, 1288254, 736114, 552140, 5521696.897536853, 41, 41, 0, 266.24395344352433, 41
1, 1288326, 736156, 552170, 5522004.692599878, 72, 42, 30, 307.79506302439404, 43
1, 1288362, 736192, 552170, 5522261.841574156, 36, 36, 0, 257.1489742783178, 36
1, 1288401, 736231, 552170, 5522524.5415141, 39, 39, 0, 262.6999399439383, 39
51, 1288500, 736280, 552220, 5522859.875728653, 99, 49, 50, 335.33421455299043, 50
1, 1288601, 736311, 552290, 5523195.291116625, 101, 31, 70, 335.41538797227, 33
1, 1288634, 736344, 552290, 5523446.569289318, 33, 33, 0, 251.27817269284301, 33
1, 1288697, 736377, 552320, 5523743.000614044, 63, 33, 30, 296.43132472612575, 34
51, 1288820, 736410, 552410, 5524096.825185306, 123, 33, 90, 353.8245712617827, 35
1, 1288854, 736444, 552410, 5524350.098825583, 34, 34, 0, 253.2736402766418, 34
1, 1288935, 736485, 552450, 5524667.398825583, 81, 41, 40, 317.3, 42
51, 1289021, 736521, 552500, 5524989.224990231, 86, 36, 50, 321.82616464756694, 37
1, 1289076, 736576, 552500, 5525277.551971764, 55, 55, 0, 288.32698153315005, 55
1, 1289149, 736619, 552530, 5525586.553250333, 73, 43, 30, 309.00127856917646, 44
1, 1289228, 736658, 552570, 5525901.584000464, 79, 39, 40, 315.03075013013313, 40
51, 1289350, 736700, 552650, 5526255.529619018, 122, 42, 80, 353.9456185537469, 44
1, 1289393, 736743, 552650, 5526525.204579221, 43, 43, 0, 269.6749602031015, 43
1, 1289470, 736780, 552690, 5526837.930242987, 77, 37, 40, 312.72566376652986, 38
1, 1289510, 736820, 552690, 5527102.416928924, 40, 40, 0, 264.4866859365871, 40
51, 1289598, 736858, 552740, 5527426.398360285, 88, 38, 50, 323.98143136087856, 39
1, 1289670, 736900, 552770, 5527734.193423309, 72, 42, 30, 307.79506302439404, 43
1, 1289743, 736933, 552810, 5528042.194701878, 73, 33, 40, 308.00127856917646, 34
1, 1289789, 736979, 552810, 5528316.823770592, 46, 46, 0, 274.6290687140218, 46
51, 1289905, 737015, 552890, 5528665.405574083, 116, 36, 80, 348.5818034911291, 38
1, 1289948, 737058, 552890, 5528935.080534287, 43, 43, 0, 269.6749602031015, 43
1, 1290027, 737097, 552930, 5529250.111284417, 79, 39, 40, 315.03075013013313, 40
1, 1290095, 737135, 552960, 5529552.973455519, 68, 38, 30, 302.86217110259, 39
1, 1290135, 737175, 552960, 5529817.460141456, 40, 40, 0, 264.4866859365871, 40
51, 1290251, 737211, 553040, 5530166.041944947, 116, 36, 80, 348.5818034911291, 38
1, 1290290, 737250, 553040, 5530428.741884891, 39, 39, 0, 262.6999399439383, 39
1, 1290371, 737291, 553080, 5530746.041884891, 81, 41, 40, 317.3, 42
1, 1290444, 737334, 553110, 5531055.04316346, 73, 43, 30, 309.00127856917646, 44
1, 1290485, 737375, 553110, 5531321.287116903, 41, 41, 0, 266.24395344352433, 41
51, 1290612, 737412, 553200, 5531678.5867992025, 127, 37, 90, 357.2996822992933, 39
1, 1290657, 737457, 553200, 5531951.588805614, 45, 45, 0, 273.00200641113514, 45
1, 1290721, 737491, 553230, 5532249.3315180885, 64, 34, 30, 297.742712474619, 35
1, 1290772, 737542, 553230, 5532531.766029866, 51, 51, 0, 282.43451177837886, 51
1, 1290853, 737583, 553270, 5532849.066029866, 81, 41, 40, 317.3, 42
51, 1290976, 737626, 553350, 5533203.890601128, 123, 43, 80, 354.8245712617827, 45
1, 1291015, 737665, 553350, 5533466.590541072, 39, 39, 0, 262.6999399439383, 39
1, 1291053, 737703, 553350, 5533727.472920692, 38, 38, 0, 260.88237961983884, 38
1, 1291084, 737734, 553350, 5533974.634026868, 31, 31, 0, 247.1611061770567, 31
51, 1291163, 737763, 553400, 5534288.664776999, 79, 29, 50, 314.03075013013313, 30
1, 1291235, 737795, 553440, 5534595.459840023, 72, 32, 40, 306.79506302439404, 33
1, 1291304, 737834, 553470, 5534899.571981733, 69, 39, 30, 304.1121417102006, 40
1, 1291346, 737876, 553470, 5535167.544971235, 42, 42, 0, 267.97298950218305, 42
51, 1291478, 737918, 553560, 5535529.101093662, 132, 42, 90, 361.55612242701943, 44
1, 1291515, 737955, 553560, 5535788.133665118, 37, 37, 0, 259.03257145596604, 37
1, 1291595, 737995, 553600, 5536104.303421362, 80, 40, 40, 316.1697562442441, 41
1, 1291665, 738035, 553630, 5536409.654182214, 70, 40, 30, 305.3507608519078, 41
51, 1291754, 738074, 553680, 5536734.702047778, 89, 39, 50, 325.0478655640733, 40
1, 1291816, 738106, 553710, 5537029.808674108, 62, 32, 30, 295.1066263296683, 33
1, 1291904, 738154, 553750, 5537354.7901054695, 88, 48, 40, 324.98143136087856, 49
1, 1291947, 738197, 553750, 5537624.465065673, 43, 43, 0, 269.6749602031015, 43
1, 1291994, 738244, 553750, 5537900.6981155425, 47, 47, 0, 276.2330498695885, 47
51, 1292117, 738277, 553840, 5538254.522686805, 123, 33, 90, 353.8245712617827, 35
1, 1292157, 738317, 553840, 5538519.009372741, 40, 40, 0, 264.4866859365871, 40
1, 1292218, 738348, 553870, 5538812.777612008, 61, 31, 30, 293.7682392671241, 32
1, 1292260, 738390, 553870, 5539080.7506015105, 42, 42, 0, 267.97298950218305, 42
1, 1292300, 738430, 553870, 5539345.237287447, 40, 40, 0, 264.4866859365871, 40
51, 1292436, 738476, 553960, 5539710.1325844815, 136, 46, 90, 364.89529703482884, 48
1, 1292481, 738521, 553960, 5539983.134590893, 45, 45, 0, 273.00200641113514, 45
1, 1292523, 738563, 553960, 5540251.107580395, 42, 42, 0, 267.97298950218305, 42
1, 1292593, 738603, 553990, 5540556.458341247, 70, 40, 30, 305.3507608519078, 41
51, 1292681, 738641, 554040, 5540880.439772609, 88, 38, 50, 323.98143136087856, 39
1, 1292755, 738675, 554080, 5541189.6369813755, 74, 34, 40, 309.1972087668518, 35
1, 1292825, 738715, 554110, 5541494.9877422275, 70, 40, 30, 305.3507608519078, 41
1, 1292858, 738748, 554110, 5541746.265914921, 33, 33, 0, 251.27817269284301, 33
51, 1292980, 738780, 554200, 5542099.211533475, 122, 32, 90, 352.9456185537469, 34
1, 1293016, 738816, 554200, 5542356.360507753, 36, 36, 0, 257.1489742783178, 36
1, 1293082, 738852, 554230, 5542656.68749603, 66, 36, 30, 300.32698827717985, 37
1, 1293125, 738895, 554230, 5542926.362456233, 43, 43, 0, 269.6749602031015, 43
51, 1293209, 738929, 554280, 5543246.002466637, 84, 34, 50, 319.64001040350905, 35
1, 1293285, 738965, 554320, 5543557.56163901, 76, 36, 40, 311.5591723737189, 37
1, 1293331, 739011, 554320, 5543832.190707724, 46, 46, 0, 274.6290687140218, 46
1, 1293398, 739048, 554350, 5544133.7912629815, 67, 37, 30, 301.6005552576305, 38
51, 1293491, 739091, 554400, 5544463.033542888, 93, 43, 50, 329.24227990714814, 44
1, 1293518, 739118, 554400, 5544701.384248584, 27, 27, 0, 238.35070569547776, 27
1, 1293554, 739154, 554400, 5544958.533222862, 36, 36, 0, 257.1489742783178, 36
1, 1293667, 739197, 554470, 5545305.372266731, 113, 43, 70, 346.83904386951343, 45
51, 1293760, 739240, 554520, 5545634.614546638, 93, 43, 50, 329.24227990714814, 44
1, 1293795, 739275, 554520, 5545889.844474548, 35, 35, 0, 255.22992790977875, 35
1, 1293831, 739311, 554520, 5546146.993448826, 36, 36, 0, 257.1489742783178, 36
1, 1293905, 739345, 554560, 5546456.190657592, 74, 34, 40, 309.1972087668518, 35
51, 1293993, 739383, 554610, 5546780.172088954, 88, 38, 50, 323.98143136087856, 39
1, 1294062, 739422, 554640, 5547084.284230663, 69, 39, 30, 304.1121417102006, 40
1, 1294096, 739456, 554640, 5547337.55787094, 34, 34, 0, 253.2736402766418, 34
51, 1294196, 739506, 554690, 5547673.885636957, 100, 50, 50, 336.327766016838, 51
1, 1294240, 739550, 554690, 5547945.236594647, 44, 44, 0, 271.35095769013947, 44
1, 1294342, 739582, 554760, 5548281.633777428, 102, 32, 70, 336.39718278112656, 34
1, 1294379, 739619, 554760, 5548540.666348885, 37, 37, 0, 259.03257145596604, 37
51, 1294468, 739658, 554810, 5548865.714214449, 89, 39, 50, 325.0478655640733, 40
1, 1294553, 739703, 554850, 5549187.45124212, 85, 45, 40, 321.73702767108114, 46
1, 1294628, 739748, 554880, 5549498.834337758, 75, 45, 30, 311.38309563827124, 46
51, 1294717, 739787, 554930, 5549823.882203322, 89, 39, 50, 325.0478655640733, 40
1, 1294820, 739820, 555000, 5550161.255453377, 103, 33, 70, 337.37325005549695, 35
1, 1294856, 739856, 555000, 5550418.404427655, 36, 36, 0, 257.1489742783178, 36
1, 1294896, 739896, 555000, 5550682.891113591, 40, 40, 0, 264.4866859365871, 40
51, 1295027, 739937, 555090, 5551043.6034418065, 131, 41, 90, 360.7123282155055, 43
1, 1295097, 739977, 555120, 5551348.9542026585, 70, 40, 30, 305.3507608519078, 41
1, 1295170, 740010, 555160, 5551656.9554812275, 73, 33, 40, 308.00127856917646, 34
1, 1295238, 740048, 555190, 5551959.81765233, 68, 38, 30, 302.86217110259, 39
51, 1295322, 740082, 555240, 5552279.457662733, 84, 34, 50, 319.64001040350905, 35
1, 1295390, 740120, 555270, 5552582.319833836, 68, 38, 30, 302.86217110259, 39
1, 1295430, 740160, 555270, 5552846.806519772, 40, 40, 0, 264.4866859365871, 40
1, 1295535, 740195, 555340, 5553186.115107066, 105, 35, 70, 339.30858729436795, 37
51, 1295627, 740237, 555390, 5553514.319208534, 92, 42, 50, 328.20410146824725, 43
1, 1295669, 740279, 555390, 5553782.292198037, 42, 42, 0, 267.97298950218305, 42
1, 1295721, 740331, 555390, 5554066.227159465, 52, 52, 0, 283.93496142826496, 52
1, 1295798, 740378, 555420, 5554379.952823231, 77, 47, 30, 313.72566376652986, 48
51, 1295932, 740422, 555510, 5554743.1856391495, 134, 44, 90, 363.23281591860336, 46
1, 1295979, 740469, 555510, 5555019.418689019, 47, 47, 0, 276.2330498695885, 47
1, 1296046, 740506, 555540, 5555321.019244277, 67, 37, 30, 301.6005552576305, 38
1, 1296087, 740547, 555540, 5555587.26319772, 41, 41, 0, 266.24395344352433, 41
51, 1296215, 740585, 555630, 5555945.4217638215, 128, 38, 90, 358.1585661014858, 40
1, 1296288, 740628, 555660, 5556254.4230423905, 73, 43, 30, 309.00127856917646, 44
1, 1296331, 740671, 555660, 5556524.098002594, 43, 43, 0, 269.6749602031015, 43
1, 1296369, 740709, 555660, 5556784.980382213, 38, 38, 0, 260.88237961983884, 38
1, 1296414, 740754, 555660, 5557057.982388625, 45, 45, 0, 273.00200641113514, 45
51, 1296526, 740786, 555740, 5557402.8977009645, 112, 32, 80, 344.91531233955715, 34
1, 1296600, 740820, 555780, 5557712.094909731, 74, 34, 40, 309.1972087668518, 35
1, 1296641, 740861, 555780, 5557978.338863174, 41, 41, 0, 266.24395344352433, 41
1, 1296752, 740902, 555850, 5558323.325581215, 111, 41, 70, 344.9867180408456, 43
51, 1296836, 740936, 555900, 5558642.965591619, 84, 34, 50, 319.64001040350905, 35
1, 1296918, 740978, 555940, 5558961.387261462, 82, 42, 40, 318.42166984345636, 43
1, 1296956, 741016, 555940, 5559222.269641082, 38, 38, 0, 260.88237961983884, 38
1, 1297026, 741056, 555970, 5559527.620401934, 70, 40, 30, 305.3507608519078, 41
1, 1297066, 741096, 555970, 5559792.10708787, 40, 40, 0, 264.4866859365871, 40
51, 1297177, 741157, 556020, 5560138.993805911, 111, 61, 50, 346.8867180408456, 62
1, 1297261, 741201, 556060, 5560459.633816315, 84, 44, 40, 320.64001040350905, 45
1, 1297335, 741245, 556090, 5560769.831025082, 74, 44, 30, 310.1972087668518, 45
51, 1297434, 741294, 556140, 5561105.165239635, 99, 49, 50, 335.33421455299043, 50
1, 1297473, 741333, 556140, 5561367.865179579, 39, 39, 0, 262.6999399439383, 39
1, 1297555, 741375, 556180, 5561686.286849422, 82, 42, 40, 318.42166984345636, 43
1, 1297623, 741413, 556210, 5561989.149020525, 68, 38, 30, 302.86217110259, 39
51, 1297754, 741454, 556300, 5562349.86134874, 131, 41, 90, 360.7123282155055, 43
1, 1297783, 741483, 556300, 5562592.720927451, 29, 29, 0, 242.8595787106084, 29
1, 1297816, 741516, 556300, 5562843.999100144, 33, 33, 0, 251.27817269284301, 33
1, 1297854, 741554, 556300, 5563104.881479763, 38, 38, 0, 260.88237961983884, 38
51, 1297981, 741601, 556380, 5563463.181162063, 127, 47, 80, 358.2996822992933, 49
1, 1298062, 741642, 556420, 5563780.481162063, 81, 41, 40, 317.3, 42
1, 1298140, 741690, 556450, 5564095.363948683, 78, 48, 30, 314.8827866200841, 49
1, 1298176, 741726, 556450, 5564352.512922961, 36, 36, 0, 257.1489742783178, 36
51, 1298288, 741758, 556530, 5564697.428235301, 112, 32, 80, 344.91531233955715, 34
1, 1298329, 741799, 556530, 5564963.672188744, 41, 41, 0, 266.24395344352433, 41
1, 1298413, 741843, 556570, 5565284.312199147, 84, 44, 40, 320.64001040350905, 45
51, 1298507, 741887, 556620, 5565614.585924995, 94, 44, 50, 330.273725847777, 45
1, 1298568, 741918, 556650, 5565908.354164262, 61, 31, 30, 293.7682392671241, 32
1, 1298607, 741957, 556650, 5566171.054104206, 39, 39, 0, 262.6999399439383, 39
1, 1298645, 741995, 556650, 5566431.936483826, 38, 38, 0, 260.88237961983884, 38
51, 1298776, 742036, 556740, 5566792.648812041, 131, 41, 90, 360.7123282155055, 43
1, 1298846, 742076, 556770, 5567097.999572893, 70, 40, 30, 305.3507608519078, 41
1, 1298918, 742108, 556810, 5567404.794635917, 72, 32, 40, 306.79506302439404, 33
1, 1298959, 742149, 556810, 5567671.03858936, 41, 41, 0, 266.24395344352433, 41
1, 1299049, 742199, 556850, 5567998.1456181845, 90, 50, 40, 327.1070288241023, 51
51, 1299140, 742240, 556900, 5568325.304680123, 91, 41, 50, 327.1590619387661, 42
1, 1299177, 742277, 556900, 5568584.337251579, 37, 37, 0, 259.03257145596604, 37
1, 1299286, 742316, 556970, 5568927.451883079, 109, 39, 70, 343.114631499574, 41
1, 1299323, 742353, 556970, 5569186.484454535, 37, 37, 0, 259.03257145596604, 37
1, 1299362, 742392, 556970, 5569449.184394479, 39, 39, 0, 262.6999399439383, 39
51, 1299461, 742441, 557020, 5569784.518609032, 99, 49, 50, 335.33421455299043, 50
1, 1299534, 742474, 557060, 5570092.519887601, 73, 33, 40, 308.00127856917646, 34
1, 1299565, 742505, 557060, 5570339.680993778, 31, 31, 0, 247.1611061770567, 31
51, 1299689, 742549, 557140, 5570695.380390326, 124, 44, 80, 355.6993965481514, 46
1, 1299728, 742588, 557140, 5570958.080330269, 39, 39, 0, 262.6999399439383, 39
1, 1299813, 742633, 557180, 5571279.817357941, 85, 45, 40, 321.73702767108114, 46
1, 1299841, 742661, 557180, 5571520.45002132, 28, 28, 0, 240.63266337912057, 28
1, 1299920, 742700, 557220, 5571835.48077145, 79, 39, 40, 315.03075013013313, 40
51, 1300017, 742747, 557270, 5572168.809670722, 97, 47, 50, 333.3288992714996, 48
1, 1300087, 742787, 557300, 5572474.160431574, 70, 40, 30, 305.3507608519078, 41
1, 1300136, 742836, 557300, 5572753.53556268, 49, 49, 0, 279.3751311064591, 49
1, 1300214, 742874, 557340, 5573067.4183493005, 78, 38, 40, 313.8827866200841, 39
51, 1300305, 742915, 557390, 5573394.577411239, 91, 41, 50, 327.1590619387661, 42
1, 1300373, 742953, 557420, 5573697.439582341, 68, 38, 30, 302.86217110259, 39
1, 1300402, 742982, 557420, 5573940.299161052, 29, 29, 0, 242.8595787106084, 29
1, 1300472, 743012, 557460, 5574244.649921904, 70, 30, 40, 304.3507608519078, 31
1, 1300545, 743055, 557490, 5574553.651200473, 73, 43, 30, 309.00127856917646, 44
51, 1300642, 743102, 557540, 5574886.980099745, 97, 47, 50, 333.3288992714996, 48
1, 1300719, 743139, 557580, 5575199.705763511, 77, 37, 40, 312.72566376652986, 38
1, 1300772, 743192, 557580, 5575485.1225511525, 53, 53, 0, 285.4167876408086, 53
1, 1300844, 743234, 557610, 5575792.917614177, 72, 42, 30, 307.79506302439404, 43
1, 1300882, 743272, 557610, 5576053.799993796, 38, 38, 0, 260.88237961983884, 38
51, 1300972, 743312, 557660, 5576379.907022621, 90, 40, 50, 326.1070288241023, 41
1, 1301048, 743348, 557700, 5576691.466194994, 76, 36, 40, 311.5591723737189, 37
1, 1301090, 743390, 557700, 5576959.439184496, 42, 42, 0, 267.97298950218305, 42
1, 1301135, 743435, 557700, 5577232.441190908, 45, 45, 0, 273.00200641113514, 45
51, 1301248, 743468, 557780, 5577578.280234777, 113, 33, 80, 345.83904386951343, 35
1, 1301329, 743509, 557820, 5577895.580234777, 81, 41, 40, 317.3, 42
1, 1301372, 743552, 557820, 5578165.255194981, 43, 43, 0, 269.6749602031015, 43
1, 1301415, 743595, 557820, 5578434.930155184, 43, 43, 0, 269.6749602031015, 43
51, 1301568, 743628, 557940, 5578810.5305515, 153, 33, 120, 375.6003963155711, 36
1, 1301608, 743668, 557940, 5579075.017237436, 40, 40, 0, 264.4866859365871, 40
1, 1301686, 743706, 557980, 5579388.900024056, 78, 38, 40, 313.8827866200841, 39
1, 1301734, 743754, 557980, 5579666.714826647, 48, 48, 0, 277.8148025904985, 48
51, 1301830, 743800, 558030, 5579999.031742662, 96, 46, 50, 332.31691601465747, 47
1, 1301937, 743837, 558100, 5580340.253887932, 107, 37, 70, 341.2221452697031, 39
1, 1301987, 743887, 558100, 5580621.168682779, 50, 50, 0, 280.9147948472494, 50
1, 1302054, 743924, 558130, 5580922.769238037, 67, 37, 30, 301.6005552576305, 38
51, 1302145, 743965, 558180, 5581249.928299976, 91, 41, 50, 327.1590619387661, 42
1, 1302176, 743996, 558180, 5581497.089406152, 31, 31, 0, 247.1611061770567, 31
1, 1302286, 744036, 558250, 5581841.142590199, 110, 40, 70, 344.0531840464366, 42
1, 1302327, 744077, 558250, 5582107.386543642, 41, 41, 0, 266.24395344352433, 41
51, 1302415, 744115, 558300, 5582431.367975003, 88, 38, 50, 323.98143136087856, 39
1, 1302460, 744160, 558300, 5582704.369981415, 45, 45, 0, 273.00200641113514, 45
1, 1302504, 744204, 558300, 5582975.720939104, 44, 44, 0, 271.35095769013947, 44
51, 1302637, 744247, 558390, 5583338.117208146, 133, 43, 90, 362.3962690412072, 45
1, 1302705, 744285, 558420, 5583640.979379248, 68, 38, 30, 302.86217110259, 39
1, 1302752, 744332, 558420, 5583917.212429117, 47, 47, 0, 276.2330498695885, 47
1, 1302822, 744372, 558450, 5584222.563189969, 70, 40, 30, 305.3507608519078, 41
51, 1302963, 744423, 558540, 5584591.554862635, 141, 51, 90, 368.9916726654594, 53
1, 1303003, 744463, 558540, 5584856.041548572, 40, 40, 0, 264.4866859365871, 40
1, 1303044, 744504, 558540, 5585122.285502015, 41, 41, 0, 266.24395344352433, 41
1, 1303118, 744548, 558570, 5585432.4827107815, 74, 44, 30, 310.1972087668518, 45
51, 1303202, 744582, 558620, 5585752.122721185, 84, 34, 50, 319.64001040350905, 35
1, 1303239, 744619, 558620, 5586011.155292641, 37, 37, 0, 259.03257145596604, 37
1, 1303311, 744651, 558660, 5586317.950355666, 72, 32, 40, 306.79506302439404, 33
1, 1303353, 744693, 558660, 5586585.923345168, 42, 42, 0, 267.97298950218305, 42
51, 1303449, 744739, 558710, 5586918.240261183, 96, 46, 50, 332.31691601465747, 47
1, 1303524, 744784, 558740, 5587229.623356821, 75, 45, 30, 311.38309563827124, 46
1, 1303566, 744826, 558740, 5587497.596346323, 42, 42, 0, 267.97298950218305, 42
1, 1303674, 744864, 558810, 5587839.767325871, 108, 38, 70, 342.1709795470626, 40
51, 1303760, 744900, 558860, 5588161.593490519, 86, 36, 50, 321.82616464756694, 37
1, 1303830, 744940, 558890, 5588466.944251371, 70, 40, 30, 305.3507608519078, 41
1, 1303865, 744975, 558890, 5588722.17417928, 35, 35, 0, 255.22992790977875, 35
1, 1303936, 745016, 558920, 5589028.752490099, 71, 41, 30, 306.57831081870995, 42
51, 1304069, 745059, 559010, 5589391.14875914, 133, 43, 90, 362.3962690412072, 45
1, 1304142, 745102, 559040, 5589700.150037709, 73, 43, 30, 309.00127856917646, 44
1, 1304188, 745148, 559040, 5589974.779106422, 46, 46, 0, 274.6290687140218, 46
51, 1304281, 745191, 559090, 5590304.021386329, 93, 43, 50, 329.24227990714814, 44
1, 1304387, 745227, 559160, 5590644.289429938, 106, 36, 70, 340.2680436096278, 38
1, 1304423, 745263, 559160, 5590901.438404216, 36, 36, 0, 257.1489742783178, 36
1, 1304462, 745302, 559160, 5591164.13834416, 39, 39, 0, 262.6999399439383, 39
1, 1304501, 745341, 559160, 5591426.838284104, 39, 39, 0, 262.6999399439383, 39
51, 1304595, 745385, 559210, 5591757.112009952, 94, 44, 50, 330.273725847777, 45
1, 1304706, 745426, 559280, 5592102.098727993, 111, 41, 70, 344.9867180408456, 43
1, 1304743, 745463, 559280, 5592361.131299449, 37, 37, 0, 259.03257145596604, 37
51, 1304833, 745503, 559330, 5592687.238328273, 90, 40, 50, 326.1070288241023, 41
1, 1304949, 745549, 559400, 5593036.820131765, 116, 46, 70, 349.5818034911291, 48
1, 1304993, 745593, 559400, 5593308.171089455, 44, 44, 0, 271.35095769013947, 44
1, 1305039, 745639, 559400, 5593582.800158168, 46, 46, 0, 274.6290687140218, 46
51, 1305152, 745672, 559480, 5593928.639202038, 113, 33, 80, 345.83904386951343, 35
1, 1305195, 745715, 559480, 5594198.314162241, 43, 43, 0, 269.6749602031015, 43
1, 1305273, 745753, 559520, 5594512.196948862, 78, 38, 40, 313.8827866200841, 39
51, 1305361, 745791, 559570, 5594836.178380223, 88, 38, 50, 323.98143136087856, 39
1, 1305395, 745825, 559570, 5595089.4520205, 34, 34, 0, 253.2736402766418, 34
1, 1305439, 745869, 559570, 5595360.80297819, 44, 44, 0, 271.35095769013947, 44
51, 1305557, 745907, 559650, 5595711.190303358, 118, 38, 80, 350.3873251689181, 40
1, 1305636, 745946, 559690, 5596026.221053489, 79, 39, 40, 315.03075013013313, 40
1, 1305676, 745986, 559690, 5596290.707739425, 40, 40, 0, 264.4866859365871, 40
1, 1305705, 746015, 559690, 5596533.567318136, 29, 29, 0, 242.8595787106084, 29
51, 1305838, 746058, 559780, 5596895.963587177, 133, 43, 90, 362.3962690412072, 45
1, 1305904, 746094, 559810, 5597196.290575454, 66, 36, 30, 300.32698827717985, 37
1, 1305944, 746134, 559810, 5597460.77726139, 40, 40, 0, 264.4866859365871, 40
1, 1306018, 746168, 559850, 5597769.974470157, 74, 34, 40, 309.1972087668518, 35
51, 1306134, 746204, 559930, 5598118.5562736485, 116, 36, 80, 348.5818034911291, 38
1, 1306178, 746248, 559930, 5598389.907231338, 44, 44, 0, 271.35095769013947, 44
1, 1306216, 746286, 559930, 5598650.789610958, 38, 38, 0, 260.88237961983884, 38
1, 1306286, 746326, 559960, 5598956.14037181, 70, 40, 30, 305.3507608519078, 41
51, 1306421, 746371, 560050, 5599320.20618175, 135, 45, 90, 364.06580994024984, 47
1, 1306457, 746407, 560050, 5599577.355156028, 36, 36, 0, 257.1489742783178, 36
1, 1306506, 746456, 560050, 5599856.730287134, 49, 49, 0, 279.3751311064591, 49
1, 1306553, 746503, 560050, 5600132.963337003, 47, 47, 0, 276.2330498695885, 47
51, 1306713, 746543, 560170, 5600513.919219011, 160, 40, 120, 380.95588200778457, 43
1, 1306752, 746582, 560170, 5600776.619158955, 39, 39, 0, 262.6999399439383, 39
1, 1306789, 746619, 560170, 5601035.651730412, 37, 37, 0, 259.03257145596604, 37
1, 1306853, 746653, 560200, 5601333.394442886, 64, 34, 30, 297.742712474619, 35
1, 1306897, 746697, 560200, 5601604.745400576, 44, 44, 0, 271.35095769013947, 44
51, 1307025, 746735, 560290, 5601962.903966677, 128, 38, 90, 358.1585661014858, 40
1, 1307066, 746776, 560290, 5602229.1479201205, 41, 41, 0, 266.24395344352433, 41
1, 1307145, 746825, 560320, 5602545.178670251, 79, 49, 30, 316.03075013013313, 50
1, 1307226, 746866, 560360, 5602862.478670251, 81, 41, 40, 317.3, 42
51, 1307308, 746898, 560410, 5603179.900340094, 82, 32, 50, 317.42166984345636, 33
1, 1307343, 746933, 560410, 5603435.130268004, 35, 35, 0, 255.22992790977875, 35
1, 1307457, 746977, 560480, 5603782.888255696, 114, 44, 70, 347.75798769167545, 46
1, 1307494, 747014, 560480, 5604041.920827152, 37, 37, 0, 259.03257145596604, 37
51, 1307577, 747047, 560530, 5604360.455775081, 83, 33, 50, 318.5349479292333, 34
1, 1307618, 747088, 560530, 5604626.699728524, 41, 41, 0, 266.24395344352433, 41
1, 1307694, 747124, 560570, 5604938.258900898, 76, 36, 40, 311.5591723737189, 37
1, 1307771, 747171, 560600, 5605251.984564664, 77, 47, 30, 313.72566376652986, 48
1, 1307804, 747204, 560600, 5605503.262737357, 33, 33, 0, 251.27817269284301, 33
51, 1307925, 747245, 560680, 5605856.325216393, 121, 41, 80, 353.06247903554, 43
1, 1307974, 747294, 560680, 5606135.700347499, 49, 49, 0, 279.3751311064591, 49
1, 1308052, 747332, 560720, 5606449.583134119, 78, 38, 40, 313.8827866200841, 39
1, 1308120, 747370, 560750, 5606752.445305222, 68, 38, 30, 302.86217110259, 39
1, 1308156, 747406, 560750, 5607009.5942795, 36, 36, 0, 257.1489742783178, 36
51, 1308252, 747452, 560800, 5607341.911195515, 96, 46, 50, 332.31691601465747, 47
1, 1308331, 747491, 560840, 5607656.941945645, 79, 39, 40, 315.03075013013313, 40
1, 1308381, 747541, 560840, 5607937.856740492, 50, 50, 0, 280.9147948472494, 50
1, 1308451, 747581, 560870, 5608243.207501344, 70, 40, 30, 305.3507608519078, 41
51, 1308544, 747624, 560920, 5608572.449781251, 93, 43, 50, 329.24227990714814, 44
1, 1308590, 747670, 560920, 5608847.078849965, 46, 46, 0, 274.6290687140218, 46
1, 1308632, 747712, 560920, 5609115.051839467, 42, 42, 0, 267.97298950218305, 42
1, 1308738, 747748, 560990, 5609455.3198830765, 106, 36, 70, 340.2680436096278, 38
1, 1308783, 747793, 560990, 5609728.321889488, 45, 45, 0, 273.00200641113514, 45
51, 1308894, 747824, 561070, 5610072.308607529, 111, 31, 80, 343.9867180408456, 33
1, 1308932, 747862, 561070, 5610333.190987148, 38, 38, 0, 260.88237961983884, 38
1, 1308975, 747905, 561070, 5610602.865947352, 43, 43, 0, 269.6749602031015, 43
1, 1309022, 747952, 561070, 5610879.098997221, 47, 47, 0, 276.2330498695885, 47
51, 1309149, 747989, 561160, 5611236.398679521, 127, 37, 90, 357.2996822992933, 39
1, 1309216, 748026, 561190, 5611537.999234779, 67, 37, 30, 301.6005552576305, 38
1, 1309263, 748073, 561190, 5611814.232284648, 47, 47, 0, 276.2330498695885, 47
1, 1309368, 748108, 561260, 5612153.540871942, 105, 35, 70, 339.30858729436795, 37
51, 1309454, 748144, 561310, 5612475.36703659, 86, 36, 50, 321.82616464756694, 37
1, 1309526, 748176, 561350, 5612782.162099615, 72, 32, 40, 306.79506302439404, 33
1, 1309594, 748214, 561380, 5613085.024270717, 68, 38, 30, 302.86217110259, 39
1, 1309631, 748251, 561380, 5613344.056842173, 37, 37, 0, 259.03257145596604, 37
51, 1309792, 748292, 561500, 5613725.7671387745, 161, 41, 120, 381.7102966008917, 44
1, 1309830, 748330, 561500, 5613986.649518394, 38, 38, 0, 260.88237961983884, 38
1, 1309912, 748372, 561540, 5614305.0711882375, 82, 42, 40, 318.42166984345636, 43
1, 1309989, 748419, 561570, 5614618.796852004, 77, 47, 30, 313.72566376652986, 48
51, 1310079, 748459, 561620, 5614944.903880828, 90, 40, 50, 326.1070288241023, 41
1, 1310127, 748507, 561620, 5615222.718683419, 48, 48, 0, 277.8148025904985, 48
1, 1310165, 748545, 561620, 5615483.601063038, 38, 38, 0, 260.88237961983884, 38
1, 1310209, 748589, 561620, 5615754.952020728, 44, 44, 0, 271.35095769013947, 44
1, 1310316, 748626, 561690, 5616096.174165998, 107, 37, 70, 341.2221452697031, 39
51, 1310412, 748672, 561740, 5616428.491082013, 96, 46, 50, 332.31691601465747, 47
1, 1310455, 748715, 561740, 5616698.166042216, 43, 43, 0, 269.6749602031015, 43
1, 1310527, 748757, 561770, 5617005.9611052405, 72, 42, 30, 307.79506302439404, 43
1, 1310602, 748792, 561810, 5617316.344200878, 75, 35, 40, 310.38309563827124, 36
51, 1310694, 748834, 561860, 5617644.548302347, 92, 42, 50, 328.20410146824725, 43
1, 1310761, 748871, 561890, 5617946.148857605, 67, 37, 30, 301.6005552576305, 38
1, 1310796, 748906, 561890, 5618201.378785514, 35, 35, 0, 255.22992790977875, 35
1, 1310870, 748950, 561920, 5618511.575994281, 74, 44, 30, 310.1972087668518, 45
51, 1310957, 748987, 561970, 5618834.483575279, 87, 37, 50, 322.9075809977351, 38
1, 1311037, 749027, 562010, 5619150.653331523, 80, 40, 40, 316.1697562442441, 41
1, 1311089, 749079, 562010, 5619434.588292951, 52, 52, 0, 283.93496142826496, 52
1, 1311126, 749116, 562010, 5619693.620864407, 37, 37, 0, 259.03257145596604, 37
51, 1311219, 749159, 562060, 5620022.863144314, 93, 43, 50, 329.24227990714814, 44
1, 1311333, 749203, 562130, 5620370.621132006, 114, 44, 70, 347.75798769167545, 46
1, 1311370, 749240, 562130, 5620629.653703462, 37, 37, 0, 259.03257145596604, 37
1, 1311475, 749275, 562200, 5620968.962290756, 105, 35, 70, 339.30858729436795, 37
1, 1311513, 749313, 562200, 5621229.844670376, 38, 38, 0, 260.88237961983884, 38
51, 1311604, 749354, 562250, 5621557.003732314, 91, 41, 50, 327.1590619387661, 42
1, 1311644, 749394, 562250, 5621821.490418251, 40, 40, 0, 264.4866859365871, 40
1, 1311718, 749438, 562280, 5622131.6876270175, 74, 44, 30, 310.1972087668518, 45
1, 1311800, 749480, 562320, 5622450.109296861, 82, 42, 40, 318.42166984345636, 43
1, 1311831, 749511, 562320, 5622697.270403038, 31, 31, 0, 247.1611061770567, 31
51, 1311916, 749546, 562370, 5623018.007430709, 85, 35, 50, 320.73702767108114, 36
1, 1311993, 749583, 562410, 5623330.733094475, 77, 37, 40, 312.72566376652986, 38
1, 1312052, 749612, 562440, 5623621.781894723, 59, 29, 30, 291.0488002476036, 30
1, 1312081, 749641, 562440, 5623864.641473434, 29, 29, 0, 242.8595787106084, 29
1, 1312189, 749679, 562510, 5624206.812452981, 108, 38, 70, 342.1709795470626, 40
51, 1312276, 749716, 562560, 5624529.720033979, 87, 37, 50, 322.9075809977351, 38
1, 1312314, 749754, 562560, 5624790.602413598, 38, 38, 0, 260.88237961983884, 38
1, 1312360, 749800, 562560, 5625065.231482312, 46, 46, 0, 274.6290687140218, 46
1, 1312434, 749844, 562590, 5625375.428691079, 74, 44, 30, 310.1972087668518, 45
1, 1312473, 749883, 562590, 5625638.128631023, 39, 39, 0, 262.6999399439383, 39
51, 1312603, 749923, 562680, 5625997.993468561, 130, 40, 90, 359.86483753851803, 42
1, 1312643, 749963, 562680, 5626262.480154498, 40, 40, 0, 264.4866859365871, 40
1, 1312703, 749993, 562710, 5626554.8959228685, 60, 30, 30, 292.41576837137404, 31
1, 1312771, 750021, 562750, 5626856.758093971, 68, 28, 40, 301.86217110259, 29
51, 1312856, 750056, 562800, 5627177.495121642, 85, 35, 50, 320.73702767108114, 36
1, 1312963, 750093, 562870, 5627518.717266912, 107, 37, 70, 341.2221452697031, 39
1, 1313000, 750130, 562870, 5627777.749838368, 37, 37, 0, 259.03257145596604, 37
51, 1313110, 750160, 562950, 5628120.803022414, 110, 30, 80, 343.0531840464366, 32
1, 1313145, 750195, 562950, 5628376.032950324, 35, 35, 0, 255.22992790977875, 35
1, 1313188, 750238, 562950, 5628645.7079105275, 43, 43, 0, 269.6749602031015, 43
51, 1313321, 750281, 563040, 5629008.104179569, 133, 43, 90, 362.3962690412072, 45
1, 1313358, 750318, 563040, 5629267.136751025, 37, 37, 0, 259.03257145596604, 37
1, 1313397, 750357, 563040, 5629529.836690969, 39, 39, 0, 262.6999399439383, 39
1, 1313473, 750403, 563070, 5629842.395863342, 76, 46, 30, 312.5591723737189, 47
51, 1313560, 750440, 563120, 5630165.30344434, 87, 37, 50, 322.9075809977351, 38
1, 1313632, 750482, 563150, 5630473.098507364, 72, 42, 30, 307.79506302439404, 43
1, 1313716, 750526, 563190, 5630793.738517768, 84, 44, 40, 320.64001040350905, 45
51, 1313833, 750563, 563270, 5631143.225334566, 117, 37, 80, 349.4868167986058, 39
1, 1313865, 750595, 563270, 5631392.466757567, 32, 32, 0, 249.24142300054422, 32
1, 1313904, 750634, 563270, 5631655.1666975105, 39, 39, 0, 262.6999399439383, 39
1, 1313948, 750678, 563270, 5631926.5176552, 44, 44, 0, 271.35095769013947, 44
51, 1314100, 750710, 563390, 5632301.341963757, 152, 32, 120, 374.8243085566414, 35
1, 1314147, 750757, 563390, 5632577.575013626, 47, 47, 0, 276.2330498695885, 47
1, 1314210, 750790, 563420, 5632874.006338352, 63, 33, 30, 296.43132472612575, 34
1, 1314253, 750833, 563420, 5633143.681298556, 43, 43, 0, 269.6749602031015, 43
51, 1314381, 750871, 563510, 5633501.839864657, 128, 38, 90, 358.1585661014858, 40
1, 1314438, 750928, 563510, 5633793.009485163, 57, 57, 0, 291.1696205054472, 57
1, 1314482, 750972, 563510, 5634064.360442853, 44, 44, 0, 271.35095769013947, 44
51, 1314646, 751016, 563630, 5634448.318633689, 164, 44, 120, 383.9581908363381, 47
1, 1314688, 751058, 563630, 5634716.291623191, 42, 42, 0, 267.97298950218305, 42
1, 1314795, 751095, 563700, 5635057.513768461, 107, 37, 70, 341.2221452697031, 39
1, 1314832, 751132, 563700, 5635316.546339917, 37, 37, 0, 259.03257145596604, 37
51, 1314920, 751170, 563750, 5635640.527771278, 88, 38, 50, 323.98143136087856, 39
1, 1314986, 751206, 563780, 5635940.854759555, 66, 36, 30, 300.32698827717985, 37
1, 1315027, 751247, 563780, 5636207.098712998, 41, 41, 0, 266.24395344352433, 41
1, 1315113, 751293, 563820, 5636529.924877646, 86, 46, 40, 322.82616464756694, 47
51, 1315207, 751337, 563870, 5636860.198603494, 94, 44, 50, 330.273725847777, 45
1, 1315269, 751369, 563900, 5637155.305229824, 62, 32, 30, 295.1066263296683, 33
1, 1315310, 751410, 563900, 5637421.549183267, 41, 41, 0, 266.24395344352433, 41
1, 1315389, 751459, 563930, 5637737.5799333975, 79, 49, 30, 316.03075013013313, 50
51, 1315517, 751497, 564020, 5638095.738499499, 128, 38, 90, 358.1585661014858, 40
1, 1315545, 751525, 564020, 5638336.371162878, 28, 28, 0, 240.63266337912057, 28
1, 1315591, 751571, 564020, 5638611.000231592, 46, 46, 0, 274.6290687140218, 46
1, 1315626, 751606, 564020, 5638866.230159502, 35, 35, 0, 255.22992790977875, 35
51, 1315751, 751651, 564100, 5639222.80031199, 125, 45, 80, 356.57015248821097, 47
1, 1315835, 751695, 564140, 5639543.440322394, 84, 44, 40, 320.64001040350905, 45
1, 1315880, 751740, 564140, 5639816.442328805, 45, 45, 0, 273.00200641113514, 45
1, 1315918, 751778, 564140, 5640077.3247084245, 38, 38, 0, 260.88237961983884, 38
51, 1316034, 751814, 564220, 5640425.906511916, 116, 36, 80, 348.5818034911291, 38
1, 1316070, 751850, 564220, 5640683.055486194, 36, 36, 0, 257.1489742783178, 36
1, 1316149, 751889, 564260, 5640998.086236324, 79, 39, 40, 315.03075013013313, 40
1, 1316190, 751930, 564260, 5641264.330189767, 41, 41, 0, 266.24395344352433, 41
1, 1316237, 751977, 564260, 5641540.563239637, 47, 47, 0, 276.2330498695885, 47
51, 1316331, 752021, 564310, 5641870.836965485, 94, 44, 50, 330.273725847777, 45
1, 1316438, 752058, 564380, 5642212.059110754, 107, 37, 70, 341.2221452697031, 39
1, 1316482, 752102, 564380, 5642483.410068444, 44, 44, 0, 271.35095769013947, 44
51, 1316580, 752150, 564430, 5642817.744696809, 98, 48, 50, 334.33462836457886, 49
1, 1316661, 752191, 564470, 5643135.044696809, 81, 41, 40, 317.3, 42
1, 1316697, 752227, 564470, 5643392.193671087, 36, 36, 0, 257.1489742783178, 36
1, 1316729, 752259, 564470, 5643641.435094087, 32, 32, 0, 249.24142300054422, 32
51, 1316849, 752299, 564550, 5643993.6101860525, 120, 40, 80, 352.1750919646873, 42
1, 1316895, 752345, 564550, 5644268.239254766, 46, 46, 0, 274.6290687140218, 46
1, 1316993, 752373, 564620, 5644600.673883131, 98, 28, 70, 332.4346283645789, 30
1, 1317028, 752408, 564620, 5644855.90381104, 35, 35, 0, 255.22992790977875, 35
51, 1317113, 752443, 564670, 5645176.6408387115, 85, 35, 50, 320.73702767108114, 36
1, 1317152, 752482, 564670, 5645439.340778655, 39, 39, 0, 262.6999399439383, 39
1, 1317253, 752513, 564740, 5645774.756166628, 101, 31, 70, 335.41538797227, 33
1, 1317296, 752556, 564740, 5646044.431126831, 43, 43, 0, 269.6749602031015, 43
1, 1317332, 752592, 564740, 5646301.580101109, 36, 36, 0, 257.1489742783178, 36
51, 1317492, 752632, 564860, 5646682.535983117, 160, 40, 120, 380.95588200778457, 43
1, 1317529, 752669, 564860, 5646941.568554574, 37, 37, 0, 259.03257145596604, 37
1, 1317601, 752711, 564890, 5647249.363617598, 72, 42, 30, 307.79506302439404, 43
1, 1317680, 752750, 564930, 5647564.394367728, 79, 39, 40, 315.03075013013313, 40
51, 1317791, 752781, 565010, 5647908.381085769, 111, 31, 80, 343.9867180408456, 33
1, 1317831, 752821, 565010, 5648172.867771706, 40, 40, 0, 264.4866859365871, 40
1, 1317872, 752862, 565010, 5648439.111725149, 41, 41, 0, 266.24395344352433, 41
1, 1317912, 752902, 565010, 5648703.598411085, 40, 40, 0, 264.4866859365871, 40
51, 1318046, 752946, 565100, 5649066.831227004, 134, 44, 90, 363.23281591860336, 46
1, 1318084, 752984, 565100, 5649327.713606623, 38, 38, 0, 260.88237961983884, 38
1, 1318192, 753022, 565170, 5649669.88458617, 108, 38, 70, 342.1709795470626, 40
1, 1318230, 753060, 565170, 5649930.76696579, 38, 38, 0, 260.88237961983884, 38
1, 1318261, 753091, 565170, 5650177.928071966, 31, 31, 0, 247.1611061770567, 31
51, 1318353, 753133, 565220, 5650506.132173435, 92, 42, 50, 328.20410146824725, 43
1, 1318474, 753184, 565290, 5650860.194652471, 121, 51, 70, 354.06247903554, 53
1, 1318518, 753228, 565290, 5651131.545610161, 44, 44, 0, 271.35095769013947, 44
1, 1318573, 753283, 565290, 5651419.872591694, 55, 55, 0, 288.32698153315005, 55
51, 1318650, 753310, 565340, 5651731.59825546, 77, 27, 50, 311.72566376652986, 28
1, 1318722, 753352, 565370, 5652039.393318485, 72, 42, 30, 307.79506302439404, 43
1, 1318753, 753383, 565370, 5652286.554424661, 31, 31, 0, 247.1611061770567, 31
1, 1318825, 753415, 565410, 5652593.349487686, 72, 32, 40, 306.79506302439404, 33
51, 1318949, 753459, 565490, 5652949.048884233, 124, 44, 80, 355.6993965481514, 46
1, 1319023, 753493, 565530, 5653258.246093, 74, 34, 40, 309.1972087668518, 35
1, 1319067, 753537, 565530, 5653529.59705069, 44, 44, 0, 271.35095769013947, 44
1, 1319140, 753580, 565560, 5653838.598329259, 73, 43, 30, 309.00127856917646, 44
1, 1319181, 753621, 565560, 5654104.842282702, 41, 41, 0, 266.24395344352433, 41
51, 1319310, 753660, 565650, 5654463.855883193, 129, 39, 90, 359.01360049114555, 41
1, 1319352, 753702, 565650, 5654731.828872696, 42, 42, 0, 267.97298950218305, 42
1, 1319425, 753745, 565680, 5655040.830151265, 73, 43, 30, 309.00127856917646, 44
1, 1319502, 753782, 565720, 5655353.555815031, 77, 37, 40, 312.72566376652986, 38
51, 1319585, 753815, 565770, 5655672.09076296, 83, 33, 50, 318.5349479292333, 34
1, 1319621, 753851, 565770, 5655929.239737238, 36, 36, 0, 257.1489742783178, 36
1, 1319656, 753886, 565770, 5656184.469665147, 35, 35, 0, 255.22992790977875, 35
1, 1319729, 753929, 565800, 5656493.470943716, 73, 43, 30, 309.00127856917646, 44
51, 1319812, 753962, 565850, 5656812.005891645, 83, 33, 50, 318.5349479292333, 34
1, 1319921, 754001, 565920, 5657155.1205231445, 109, 39, 70, 343.114631499574, 41
1, 1319961, 754041, 565920, 5657419.607209081, 40, 40, 0, 264.4866859365871, 40
1, 1320029, 754079, 565950, 5657722.469380183, 68, 38, 30, 302.86217110259, 39
51, 1320120, 754120, 566000, 5658049.628442122, 91, 41, 50, 327.1590619387661, 42
1, 1320184, 754154, 566030, 5658347.371154596, 64, 34, 30, 297.742712474619, 35
1, 1320277, 754207, 566070, 5658677.613434503, 93, 53, 40, 330.24227990714814, 54
1, 1320312, 754242, 566070, 5658932.843362412, 35, 35, 0, 255.22992790977875, 35
1, 1320348, 754278, 566070, 5659189.99233669, 36, 36, 0, 257.1489742783178, 36
51, 1320473, 754323, 566150, 5659546.562489179, 125, 45, 80, 356.57015248821097, 47
1, 1320564, 754374, 566190, 5659874.7215511175, 91, 51, 40, 328.1590619387661, 52
1, 1320611, 754421, 566190, 5660150.954600987, 47, 47, 0, 276.2330498695885, 47
1, 1320660, 754470, 566190, 5660430.329732093, 49, 49, 0, 279.3751311064591, 49
1, 1320741, 754511, 566230, 5660747.629732093, 81, 41, 40, 317.3, 42
51, 1320829, 754549, 566280, 5661071.611163454, 88, 38, 50, 323.98143136087856, 39
1, 1320896, 754586, 566310, 5661373.211718712, 67, 37, 30, 301.6005552576305, 38
1, 1320931, 754621, 566310, 5661628.441646622, 35, 35, 0, 255.22992790977875, 35
1, 1321003, 754653, 566350, 5661935.236709646, 72, 32, 40, 306.79506302439404, 33
51, 1321112, 754682, 566430, 5662277.351341145, 109, 29, 80, 342.114631499574, 31
1, 1321157, 754727, 566430, 5662550.353347557, 45, 45, 0, 273.00200641113514, 45
1, 1321195, 754765, 566430, 5662811.235727176, 38, 38, 0, 260.88237961983884, 38
51, 1321284, 754804, 566480, 5663136.28359274, 89, 39, 50, 325.0478655640733, 40
1, 1321327, 754847, 566480, 5663405.958552944, 43, 43, 0, 269.6749602031015, 43
1, 1321401, 754881, 566520, 5663715.15576171, 74, 34, 40, 309.1972087668518, 35
1, 1321472, 754922, 566550, 5664021.734072529, 71, 41, 30, 306.57831081870995, 42
51, 1321554, 754954, 566600, 5664339.155742372, 82, 32, 50, 317.42166984345636, 33
1, 1321591, 754991, 566600, 5664598.188313829, 37, 37, 0, 259.03257145596604, 37
1, 1321655, 755025, 566630, 5664895.931026303, 64, 34, 30, 297.742712474619, 35
51, 1321739, 755059, 566680, 5665215.571036707, 84, 34, 50, 319.64001040350905, 35
1, 1321825, 755105, 566720, 5665538.397201355, 86, 46, 40, 322.82616464756694, 47
1, 1321864, 755144, 566720, 5665801.097141298, 39, 39, 0, 262.6999399439383, 39
51, 1321992, 755192, 566800, 5666160.2557074, 128, 48, 80, 359.1585661014858, 50
1, 1322080, 755240, 566840, 5666485.237138761, 88, 48, 40, 324.98143136087856, 49
1, 1322125, 755285, 566840, 5666758.239145173, 45, 45, 0, 273.00200641113514, 45
1, 1322158, 755318, 566840, 5667009.517317866, 33, 33, 0, 251.27817269284301, 33
51, 1322250, 755360, 566890, 5667337.721419334, 92, 42, 50, 328.20410146824725, 43
1, 1322357, 755397, 566960, 5667678.943564604, 107, 37, 70, 341.2221452697031, 39
1, 1322398, 755438, 566960, 5667945.187518047, 41, 41, 0, 266.24395344352433, 41
1, 1322444, 755484, 566960, 5668219.816586761, 46, 46, 0, 274.6290687140218, 46
51, 1322537, 755527, 567010, 5668549.058866668, 93, 43, 50, 329.24227990714814, 44
1, 1322646, 755566, 567080, 5668892.173498167, 109, 39, 70, 343.114631499574, 41
1, 1322686, 755606, 567080, 5669156.660184103, 40, 40, 0, 264.4866859365871, 40
1, 1322733, 755653, 567080, 5669432.893233973, 47, 47, 0, 276.2330498695885, 47
1, 1322778, 755698, 567080, 5669705.895240384, 45, 45, 0, 273.00200641113514, 45
51, 1322856, 755726, 567130, 5670018.778027005, 78, 28, 50, 312.8827866200841, 29
1, 1322933, 755763, 567170, 5670331.503690771, 77, 37, 40, 312.72566376652986, 38
1, 1322999, 755799, 567200, 5670631.830679048, 66, 36, 30, 300.32698827717985, 37
1, 1323040, 755840, 567200, 5670898.074632491, 41, 41, 0, 266.24395344352433, 41
51, 1323126, 755876, 567250, 5671219.900797139, 86, 36, 50, 321.82616464756694, 37
1, 1323162, 755912, 567250, 5671477.049771417, 36, 36, 0, 257.1489742783178, 36
1, 1323251, 755961, 567290, 5671803.097636981, 89, 49, 40, 326.0478655640733, 50
1, 1323312, 755992, 567320, 5672096.865876248, 61, 31, 30, 293.7682392671241, 32
51, 1323431, 756021, 567410, 5672447.14927145, 119, 29, 90, 350.28339520229764, 31
1, 1323465, 756055, 567410, 5672700.422911727, 34, 34, 0, 253.2736402766418, 34
1, 1323533, 756093, 567440, 5673003.285082829, 68, 38, 30, 302.86217110259, 39
1, 1323567, 756127, 567440, 5673256.558723106, 34, 34, 0, 253.2736402766418, 34
51, 1323726, 756166, 567560, 5673636.757585579, 159, 39, 120, 380.1988624723894, 42
1, 1323771, 756211, 567560, 5673909.75959199, 45, 45, 0, 273.00200641113514, 45
1, 1323813, 756253, 567560, 5674177.7325814925, 42, 42, 0, 267.97298950218305, 42
51, 1323941, 756291, 567650, 5674535.891147594, 128, 38, 90, 358.1585661014858, 40
1, 1323984, 756334, 567650, 5674805.566107797, 43, 43, 0, 269.6749602031015, 43
1, 1324032, 756382, 567650, 5675083.380910388, 48, 48, 0, 277.8148025904985, 48
1, 1324097, 756417, 567680, 5675382.422061832, 65, 35, 30, 299.04115144336777, 36
51, 1324233, 756463, 567770, 5675747.317358866, 136, 46, 90, 364.89529703482884, 48
1, 1324274, 756504, 567770, 5676013.5613123095, 41, 41, 0, 266.24395344352433, 41
1, 1324317, 756547, 567770, 5676283.236272513, 43, 43, 0, 269.6749602031015, 43
1, 1324365, 756595, 567770, 5676561.051075104, 48, 48, 0, 277.8148025904985, 48
1, 1324430, 756630, 567800, 5676860.092226547, 65, 35, 30, 299.04115144336777, 36
51, 1324568, 756678, 567890, 5677226.636156099, 138, 48, 90, 366.54392955194305, 50
1, 1324608, 756718, 567890, 5677491.122842035, 40, 40, 0, 264.4866859365871, 40
1, 1324681, 756761, 567920, 5677800.124120604, 73, 43, 30, 309.00127856917646, 44
1, 1324715, 756795, 567920, 5678053.397760881, 34, 34, 0, 253.2736402766418, 34
51, 1324851, 756841, 568010, 5678418.293057916, 136, 46, 90, 364.89529703482884, 48
1, 1324892, 756882, 568010, 5678684.537011359, 41, 41, 0, 266.24395344352433, 41
1, 1324967, 756927, 568040, 5678995.920106997, 75, 45, 30, 311.38309563827124, 46
1, 1325010, 756970, 568040, 5679265.5950672, 43, 43, 0, 269.6749602031015, 43
51, 1325100, 757010, 568090, 5679591.7020960245, 90, 40, 50, 326.1070288241023, 41
1, 1325173, 757043, 568130, 5679899.7033745935, 73, 33, 40, 308.00127856917646, 34
1, 1325208, 757078, 568130, 5680154.933302503, 35, 35, 0, 255.22992790977875, 35
1, 1325271, 757111, 568160, 5680451.364627229, 63, 33, 30, 296.43132472612575, 34
51, 1325352, 757142, 568210, 5680767.664627229, 81, 31, 50, 316.3, 32
1, 1325393, 757183, 568210, 5681033.908580672, 41, 41, 0, 266.24395344352433, 41
1, 1325474, 757224, 568250, 5681351.208580672, 81, 41, 40, 317.3, 42
1, 1325514, 757264, 568250, 5681615.695266608, 40, 40, 0, 264.4866859365871, 40
51, 1325637, 757307, 568330, 5681970.51983787, 123, 43, 80, 354.8245712617827, 45
1, 1325676, 757346, 568330, 5682233.219777814, 39, 39, 0, 262.6999399439383, 39
1, 1325748, 757378, 568370, 5682540.0148408385, 72, 32, 40, 306.79506302439404, 33
1, 1325780, 757410, 568370, 5682789.256263839, 32, 32, 0, 249.24142300054422, 32
51, 1325868, 757448, 568420, 5683113.2376952, 88, 38, 50, 323.98143136087856, 39
1, 1325945, 757485, 568460, 5683425.963358967, 77, 37, 40, 312.72566376652986, 38
1, 1326003, 757513, 568490, 5683715.630261074, 58, 28, 30, 289.66690210718946, 29
1, 1326049, 757559, 568490, 5683990.259329787, 46, 46, 0, 274.6290687140218, 46
1, 1326086, 757596, 568490, 5684249.291901244, 37, 37, 0, 259.03257145596604, 37
51, 1326208, 757638, 568570, 5684603.237519798, 122, 42, 80, 353.9456185537469, 44
1, 1326285, 757675, 568610, 5684915.963183564, 77, 37, 40, 312.72566376652986, 38
1, 1326362, 757722, 568640, 5685229.68884733, 77, 47, 30, 313.72566376652986, 48
1, 1326409, 757769, 568640, 5685505.9218972, 47, 47, 0, 276.2330498695885, 47
51, 1326514, 757824, 568690, 5685847.130484494, 105, 55, 50, 341.208587294368, 56
1, 1326546, 757856, 568690, 5686096.371907495, 32, 32, 0, 249.24142300054422, 32
1, 1326654, 757894, 568760, 5686438.542887042, 108, 38, 70, 342.1709795470626, 40
1, 1326696, 757936, 568760, 5686706.515876545, 42, 42, 0, 267.97298950218305, 42
1, 1326766, 757976, 568790, 5687011.866637397, 70, 40, 30, 305.3507608519078, 41
51, 1326862, 758022, 568840, 5687344.183553412, 96, 46, 50, 332.31691601465747, 47
1, 1326900, 758060, 568840, 5687605.065933031, 38, 38, 0, 260.88237961983884, 38
1, 1326936, 758096, 568840, 5687862.214907309, 36, 36, 0, 257.1489742783178, 36
1, 1327012, 758132, 568880, 5688173.774079682, 76, 36, 40, 311.5591723737189, 37
51, 1327095, 758165, 568930, 5688492.309027611, 83, 33, 50, 318.5349479292333, 34
1, 1327160, 758200, 568960, 5688791.350179055, 65, 35, 30, 299.04115144336777, 36
1, 1327191, 758231, 568960, 5689038.511285231, 31, 31, 0, 247.1611061770567, 31
1, 1327262, 758272, 568990, 5689345.08959605, 71, 41, 30, 306.57831081870995, 42
1, 1327339, 758309, 569030, 5689657.815259816, 77, 37, 40, 312.72566376652986, 38
51, 1327427, 758347, 569080, 5689981.796691177, 88, 38, 50, 323.98143136087856, 39
1, 1327499, 758389, 569110, 5690289.591754202, 72, 42, 30, 307.79506302439404, 43
1, 1327534, 758424, 569110, 5690544.821682111, 35, 35, 0, 255.22992790977875, 35
1, 1327581, 758471, 569110, 5690821.054731981, 47, 47, 0, 276.2330498695885, 47
51, 1327707, 758507, 569200, 5691177.491627865, 126, 36, 90, 356.43689588345075, 38
1, 1327784, 758554, 569230, 5691491.217291631, 77, 47, 30, 313.72566376652986, 48
1, 1327823, 758593, 569230, 5691753.917231575, 39, 39, 0, 262.6999399439383, 39
1, 1327866, 758636, 569230, 5692023.592191778, 43, 43, 0, 269.6749602031015, 43
51, 1328025, 758675, 569350, 5692403.791054251, 159, 39, 120, 380.1988624723894, 42
1, 1328069, 758719, 569350, 5692675.1420119405, 44, 44, 0, 271.35095769013947, 44
1, 1328157, 758767, 569390, 5693000.123443302, 88, 48, 40, 324.98143136087856, 49
1, 1328192, 758802, 569390, 5693255.353371211, 35, 35, 0, 255.22992790977875, 35
51, 1328285, 758845, 569440, 5693584.595651118, 93, 43, 50, 329.24227990714814, 44
1, 1328363, 758883, 569480, 5693898.4784377385, 78, 38, 40, 313.8827866200841, 39
1, 1328436, 758926, 569510, 5694207.4797163075, 73, 43, 30, 309.00127856917646, 44
1, 1328517, 758967, 569550, 5694524.779716307, 81, 41, 40, 317.3, 42
1, 1328555, 759005, 569550, 5694785.662095927, 38, 38, 0, 260.88237961983884, 38
51, 1328647, 759047, 569600, 5695113.866197395, 92, 42, 50, 328.20410146824725, 43
1, 1328689, 759089, 569600, 5695381.8391868975, 42, 42, 0, 267.97298950218305, 42
1, 1328758, 759118, 569640, 5695684.951328607, 69, 29, 40, 303.1121417102006, 30
1, 1328822, 759152, 569670, 5695982.694041082, 64, 34, 30, 297.742712474619, 35
1, 1328868, 759198, 569670, 5696257.323109795, 46, 46, 0, 274.6290687140218, 46
51, 1328956, 759236, 569720, 5696581.304541157, 88, 38, 50, 323.98143136087856, 39
1, 1329001, 759281, 569720, 5696854.306547568, 45, 45, 0, 273.00200641113514, 45
1, 1329067, 759317, 569750, 5697154.633535845, 66, 36, 30, 300.32698827717985, 37
1, 1329145, 759355, 569790, 5697468.516322466, 78, 38, 40, 313.8827866200841, 39
1, 1329186, 759396, 569790, 5697734.760275909, 41, 41, 0, 266.24395344352433, 41
51, 1329316, 759436, 569880, 5698094.625113447, 130, 40, 90, 359.86483753851803, 42
1, 1329348, 759468, 569880, 5698343.866536448, 32, 32, 0, 249.24142300054422, 32
1, 1329384, 759504, 569880, 5698601.015510726, 36, 36, 0, 257.1489742783178, 36
1, 1329494, 759544, 569950, 5698945.068694772, 110, 40, 70, 344.0531840464366, 42
51, 1329585, 759585, 570000, 5699272.227756711, 91, 41, 50, 327.1590619387661, 42
1, 1329626, 759626, 570000, 5699538.471710154, 41, 41, 0, 266.24395344352433, 41
1, 1329666, 759666, 570000, 5699802.95839609, 40, 40, 0, 264.4866859365871, 40
51, 1329758, 759708, 570050, 5700131.162497559, 92, 42, 50, 328.20410146824725, 43
1, 1329839, 759749, 570090, 5700448.462497558, 81, 41, 40, 317.3, 42
1, 1329917, 759797, 570120, 5700763.345284179, 78, 48, 30, 314.8827866200841, 49
1, 1329959, 759839, 570120, 5701031.318273681, 42, 42, 0, 267.97298950218305, 42
1, 1329995, 759875, 570120, 5701288.467247959, 36, 36, 0, 257.1489742783178, 36
51, 1330122, 759912, 570210, 5701645.766930259, 127, 37, 90, 357.2996822992933, 39
1, 1330186, 759946, 570240, 5701943.509642733, 64, 34, 30, 297.742712474619, 35
1, 1330232, 759992, 570240, 5702218.138711447, 46, 46, 0, 274.6290687140218, 46
51, 1330373, 760043, 570330, 5702587.130384113, 141, 51, 90, 368.9916726654594, 53
1, 1330408, 760078, 570330, 5702842.360312022, 35, 35, 0, 255.22992790977875, 35
1, 1330473, 760113, 570360, 5703141.401463466, 65, 35, 30, 299.04115144336777, 36
51, 1330561, 760151, 570410, 5703465.382894827, 88, 38, 50, 323.98143136087856, 39
1, 1330638, 760188, 570450, 5703778.108558593, 77, 37, 40, 312.72566376652986, 38
1, 1330676, 760226, 570450, 5704038.990938213, 38, 38, 0, 260.88237961983884, 38
1, 1330722, 760272, 570450, 5704313.620006926, 46, 46, 0, 274.6290687140218, 46
51, 1330809, 760309, 570500, 5704636.527587924, 87, 37, 50, 322.9075809977351, 38
1, 1330906, 760336, 570570, 5704967.956487196, 97, 27, 70, 331.42889927149963, 29
1, 1330942, 760372, 570570, 5705225.105461474, 36, 36, 0, 257.1489742783178, 36
1, 1330983, 760413, 570570, 5705491.349414917, 41, 41, 0, 266.24395344352433, 41
1, 1331052, 760452, 570600, 5705795.4615566265, 69, 39, 30, 304.1121417102006, 40
51, 1331174, 760484, 570690, 5706148.4071751805, 122, 32, 90, 352.9456185537469, 34
1, 1331217, 760527, 570690, 5706418.082135384, 43, 43, 0, 269.6749602031015, 43
1, 1331328, 760568, 570760, 5706763.068853425, 111, 41, 70, 344.9867180408456, 43
1, 1331370, 760610, 570760, 5707031.041842927, 42, 42, 0, 267.97298950218305, 42
51, 1331464, 760654, 570810, 5707361.315568775, 94, 44, 50, 330.273725847777, 45
1, 1331505, 760695, 570810, 5707627.559522218, 41, 41, 0, 266.24395344352433, 41
1, 1331545, 760735, 570810, 5707892.046208154, 40, 40, 0, 264.4866859365871, 40
51, 1331705, 760775, 570930, 5708273.002090163, 160, 40, 120, 380.95588200778457, 43
1, 1331738, 760808, 570930, 5708524.280262856, 33, 33, 0, 251.27817269284301, 33
1, 1331781, 760851, 570930, 5708793.955223059, 43, 43, 0, 269.6749602031015, 43
1, 1331815, 760885, 570930, 5709047.228863336, 34, 34, 0, 253.2736402766418, 34
51, 1331950, 760930, 571020, 5709411.294673276, 135, 45, 90, 364.06580994024984, 47
1, 1331990, 760970, 571020, 5709675.7813592125, 40, 40, 0, 264.4866859365871, 40
1, 1332063, 761013, 571050, 5709984.782637781, 73, 43, 30, 309.00127856917646, 44
1, 1332104, 761054, 571050, 5710251.026591225, 41, 41, 0, 266.24395344352433, 41
51, 1332237, 761097, 571140, 5710613.422860266, 133, 43, 90, 362.3962690412072, 45
1, 1332309, 761139, 571170, 5710921.21792329, 72, 42, 30, 307.79506302439404, 43
1, 1332351, 761181, 571170, 5711189.190912792, 42, 42, 0, 267.97298950218305, 42
1, 1332467, 761227, 571240, 5711538.772716284, 116, 46, 70, 349.5818034911291, 48
51, 1332559, 761269, 571290, 5711866.976817752, 92, 42, 50, 328.20410146824725, 43
1, 1332595, 761305, 571290, 5712124.12579203, 36, 36, 0, 257.1489742783178, 36
1, 1332628, 761338, 571290, 5712375.403964723, 33, 33, 0, 251.27817269284301, 33
1, 1332671, 761381, 571290, 5712645.078924927, 43, 43, 0, 269.6749602031015, 43
51, 1332789, 761419, 571370, 5712995.4662500955, 118, 38, 80, 350.3873251689181, 40
1, 1332878, 761468, 571410, 5713321.5141156595, 89, 49, 40, 326.0478655640733, 50
1, 1332955, 761515, 571440, 5713635.239779426, 77, 47, 30, 313.72566376652986, 48
51, 1333043, 761553, 571490, 5713959.221210787, 88, 38, 50, 323.98143136087856, 39
1, 1333082, 761592, 571490, 5714221.921150731, 39, 39, 0, 262.6999399439383, 39
1, 1333156, 761636, 571520, 5714532.118359498, 74, 44, 30, 310.1972087668518, 45
1, 1333240, 761680, 571560, 5714852.758369901, 84, 44, 40, 320.64001040350905, 45
51, 1333332, 761722, 571610, 5715180.96247137, 92, 42, 50, 328.20410146824725, 43
1, 1333403, 761763, 571640, 5715487.540782188, 71, 41, 30, 306.57831081870995, 42
1, 1333451, 761811, 571640, 5715765.355584779, 48, 48, 0, 277.8148025904985, 48
51, 1333545, 761855, 571690, 5716095.629310627, 94, 44, 50, 330.273725847777, 45
1, 1333625, 761895, 571730, 5716411.7990668705, 80, 40, 40, 316.1697562442441, 41
1, 1333660, 761930, 571730, 5716667.02899478, 35, 35, 0, 255.22992790977875, 35
1, 1333709, 761979, 571730, 5716946.404125886, 49, 49, 0, 279.3751311064591, 49
1, 1333823, 762023, 571800, 5717294.162113578, 114, 44, 70, 347.75798769167545, 46
51, 1333910, 762060, 571850, 5717617.069694576, 87, 37, 50, 322.9075809977351, 38
1, 1333990, 762100, 571890, 5717933.23945082, 80, 40, 40, 316.1697562442441, 41
1, 1334028, 762138, 571890, 5718194.121830439, 38, 38, 0, 260.88237961983884, 38
1, 1334062, 762172, 571890, 5718447.395470716, 34, 34, 0, 253.2736402766418, 34
51, 1334198, 762218, 571980, 5718812.290767751, 136, 46, 90, 364.89529703482884, 48
1, 1334272, 762262, 572010, 5719122.4879765175, 74, 44, 30, 310.1972087668518, 45
1, 1334312, 762302, 572010, 5719386.974662454, 40, 40, 0, 264.4866859365871, 40
1, 1334345, 762335, 572010, 5719638.252835147, 33, 33, 0, 251.27817269284301, 33
51, 1334467, 762377, 572090, 5719992.198453701, 122, 42, 80, 353.9456185537469, 44
1, 1334540, 762410, 572130, 5720300.19973227, 73, 33, 40, 308.00127856917646, 34
1, 1334618, 762458, 572160, 5720615.0825188905, 78, 48, 30, 314.8827866200841, 49
1, 1334659, 762499, 572160, 5720881.326472334, 41, 41, 0, 266.24395344352433, 41
51, 1334759, 762549, 572210, 5721217.654238351, 100, 50, 50, 336.327766016838, 51
1, 1334805, 762595, 572210, 5721492.283307064, 46, 46, 0, 274.6290687140218, 46
1, 1334885, 762635, 572250, 5721808.453063308, 80, 40, 40, 316.1697562442441, 41
1, 1334928, 762678, 572250, 5722078.128023512, 43, 43, 0, 269.6749602031015, 43
51, 1335047, 762717, 572330, 5722429.411418714, 119, 39, 80, 351.28339520229764, 41
1, 1335086, 762756, 572330, 5722692.1113586575, 39, 39, 0, 262.6999399439383, 39
1, 1335148, 762788, 572360, 5722987.217984987, 62, 32, 30, 295.1066263296683, 33
1, 1335233, 762833, 572400, 5723308.955012659, 85, 45, 40, 321.73702767108114, 46
51, 1335322, 762872, 572450, 5723634.002878223, 89, 39, 50, 325.0478655640733, 40
1, 1335360, 762910, 572450, 5723894.885257842, 38, 38, 0, 260.88237961983884, 38
1, 1335436, 762946, 572490, 5724206.444430215, 76, 36, 40, 311.5591723737189, 37
1, 1335483, 762993, 572490, 5724482.677480085, 47, 47, 0, 276.2330498695885, 47
51, 1335647, 763037, 572610, 5724866.635670921, 164, 44, 120, 383.9581908363381, 47
1, 1335691, 763081, 572610, 5725137.986628611, 44, 44, 0, 271.35095769013947, 44
1, 1335770, 763120, 572650, 5725453.017378741, 79, 39, 40, 315.03075013013313, 40
1, 1335814, 763164, 572650, 5725724.368336431, 44, 44, 0, 271.35095769013947, 44
51, 1335898, 763198, 572700, 5726044.008346834, 84, 34, 50, 319.64001040350905, 35
1, 1336006, 763236, 572770, 5726386.1793263815, 108, 38, 70, 342.1709795470626, 40
1, 1336040, 763270, 572770, 5726639.452966658, 34, 34, 0, 253.2736402766418, 34
51, 1336140, 763320, 572820, 5726975.780732675, 100, 50, 50, 336.327766016838, 51
1, 1336175, 763355, 572820, 5727231.010660585, 35, 35, 0, 255.22992790977875, 35
1, 1336252, 763402, 572850, 5727544.736324351, 77, 47, 30, 313.72566376652986, 48
1, 1336328, 763438, 572890, 5727856.295496725, 76, 36, 40, 311.5591723737189, 37
51, 1336417, 763477, 572940, 5728181.343362289, 89, 39, 50, 325.0478655640733, 40
1, 1336454, 763514, 572940, 5728440.375933745, 37, 37, 0, 259.03257145596604, 37
1, 1336523, 763553, 572970, 5728744.488075455, 69, 39, 30, 304.1121417102006, 40
1, 1336560, 763590, 572970, 5729003.520646911, 37, 37, 0, 259.03257145596604, 37
51, 1336725, 763635, 573090, 5729388.223110333, 165, 45, 120, 384.7024634215721, 48
1, 1336763, 763673, 573090, 5729649.1054899525, 38, 38, 0, 260.88237961983884, 38
1, 1336797, 763707, 573090, 5729902.379130229, 34, 34, 0, 253.2736402766418, 34
1, 1336874, 763754, 573120, 5730216.104793996, 77, 47, 30, 313.72566376652986, 48
51, 1336959, 763789, 573170, 5730536.841821667, 85, 35, 50, 320.73702767108114, 36
1, 1337039, 763829, 573210, 5730853.011577911, 80, 40, 40, 316.1697562442441, 41
1, 1337078, 763868, 573210, 5731115.711517855, 39, 39, 0, 262.6999399439383, 39
51, 1337182, 763922, 573260, 5731455.955204612, 104, 54, 50, 340.243686757474, 55
1, 1337251, 763961, 573290, 5731760.067346321, 69, 39, 30, 304.1121417102006, 40
1, 1337329, 763999, 573330, 5732073.950132942, 78, 38, 40, 313.8827866200841, 39
1, 1337367, 764037, 573330, 5732334.832512561, 38, 38, 0, 260.88237961983884, 38
51, 1337451, 764071, 573380, 5732654.472522965, 84, 34, 50, 319.64001040350905, 35
1, 1337494, 764114, 573380, 5732924.147483168, 43, 43, 0, 269.6749602031015, 43
1, 1337581, 764161, 573420, 5733248.055064166, 87, 47, 40, 323.9075809977351, 48
1, 1337667, 764217, 573450, 5733571.881228814, 86, 56, 30, 323.82616464756694, 57
51, 1337763, 764263, 573500, 5733904.198144829, 96, 46, 50, 332.31691601465747, 47
1, 1337825, 764295, 573530, 5734199.304771159, 62, 32, 30, 295.1066263296683, 33
1, 1337903, 764333, 573570, 5734513.187557779, 78, 38, 40, 313.8827866200841, 39
1, 1337972, 764372, 573600, 5734817.299699489, 69, 39, 30, 304.1121417102006, 40
1, 1338013, 764413, 573600, 5735083.543652932, 41, 41, 0, 266.24395344352433, 41
51, 1338100, 764450, 573650, 5735406.45123393, 87, 37, 50, 322.9075809977351, 38
1, 1338208, 764488, 573720, 5735748.622213477, 108, 38, 70, 342.1709795470626, 40
1, 1338246, 764526, 573720, 5736009.504593097, 38, 38, 0, 260.88237961983884, 38
1, 1338294, 764574, 573720, 5736287.319395687, 48, 48, 0, 277.8148025904985, 48
51, 1338389, 764619, 573770, 5736618.6179598225, 95, 45, 50, 331.2985641352145, 46
1, 1338474, 764664, 573810, 5736940.354987494, 85, 45, 40, 321.73702767108114, 46
1, 1338538, 764698, 573840, 5737238.097699968, 64, 34, 30, 297.742712474619, 35
1, 1338574, 764734, 573840, 5737495.246674246, 36, 36, 0, 257.1489742783178, 36
1, 1338611, 764771, 573840, 5737754.279245703, 37, 37, 0, 259.03257145596604, 37
51, 1338736, 764806, 573930, 5738109.849398191, 125, 35, 90, 355.57015248821097, 37
1, 1338809, 764849, 573960, 5738418.85067676, 73, 43, 30, 309.00127856917646, 44
1, 1338854, 764894, 573960, 5738691.852683172, 45, 45, 0, 273.00200641113514, 45
1, 1338939, 764939, 574000, 5739013.589710843, 85, 45, 40, 321.73702767108114, 46
51, 1339026, 764976, 574050, 5739336.497291841, 87, 37, 50, 322.9075809977351, 38
1, 1339110, 765030, 574080, 5739658.137302244, 84, 54, 30, 321.64001040350905, 55
1, 1339143, 765063, 574080, 5739909.415474937, 33, 33, 0, 251.27817269284301, 33
1, 1339213, 765103, 574110, 5740214.766235789, 70, 40, 30, 305.3507608519078, 41
51, 1339345, 765145, 574200, 5740576.322358216, 132, 42, 90, 361.55612242701943, 44
1, 1339378, 765178, 574200, 5740827.600530909, 33, 33, 0, 251.27817269284301, 33
1, 1339447, 765217, 574230, 5741131.712672619, 69, 39, 30, 304.1121417102006, 40
51, 1339531, 765251, 574280, 5741451.352683023, 84, 34, 50, 319.64001040350905, 35
1, 1339614, 765294, 574320, 5741770.887630952, 83, 43, 40, 319.5349479292333, 44
1, 1339660, 765340, 574320, 5742045.516699665, 46, 46, 0, 274.6290687140218, 46
51, 1339778, 765378, 574400, 5742395.904024834, 118, 38, 80, 350.3873251689181, 40
1, 1339812, 765412, 574400, 5742649.177665111, 34, 34, 0, 253.2736402766418, 34
1, 1339848, 765448, 574400, 5742906.326639389, 36, 36, 0, 257.1489742783178, 36
1, 1339889, 765489, 574400, 5743172.570592832, 41, 41, 0, 266.24395344352433, 41
51, 1340023, 765533, 574490, 5743535.80340875, 134, 44, 90, 363.23281591860336, 46
1, 1340045, 765555, 574490, 5743761.777085817, 22, 22, 0, 225.97367706679938, 22
1, 1340110, 765590, 574520, 5744060.818237261, 65, 35, 30, 299.04115144336777, 36
1, 1340147, 765627, 574520, 5744319.850808717, 37, 37, 0, 259.03257145596604, 37
51, 1340298, 765658, 574640, 5744693.896179924, 151, 31, 120, 374.04537120670284, 34
1, 1340349, 765709, 574640, 5744976.330691702, 51, 51, 0, 282.43451177837886, 51
1, 1340381, 765741, 574640, 5745225.572114702, 32, 32, 0, 249.24142300054422, 32
1, 1340453, 765783, 574670, 5745533.367177727, 72, 42, 30, 307.79506302439404, 43
51, 1340591, 765831, 574760, 5745899.911107278, 138, 48, 90, 366.54392955194305, 50
1, 1340640, 765880, 574760, 5746179.286238384, 49, 49, 0, 279.3751311064591, 49
1, 1340679, 765919, 574760, 5746441.986178328, 39, 39, 0, 262.6999399439383, 39
51, 1340771, 765961, 574810, 5746770.190279797, 92, 42, 50, 328.20410146824725, 43
1, 1340847, 766007, 574840, 5747082.74945217, 76, 46, 30, 312.5591723737189, 47
1, 1340936, 766056, 574880, 5747408.797317734, 89, 49, 40, 326.0478655640733, 50
1, 1340979, 766099, 574880, 5747678.472277937, 43, 43, 0, 269.6749602031015, 43
51, 1341147, 766147, 575000, 5748065.392852305, 168, 48, 120, 386.9205743678508, 51
1, 1341187, 766187, 575000, 5748329.879538242, 40, 40, 0, 264.4866859365871, 40
1, 1341231, 766231, 575000, 5748601.230495932, 44, 44, 0, 271.35095769013947, 44
1, 1341276, 766276, 575000, 5748874.232502343, 45, 45, 0, 273.00200641113514, 45
1, 1341347, 766317, 575030, 5749180.810813162, 71, 41, 30, 306.57831081870995, 42
51, 1341440, 766360, 575080, 5749510.053093068, 93, 43, 50, 329.24227990714814, 44
1, 1341519, 766399, 575120, 5749825.083843199, 79, 39, 40, 315.03075013013313, 40
1, 1341564, 766444, 575120, 5750098.08584961, 45, 45, 0, 273.00200641113514, 45
1, 1341689, 766499, 575190, 5750455.656002099, 125, 55, 70, 357.57015248821097, 57
51, 1341786, 766546, 575240, 5750788.9849013705, 97, 47, 50, 333.3288992714996, 48
1, 1341820, 766580, 575240, 5751042.258541647, 34, 34, 0, 253.2736402766418, 34
1, 1341889, 766619, 575270, 5751346.370683357, 69, 39, 30, 304.1121417102006, 40
1, 1341927, 766657, 575270, 5751607.2530629765, 38, 38, 0, 260.88237961983884, 38
1, 1342014, 766704, 575310, 5751931.160643974, 87, 47, 40, 323.9075809977351, 48
51, 1342137, 766747, 575390, 5752285.985215236, 123, 43, 80, 354.8245712617827, 45
1, 1342225, 766795, 575430, 5752610.966646598, 88, 48, 40, 324.98143136087856, 49
1, 1342260, 766830, 575430, 5752866.196574507, 35, 35, 0, 255.22992790977875, 35
1, 1342303, 766873, 575430, 5753135.871534711, 43, 43, 0, 269.6749602031015, 43
51, 1342418, 766908, 575510, 5753483.5437517725, 115, 35, 80, 347.6722170622053, 37
1, 1342458, 766948, 575510, 5753748.030437709, 40, 40, 0, 264.4866859365871, 40
1, 1342493, 766983, 575510, 5754003.260365618, 35, 35, 0, 255.22992790977875, 35
51, 1342621, 767021, 575600, 5754361.41893172, 128, 38, 90, 358.1585661014858, 40
1, 1342684, 767054, 575630, 5754657.850256446, 63, 33, 30, 296.43132472612575, 34
1, 1342725, 767095, 575630, 5754924.094209889, 41, 41, 0, 266.24395344352433, 41
1, 1342796, 767136, 575660, 5755230.672520707, 71, 41, 30, 306.57831081870995, 42
1, 1342829, 767169, 575660, 5755481.950693401, 33, 33, 0, 251.27817269284301, 33
51, 1342914, 767204, 575710, 5755802.687721072, 85, 35, 50, 320.73702767108114, 36
1, 1342997, 767247, 575750, 5756122.222669001, 83, 43, 40, 319.5349479292333, 44
1, 1343064, 767284, 575780, 5756423.823224259, 67, 37, 30, 301.6005552576305, 38
1, 1343104, 767324, 575780, 5756688.309910195, 40, 40, 0, 264.4866859365871, 40
51, 1343233, 767363, 575870, 5757047.323510686, 129, 39, 90, 359.01360049114555, 41
1, 1343272, 767402, 575870, 5757310.02345063, 39, 39, 0, 262.6999399439383, 39
1, 1343405, 767465, 575940, 5757674.419719671, 133, 63, 70, 364.3962690412072, 65
1, 1343455, 767515, 575940, 5757955.334514518, 50, 50, 0, 280.9147948472494, 50
51, 1343542, 767552, 575990, 5758278.242095516, 87, 37, 50, 322.9075809977351, 38
1, 1343588, 767598, 575990, 5758552.87116423, 46, 46, 0, 274.6290687140218, 46
1, 1343668, 767638, 576030, 5758869.040920474, 80, 40, 40, 316.1697562442441, 41
51, 1343787, 767677, 576110, 5759220.3243156755, 119, 39, 80, 351.28339520229764, 41
1, 1343825, 767715, 576110, 5759481.206695295, 38, 38, 0, 260.88237961983884, 38
1, 1343862, 767752, 576110, 5759740.239266751, 37, 37, 0, 259.03257145596604, 37
1, 1343972, 767792, 576180, 5760084.292450798, 110, 40, 70, 344.0531840464366, 42
51, 1344060, 767830, 576230, 5760408.273882159, 88, 38, 50, 323.98143136087856, 39
1, 1344127, 767867, 576260, 5760709.874437417, 67, 37, 30, 301.6005552576305, 38
1, 1344173, 767913, 576260, 5760984.503506131, 46, 46, 0, 274.6290687140218, 46
1, 1344243, 767953, 576290, 5761289.8542669825, 70, 40, 30, 305.3507608519078, 41
51, 1344329, 767989, 576340, 5761611.68043163, 86, 36, 50, 321.82616464756694, 37
1, 1344421, 768041, 576380, 5761940.884533099, 92, 52, 40, 329.20410146824725, 53
1, 1344459, 768079, 576380, 5762201.766912718, 38, 38, 0, 260.88237961983884, 38
51, 1344580, 768120, 576460, 5762554.829391754, 121, 41, 80, 353.06247903554, 43
1, 1344626, 768166, 576460, 5762829.458460468, 46, 46, 0, 274.6290687140218, 46
1, 1344671, 768211, 576460, 5763102.460466879, 45, 45, 0, 273.00200641113514, 45
51, 1344804, 768254, 576550, 5763464.8567359205, 133, 43, 90, 362.3962690412072, 45
1, 1344841, 768291, 576550, 5763723.889307377, 37, 37, 0, 259.03257145596604, 37
1, 1344959, 768339, 576620, 5764075.2766325455, 118, 48, 70, 351.3873251689181, 50
1, 1345002, 768382, 576620, 5764344.951592749, 43, 43, 0, 269.6749602031015, 43
51, 1345094, 768424, 576670, 5764673.155694217, 92, 42, 50, 328.20410146824725, 43
1, 1345128, 768458, 576670, 5764926.429334494, 34, 34, 0, 253.2736402766418, 34
1, 1345201, 768501, 576700, 5765235.430613063, 73, 43, 30, 309.00127856917646, 44
51, 1345293, 768543, 576750, 5765563.634714532, 92, 42, 50, 328.20410146824725, 43
1, 1345376, 768586, 576790, 5765883.169662461, 83, 43, 40, 319.5349479292333, 44
1, 1345414, 768624, 576790, 5766144.05204208, 38, 38, 0, 260.88237961983884, 38
1, 1345476, 768656, 576820, 5766439.15866841, 62, 32, 30, 295.1066263296683, 33
51, 1345571, 768701, 576870, 5766770.457232545, 95, 45, 50, 331.2985641352145, 46
1, 1345658, 768748, 576910, 5767094.364813543, 87, 47, 40, 323.9075809977351, 48
1, 1345702, 768792, 576910, 5767365.715771233, 44, 44, 0, 271.35095769013947, 44
1, 1345781, 768831, 576950, 5767680.746521363, 79, 39, 40, 315.03075013013313, 40
1, 1345829, 768879, 576950, 5767958.561323954, 48, 48, 0, 277.8148025904985, 48
51, 1345954, 768924, 577030, 5768315.131476442, 125, 45, 80, 356.57015248821097, 47
1, 1345991, 768961, 577030, 5768574.164047899, 37, 37, 0, 259.03257145596604, 37
1, 1346053, 768993, 577060, 5768869.270674229, 62, 32, 30, 295.1066263296683, 33
1, 1346140, 769040, 577100, 5769193.178255226, 87, 47, 40, 323.9075809977351, 48
1, 1346180, 769080, 577100, 5769457.664941163, 40, 40, 0, 264.4866859365871, 40
51, 1346303, 769113, 577190, 5769811.489512425, 123, 33, 90, 353.8245712617827, 35
1, 1346346, 769156, 577190, 5770081.164472628, 43, 43, 0, 269.6749602031015, 43
1, 1346412, 769192, 577220, 5770381.491460905, 66, 36, 30, 300.32698827717985, 37
1, 1346491, 769231, 577260, 5770696.522211036, 79, 39, 40, 315.03075013013313, 40
1, 1346534, 769274, 577260, 5770966.197171239, 43, 43, 0, 269.6749602031015, 43
51, 1346668, 769318, 577350, 5771329.429987158, 134, 44, 90, 363.23281591860336, 46
1, 1346713, 769363, 577350, 5771602.431993569, 45, 45, 0, 273.00200641113514, 45
1, 1346750, 769400, 577350, 5771861.464565026, 37, 37, 0, 259.03257145596604, 37
51, 1346865, 769435, 577430, 5772209.136782087, 115, 35, 80, 347.6722170622053, 37
1, 1346904, 769474, 577430, 5772471.836722031, 39, 39, 0, 262.6999399439383, 39
1, 1346950, 769520, 577430, 5772746.465790745, 46, 46, 0, 274.6290687140218, 46
1, 1347030, 769560, 577470, 5773062.635546989, 80, 40, 40, 316.1697562442441, 41
1, 1347068, 769598, 577470, 5773323.517926608, 38, 38, 0, 260.88237961983884, 38
51, 1347166, 769646, 577520, 5773657.852554973, 98, 48, 50, 334.33462836457886, 49
1, 1347233, 769683, 577550, 5773959.453110231, 67, 37, 30, 301.6005552576305, 38
1, 1347268, 769718, 577550, 5774214.683038141, 35, 35, 0, 255.22992790977875, 35
1, 1347347, 769757, 577590, 5774529.713788271, 79, 39, 40, 315.03075013013313, 40
51, 1347439, 769799, 577640, 5774857.917889739, 92, 42, 50, 328.20410146824725, 43
1, 1347475, 769835, 577640, 5775115.066864017, 36, 36, 0, 257.1489742783178, 36
1, 1347589, 769879, 577710, 5775462.824851709, 114, 44, 70, 347.75798769167545, 46
1, 1347627, 769917, 577710, 5775723.707231329, 38, 38, 0, 260.88237961983884, 38
1, 1347666, 769956, 577710, 5775986.407171273, 39, 39, 0, 262.6999399439383, 39
51, 1347763, 770003, 577760, 5776319.736070544, 97, 47, 50, 333.3288992714996, 48
1, 1347838, 770038, 577800, 5776630.119166182, 75, 35, 40, 310.38309563827124, 36
1, 1347910, 770080, 577830, 5776937.914229207, 72, 42, 30, 307.79506302439404, 43
51, 1348033, 770113, 577920, 5777291.738800469, 123, 33, 90, 353.8245712617827, 35
1, 1348079, 770159, 577920, 5777566.3678691825, 46, 46, 0, 274.6290687140218, 46
1, 1348132, 770212, 577920, 5777851.784656824, 53, 53, 0, 285.4167876408086, 53
51, 1348219, 770249, 577970, 5778174.692237821, 87, 37, 50, 322.9075809977351, 38
1, 1348280, 770280, 578000, 5778468.460477089, 61, 31, 30, 293.7682392671241, 32
1, 1348360, 770320, 578040, 5778784.6302333325, 80, 40, 40, 316.1697562442441, 41
1, 1348407, 770367, 578040, 5779060.863283202, 47, 47, 0, 276.2330498695885, 47
51, 1348498, 770408, 578090, 5779388.022345141, 91, 41, 50, 327.1590619387661, 42
1, 1348562, 770442, 578120, 5779685.765057615, 64, 34, 30, 297.742712474619, 35
1, 1348602, 770482, 578120, 5779950.251743551, 40, 40, 0, 264.4866859365871, 40
1, 1348684, 770524, 578160, 5780268.673413395, 82, 42, 40, 318.42166984345636, 43
51, 1348776, 770566, 578210, 5780596.877514863, 92, 42, 50, 328.20410146824725, 43
1, 1348816, 770606, 578210, 5780861.3642008, 40, 40, 0, 264.4866859365871, 40
1, 1348876, 770636, 578240, 5781153.779969171, 60, 30, 30, 292.41576837137404, 31
1, 1348911, 770671, 578240, 5781409.00989708, 35, 35, 0, 255.22992790977875, 35
51, 1349050, 770720, 578330, 5781776.373059382, 139, 49, 90, 367.36316230125203, 51
1, 1349092, 770762, 578330, 5782044.346048884, 42, 42, 0, 267.97298950218305, 42
1, 1349136, 770806, 578330, 5782315.697006574, 44, 44, 0, 271.35095769013947, 44
1, 1349224, 770854, 578370, 5782640.678437935, 88, 48, 40, 324.98143136087856, 49
1, 1349291, 770891, 578400, 5782942.278993193, 67, 37, 30, 301.6005552576305, 38
51, 1349411, 770921, 578490, 5783293.454085158, 120, 30, 90, 351.1750919646873, 32
1, 1349449, 770959, 578490, 5783554.336464778, 38, 38, 0, 260.88237961983884, 38
1, 1349486, 770996, 578490, 5783813.369036234, 37, 37, 0, 259.03257145596604, 37
1, 1349530, 771040, 578490, 5784084.719993924, 44, 44, 0, 271.35095769013947, 44
1, 1349646, 771086, 578560, 5784434.301797415, 116, 46, 70, 349.5818034911291, 48
51, 1349727, 771117, 578610, 5784750.601797415, 81, 31, 50, 316.3, 32
1, 1349769, 771159, 578610, 5785018.574786917, 42, 42, 0, 267.97298950218305, 42
1, 1349811, 771201, 578610, 5785286.54777642, 42, 42, 0, 267.97298950218305, 42
1, 1349890, 771240, 578650, 5785601.57852655, 79, 39, 40, 315.03075013013313, 40
51, 1349982, 771282, 578700, 5785929.782628018, 92, 42, 50, 328.20410146824725, 43
1, 1350047, 771317, 578730, 5786228.823779462, 65, 35, 30, 299.04115144336777, 36
1, 1350086, 771356, 578730, 5786491.523719406, 39, 39, 0, 262.6999399439383, 39
1, 1350123, 771393, 578730, 5786750.556290862, 37, 37, 0, 259.03257145596604, 37
51, 1350248, 771428, 578820, 5787106.126443351, 125, 35, 90, 355.57015248821097, 37
1, 1350287, 771467, 578820, 5787368.826383295, 39, 39, 0, 262.6999399439383, 39
1, 1350359, 771509, 578850, 5787676.621446319, 72, 42, 30, 307.79506302439404, 43
1, 1350404, 771554, 578850, 5787949.6234527305, 45, 45, 0, 273.00200641113514, 45
51, 1350530, 771590, 578940, 5788306.060348614, 126, 36, 90, 356.43689588345075, 38
1, 1350563, 771623, 578940, 5788557.338521307, 33, 33, 0, 251.27817269284301, 33
1, 1350630, 771660, 578970, 5788858.939076565, 67, 37, 30, 301.6005552576305, 38
1, 1350677, 771707, 578970, 5789135.172126435, 47, 47, 0, 276.2330498695885, 47
51, 1350763, 771743, 579020, 5789456.998291083, 86, 36, 50, 321.82616464756694, 37
1, 1350843, 771783, 579060, 5789773.168047327, 80, 40, 40, 316.1697562442441, 41
1, 1350882, 771822, 579060, 5790035.8679872705, 39, 39, 0, 262.6999399439383, 39
1, 1350925, 771865, 579060, 5790305.542947474, 43, 43, 0, 269.6749602031015, 43
51, 1351042, 771902, 579140, 5790655.029764272, 117, 37, 80, 349.4868167986058, 39
1, 1351078, 771938, 579140, 5790912.17873855, 36, 36, 0, 257.1489742783178, 36
1, 1351184, 771974, 579210, 5791252.44678216, 106, 36, 70, 340.2680436096278, 38
1, 1351225, 772015, 579210, 5791518.690735603, 41, 41, 0, 266.24395344352433, 41
51, 1351314, 772054, 579260, 5791843.738601167, 89, 39, 50, 325.0478655640733, 40
1, 1351398, 772098, 579300, 5792164.37861157, 84, 44, 40, 320.64001040350905, 45
1, 1351439, 772139, 579300, 5792430.622565013, 41, 41, 0, 266.24395344352433, 41
51, 1351526, 772176, 579350, 5792753.530146011, 87, 37, 50, 322.9075809977351, 38
1, 1351596, 772216, 579380, 5793058.880906863, 70, 40, 30, 305.3507608519078, 41
1, 1351667, 772247, 579420, 5793364.459217682, 71, 31, 40, 305.57831081870995, 32
51, 1351761, 772291, 579470, 5793694.732943529, 94, 44, 50, 330.273725847777, 45
1, 1351871, 772331, 579540, 5794038.786127576, 110, 40, 70, 344.0531840464366, 42
1, 1351915, 772375, 579540, 5794310.1370852655, 44, 44, 0, 271.35095769013947, 44
1, 1351979, 772409, 579570, 5794607.87979774, 64, 34, 30, 297.742712474619, 35
1, 1352058, 772448, 579610, 5794922.91054787, 79, 39, 40, 315.03075013013313, 40
51, 1352189, 772499, 579690, 5795284.622876085, 131, 51, 80, 361.7123282155055, 53
1, 1352236, 772546, 579690, 5795560.855925955, 47, 47, 0, 276.2330498695885, 47
1, 1352279, 772589, 579690, 5795830.530886158, 43, 43, 0, 269.6749602031015, 43
1, 1352344, 772624, 579720, 5796129.572037602, 65, 35, 30, 299.04115144336777, 36
51, 1352481, 772671, 579810, 5796495.293359807, 137, 47, 90, 365.72132220485213, 49
1, 1352516, 772706, 579810, 5796750.523287716, 35, 35, 0, 255.22992790977875, 35
1, 1352584, 772744, 579840, 5797053.385458819, 68, 38, 30, 302.86217110259, 39
1, 1352670, 772790, 579880, 5797376.211623467, 86, 46, 40, 322.82616464756694, 47
51, 1352797, 772837, 579960, 5797734.511305766, 127, 47, 80, 358.2996822992933, 49
1, 1352833, 772873, 579960, 5797991.660280044, 36, 36, 0, 257.1489742783178, 36
1, 1352871, 772911, 579960, 5798252.542659664, 38, 38, 0, 260.88237961983884, 38
1, 1352949, 772949, 580000, 5798566.425446284, 78, 38, 40, 313.8827866200841, 39
1, 1353022, 772992, 580030, 5798875.426724853, 73, 43, 30, 309.00127856917646, 44
51, 1353106, 773026, 580080, 5799195.066735256, 84, 34, 50, 319.64001040350905, 35
1, 1353150, 773070, 580080, 5799466.417692946, 44, 44, 0, 271.35095769013947, 44
1, 1353183, 773103, 580080, 5799717.6958656395, 33, 33, 0, 251.27817269284301, 33
1, 1353251, 773141, 580110, 5800020.558036742, 68, 38, 30, 302.86217110259, 39
51, 1353384, 773184, 580200, 5800382.954305783, 133, 43, 90, 362.3962690412072, 45
1, 1353454, 773224, 580230, 5800688.305066635, 70, 40, 30, 305.3507608519078, 41
1, 1353489, 773259, 580230, 5800943.534994544, 35, 35, 0, 255.22992790977875, 35
51, 1353619, 773299, 580320, 5801303.399832083, 130, 40, 90, 359.86483753851803, 42
1, 1353659, 773339, 580320, 5801567.886518019, 40, 40, 0, 264.4866859365871, 40
1, 1353688, 773368, 580320, 5801810.74609673, 29, 29, 0, 242.8595787106084, 29
1, 1353723, 773403, 580320, 5802065.97602464, 35, 35, 0, 255.22992790977875, 35
1, 1353825, 773435, 580390, 5802402.373207421, 102, 32, 70, 336.39718278112656, 34
51, 1353924, 773484, 580440, 5802737.707421974, 99, 49, 50, 335.33421455299043, 50
1, 1353959, 773519, 580440, 5802992.937349884, 35, 35, 0, 255.22992790977875, 35
1, 1353994, 773554, 580440, 5803248.167277793, 35, 35, 0, 255.22992790977875, 35
51, 1354107, 773587, 580520, 5803594.006321663, 113, 33, 80, 345.83904386951343, 35
1, 1354148, 773628, 580520, 5803860.250275106, 41, 41, 0, 266.24395344352433, 41
1, 1354266, 773676, 580590, 5804211.637600275, 118, 48, 70, 351.3873251689181, 50
51, 1354355, 773715, 580640, 5804536.685465839, 89, 39, 50, 325.0478655640733, 40
1, 1354396, 773756, 580640, 5804802.929419282, 41, 41, 0, 266.24395344352433, 41
1, 1354437, 773797, 580640, 5805069.173372725, 41, 41, 0, 266.24395344352433, 41
51, 1354536, 773846, 580690, 5805404.507587278, 99, 49, 50, 335.33421455299043, 50
1, 1354579, 773889, 580690, 5805674.182547482, 43, 43, 0, 269.6749602031015, 43
1, 1354690, 773930, 580760, 5806019.169265523, 111, 41, 70, 344.9867180408456, 43
51, 1354780, 773970, 580810, 5806345.276294347, 90, 40, 50, 326.1070288241023, 41
1, 1354819, 774009, 580810, 5806607.976234291, 39, 39, 0, 262.6999399439383, 39
1, 1354894, 774044, 580850, 5806918.359329929, 75, 35, 40, 310.38309563827124, 36
1, 1354948, 774098, 580850, 5807205.239931012, 54, 54, 0, 286.88060108295343, 54
1, 1354989, 774139, 580850, 5807471.483884455, 41, 41, 0, 266.24395344352433, 41
51, 1355113, 774183, 580930, 5807827.183281003, 124, 44, 80, 355.6993965481514, 46
1, 1355149, 774219, 580930, 5808084.332255281, 36, 36, 0, 257.1489742783178, 36
1, 1355188, 774258, 580930, 5808347.032195224, 39, 39, 0, 262.6999399439383, 39
1, 1355264, 774294, 580970, 5808658.591367598, 76, 36, 40, 311.5591723737189, 37
51, 1355353, 774333, 581020, 5808983.639233162, 89, 39, 50, 325.0478655640733, 40
1, 1355387, 774367, 581020, 5809236.912873439, 34, 34, 0, 253.2736402766418, 34
1, 1355455, 774405, 581050, 5809539.775044541, 68, 38, 30, 302.86217110259, 39
1, 1355534, 774444, 581090, 5809854.805794671, 79, 39, 40, 315.03075013013313, 40
51, 1355612, 774472, 581140, 5810167.688581292, 78, 28, 50, 312.8827866200841, 29
1, 1355652, 774512, 581140, 5810432.175267228, 40, 40, 0, 264.4866859365871, 40
1, 1355722, 774552, 581170, 5810737.52602808, 70, 40, 30, 305.3507608519078, 41
51, 1355807, 774587, 581220, 5811058.263055751, 85, 35, 50, 320.73702767108114, 36
1, 1355894, 774634, 581260, 5811382.170636749, 87, 47, 40, 323.9075809977351, 48
1, 1355927, 774667, 581260, 5811633.448809442, 33, 33, 0, 251.27817269284301, 33
1, 1355968, 774708, 581260, 5811899.692762885, 41, 41, 0, 266.24395344352433, 41
51, 1356073, 774763, 581310, 5812240.90135018, 105, 55, 50, 341.208587294368, 56
1, 1356138, 774798, 581340, 5812539.942501623, 65, 35, 30, 299.04115144336777, 36
1, 1356222, 774842, 581380, 5812860.582512027, 84, 44, 40, 320.64001040350905, 45
1, 1356251, 774871, 581380, 5813103.442090738, 29, 29, 0, 242.8595787106084, 29
51, 1356371, 774911, 581460, 5813455.617182703, 120, 40, 80, 352.1750919646873, 42
1, 1356409, 774949, 581460, 5813716.499562322, 38, 38, 0, 260.88237961983884, 38
1, 1356476, 774986, 581490, 5814018.10011758, 67, 37, 30, 301.6005552576305, 38
1, 1356512, 775022, 581490, 5814275.249091858, 36, 36, 0, 257.1489742783178, 36
51, 1356635, 775055, 581580, 5814629.07366312, 123, 33, 90, 353.8245712617827, 35
1, 1356713, 775103, 581610, 5814943.956449741, 78, 48, 30, 314.8827866200841, 49
1, 1356757, 775147, 581610, 5815215.30740743, 44, 44, 0, 271.35095769013947, 44
51, 1356840, 775180, 581660, 5815533.842355359, 83, 33, 50, 318.5349479292333, 34
1, 1356925, 775225, 581700, 5815855.5793830305, 85, 45, 40, 321.73702767108114, 46
1, 1356965, 775265, 581700, 5816120.066068967, 40, 40, 0, 264.4866859365871, 40
1, 1357034, 775294, 581740, 5816423.178210677, 69, 29, 40, 303.1121417102006, 30
51, 1357154, 775334, 581820, 5816775.353302642, 120, 40, 80, 352.1750919646873, 42
1, 1357194, 775374, 581820, 5817039.839988578, 40, 40, 0, 264.4866859365871, 40
1, 1357277, 775417, 581860, 5817359.374936507, 83, 43, 40, 319.5349479292333, 44
51, 1357367, 775457, 581910, 5817685.481965331, 90, 40, 50, 326.1070288241023, 41
1, 1357436, 775496, 581940, 5817989.594107041, 69, 39, 30, 304.1121417102006, 40
1, 1357473, 775533, 581940, 5818248.6266784975, 37, 37, 0, 259.03257145596604, 37
1, 1357544, 775564, 581980, 5818554.204989316, 71, 31, 40, 305.57831081870995, 32
51, 1357646, 775616, 582030, 5818892.502172097, 102, 52, 50, 338.29718278112654, 53
1, 1357693, 775663, 582030, 5819168.735221966, 47, 47, 0, 276.2330498695885, 47
1, 1357735, 775705, 582030, 5819436.7082114685, 42, 42, 0, 267.97298950218305, 42
51, 1357857, 775747, 582110, 5819790.653830023, 122, 42, 80, 353.9456185537469, 44
1, 1357948, 775798, 582150, 5820118.812891961, 91, 51, 40, 328.1590619387661, 52
1, 1357981, 775831, 582150, 5820370.091064654, 33, 33, 0, 251.27817269284301, 33
1, 1358041, 775861, 582180, 5820662.506833025, 60, 30, 30, 292.41576837137404, 31
1, 1358079, 775899, 582180, 5820923.389212645, 38, 38, 0, 260.88237961983884, 38
51, 1358236, 775936, 582300, 5821302.0661057625, 157, 37, 120, 378.67689311792185, 40
1, 1358274, 775974, 582300, 5821562.948485382, 38, 38, 0, 260.88237961983884, 38
1, 1358308, 776008, 582300, 5821816.222125659, 34, 34, 0, 253.2736402766418, 34
1, 1358410, 776040, 582370, 5822152.61930844, 102, 32, 70, 336.39718278112656, 34
1, 1358442, 776072, 582370, 5822401.860731441, 32, 32, 0, 249.24142300054422, 32
51, 1358539, 776119, 582420, 5822735.189630712, 97, 47, 50, 333.3288992714996, 48
1, 1358588, 776168, 582420, 5823014.564761818, 49, 49, 0, 279.3751311064591, 49
1, 1358703, 776213, 582490, 5823363.23697888, 115, 45, 70, 348.6722170622053, 47
1, 1358739, 776249, 582490, 5823620.385953158, 36, 36, 0, 257.1489742783178, 36
51, 1358829, 776289, 582540, 5823946.492981982, 90, 40, 50, 326.1070288241023, 41
1, 1358880, 776340, 582540, 5824228.92749376, 51, 51, 0, 282.43451177837886, 51
1, 1358954, 776374, 582580, 5824538.124702527, 74, 34, 40, 309.1972087668518, 35
1, 1358988, 776408, 582580, 5824791.398342804, 34, 34, 0, 253.2736402766418, 34
51, 1359104, 776444, 582660, 5825139.980146295, 116, 36, 80, 348.5818034911291, 38
1, 1359144, 776484, 582660, 5825404.466832232, 40, 40, 0, 264.4866859365871, 40
1, 1359223, 776523, 582700, 5825719.497582362, 79, 39, 40, 315.03075013013313, 40
1, 1359264, 776564, 582700, 5825985.741535805, 41, 41, 0, 266.24395344352433, 41
1, 1359298, 776598, 582700, 5826239.015176082, 34, 34, 0, 253.2736402766418, 34
51, 1359383, 776633, 582750, 5826559.752203753, 85, 35, 50, 320.73702767108114, 36
1, 1359451, 776671, 582780, 5826862.6143748555, 68, 38, 30, 302.86217110259, 39
1, 1359499, 776719, 582780, 5827140.429177446, 48, 48, 0, 277.8148025904985, 48
1, 1359578, 776758, 582820, 5827455.459927577, 79, 39, 40, 315.03075013013313, 40
1, 1359616, 776796, 582820, 5827716.342307196, 38, 38, 0, 260.88237961983884, 38
51, 1359704, 776834, 582870, 5828040.323738557, 88, 38, 50, 323.98143136087856, 39
1, 1359810, 776870, 582940, 5828380.591782167, 106, 36, 70, 340.2680436096278, 38
1, 1359845, 776905, 582940, 5828635.821710076, 35, 35, 0, 255.22992790977875, 35
51, 1359939, 776949, 582990, 5828966.095435924, 94, 44, 50, 330.273725847777, 45
1, 1360000, 776980, 583020, 5829259.863675191, 61, 31, 30, 293.7682392671241, 32
1, 1360047, 777027, 583020, 5829536.096725061, 47, 47, 0, 276.2330498695885, 47
1, 1360082, 777062, 583020, 5829791.32665297, 35, 35, 0, 255.22992790977875, 35
51, 1360245, 777105, 583140, 5830174.538076448, 163, 43, 120, 383.21142347822723, 46
1, 1360288, 777148, 583140, 5830444.213036652, 43, 43, 0, 269.6749602031015, 43
1, 1360328, 777188, 583140, 5830708.699722588, 40, 40, 0, 264.4866859365871, 40
1, 1360393, 777223, 583170, 5831007.740874032, 65, 35, 30, 299.04115144336777, 36
51, 1360528, 777268, 583260, 5831371.806683972, 135, 45, 90, 364.06580994024984, 47
1, 1360567, 777307, 583260, 5831634.506623915, 39, 39, 0, 262.6999399439383, 39
1, 1360605, 777345, 583260, 5831895.389003535, 38, 38, 0, 260.88237961983884, 38
1, 1360641, 777381, 583260, 5832152.537977813, 36, 36, 0, 257.1489742783178, 36
51, 1360762, 777422, 583340, 5832505.600456849, 121, 41, 80, 353.06247903554, 43
1, 1360802, 777462, 583340, 5832770.087142785, 40, 40, 0, 264.4866859365871, 40
1, 1360884, 777504, 583380, 5833088.508812629, 82, 42, 40, 318.42166984345636, 43
1, 1360922, 777542, 583380, 5833349.391192248, 38, 38, 0, 260.88237961983884, 38
51, 1361020, 777590, 583430, 5833683.725820613, 98, 48, 50, 334.33462836457886, 49
1, 1361087, 777627, 583460, 5833985.326375871, 67, 37, 30, 301.6005552576305, 38
1, 1361126, 777666, 583460, 5834248.026315815, 39, 39, 0, 262.6999399439383, 39
1, 1361202, 777702, 583500, 5834559.585488188, 76, 36, 40, 311.5591723737189, 37
51, 1361289, 777739, 583550, 5834882.493069186, 87, 37, 50, 322.9075809977351, 38
1, 1361322, 777772, 583550, 5835133.771241879, 33, 33, 0, 251.27817269284301, 33
1, 1361430, 777810, 583620, 5835475.942221426, 108, 38, 70, 342.1709795470626, 40
1, 1361461, 777841, 583620, 5835723.103327603, 31, 31, 0, 247.1611061770567, 31
1, 1361504, 777884, 583620, 5835992.778287807, 43, 43, 0, 269.6749602031015, 43
51, 1361594, 777924, 583670, 5836318.885316631, 90, 40, 50, 326.1070288241023, 41
1, 1361700, 777960, 583740, 5836659.15336024, 106, 36, 70, 340.2680436096278, 38
1, 1361736, 777996, 583740, 5836916.302334518, 36, 36, 0, 257.1489742783178, 36
1, 1361777, 778037, 583740, 5837182.546287961, 41, 41, 0, 266.24395344352433, 41
51, 1361943, 778083, 583860, 5837567.990555596, 166, 46, 120, 385.4442676339201, 49
1, 1361974, 778114, 583860, 5837815.151661772, 31, 31, 0, 247.1611061770567, 31
1, 1362016, 778156, 583860, 5838083.124651275, 42, 42, 0, 267.97298950218305, 42
1, 1362066, 778206, 583860, 5838364.039446122, 50, 50, 0, 280.9147948472494, 50
1, 1362179, 778249, 583930, 5838710.878489992, 113, 43, 70, 346.83904386951343, 45
51, 1362271, 778291, 583980, 5839039.08259146, 92, 42, 50, 328.20410146824725, 43
1, 1362312, 778332, 583980, 5839305.326544903, 41, 41, 0, 266.24395344352433, 41
1, 1362347, 778367, 583980, 5839560.556472813, 35, 35, 0, 255.22992790977875, 35
1, 1362390, 778410, 583980, 5839830.231433016, 43, 43, 0, 269.6749602031015, 43
1, 1362479, 778459, 584020, 5840156.27929858, 89, 49, 40, 326.0478655640733, 50
51, 1362599, 778499, 584100, 5840508.454390545, 120, 40, 80, 352.1750919646873, 42
1, 1362622, 778522, 584100, 5840737.048260855, 23, 23, 0, 228.5938703094842, 23
1, 1362658, 778558, 584100, 5840994.197235133, 36, 36, 0, 257.1489742783178, 36
51, 1362825, 778605, 584220, 5841380.38086457, 167, 47, 120, 386.1836294370035, 50
1, 1362864, 778644, 584220, 5841643.080804514, 39, 39, 0, 262.6999399439383, 39
1, 1362901, 778681, 584220, 5841902.11337597, 37, 37, 0, 259.03257145596604, 37
51, 1362992, 778722, 584270, 5842229.272437909, 91, 41, 50, 327.1590619387661, 42
1, 1363079, 778769, 584310, 5842553.1800189065, 87, 47, 40, 323.9075809977351, 48
1, 1363119, 778809, 584310, 5842817.666704843, 40, 40, 0, 264.4866859365871, 40
1, 1363179, 778839, 584340, 5843110.082473214, 60, 30, 30, 292.41576837137404, 31
51, 1363315, 778885, 584430, 5843474.977770248, 136, 46, 90, 364.89529703482884, 48
1, 1363388, 778928, 584460, 5843783.979048817, 73, 43, 30, 309.00127856917646, 44
1, 1363430, 778970, 584460, 5844051.95203832, 42, 42, 0, 267.97298950218305, 42
1, 1363461, 779001, 584460, 5844299.113144496, 31, 31, 0, 247.1611061770567, 31
51, 1363552, 779042, 584510, 5844626.272206435, 91, 41, 50, 327.1590619387661, 42
1, 1363632, 779082, 584550, 5844942.441962679, 80, 40, 40, 316.1697562442441, 41
1, 1363679, 779129, 584550, 5845218.675012548, 47, 47, 0, 276.2330498695885, 47
51, 1363804, 779174, 584630, 5845575.245165037, 125, 45, 80, 356.57015248821097, 47
1, 1363882, 779212, 584670, 5845889.127951657, 78, 38, 40, 313.8827866200841, 39
1, 1363918, 779248, 584670, 5846146.276925935, 36, 36, 0, 257.1489742783178, 36
51, 1364010, 779290, 584720, 5846474.481027404, 92, 42, 50, 328.20410146824725, 43
1, 1364048, 779328, 584720, 5846735.363407023, 38, 38, 0, 260.88237961983884, 38
1, 1364124, 779374, 584750, 5847047.9225793965, 76, 46, 30, 312.5591723737189, 47
1, 1364192, 779402, 584790, 5847349.784750499, 68, 28, 40, 301.86217110259, 29
51, 1364278, 779438, 584840, 5847671.610915147, 86, 36, 50, 321.82616464756694, 37
1, 1364343, 779473, 584870, 5847970.65206659, 65, 35, 30, 299.04115144336777, 36
1, 1364381, 779511, 584870, 5848231.53444621, 38, 38, 0, 260.88237961983884, 38
1, 1364460, 779550, 584910, 5848546.56519634, 79, 39, 40, 315.03075013013313, 40
51, 1364565, 779605, 584960, 5848887.773783634, 105, 55, 50, 341.208587294368, 56
1, 1364613, 779653, 584960, 5849165.588586225, 48, 48, 0, 277.8148025904985, 48
1, 1364685, 779695, 584990, 5849473.38364925, 72, 42, 30, 307.79506302439404, 43
1, 1364761, 779731, 585030, 5849784.942821623, 76, 36, 40, 311.5591723737189, 37
51, 1364851, 779771, 585080, 5850111.049850447, 90, 40, 50, 326.1070288241023, 41
1, 1364894, 779814, 585080, 5850380.724810651, 43, 43, 0, 269.6749602031015, 43
1, 1364934, 779854, 585080, 5850645.211496587, 40, 40, 0, 264.4866859365871, 40
1, 1364977, 779897, 585080, 5850914.88645679, 43, 43, 0, 269.6749602031015, 43
51, 1365135, 779935, 585200, 5851294.325666046, 158, 38, 120, 379.43920925585275, 41
1, 1365173, 779973, 585200, 5851555.208045665, 38, 38, 0, 260.88237961983884, 38
1, 1365213, 780013, 585200, 5851819.6947316015, 40, 40, 0, 264.4866859365871, 40
1, 1365296, 780056, 585240, 5852139.2296795305, 83, 43, 40, 319.5349479292333, 44
51, 1365387, 780097, 585290, 5852466.388741469, 91, 41, 50, 327.1590619387661, 42
1, 1365456, 780136, 585320, 5852770.500883179, 69, 39, 30, 304.1121417102006, 40
1, 1365536, 780176, 585360, 5853086.670639423, 80, 40, 40, 316.1697562442441, 41
1, 1365599, 780209, 585390, 5853383.101964149, 63, 33, 30, 296.43132472612575, 34
1, 1365638, 780248, 585390, 5853645.801904093, 39, 39, 0, 262.6999399439383, 39
51, 1365766, 780296, 585470, 5854004.960470194, 128, 48, 80, 359.1585661014858, 50
1, 1365801, 780331, 585470, 5854260.190398104, 35, 35, 0, 255.22992790977875, 35
1, 1365881, 780371, 585510, 5854576.3601543475, 80, 40, 40, 316.1697562442441, 41
51, 1365966, 780406, 585560, 5854897.097182019, 85, 35, 50, 320.73702767108114, 36
1, 1366005, 780445, 585560, 5855159.7971219625, 39, 39, 0, 262.6999399439383, 39
1, 1366082, 780492, 585590, 5855473.522785729, 77, 47, 30, 313.72566376652986, 48
1, 1366121, 780531, 585590, 5855736.222725673, 39, 39, 0, 262.6999399439383, 39
51, 1366247, 780567, 585680, 5856092.659621556, 126, 36, 90, 356.43689588345075, 38
1, 1366316, 780606, 585710, 5856396.771763266, 69, 39, 30, 304.1121417102006, 40
1, 1366403, 780653, 585750, 5856720.679344264, 87, 47, 40, 323.9075809977351, 48
1, 1366450, 780700, 585750, 5856996.912394133, 47, 47, 0, 276.2330498695885, 47
51, 1366537, 780737, 585800, 5857319.819975131, 87, 37, 50, 322.9075809977351, 38
1, 1366595, 780795, 585800, 5857612.386877239, 58, 58, 0, 292.5669021071895, 58
1, 1366656, 780826, 585830, 5857906.155116506, 61, 31, 30, 293.7682392671241, 32
1, 1366740, 780870, 585870, 5858226.795126909, 84, 44, 40, 320.64001040350905, 45
51, 1366835, 780915, 585920, 5858558.0936910445, 95, 45, 50, 331.2985641352145, 46
1, 1366907, 780957, 585950, 5858865.888754069, 72, 42, 30, 307.79506302439404, 43
1, 1366947, 780997, 585950, 5859130.375440005, 40, 40, 0, 264.4866859365871, 40
1, 1367026, 781036, 585990, 5859445.4061901355, 79, 39, 40, 315.03075013013313, 40
1, 1367102, 781082, 586020, 5859757.965362509, 76, 46, 30, 312.5591723737189, 47
51, 1367191, 781121, 586070, 5860083.013228073, 89, 39, 50, 325.0478655640733, 40
1, 1367227, 781157, 586070, 5860340.162202351, 36, 36, 0, 257.1489742783178, 36
1, 1367267, 781197, 586070, 5860604.648888287, 40, 40, 0, 264.4866859365871, 40
1, 1367347, 781237, 586110, 5860920.818644531, 80, 40, 40, 316.1697562442441, 41
51, 1367469, 781279, 586190, 5861274.764263085, 122, 42, 80, 353.9456185537469, 44
1, 1367503, 781313, 586190, 5861528.037903362, 34, 34, 0, 253.2736402766418, 34
1, 1367547, 781357, 586190, 5861799.388861052, 44, 44, 0, 271.35095769013947, 44
51, 1367637, 781397, 586240, 5862125.495889876, 90, 40, 50, 326.1070288241023, 41
1, 1367736, 781426, 586310, 5862458.930104429, 99, 29, 70, 333.43421455299045, 31
1, 1367771, 781461, 586310, 5862714.160032338, 35, 35, 0, 255.22992790977875, 35
51, 1367863, 781503, 586360, 5863042.364133807, 92, 42, 50, 328.20410146824725, 43
1, 1367913, 781553, 586360, 5863323.278928654, 50, 50, 0, 280.9147948472494, 50
1, 1367977, 781587, 586390, 5863621.021641129, 64, 34, 30, 297.742712474619, 35
1, 1368065, 781635, 586430, 5863946.00307249, 88, 48, 40, 324.98143136087856, 49
51, 1368166, 781686, 586480, 5864283.318460463, 101, 51, 50, 337.31538797227006, 52
1, 1368203, 781723, 586480, 5864542.351031919, 37, 37, 0, 259.03257145596604, 37
1, 1368246, 781766, 586480, 5864812.0259921225, 43, 43, 0, 269.6749602031015, 43
1, 1368312, 781802, 586510, 5865112.3529803995, 66, 36, 30, 300.32698827717985, 37
51, 1368443, 781843, 586600, 5865473.065308615, 131, 41, 90, 360.7123282155055, 43
1, 1368514, 781884, 586630, 5865779.643619433, 71, 41, 30, 306.57831081870995, 42
1, 1368560, 781930, 586630, 5866054.272688147, 46, 46, 0, 274.6290687140218, 46
1, 1368605, 781975, 586630, 5866327.274694558, 45, 45, 0, 273.00200641113514, 45
51, 1368690, 782010, 586680, 5866648.011722229, 85, 35, 50, 320.73702767108114, 36
1, 1368729, 782049, 586680, 5866910.711662173, 39, 39, 0, 262.6999399439383, 39
1, 1368835, 782085, 586750, 5867250.979705783, 106, 36, 70, 340.2680436096278, 38
1, 1368886, 782136, 586750, 5867533.414217561, 51, 51, 0, 282.43451177837886, 51
51, 1368972, 782172, 586800, 5867855.2403822085, 86, 36, 50, 321.82616464756694, 37
1, 1369024, 782224, 586800, 5868139.175343636, 52, 52, 0, 283.93496142826496, 52
1, 1369102, 782262, 586840, 5868453.058130257, 78, 38, 40, 313.8827866200841, 39
51, 1369193, 782303, 586890, 5868780.217192195, 91, 41, 50, 327.1590619387661, 42
1, 1369271, 782351, 586920, 5869095.099978816, 78, 48, 30, 314.8827866200841, 49
1, 1369341, 782381, 586960, 5869399.450739668, 70, 30, 40, 304.3507608519078, 31
1, 1369373, 782413, 586960, 5869648.692162668, 32, 32, 0, 249.24142300054422, 32
51, 1369465, 782455, 587010, 5869976.896264137, 92, 42, 50, 328.20410146824725, 43
1, 1369505, 782495, 587010, 5870241.382950073, 40, 40, 0, 264.4866859365871, 40
1, 1369550, 782540, 587010, 5870514.384956485, 45, 45, 0, 273.00200641113514, 45
1, 1369657, 782577, 587080, 5870855.607101754, 107, 37, 70, 341.2221452697031, 39
1, 1369691, 782611, 587080, 5871108.880742031, 34, 34, 0, 253.2736402766418, 34
51, 1369807, 782647, 587160, 5871457.4625455225, 116, 36, 80, 348.5818034911291, 38
1, 1369848, 782688, 587160, 5871723.706498966, 41, 41, 0, 266.24395344352433, 41
1, 1369925, 782725, 587200, 5872036.432162732, 77, 37, 40, 312.72566376652986, 38
1, 1369964, 782764, 587200, 5872299.132102676, 39, 39, 0, 262.6999399439383, 39
1, 1370013, 782813, 587200, 5872578.507233782, 49, 49, 0, 279.3751311064591, 49
51, 1370153, 782863, 587290, 5872946.686296606, 140, 50, 90, 368.1790628250393, 52
1, 1370219, 782899, 587320, 5873247.013284883, 66, 36, 30, 300.32698827717985, 37
1, 1370250, 782930, 587320, 5873494.17439106, 31, 31, 0, 247.1611061770567, 31
1, 1370333, 782973, 587360, 5873813.709338989, 83, 43, 40, 319.5349479292333, 44
51, 1370416, 783006, 587410, 5874132.244286918, 83, 33, 50, 318.5349479292333, 34
1, 1370450, 783040, 587410, 5874385.517927195, 34, 34, 0, 253.2736402766418, 34
1, 1370526, 783086, 587440, 5874698.077099568, 76, 46, 30, 312.5591723737189, 47
1, 1370564, 783124, 587440, 5874958.959479188, 38, 38, 0, 260.88237961983884, 38
1, 1370630, 783160, 587470, 5875259.286467465, 66, 36, 30, 300.32698827717985, 37
51, 1370758, 783198, 587560, 5875617.445033566, 128, 38, 90, 358.1585661014858, 40
1, 1370805, 783245, 587560, 5875893.678083436, 47, 47, 0, 276.2330498695885, 47
1, 1370847, 783287, 587560, 5876161.651072938, 42, 42, 0, 267.97298950218305, 42
1, 1370928, 783338, 587590, 5876479.951072938, 81, 51, 30, 318.3, 52
51, 1371057, 783377, 587680, 5876838.964673429, 129, 39, 90, 359.01360049114555, 41
1, 1371098, 783418, 587680, 5877105.208626872, 41, 41, 0, 266.24395344352433, 41
1, 1371131, 783451, 587680, 5877356.486799565, 33, 33, 0, 251.27817269284301, 33
51, 1371229, 783499, 587730, 5877690.82142793, 98, 48, 50, 334.33462836457886, 49
1, 1371311, 783541, 587770, 5878009.243097774, 82, 42, 40, 318.42166984345636, 43
1, 1371383, 783583, 587800, 5878317.038160798, 72, 42, 30, 307.79506302439404, 43
1, 1371420, 783620, 587800, 5878576.070732255, 37, 37, 0, 259.03257145596604, 37
1, 1371460, 783660, 587800, 5878840.557418191, 40, 40, 0, 264.4866859365871, 40
51, 1371552, 783702, 587850, 5879168.761519659, 92, 42, 50, 328.20410146824725, 43
1, 1371628, 783738, 587890, 5879480.320692033, 76, 36, 40, 311.5591723737189, 37
1, 1371698, 783778, 587920, 5879785.671452885, 70, 40, 30, 305.3507608519078, 41
1, 1371784, 783824, 587960, 5880108.4976175325, 86, 46, 40, 322.82616464756694, 47
51, 1371875, 783865, 588010, 5880435.656679471, 91, 41, 50, 327.1590619387661, 42
1, 1371939, 783899, 588040, 5880733.399391945, 64, 34, 30, 297.742712474619, 35
1, 1372023, 783943, 588080, 5881054.039402349, 84, 44, 40, 320.64001040350905, 45
1, 1372065, 783985, 588080, 5881322.012391851, 42, 42, 0, 267.97298950218305, 42
51, 1372161, 784031, 588130, 5881654.329307866, 96, 46, 50, 332.31691601465747, 47
1, 1372205, 784075, 588130, 5881925.680265556, 44, 44, 0, 271.35095769013947, 44
1, 1372241, 784111, 588130, 5882182.829239834, 36, 36, 0, 257.1489742783178, 36
1, 1372312, 784152, 588160, 5882489.4075506525, 71, 41, 30, 306.57831081870995, 42
1, 1372399, 784199, 588200, 5882813.31513165, 87, 47, 40, 323.9075809977351, 48
51, 1372485, 784235, 588250, 5883135.141296298, 86, 36, 50, 321.82616464756694, 37
1, 1372579, 784259, 588320, 5883463.515022146, 94, 24, 70, 328.373725847777, 26
1, 1372614, 784294, 588320, 5883718.744950055, 35, 35, 0, 255.22992790977875, 35
51, 1372700, 784330, 588370, 5884040.571114703, 86, 36, 50, 321.82616464756694, 37
1, 1372779, 784369, 588410, 5884355.601864833, 79, 39, 40, 315.03075013013313, 40
1, 1372814, 784404, 588410, 5884610.831792743, 35, 35, 0, 255.22992790977875, 35
1, 1372845, 784435, 588410, 5884857.99289892, 31, 31, 0, 247.1611061770567, 31
51, 1372959, 784469, 588490, 5885204.750886612, 114, 34, 80, 346.75798769167545, 36
1, 1373002, 784512, 588490, 5885474.425846815, 43, 43, 0, 269.6749602031015, 43
1, 1373112, 784552, 588560, 5885818.4790308615, 110, 40, 70, 344.0531840464366, 42
1, 1373155, 784595, 588560, 5886088.153991065, 43, 43, 0, 269.6749602031015, 43
51, 1373258, 784648, 588610, 5886427.4272411205, 103, 53, 50, 339.27325005549693, 54
1, 1373320, 784680, 588640, 5886722.53386745, 62, 32, 30, 295.1066263296683, 33
1, 1373362, 784722, 588640, 5886990.506856953, 42, 42, 0, 267.97298950218305, 42
1, 1373477, 784767, 588710, 5887339.179074015, 115, 45, 70, 348.6722170622053, 47
51, 1373570, 784810, 588760, 5887668.421353921, 93, 43, 50, 329.24227990714814, 44
1, 1373609, 784849, 588760, 5887931.121293865, 39, 39, 0, 262.6999399439383, 39
1, 1373655, 784895, 588760, 5888205.750362579, 46, 46, 0, 274.6290687140218, 46
1, 1373762, 784932, 588830, 5888546.972507848, 107, 37, 70, 341.2221452697031, 39
51, 1373855, 784975, 588880, 5888876.214787755, 93, 43, 50, 329.24227990714814, 44
1, 1373892, 785012, 588880, 5889135.247359212, 37, 37, 0, 259.03257145596604, 37
1, 1374003, 785053, 588950, 5889480.234077252, 111, 41, 70, 344.9867180408456, 43
1, 1374041, 785091, 588950, 5889741.116456872, 38, 38, 0, 260.88237961983884, 38
51, 1374204, 785134, 589070, 5890124.32788035, 163, 43, 120, 383.21142347822723, 46
1, 1374245, 785175, 589070, 5890390.571833793, 41, 41, 0, 266.24395344352433, 41
1, 1374289, 785219, 589070, 5890661.922791483, 44, 44, 0, 271.35095769013947, 44
1, 1374329, 785259, 589070, 5890926.409477419, 40, 40, 0, 264.4866859365871, 40
51, 1374457, 785307, 589150, 5891285.568043521, 128, 48, 80, 359.1585661014858, 50
1, 1374486, 785336, 589150, 5891528.427622232, 29, 29, 0, 242.8595787106084, 29
1, 1374566, 785376, 589190, 5891844.597378476, 80, 40, 40, 316.1697562442441, 41
1, 1374597, 785407, 589190, 5892091.758484652, 31, 31, 0, 247.1611061770567, 31
51, 1374689, 785449, 589240, 5892419.962586121, 92, 42, 50, 328.20410146824725, 43
1, 1374722, 785482, 589240, 5892671.240758814, 33, 33, 0, 251.27817269284301, 33
1, 1374828, 785518, 589310, 5893011.508802423, 106, 36, 70, 340.2680436096278, 38
51, 1374924, 785564, 589360, 5893343.825718438, 96, 46, 50, 332.31691601465747, 47
1, 1374967, 785607, 589360, 5893613.500678642, 43, 43, 0, 269.6749602031015, 43
1, 1375036, 785646, 589390, 5893917.6128203515, 69, 39, 30, 304.1121417102006, 40
1, 1375120, 785690, 589430, 5894238.252830755, 84, 44, 40, 320.64001040350905, 45
1, 1375159, 785729, 589430, 5894500.952770699, 39, 39, 0, 262.6999399439383, 39
51, 1375283, 785773, 589510, 5894856.652167247, 124, 44, 80, 355.6993965481514, 46
1, 1375325, 785815, 589510, 5895124.625156749, 42, 42, 0, 267.97298950218305, 42
1, 1375372, 785862, 589510, 5895400.858206619, 47, 47, 0, 276.2330498695885, 47
1, 1375455, 785905, 589550, 5895720.393154548, 83, 43, 40, 319.5349479292333, 44
51, 1375545, 785945, 589600, 5896046.500183372, 90, 40, 50, 326.1070288241023, 41
1, 1375583, 785983, 589600, 5896307.382562991, 38, 38, 0, 260.88237961983884, 38
1, 1375658, 786028, 589630, 5896618.765658629, 75, 45, 30, 311.38309563827124, 46
51, 1375752, 786072, 589680, 5896949.039384477, 94, 44, 50, 330.273725847777, 45
1, 1375790, 786110, 589680, 5897209.921764096, 38, 38, 0, 260.88237961983884, 38
1, 1375868, 786148, 589720, 5897523.804550717, 78, 38, 40, 313.8827866200841, 39
1, 1375916, 786196, 589720, 5897801.619353307, 48, 48, 0, 277.8148025904985, 48
51, 1376013, 786243, 589770, 5898134.948252579, 97, 47, 50, 333.3288992714996, 48
1, 1376119, 786279, 589840, 5898475.2162961885, 106, 36, 70, 340.2680436096278, 38
1, 1376160, 786320, 589840, 5898741.460249632, 41, 41, 0, 266.24395344352433, 41
1, 1376230, 786360, 589870, 5899046.811010484, 70, 40, 30, 305.3507608519078, 41
1, 1376269, 786399, 589870, 5899309.5109504275, 39, 39, 0, 262.6999399439383, 39
51, 1376359, 786439, 589920, 5899635.617979252, 90, 40, 50, 326.1070288241023, 41
1, 1376402, 786482, 589920, 5899905.292939455, 43, 43, 0, 269.6749602031015, 43
1, 1376483, 786523, 589960, 5900222.592939455, 81, 41, 40, 317.3, 42
1, 1376520, 786560, 589960, 5900481.625510911, 37, 37, 0, 259.03257145596604, 37
1, 1376588, 786598, 589990, 5900784.487682014, 68, 38, 30, 302.86217110259, 39
51, 1376714, 786634, 590080, 5901140.924577897, 126, 36, 90, 356.43689588345075, 38
1, 1376755, 786675, 590080, 5901407.168531341, 41, 41, 0, 266.24395344352433, 41
1, 1376799, 786719, 590080, 5901678.51948903, 44, 44, 0, 271.35095769013947, 44
51, 1376924, 786754, 590170, 5902034.089641519, 125, 35, 90, 355.57015248821097, 37
1, 1376991, 786791, 590200, 5902335.690196777, 67, 37, 30, 301.6005552576305, 38
1, 1377034, 786834, 590200, 5902605.36515698, 43, 43, 0, 269.6749602031015, 43
1, 1377107, 786867, 590240, 5902913.366435549, 73, 33, 40, 308.00127856917646, 34
51, 1377222, 786902, 590320, 5903261.038652611, 115, 35, 80, 347.6722170622053, 37
1, 1377265, 786945, 590320, 5903530.713612814, 43, 43, 0, 269.6749602031015, 43
1, 1377302, 786982, 590320, 5903789.746184271, 37, 37, 0, 259.03257145596604, 37
51, 1377427, 787027, 590400, 5904146.316336759, 125, 45, 80, 356.57015248821097, 47
1, 1377506, 787066, 590440, 5904461.34708689, 79, 39, 40, 315.03075013013313, 40
1, 1377543, 787103, 590440, 5904720.379658346, 37, 37, 0, 259.03257145596604, 37
1, 1377582, 787142, 590440, 5904983.07959829, 39, 39, 0, 262.6999399439383, 39
51, 1377750, 787190, 590560, 5905370.000172658, 168, 48, 120, 386.9205743678508, 51
1, 1377795, 787235, 590560, 5905643.002179069, 45, 45, 0, 273.00200641113514, 45
1, 1377833, 787273, 590560, 5905903.884558689, 38, 38, 0, 260.88237961983884, 38
1, 1377924, 787324, 590600, 5906232.043620627, 91, 51, 40, 328.1590619387661, 52
1, 1377975, 787375, 590600, 5906514.478132405, 51, 51, 0, 282.43451177837886, 51
51, 1378094, 787414, 590680, 5906865.761527607, 119, 39, 80, 351.28339520229764, 41
1, 1378130, 787450, 590680, 5907122.910501885, 36, 36, 0, 257.1489742783178, 36
1, 1378173, 787493, 590680, 5907392.585462089, 43, 43, 0, 269.6749602031015, 43
1, 1378261, 787541, 590720, 5907717.56689345, 88, 48, 40, 324.98143136087856, 49
51, 1378357, 787587, 590770, 5908049.883809465, 96, 46, 50, 332.31691601465747, 47
1, 1378420, 787620, 590800, 5908346.315134191, 63, 33, 30, 296.43132472612575, 34
1, 1378456, 787656, 590800, 5908603.464108469, 36, 36, 0, 257.1489742783178, 36
1, 1378529, 787699, 590830, 5908912.465387038, 73, 43, 30, 309.00127856917646, 44
1, 1378571, 787741, 590830, 5909180.43837654, 42, 42, 0, 267.97298950218305, 42
51, 1378724, 787774, 590950, 5909556.038772856, 153, 33, 120, 375.6003963155711, 36
1, 1378766, 787816, 590950, 5909824.011762358, 42, 42, 0, 267.97298950218305, 42
1, 1378848, 787858, 590990, 5910142.433432202, 82, 42, 40, 318.42166984345636, 43
1, 1378888, 787898, 590990, 5910406.920118138, 40, 40, 0, 264.4866859365871, 40
51, 1379009, 787939, 591070, 5910759.982597174, 121, 41, 80, 353.06247903554, 43
1, 1379083, 787973, 591110, 5911069.179805941, 74, 34, 40, 309.1972087668518, 35
1, 1379119, 788009, 591110, 5911326.328780219, 36, 36, 0, 257.1489742783178, 36
1, 1379164, 788054, 591110, 5911599.3307866305, 45, 45, 0, 273.00200641113514, 45
51, 1379288, 788088, 591200, 5911954.030183178, 124, 34, 90, 354.6993965481514, 36
1, 1379332, 788132, 591200, 5912225.381140868, 44, 44, 0, 271.35095769013947, 44
1, 1379404, 788174, 591230, 5912533.176203893, 72, 42, 30, 307.79506302439404, 43
51, 1379487, 788207, 591280, 5912851.711151822, 83, 33, 50, 318.5349479292333, 34
1, 1379529, 788249, 591280, 5913119.684141324, 42, 42, 0, 267.97298950218305, 42
1, 1379617, 788297, 591320, 5913444.665572685, 88, 48, 40, 324.98143136087856, 49
1, 1379686, 788336, 591350, 5913748.777714395, 69, 39, 30, 304.1121417102006, 40
51, 1379782, 788382, 591400, 5914081.09463041, 96, 46, 50, 332.31691601465747, 47
1, 1379848, 788418, 591430, 5914381.421618687, 66, 36, 30, 300.32698827717985, 37
1, 1379929, 788459, 591470, 5914698.721618687, 81, 41, 40, 317.3, 42
1, 1379961, 788491, 591470, 5914947.963041687, 32, 32, 0, 249.24142300054422, 32
51, 1380053, 788533, 591520, 5915276.167143156, 92, 42, 50, 328.20410146824725, 43
1, 1380128, 788578, 591550, 5915587.550238794, 75, 45, 30, 311.38309563827124, 46
1, 1380165, 788615, 591550, 5915846.58281025, 37, 37, 0, 259.03257145596604, 37
1, 1380233, 788643, 591590, 5916148.444981352, 68, 28, 40, 301.86217110259, 29
1, 1380275, 788685, 591590, 5916416.417970855, 42, 42, 0, 267.97298950218305, 42
51, 1380392, 788722, 591670, 5916765.904787653, 117, 37, 80, 349.4868167986058, 39
1, 1380475, 788765, 591710, 5917085.439735582, 83, 43, 40, 319.5349479292333, 44
1, 1380517, 788807, 591710, 5917353.412725084, 42, 42, 0, 267.97298950218305, 42
1, 1380598, 788858, 591740, 5917671.712725084, 81, 51, 30, 318.3, 52
51, 1380684, 788894, 591790, 5917993.538889732, 86, 36, 50, 321.82616464756694, 37
1, 1380728, 788938, 591790, 5918264.889847422, 44, 44, 0, 271.35095769013947, 44
1, 1380809, 788979, 591830, 5918582.189847422, 81, 41, 40, 317.3, 42
51, 1380932, 789022, 591910, 5918937.014418684, 123, 43, 80, 354.8245712617827, 45
1, 1380970, 789060, 591910, 5919197.896798303, 38, 38, 0, 260.88237961983884, 38
1, 1381013, 789103, 591910, 5919467.571758507, 43, 43, 0, 269.6749602031015, 43
1, 1381096, 789146, 591950, 5919787.106706436, 83, 43, 40, 319.5349479292333, 44
1, 1381130, 789180, 591950, 5920040.380346713, 34, 34, 0, 253.2736402766418, 34
51, 1381252, 789212, 592040, 5920393.325965267, 122, 32, 90, 352.9456185537469, 34
1, 1381320, 789250, 592070, 5920696.188136369, 68, 38, 30, 302.86217110259, 39
1, 1381364, 789294, 592070, 5920967.539094059, 44, 44, 0, 271.35095769013947, 44
51, 1381451, 789331, 592120, 5921290.446675057, 87, 37, 50, 322.9075809977351, 38
1, 1381490, 789370, 592120, 5921553.146615, 39, 39, 0, 262.6999399439383, 39
1, 1381527, 789407, 592120, 5921812.179186457, 37, 37, 0, 259.03257145596604, 37
1, 1381614, 789454, 592160, 5922136.086767455, 87, 47, 40, 323.9075809977351, 48
51, 1381727, 789487, 592240, 5922481.925811324, 113, 33, 80, 345.83904386951343, 35
1, 1381770, 789530, 592240, 5922751.600771528, 43, 43, 0, 269.6749602031015, 43
1, 1381837, 789567, 592270, 5923053.201326786, 67, 37, 30, 301.6005552576305, 38
1, 1381874, 789604, 592270, 5923312.233898242, 37, 37, 0, 259.03257145596604, 37
51, 1381964, 789644, 592320, 5923638.340927066, 90, 40, 50, 326.1070288241023, 41
1, 1382045, 789685, 592360, 5923955.640927066, 81, 41, 40, 317.3, 42
1, 1382078, 789718, 592360, 5924206.919099759, 33, 33, 0, 251.27817269284301, 33
51, 1382193, 789753, 592440, 5924554.591316821, 115, 35, 80, 347.6722170622053, 37
1, 1382230, 789790, 592440, 5924813.623888277, 37, 37, 0, 259.03257145596604, 37
1, 1382296, 789826, 592470, 5925113.9508765545, 66, 36, 30, 300.32698827717985, 37
1, 1382336, 789866, 592470, 5925378.437562491, 40, 40, 0, 264.4866859365871, 40
51, 1382468, 789908, 592560, 5925739.993684918, 132, 42, 90, 361.55612242701943, 44
1, 1382500, 789940, 592560, 5925989.235107918, 32, 32, 0, 249.24142300054422, 32
1, 1382580, 789980, 592600, 5926305.404864162, 80, 40, 40, 316.1697562442441, 41
51, 1382679, 790029, 592650, 5926640.739078715, 99, 49, 50, 335.33421455299043, 50
1, 1382752, 790072, 592680, 5926949.740357284, 73, 43, 30, 309.00127856917646, 44
1, 1382792, 790112, 592680, 5927214.227043221, 40, 40, 0, 264.4866859365871, 40
1, 1382866, 790146, 592720, 5927523.424251988, 74, 34, 40, 309.1972087668518, 35
1, 1382910, 790190, 592720, 5927794.775209677, 44, 44, 0, 271.35095769013947, 44
51, 1382997, 790227, 592770, 5928117.682790675, 87, 37, 50, 322.9075809977351, 38
1, 1383111, 790271, 592840, 5928465.440778367, 114, 44, 70, 347.75798769167545, 46
1, 1383156, 790316, 592840, 5928738.442784779, 45, 45, 0, 273.00200641113514, 45
1, 1383248, 790378, 592870, 5929068.646886247, 92, 62, 30, 330.20410146824725, 63
51, 1383377, 790417, 592960, 5929427.660486738, 129, 39, 90, 359.01360049114555, 41
1, 1383415, 790455, 592960, 5929688.542866358, 38, 38, 0, 260.88237961983884, 38
1, 1383462, 790502, 592960, 5929964.775916227, 47, 47, 0, 276.2330498695885, 47
1, 1383540, 790540, 593000, 5930278.658702848, 78, 38, 40, 313.8827866200841, 39
51, 1383629, 790579, 593050, 5930603.706568412, 89, 39, 50, 325.0478655640733, 40
1, 1383703, 790623, 593080, 5930913.903777178, 74, 44, 30, 310.1972087668518, 45
1, 1383742, 790662, 593080, 5931176.603717122, 39, 39, 0, 262.6999399439383, 39
1, 1383777, 790697, 593080, 5931431.833645032, 35, 35, 0, 255.22992790977875, 35
51, 1383905, 790735, 593170, 5931789.992211133, 128, 38, 90, 358.1585661014858, 40
1, 1383946, 790776, 593170, 5932056.236164576, 41, 41, 0, 266.24395344352433, 41
1, 1383993, 790823, 593170, 5932332.469214446, 47, 47, 0, 276.2330498695885, 47
1, 1384062, 790862, 593200, 5932636.581356156, 69, 39, 30, 304.1121417102006, 40
51, 1384201, 790911, 593290, 5933003.944518457, 139, 49, 90, 367.36316230125203, 51
1, 1384239, 790949, 593290, 5933264.826898077, 38, 38, 0, 260.88237961983884, 38
1, 1384268, 790978, 593290, 5933507.686476788, 29, 29, 0, 242.8595787106084, 29
51, 1384390, 791020, 593370, 5933861.632095342, 122, 42, 80, 353.9456185537469, 44
1, 1384428, 791058, 593370, 5934122.514474961, 38, 38, 0, 260.88237961983884, 38
1, 1384471, 791101, 593370, 5934392.189435164, 43, 43, 0, 269.6749602031015, 43
1, 1384551, 791141, 593410, 5934708.359191408, 80, 40, 40, 316.1697562442441, 41
1, 1384591, 791181, 593410, 5934972.845877345, 40, 40, 0, 264.4866859365871, 40
51, 1384720, 791230, 593490, 5935332.859477836, 129, 49, 80, 360.01360049114555, 51
1, 1384761, 791271, 593490, 5935599.103431279, 41, 41, 0, 266.24395344352433, 41
1, 1384801, 791311, 593490, 5935863.590117215, 40, 40, 0, 264.4866859365871, 40
1, 1384842, 791352, 593490, 5936129.834070658, 41, 41, 0, 266.24395344352433, 41
1, 1384926, 791396, 593530, 5936450.474081062, 84, 44, 40, 320.64001040350905, 45
51, 1385018, 791438, 593580, 5936778.67818253, 92, 42, 50, 328.20410146824725, 43
1, 1385082, 791472, 593610, 5937076.420895005, 64, 34, 30, 297.742712474619, 35
1, 1385111, 791501, 593610, 5937319.280473716, 29, 29, 0, 242.8595787106084, 29
51, 1385253, 791553, 593700, 5937689.081506272, 142, 52, 90, 369.8010325565812, 54
1, 1385288, 791588, 593700, 5937944.311434181, 35, 35, 0, 255.22992790977875, 35
1, 1385334, 791634, 593700, 5938218.940502895, 46, 46, 0, 274.6290687140218, 46
51, 1385432, 791682, 593750, 5938553.27513126, 98, 48, 50, 334.33462836457886, 49
1, 1385508, 791728, 593780, 5938865.834303633, 76, 46, 30, 312.5591723737189, 47
1, 1385598, 791778, 593820, 5939192.941332458, 90, 50, 40, 327.1070288241023, 51
1, 1385644, 791824, 593820, 5939467.570401171, 46, 46, 0, 274.6290687140218, 46
51, 1385756, 791856, 593900, 5939812.485713511, 112, 32, 80, 344.91531233955715, 34
1, 1385789, 791889, 593900, 5940063.763886204, 33, 33, 0, 251.27817269284301, 33
1, 1385868, 791928, 593940, 5940378.794636334, 79, 39, 40, 315.03075013013313, 40
1, 1385931, 791961, 593970, 5940675.22596106, 63, 33, 30, 296.43132472612575, 34
51, 1386011, 791991, 594020, 5940990.395717304, 80, 30, 50, 315.1697562442441, 31
1, 1386087, 792037, 594050, 5941302.954889677, 76, 46, 30, 312.5591723737189, 47
1, 1386171, 792081, 594090, 5941623.594900081, 84, 44, 40, 320.64001040350905, 45
1, 1386209, 792119, 594090, 5941884.4772797, 38, 38, 0, 260.88237961983884, 38
1, 1386242, 792152, 594090, 5942135.755452394, 33, 33, 0, 251.27817269284301, 33
51, 1386339, 792199, 594140, 5942469.084351665, 97, 47, 50, 333.3288992714996, 48
1, 1386403, 792233, 594170, 5942766.82706414, 64, 34, 30, 297.742712474619, 35
1, 1386483, 792273, 594210, 5943082.996820384, 80, 40, 40, 316.1697562442441, 41
1, 1386559, 792319, 594240, 5943395.555992757, 76, 46, 30, 312.5591723737189, 47
1, 1386592, 792352, 594240, 5943646.83416545, 33, 33, 0, 251.27817269284301, 33
51, 1386709, 792389, 594320, 5943996.3209822485, 117, 37, 80, 349.4868167986058, 39
1, 1386749, 792429, 594320, 5944260.807668185, 40, 40, 0, 264.4866859365871, 40
1, 1386856, 792466, 594390, 5944602.0298134545, 107, 37, 70, 341.2221452697031, 39
1, 1386892, 792502, 594390, 5944859.1787877325, 36, 36, 0, 257.1489742783178, 36
51, 1387027, 792547, 594480, 5945223.2445976725, 135, 45, 90, 364.06580994024984, 47
1, 1387071, 792591, 594480, 5945494.595555362, 44, 44, 0, 271.35095769013947, 44
1, 1387179, 792629, 594550, 5945836.76653491, 108, 38, 70, 342.1709795470626, 40
51, 1387268, 792668, 594600, 5946161.814400474, 89, 39, 50, 325.0478655640733, 40
1, 1387314, 792714, 594600, 5946436.443469187, 46, 46, 0, 274.6290687140218, 46
1, 1387361, 792761, 594600, 5946712.676519057, 47, 47, 0, 276.2330498695885, 47
1, 1387432, 792802, 594630, 5947019.254829875, 71, 41, 30, 306.57831081870995, 42
51, 1387515, 792835, 594680, 5947337.789777804, 83, 33, 50, 318.5349479292333, 34
1, 1387599, 792879, 594720, 5947658.429788208, 84, 44, 40, 320.64001040350905, 45
1, 1387645, 792925, 594720, 5947933.058856921, 46, 46, 0, 274.6290687140218, 46
1, 1387679, 792959, 594720, 5948186.332497198, 34, 34, 0, 253.2736402766418, 34
51, 1387768, 792998, 594770, 5948511.380362762, 89, 39, 50, 325.0478655640733, 40
1, 1387833, 793033, 594800, 5948810.421514206, 65, 35, 30, 299.04115144336777, 36
1, 1387903, 793063, 594840, 5949114.772275058, 70, 30, 40, 304.3507608519078, 31
1, 1387976, 793106, 594870, 5949423.773553627, 73, 43, 30, 309.00127856917646, 44
51, 1388071, 793151, 594920, 5949755.072117762, 95, 45, 50, 331.2985641352145, 46
1, 1388107, 793187, 594920, 5950012.22109204, 36, 36, 0, 257.1489742783178, 36
1, 1388146, 793226, 594920, 5950274.921031984, 39, 39, 0, 262.6999399439383, 39
1, 1388232, 793272, 594960, 5950597.7471966315, 86, 46, 40, 322.82616464756694, 47
51, 1388322, 793312, 595010, 5950923.854225456, 90, 40, 50, 326.1070288241023, 41
1, 1388382, 793342, 595040, 5951216.269993827, 60, 30, 30, 292.41576837137404, 31
1, 1388419, 793379, 595040, 5951475.302565283, 37, 37, 0, 259.03257145596604, 37
1, 1388507, 793427, 595080, 5951800.283996644, 88, 48, 40, 324.98143136087856, 49
51, 1388597, 793467, 595130, 5952126.391025469, 90, 40, 50, 326.1070288241023, 41
1, 1388670, 793510, 595160, 5952435.392304038, 73, 43, 30, 309.00127856917646, 44
1, 1388747, 793547, 595200, 5952748.117967804, 77, 37, 40, 312.72566376652986, 38
1, 1388782, 793582, 595200, 5953003.3478957135, 35, 35, 0, 255.22992790977875, 35
1, 1388836, 793636, 595200, 5953290.228496796, 54, 54, 0, 286.88060108295343, 54
51, 1388923, 793673, 595250, 5953613.136077794, 87, 37, 50, 322.9075809977351, 38
1, 1388969, 793719, 595250, 5953887.765146508, 46, 46, 0, 274.6290687140218, 46
1, 1389082, 793762, 595320, 5954234.6041903775, 113, 43, 70, 346.83904386951343, 45
1, 1389121, 793801, 595320, 5954497.304130321, 39, 39, 0, 262.6999399439383, 39
1, 1389234, 793844, 595390, 5954844.143174191, 113, 43, 70, 346.83904386951343, 45
51, 1389336, 793896, 595440, 5955182.440356972, 102, 52, 50, 338.29718278112654, 53
1, 1389383, 793943, 595440, 5955458.673406841, 47, 47, 0, 276.2330498695885, 47
1, 1389449, 793979, 595470, 5955759.000395118, 66, 36, 30, 300.32698827717985, 37
1, 1389537, 794027, 595510, 5956083.98182648, 88, 48, 40, 324.98143136087856, 49
1, 1389609, 794069, 595540, 5956391.776889504, 72, 42, 30, 307.79506302439404, 43
51, 1389696, 794106, 595590, 5956714.684470502, 87, 37, 50, 322.9075809977351, 38
1, 1389736, 794146, 595590, 5956979.171156438, 40, 40, 0, 264.4866859365871, 40
1, 1389802, 794182, 595620, 5957279.498144715, 66, 36, 30, 300.32698827717985, 37
1, 1389878, 794218, 595660, 5957591.057317088, 76, 36, 40, 311.5591723737189, 37
1, 1389945, 794255, 595690, 5957892.657872346, 67, 37, 30, 301.6005552576305, 38
51, 1390025, 794285, 595740, 5958207.82762859, 80, 30, 50, 315.1697562442441, 31
1, 1390101, 794321, 595780, 5958519.386800963, 76, 36, 40, 311.5591723737189, 37
1, 1390172, 794362, 595810, 5958825.965111782, 71, 41, 30, 306.57831081870995, 42
1, 1390208, 794398, 595810, 5959083.11408606, 36, 36, 0, 257.1489742783178, 36
1, 1390246, 794436, 595810, 5959343.996465679, 38, 38, 0, 260.88237961983884, 38
51, 1390332, 794472, 595860, 5959665.822630327, 86, 36, 50, 321.82616464756694, 37
1, 1390372, 794512, 595860, 5959930.3093162635, 40, 40, 0, 264.4866859365871, 40
1, 1390451, 794551, 595900, 5960245.340066394, 79, 39, 40, 315.03075013013313, 40
1, 1390513, 794583, 595930, 5960540.446692724, 62, 32, 30, 295.1066263296683, 33
1, 1390556, 794626, 595930, 5960810.121652927, 43, 43, 0, 269.6749602031015, 43
51, 1390643, 794663, 595980, 5961133.029233925, 87, 37, 50, 322.9075809977351, 38
1, 1390679, 794699, 595980, 5961390.178208203, 36, 36, 0, 257.1489742783178, 36
1, 1390798, 794748, 596050, 5961742.461603405, 119, 49, 70, 352.28339520229764, 51
1, 1390835, 794785, 596050, 5962001.494174861, 37, 37, 0, 259.03257145596604, 37
51, 1390989, 794819, 596170, 5962377.867841859, 154, 34, 120, 376.37366699756114, 37
1, 1391026, 794856, 596170, 5962636.900413316, 37, 37, 0, 259.03257145596604, 37
1, 1391091, 794891, 596200, 5962935.941564759, 65, 35, 30, 299.04115144336777, 36
1, 1391174, 794934, 596240, 5963255.476512688, 83, 43, 40, 319.5349479292333, 44
51, 1391290, 794970, 596320, 5963604.05831618, 116, 36, 80, 348.5818034911291, 38
1, 1391329, 795009, 596320, 5963866.758256123, 39, 39, 0, 262.6999399439383, 39
1, 1391367, 795047, 596320, 5964127.640635743, 38, 38, 0, 260.88237961983884, 38
1, 1391444, 795094, 596350, 5964441.366299509, 77, 47, 30, 313.72566376652986, 48
51, 1391570, 795130, 596440, 5964797.803195393, 126, 36, 90, 356.43689588345075, 38
1, 1391599, 795159, 596440, 5965040.662774104, 29, 29, 0, 242.8595787106084, 29
1, 1391635, 795195, 596440, 5965297.811748382, 36, 36, 0, 257.1489742783178, 36
51, 1391772, 795242, 596530, 5965663.533070587, 137, 47, 90, 365.72132220485213, 49
1, 1391845, 795285, 596560, 5965972.534349156, 73, 43, 30, 309.00127856917646, 44
1, 1391891, 795331, 596560, 5966247.163417869, 46, 46, 0, 274.6290687140218, 46
1, 1391935, 795375, 596560, 5966518.514375559, 44, 44, 0, 271.35095769013947, 44
1, 1391979, 795419, 596560, 5966789.865333249, 44, 44, 0, 271.35095769013947, 44
51, 1392095, 795455, 596640, 5967138.44713674, 116, 36, 80, 348.5818034911291, 38
1, 1392171, 795491, 596680, 5967450.006309113, 76, 36, 40, 311.5591723737189, 37
1, 1392207, 795527, 596680, 5967707.1552833915, 36, 36, 0, 257.1489742783178, 36
1, 1392276, 795566, 596710, 5968011.267425101, 69, 39, 30, 304.1121417102006, 40
51, 1392368, 795608, 596760, 5968339.47152657, 92, 42, 50, 328.20410146824725, 43
1, 1392414, 795654, 596760, 5968614.100595283, 46, 46, 0, 274.6290687140218, 46
1, 1392516, 795686, 596830, 5968950.497778065, 102, 32, 70, 336.39718278112656, 34
51, 1392603, 795723, 596880, 5969273.405359062, 87, 37, 50, 322.9075809977351, 38
1, 1392641, 795761, 596880, 5969534.287738682, 38, 38, 0, 260.88237961983884, 38
1, 1392725, 795805, 596920, 5969854.927749085, 84, 44, 40, 320.64001040350905, 45
1, 1392773, 795853, 596920, 5970132.742551676, 48, 48, 0, 277.8148025904985, 48
51, 1392902, 795892, 597010, 5970491.756152167, 129, 39, 90, 359.01360049114555, 41
1, 1392967, 795927, 597040, 5970790.7973036105, 65, 35, 30, 299.04115144336777, 36
1, 1393017, 795977, 597040, 5971071.712098458, 50, 50, 0, 280.9147948472494, 50
1, 1393080, 796010, 597070, 5971368.143423184, 63, 33, 30, 296.43132472612575, 34
51, 1393174, 796054, 597120, 5971698.417149032, 94, 44, 50, 330.273725847777, 45
1, 1393270, 796110, 597160, 5972031.7340650465, 96, 56, 40, 333.31691601465747, 57
1, 1393323, 796163, 597160, 5972317.150852688, 53, 53, 0, 285.4167876408086, 53
1, 1393363, 796203, 597160, 5972581.637538624, 40, 40, 0, 264.4866859365871, 40
51, 1393525, 796245, 597280, 5972964.099673125, 162, 42, 120, 382.4621345008163, 45
1, 1393563, 796283, 597280, 5973224.982052744, 38, 38, 0, 260.88237961983884, 38
1, 1393604, 796324, 597280, 5973491.2260061875, 41, 41, 0, 266.24395344352433, 41
1, 1393642, 796362, 597280, 5973752.108385807, 38, 38, 0, 260.88237961983884, 38
51, 1393738, 796408, 597330, 5974084.425301822, 96, 46, 50, 332.31691601465747, 47
1, 1393846, 796446, 597400, 5974426.596281369, 108, 38, 70, 342.1709795470626, 40
1, 1393881, 796481, 597400, 5974681.826209279, 35, 35, 0, 255.22992790977875, 35
1, 1393926, 796526, 597400, 5974954.82821569, 45, 45, 0, 273.00200641113514, 45
51, 1394050, 796560, 597490, 5975309.527612238, 124, 34, 90, 354.6993965481514, 36
1, 1394093, 796603, 597490, 5975579.202572442, 43, 43, 0, 269.6749602031015, 43
1, 1394139, 796649, 597490, 5975853.831641155, 46, 46, 0, 274.6290687140218, 46
1, 1394203, 796683, 597520, 5976151.57435363, 64, 34, 30, 297.742712474619, 35
51, 1394291, 796721, 597570, 5976475.555784991, 88, 38, 50, 323.98143136087856, 39
1, 1394375, 796765, 597610, 5976796.1957953945, 84, 44, 40, 320.64001040350905, 45
1, 1394418, 796808, 597610, 5977065.870755598, 43, 43, 0, 269.6749602031015, 43
1, 1394464, 796854, 597610, 5977340.499824312, 46, 46, 0, 274.6290687140218, 46
1, 1394530, 796890, 597640, 5977640.826812589, 66, 36, 30, 300.32698827717985, 37
51, 1394624, 796934, 597690, 5977971.100538436, 94, 44, 50, 330.273725847777, 45
1, 1394726, 796966, 597760, 5978307.497721218, 102, 32, 70, 336.39718278112656, 34
1, 1394775, 797015, 597760, 5978586.872852324, 49, 49, 0, 279.3751311064591, 49
1, 1394852, 797052, 597800, 5978899.59851609, 77, 37, 40, 312.72566376652986, 38
1, 1394887, 797087, 597800, 5979154.828443999, 35, 35, 0, 255.22992790977875, 35
51, 1394970, 797120, 597850, 5979473.363391928, 83, 33, 50, 318.5349479292333, 34
1, 1395010, 797160, 597850, 5979737.850077865, 40, 40, 0, 264.4866859365871, 40
1, 1395081, 797201, 597880, 5980044.428388683, 71, 41, 30, 306.57831081870995, 42
1, 1395167, 797247, 597920, 5980367.254553331, 86, 46, 40, 322.82616464756694, 47
51, 1395259, 797289, 597970, 5980695.4586547995, 92, 42, 50, 328.20410146824725, 43
1, 1395337, 797327, 598010, 5981009.34144142, 78, 38, 40, 313.8827866200841, 39
1, 1395409, 797369, 598040, 5981317.136504444, 72, 42, 30, 307.79506302439404, 43
1, 1395445, 797405, 598040, 5981574.285478722, 36, 36, 0, 257.1489742783178, 36
51, 1395562, 797442, 598120, 5981923.772295521, 117, 37, 80, 349.4868167986058, 39
1, 1395605, 797485, 598120, 5982193.447255724, 43, 43, 0, 269.6749602031015, 43
1, 1395648, 797528, 598120, 5982463.122215928, 43, 43, 0, 269.6749602031015, 43
1, 1395748, 797558, 598190, 5982797.549981944, 100, 30, 70, 334.42776601683795, 32
1, 1395784, 797594, 598190, 5983054.698956222, 36, 36, 0, 257.1489742783178, 36
51, 1395869, 797629, 598240, 5983375.435983893, 85, 35, 50, 320.73702767108114, 36
1, 1395905, 797665, 598240, 5983632.5849581715, 36, 36, 0, 257.1489742783178, 36
1, 1395950, 797710, 598240, 5983905.586964583, 45, 45, 0, 273.00200641113514, 45
1, 1396024, 797744, 598280, 5984214.78417335, 74, 34, 40, 309.1972087668518, 35
51, 1396142, 797782, 598360, 5984565.171498518, 118, 38, 80, 350.3873251689181, 40
1, 1396183, 797823, 598360, 5984831.415451962, 41, 41, 0, 266.24395344352433, 41
1, 1396262, 797862, 598400, 5985146.446202092, 79, 39, 40, 315.03075013013313, 40
1, 1396302, 797902, 598400, 5985410.932888028, 40, 40, 0, 264.4866859365871, 40
51, 1396388, 797938, 598450, 5985732.759052676, 86, 36, 50, 321.82616464756694, 37
1, 1396423, 797973, 598450, 5985987.988980586, 35, 35, 0, 255.22992790977875, 35
1, 1396487, 798007, 598480, 5986285.73169306, 64, 34, 30, 297.742712474619, 35
51, 1396634, 798064, 598570, 5986659.532147583, 147, 57, 90, 373.8004545227094, 59
1, 1396680, 798110, 598570, 5986934.161216296, 46, 46, 0, 274.6290687140218, 46
1, 1396724, 798154, 598570, 5987205.512173986, 44, 44, 0, 271.35095769013947, 44
51, 1396808, 798188, 598620, 5987525.1521843895, 84, 34, 50, 319.64001040350905, 35
1, 1396915, 798225, 598690, 5987866.374329659, 107, 37, 70, 341.2221452697031, 39
1, 1396944, 798254, 598690, 5988109.23390837, 29, 29, 0, 242.8595787106084, 29
1, 1397013, 798293, 598720, 5988413.34605008, 69, 39, 30, 304.1121417102006, 40
51, 1397110, 798340, 598770, 5988746.674949352, 97, 47, 50, 333.3288992714996, 48
1, 1397188, 798378, 598810, 5989060.557735972, 78, 38, 40, 313.8827866200841, 39
1, 1397234, 798424, 598810, 5989335.186804686, 46, 46, 0, 274.6290687140218, 46
1, 1397265, 798455, 598810, 5989582.347910862, 31, 31, 0, 247.1611061770567, 31
51, 1397385, 798495, 598890, 5989934.523002828, 120, 40, 80, 352.1750919646873, 42
1, 1397463, 798533, 598930, 5990248.405789448, 78, 38, 40, 313.8827866200841, 39
1, 1397507, 798577, 598930, 5990519.756747138, 44, 44, 0, 271.35095769013947, 44
1, 1397576, 798616, 598960, 5990823.8688888475, 69, 39, 30, 304.1121417102006, 40
51, 1397671, 798661, 599010, 5991155.167452983, 95, 45, 50, 331.2985641352145, 46
1, 1397733, 798693, 599040, 5991450.274079313, 62, 32, 30, 295.1066263296683, 33
1, 1397826, 798746, 599080, 5991780.516359219, 93, 53, 40, 330.24227990714814, 54
51, 1397913, 798783, 599130, 5992103.423940217, 87, 37, 50, 322.9075809977351, 38
1, 1397943, 798813, 599130, 5992348.458672149, 30, 30, 0, 245.0347319320716, 30
1, 1398053, 798853, 599200, 5992692.5118561955, 110, 40, 70, 344.0531840464366, 42
1, 1398090, 798890, 599200, 5992951.544427652, 37, 37, 0, 259.03257145596604, 37
51, 1398250, 798930, 599320, 5993332.50030966, 160, 40, 120, 380.95588200778457, 43
1, 1398291, 798971, 599320, 5993598.744263103, 41, 41, 0, 266.24395344352433, 41
1, 1398328, 799008, 599320, 5993857.77683456, 37, 37, 0, 259.03257145596604, 37
1, 1398377, 799057, 599320, 5994137.151965666, 49, 49, 0, 279.3751311064591, 49
51, 1398504, 799094, 599410, 5994494.451647965, 127, 37, 90, 357.2996822992933, 39
1, 1398555, 799145, 599410, 5994776.886159743, 51, 51, 0, 282.43451177837886, 51
1, 1398632, 799192, 599440, 5995090.611823509, 77, 47, 30, 313.72566376652986, 48
1, 1398672, 799232, 599440, 5995355.098509446, 40, 40, 0, 264.4866859365871, 40
51, 1398809, 799279, 599530, 5995720.819831651, 137, 47, 90, 365.72132220485213, 49
1, 1398879, 799319, 599560, 5996026.170592503, 70, 40, 30, 305.3507608519078, 41
1, 1398920, 799360, 599560, 5996292.414545946, 41, 41, 0, 266.24395344352433, 41
1, 1399032, 799402, 599630, 5996638.329858285, 112, 42, 70, 345.91531233955715, 44
51, 1399134, 799454, 599680, 5996976.627041066, 102, 52, 50, 338.29718278112654, 53
1, 1399174, 799494, 599680, 5997241.113727002, 40, 40, 0, 264.4866859365871, 40
1, 1399254, 799534, 599720, 5997557.283483246, 80, 40, 40, 316.1697562442441, 41
1, 1399300, 799580, 599720, 5997831.91255196, 46, 46, 0, 274.6290687140218, 46
51, 1399418, 799618, 599800, 5998182.299877129, 118, 38, 80, 350.3873251689181, 40
1, 1399455, 799655, 599800, 5998441.332448585, 37, 37, 0, 259.03257145596604, 37
1, 1399489, 799689, 599800, 5998694.606088862, 34, 34, 0, 253.2736402766418, 34
1, 1399561, 799731, 599830, 5999002.401151886, 72, 42, 30, 307.79506302439404, 43
1, 1399644, 799774, 599870, 5999321.936099815, 83, 43, 40, 319.5349479292333, 44
51, 1399731, 799811, 599920, 5999644.843680813, 87, 37, 50, 322.9075809977351, 38
1, 1399811, 799851, 599960, 5999961.013437057, 80, 40, 40, 316.1697562442441, 41
1, 1399855, 799895, 599960, 6000232.364394747, 44, 44, 0, 271.35095769013947, 44
51, 1399953, 799943, 600010, 6000566.699023112, 98, 48, 50, 334.33462836457886, 49
1, 1400021, 799981, 600040, 6000869.561194214, 68, 38, 30, 302.86217110259, 39
1, 1400056, 800016, 600040, 6001124.791122124, 35, 35, 0, 255.22992790977875, 35
1, 1400139, 800059, 600080, 6001444.326070053, 83, 43, 40, 319.5349479292333, 44
51, 1400233, 800103, 600130, 6001774.5997959, 94, 44, 50, 330.273725847777, 45
1, 1400266, 800136, 600130, 6002025.8779685935, 33, 33, 0, 251.27817269284301, 33
1, 1400339, 800179, 600160, 6002334.8792471625, 73, 43, 30, 309.00127856917646, 44
1, 1400422, 800222, 600200, 6002654.414195091, 83, 43, 40, 319.5349479292333, 44
51, 1400515, 800265, 600250, 6002983.656474998, 93, 43, 50, 329.24227990714814, 44
1, 1400555, 800305, 600250, 6003248.143160935, 40, 40, 0, 264.4866859365871, 40
1, 1400599, 800349, 600250, 6003519.494118624, 44, 44, 0, 271.35095769013947, 44
51, 1400723, 800393, 600330, 6003875.193515172, 124, 44, 80, 355.6993965481514, 46
1, 1400769, 800439, 600330, 6004149.822583886, 46, 46, 0, 274.6290687140218, 46
1, 1400851, 800481, 600370, 6004468.2442537295, 82, 42, 40, 318.42166984345636, 43
51, 1400941, 800521, 600420, 6004794.351282554, 90, 40, 50, 326.1070288241023, 41
1, 1400978, 800558, 600420, 6005053.38385401, 37, 37, 0, 259.03257145596604, 37
1, 1401051, 800601, 600450, 6005362.385132579, 73, 43, 30, 309.00127856917646, 44
1, 1401085, 800635, 600450, 6005615.658772856, 34, 34, 0, 253.2736402766418, 34
1, 1401195, 800675, 600520, 6005959.711956902, 110, 40, 70, 344.0531840464366, 42
51, 1401284, 800714, 600570, 6006284.759822466, 89, 39, 50, 325.0478655640733, 40
1, 1401328, 800758, 600570, 6006556.110780156, 44, 44, 0, 271.35095769013947, 44
1, 1401410, 800800, 600610, 6006874.53245, 82, 42, 40, 318.42166984345636, 43
1, 1401444, 800834, 600610, 6007127.806090277, 34, 34, 0, 253.2736402766418, 34
1, 1401506, 800866, 600640, 6007422.912716607, 62, 32, 30, 295.1066263296683, 33
51, 1401634, 800904, 600730, 6007781.071282708, 128, 38, 90, 358.1585661014858, 40
1, 1401698, 800938, 600760, 6008078.8139951825, 64, 34, 30, 297.742712474619, 35
1, 1401741, 800981, 600760, 6008348.488955386, 43, 43, 0, 269.6749602031015, 43
1, 1401822, 801022, 600800, 6008665.788955386, 81, 41, 40, 317.3, 42
51, 1401907, 801057, 600850, 6008986.525983057, 85, 35, 50, 320.73702767108114, 36
1, 1402018, 801098, 600920, 6009331.512701098, 111, 41, 70, 344.9867180408456, 43
1, 1402068, 801148, 600920, 6009612.427495945, 50, 50, 0, 280.9147948472494, 50
1, 1402147, 801187, 600960, 6009927.458246076, 79, 39, 40, 315.03075013013313, 40
1, 1402223, 801233, 600990, 6010240.017418449, 76, 46, 30, 312.5591723737189, 47
51, 1402312, 801272, 601040, 6010565.065284013, 89, 39, 50, 325.0478655640733, 40
1, 1402350, 801310, 601040, 6010825.947663632, 38, 38, 0, 260.88237961983884, 38
1, 1402399, 801359, 601040, 6011105.322794738, 49, 49, 0, 279.3751311064591, 49
51, 1402490, 801400, 601090, 6011432.481856677, 91, 41, 50, 327.1590619387661, 42
1, 1402570, 801440, 601130, 6011748.651612921, 80, 40, 40, 316.1697562442441, 41
1, 1402639, 801479, 601160, 6012052.76375463, 69, 39, 30, 304.1121417102006, 40
51, 1402726, 801516, 601210, 6012375.671335628, 87, 37, 50, 322.9075809977351, 38
1, 1402793, 801553, 601240, 6012677.271890886, 67, 37, 30, 301.6005552576305, 38
1, 1402825, 801585, 601240, 6012926.513313887, 32, 32, 0, 249.24142300054422, 32
1, 1402864, 801624, 601240, 6013189.213253831, 39, 39, 0, 262.6999399439383, 39
51, 1403005, 801675, 601330, 6013558.204926496, 141, 51, 90, 368.9916726654594, 53
1, 1403043, 801713, 601330, 6013819.087306116, 38, 38, 0, 260.88237961983884, 38
1, 1403076, 801746, 601330, 6014070.365478809, 33, 33, 0, 251.27817269284301, 33
1, 1403141, 801781, 601360, 6014369.4066302525, 65, 35, 30, 299.04115144336777, 36
51, 1403275, 801825, 601450, 6014732.639446171, 134, 44, 90, 363.23281591860336, 46
1, 1403312, 801862, 601450, 6014991.672017627, 37, 37, 0, 259.03257145596604, 37
1, 1403393, 801913, 601480, 6015309.972017627, 81, 51, 30, 318.3, 52
51, 1403493, 801963, 601530, 6015646.299783644, 100, 50, 50, 336.327766016838, 51
1, 1403580, 802010, 601570, 6015970.207364642, 87, 47, 40, 323.9075809977351, 48
1, 1403612, 802042, 601570, 6016219.448787643, 32, 32, 0, 249.24142300054422, 32
51, 1403702, 802082, 601620, 6016545.555816467, 90, 40, 50, 326.1070288241023, 41
1, 1403813, 802123, 601690, 6016890.542534508, 111, 41, 70, 344.9867180408456, 43
1, 1403851, 802161, 601690, 6017151.424914127, 38, 38, 0, 260.88237961983884, 38
1, 1403895, 802205, 601690, 6017422.775871817, 44, 44, 0, 271.35095769013947, 44
51, 1404021, 802241, 601780, 6017779.212767701, 126, 36, 90, 356.43689588345075, 38
1, 1404054, 802274, 601780, 6018030.490940394, 33, 33, 0, 251.27817269284301, 33
1, 1404124, 802314, 601810, 6018335.841701246, 70, 40, 30, 305.3507608519078, 41
1, 1404152, 802342, 601810, 6018576.474364625, 28, 28, 0, 240.63266337912057, 28
51, 1404287, 802387, 601900, 6018940.540174565, 135, 45, 90, 364.06580994024984, 47
1, 1404357, 802427, 601930, 6019245.890935417, 70, 40, 30, 305.3507608519078, 41
1, 1404397, 802467, 601930, 6019510.377621354, 40, 40, 0, 264.4866859365871, 40
51, 1404549, 802499, 602050, 6019885.20192991, 152, 32, 120, 374.8243085566414, 35
1, 1404589, 802539, 602050, 6020149.688615846, 40, 40, 0, 264.4866859365871, 40
1, 1404629, 802579, 602050, 6020414.175301783, 40, 40, 0, 264.4866859365871, 40
51, 1404716, 802616, 602100, 6020737.082882781, 87, 37, 50, 322.9075809977351, 38
1, 1404752, 802652, 602100, 6020994.231857059, 36, 36, 0, 257.1489742783178, 36
1, 1404869, 802699, 602170, 6021344.718673857, 117, 47, 70, 350.4868167986058, 49
1, 1404907, 802737, 602170, 6021605.601053476, 38, 38, 0, 260.88237961983884, 38
51, 1405001, 802781, 602220, 6021935.874779324, 94, 44, 50, 330.273725847777, 45
1, 1405069, 802819, 602250, 6022238.736950426, 68, 38, 30, 302.86217110259, 39
1, 1405149, 802859, 602290, 6022554.90670667, 80, 40, 40, 316.1697562442441, 41
1, 1405224, 802904, 602320, 6022866.289802308, 75, 45, 30, 311.38309563827124, 46
51, 1405320, 802950, 602370, 6023198.606718323, 96, 46, 50, 332.31691601465747, 47
1, 1405360, 802990, 602370, 6023463.0934042595, 40, 40, 0, 264.4866859365871, 40
1, 1405434, 803024, 602410, 6023772.290613026, 74, 34, 40, 309.1972087668518, 35
1, 1405468, 803058, 602410, 6024025.564253303, 34, 34, 0, 253.2736402766418, 34
51, 1405627, 803097, 602530, 6024405.763115776, 159, 39, 120, 380.1988624723894, 42
1, 1405667, 803137, 602530, 6024670.249801712, 40, 40, 0, 264.4866859365871, 40
1, 1405703, 803173, 602530, 6024927.39877599, 36, 36, 0, 257.1489742783178, 36
1, 1405730, 803200, 602530, 6025165.749481685, 27, 27, 0, 238.35070569547776, 27
51, 1405854, 803244, 602610, 6025521.448878233, 124, 44, 80, 355.6993965481514, 46
1, 1405889, 803279, 602610, 6025776.678806143, 35, 35, 0, 255.22992790977875, 35
1, 1405976, 803326, 602650, 6026100.586387141, 87, 47, 40, 323.9075809977351, 48
1, 1406041, 803361, 602680, 6026399.627538584, 65, 35, 30, 299.04115144336777, 36
1, 1406068, 803388, 602680, 6026637.9782442795, 27, 27, 0, 238.35070569547776, 27
51, 1406160, 803430, 602730, 6026966.182345748, 92, 42, 50, 328.20410146824725, 43
1, 1406234, 803464, 602770, 6027275.379554515, 74, 34, 40, 309.1972087668518, 35
1, 1406310, 803510, 602800, 6027587.938726888, 76, 46, 30, 312.5591723737189, 47
51, 1406444, 803554, 602890, 6027951.171542807, 134, 44, 90, 363.23281591860336, 46
1, 1406486, 803596, 602890, 6028219.144532309, 42, 42, 0, 267.97298950218305, 42
1, 1406570, 803650, 602920, 6028540.784542712, 84, 54, 30, 321.64001040350905, 55
1, 1406600, 803680, 602920, 6028785.819274644, 30, 30, 0, 245.0347319320716, 30
51, 1406697, 803727, 602970, 6029119.148173916, 97, 47, 50, 333.3288992714996, 48
1, 1406785, 803775, 603010, 6029444.129605277, 88, 48, 40, 324.98143136087856, 49
1, 1406829, 803819, 603010, 6029715.480562967, 44, 44, 0, 271.35095769013947, 44
1, 1406888, 803848, 603040, 6030006.529363215, 59, 29, 30, 291.0488002476036, 30
51, 1407022, 803892, 603130, 6030369.7621791335, 134, 44, 90, 363.23281591860336, 46
1, 1407060, 803930, 603130, 6030630.644558753, 38, 38, 0, 260.88237961983884, 38
1, 1407102, 803972, 603130, 6030898.617548255, 42, 42, 0, 267.97298950218305, 42
1, 1407193, 804023, 603170, 6031226.776610194, 91, 51, 40, 328.1590619387661, 52
51, 1407306, 804056, 603250, 6031572.615654063, 113, 33, 80, 345.83904386951343, 35
1, 1407338, 804088, 603250, 6031821.857077064, 32, 32, 0, 249.24142300054422, 32
1, 1407420, 804130, 603290, 6032140.278746908, 82, 42, 40, 318.42166984345636, 43
1, 1407466, 804176, 603290, 6032414.907815621, 46, 46, 0, 274.6290687140218, 46
1, 1407505, 804215, 603290, 6032677.607755565, 39, 39, 0, 262.6999399439383, 39
51, 1407664, 804254, 603410, 6033057.806618038, 159, 39, 120, 380.1988624723894, 42
1, 1407702, 804292, 603410, 6033318.688997657, 38, 38, 0, 260.88237961983884, 38
1, 1407745, 804335, 603410, 6033588.3639578605, 43, 43, 0, 269.6749602031015, 43
51, 1407863, 804373, 603490, 6033938.751283029, 118, 38, 80, 350.3873251689181, 40
1, 1407938, 804408, 603530, 6034249.134378667, 75, 35, 40, 310.38309563827124, 36
1, 1407978, 804448, 603530, 6034513.621064603, 40, 40, 0, 264.4866859365871, 40
1, 1408015, 804485, 603530, 6034772.65363606, 37, 37, 0, 259.03257145596604, 37
1, 1408095, 804535, 603560, 6035089.823392304, 80, 50, 30, 317.1697562442441, 51
51, 1408230, 804580, 603650, 6035453.889202244, 135, 45, 90, 364.06580994024984, 47
1, 1408292, 804612, 603680, 6035748.995828574, 62, 32, 30, 295.1066263296683, 33
1, 1408332, 804652, 603680, 6036013.48251451, 40, 40, 0, 264.4866859365871, 40
1, 1408373, 804693, 603680, 6036279.726467953, 41, 41, 0, 266.24395344352433, 41
51, 1408467, 804737, 603730, 6036610.000193801, 94, 44, 50, 330.273725847777, 45
1, 1408541, 804771, 603770, 6036919.197402568, 74, 34, 40, 309.1972087668518, 35
1, 1408610, 804810, 603800, 6037223.309544277, 69, 39, 30, 304.1121417102006, 40
1, 1408661, 804861, 603800, 6037505.744056055, 51, 51, 0, 282.43451177837886, 51
1, 1408746, 804906, 603840, 6037827.4810837265, 85, 45, 40, 321.73702767108114, 46
51, 1408838, 804948, 603890, 6038155.685185195, 92, 42, 50, 328.20410146824725, 43
1, 1408870, 804980, 603890, 6038404.9266081955, 32, 32, 0, 249.24142300054422, 32
1, 1408943, 805023, 603920, 6038713.9278867645, 73, 43, 30, 309.00127856917646, 44
1, 1408992, 805072, 603920, 6038993.3030178705, 49, 49, 0, 279.3751311064591, 49
51, 1409161, 805121, 604040, 6039380.958145417, 169, 49, 120, 387.65512754639894, 52
1, 1409201, 805161, 604040, 6039645.444831354, 40, 40, 0, 264.4866859365871, 40
1, 1409244, 805204, 604040, 6039915.119791557, 43, 43, 0, 269.6749602031015, 43
1, 1409315, 805235, 604080, 6040220.6981023755, 71, 31, 40, 305.57831081870995, 32
51, 1409439, 805279, 604160, 6040576.397498923, 124, 44, 80, 355.6993965481514, 46
1, 1409477, 805317, 604160, 6040837.279878543, 38, 38, 0, 260.88237961983884, 38
1, 1409554, 805364, 604190, 6041151.005542309, 77, 47, 30, 313.72566376652986, 48
1, 1409627, 805397, 604230, 6041459.006820878, 73, 33, 40, 308.00127856917646, 34
1, 1409666, 805436, 604230, 6041721.706760822, 39, 39, 0, 262.6999399439383, 39
51, 1409753, 805473, 604280, 6042044.61434182, 87, 37, 50, 322.9075809977351, 38
1, 1409791, 805511, 604280, 6042305.496721439, 38, 38, 0, 260.88237961983884, 38
1, 1409831, 805551, 604280, 6042569.983407375, 40, 40, 0, 264.4866859365871, 40
1, 1409945, 805595, 604350, 6042917.741395067, 114, 44, 70, 347.75798769167545, 46
51, 1410037, 805637, 604400, 6043245.945496536, 92, 42, 50, 328.20410146824725, 43
1, 1410075, 805675, 604400, 6043506.827876155, 38, 38, 0, 260.88237961983884, 38
1, 1410120, 805720, 604400, 6043779.829882567, 45, 45, 0, 273.00200641113514, 45
1, 1410156, 805756, 604400, 6044036.978856845, 36, 36, 0, 257.1489742783178, 36
51, 1410248, 805798, 604450, 6044365.182958313, 92, 42, 50, 328.20410146824725, 43
1, 1410355, 805835, 604520, 6044706.405103583, 107, 37, 70, 341.2221452697031, 39
1, 1410397, 805877, 604520, 6044974.378093085, 42, 42, 0, 267.97298950218305, 42
1, 1410438, 805918, 604520, 6045240.622046528, 41, 41, 0, 266.24395344352433, 41
1, 1410516, 805956, 604560, 6045554.504833149, 78, 38, 40, 313.8827866200841, 39
51, 1410610, 806000, 604610, 6045884.7785589965, 94, 44, 50, 330.273725847777, 45
1, 1410649, 806039, 604610, 6046147.47849894, 39, 39, 0, 262.6999399439383, 39
1, 1410754, 806074, 604680, 6046486.787086234, 105, 35, 70, 339.30858729436795, 37
1, 1410792, 806112, 604680, 6046747.669465854, 38, 38, 0, 260.88237961983884, 38
51, 1410882, 806152, 604730, 6047073.776494678, 90, 40, 50, 326.1070288241023, 41
1, 1410920, 806190, 604730, 6047334.6588742975, 38, 38, 0, 260.88237961983884, 38
1, 1410979, 806219, 604760, 6047625.707674545, 59, 29, 30, 291.0488002476036, 30
51, 1411066, 806256, 604810, 6047948.615255543, 87, 37, 50, 322.9075809977351, 38
1, 1411146, 806296, 604850, 6048264.785011787, 80, 40, 40, 316.1697562442441, 41
1, 1411216, 806336, 604880, 6048570.135772639, 70, 40, 30, 305.3507608519078, 41
51, 1411295, 806365, 604930, 6048884.166522769, 79, 29, 50, 314.03075013013313, 30
1, 1411329, 806399, 604930, 6049137.440163046, 34, 34, 0, 253.2736402766418, 34
1, 1411411, 806441, 604970, 6049455.86183289, 82, 42, 40, 318.42166984345636, 43
51, 1411531, 806481, 605050, 6049808.036924855, 120, 40, 80, 352.1750919646873, 42
1, 1411572, 806522, 605050, 6050074.280878298, 41, 41, 0, 266.24395344352433, 41
1, 1411612, 806562, 605050, 6050338.767564234, 40, 40, 0, 264.4866859365871, 40
1, 1411686, 806606, 605080, 6050648.964773001, 74, 44, 30, 310.1972087668518, 45
51, 1411772, 806642, 605130, 6050970.790937649, 86, 36, 50, 321.82616464756694, 37
1, 1411851, 806681, 605170, 6051285.821687779, 79, 39, 40, 315.03075013013313, 40
1, 1411884, 806714, 605170, 6051537.099860473, 33, 33, 0, 251.27817269284301, 33
1, 1411998, 806758, 605240, 6051884.857848165, 114, 44, 70, 347.75798769167545, 46
51, 1412093, 806803, 605290, 6052216.1564123, 95, 45, 50, 331.2985641352145, 46
1, 1412129, 806839, 605290, 6052473.305386578, 36, 36, 0, 257.1489742783178, 36
1, 1412210, 806880, 605330, 6052790.605386578, 81, 41, 40, 317.3, 42
1, 1412250, 806920, 605330, 6053055.092072514, 40, 40, 0, 264.4866859365871, 40
1, 1412333, 806973, 605360, 6053375.627020443, 83, 53, 30, 320.5349479292333, 54
51, 1412411, 807001, 605410, 6053688.509807063, 78, 28, 50, 312.8827866200841, 29
1, 1412454, 807044, 605410, 6053958.184767267, 43, 43, 0, 269.6749602031015, 43
1, 1412535, 807085, 605450, 6054275.484767267, 81, 41, 40, 317.3, 42
1, 1412606, 807126, 605480, 6054582.063078085, 71, 41, 30, 306.57831081870995, 42
51, 1412701, 807171, 605530, 6054913.36164222, 95, 45, 50, 331.2985641352145, 46
1, 1412740, 807210, 605530, 6055176.061582164, 39, 39, 0, 262.6999399439383, 39
1, 1412786, 807256, 605530, 6055450.690650878, 46, 46, 0, 274.6290687140218, 46
1, 1412859, 807289, 605570, 6055758.6919294465, 73, 33, 40, 308.00127856917646, 34
51, 1412978, 807328, 605650, 6056109.975324648, 119, 39, 80, 351.28339520229764, 41
1, 1413018, 807368, 605650, 6056374.462010585, 40, 40, 0, 264.4866859365871, 40
1, 1413101, 807411, 605690, 6056693.996958514, 83, 43, 40, 319.5349479292333, 44
1, 1413133, 807443, 605690, 6056943.238381514, 32, 32, 0, 249.24142300054422, 32
51, 1413229, 807489, 605740, 6057275.555297529, 96, 46, 50, 332.31691601465747, 47
1, 1413313, 807543, 605770, 6057597.195307933, 84, 54, 30, 321.64001040350905, 55
1, 1413348, 807578, 605770, 6057852.425235842, 35, 35, 0, 255.22992790977875, 35
1, 1413434, 807624, 605810, 6058175.25140049, 86, 46, 40, 322.82616464756694, 47
1, 1413473, 807663, 605810, 6058437.951340434, 39, 39, 0, 262.6999399439383, 39
51, 1413561, 807701, 605860, 6058761.932771795, 88, 38, 50, 323.98143136087856, 39
1, 1413630, 807740, 605890, 6059066.044913505, 69, 39, 30, 304.1121417102006, 40
1, 1413676, 807786, 605890, 6059340.673982219, 46, 46, 0, 274.6290687140218, 46
1, 1413727, 807837, 605890, 6059623.108493997, 51, 51, 0, 282.43451177837886, 51
51, 1413863, 807883, 605980, 6059988.003791031, 136, 46, 90, 364.89529703482884, 48
1, 1413906, 807926, 605980, 6060257.678751235, 43, 43, 0, 269.6749602031015, 43
1, 1413969, 807959, 606010, 6060554.110075961, 63, 33, 30, 296.43132472612575, 34
1, 1414043, 807993, 606050, 6060863.307284728, 74, 34, 40, 309.1972087668518, 35
51, 1414135, 808035, 606100, 6061191.511386196, 92, 42, 50, 328.20410146824725, 43
1, 1414244, 808074, 606170, 6061534.626017695, 109, 39, 70, 343.114631499574, 41
1, 1414287, 808117, 606170, 6061804.300977899, 43, 43, 0, 269.6749602031015, 43
51, 1414413, 808163, 606250, 6062161.737873782, 126, 46, 80, 357.43689588345075, 48
1, 1414446, 808196, 606250, 6062413.016046476, 33, 33, 0, 251.27817269284301, 33
1, 1414491, 808241, 606250, 6062686.018052887, 45, 45, 0, 273.00200641113514, 45
1, 1414559, 808279, 606280, 6062988.8802239895, 68, 38, 30, 302.86217110259, 39
51, 1414685, 808315, 606370, 6063345.317119873, 126, 36, 90, 356.43689588345075, 38
1, 1414727, 808357, 606370, 6063613.2901093755, 42, 42, 0, 267.97298950218305, 42
1, 1414799, 808399, 606400, 6063921.0851724, 72, 42, 30, 307.79506302439404, 43
1, 1414876, 808436, 606440, 6064233.810836166, 77, 37, 40, 312.72566376652986, 38
51, 1414966, 808476, 606490, 6064559.91786499, 90, 40, 50, 326.1070288241023, 41
1, 1415016, 808526, 606490, 6064840.832659838, 50, 50, 0, 280.9147948472494, 50
1, 1415087, 808567, 606520, 6065147.410970656, 71, 41, 30, 306.57831081870995, 42
1, 1415126, 808606, 606520, 6065410.1109106, 39, 39, 0, 262.6999399439383, 39
51, 1415258, 808648, 606610, 6065771.667033027, 132, 42, 90, 361.55612242701943, 44
1, 1415302, 808692, 606610, 6066043.017990717, 44, 44, 0, 271.35095769013947, 44
1, 1415371, 808721, 606650, 6066346.1301324265, 69, 29, 40, 303.1121417102006, 30
1, 1415396, 808746, 606650, 6066579.736930177, 25, 25, 0, 233.60679774997897, 25
51, 1415524, 808794, 606730, 6066938.895496278, 128, 48, 80, 359.1585661014858, 50
1, 1415602, 808832, 606770, 6067252.7782828985, 78, 38, 40, 313.8827866200841, 39
1, 1415670, 808870, 606800, 6067555.640454001, 68, 38, 30, 302.86217110259, 39
1, 1415750, 808910, 606840, 6067871.810210245, 80, 40, 40, 316.1697562442441, 41
1, 1415820, 808950, 606870, 6068177.160971097, 70, 40, 30, 305.3507608519078, 41
51, 1415918, 808998, 606920, 6068511.495599462, 98, 48, 50, 334.33462836457886, 49
1, 1415953, 809033, 606920, 6068766.725527371, 35, 35, 0, 255.22992790977875, 35
1, 1416036, 809076, 606960, 6069086.2604753, 83, 43, 40, 319.5349479292333, 44
1, 1416103, 809113, 606990, 6069387.861030558, 67, 37, 30, 301.6005552576305, 38
1, 1416138, 809148, 606990, 6069643.090958468, 35, 35, 0, 255.22992790977875, 35
51, 1416273, 809193, 607080, 6070007.156768408, 135, 45, 90, 364.06580994024984, 47
1, 1416346, 809236, 607110, 6070316.158046977, 73, 43, 30, 309.00127856917646, 44
1, 1416379, 809269, 607110, 6070567.43621967, 33, 33, 0, 251.27817269284301, 33
1, 1416421, 809311, 607110, 6070835.409209172, 42, 42, 0, 267.97298950218305, 42
1, 1416464, 809354, 607110, 6071105.084169376, 43, 43, 0, 269.6749602031015, 43
51, 1416555, 809395, 607160, 6071432.243231314, 91, 41, 50, 327.1590619387661, 42
1, 1416666, 809436, 607230, 6071777.229949355, 111, 41, 70, 344.9867180408456, 43
1, 1416704, 809474, 607230, 6072038.1123289745, 38, 38, 0, 260.88237961983884, 38
1, 1416740, 809510, 607230, 6072295.261303253, 36, 36, 0, 257.1489742783178, 36
51, 1416906, 809556, 607350, 6072680.705570887, 166, 46, 120, 385.4442676339201, 49
1, 1416946, 809596, 607350, 6072945.192256823, 40, 40, 0, 264.4866859365871, 40
1, 1417019, 809629, 607390, 6073253.193535392, 73, 33, 40, 308.00127856917646, 34
1, 1417057, 809667, 607390, 6073514.075915012, 38, 38, 0, 260.88237961983884, 38
51, 1417209, 809699, 607510, 6073888.900223568, 152, 32, 120, 374.8243085566414, 35
1, 1417259, 809749, 607510, 6074169.815018415, 50, 50, 0, 280.9147948472494, 50
1, 1417294, 809784, 607510, 6074425.044946325, 35, 35, 0, 255.22992790977875, 35
1, 1417352, 809812, 607540, 6074714.711848432, 58, 28, 30, 289.66690210718946, 29
51, 1417480, 809850, 607630, 6075072.870414534, 128, 38, 90, 358.1585661014858, 40
1, 1417555, 809895, 607660, 6075384.253510172, 75, 45, 30, 311.38309563827124, 46
1, 1417603, 809943, 607660, 6075662.068312762, 48, 48, 0, 277.8148025904985, 48
1, 1417649, 809989, 607660, 6075936.697381476, 46, 46, 0, 274.6290687140218, 46
1, 1417724, 810024, 607700, 6076247.080477114, 75, 35, 40, 310.38309563827124, 36
51, 1417820, 810070, 607750, 6076579.397393129, 96, 46, 50, 332.31691601465747, 47
1, 1417900, 810110, 607790, 6076895.567149373, 80, 40, 40, 316.1697562442441, 41
1, 1417985, 810165, 607820, 6077218.304177044, 85, 55, 30, 322.73702767108114, 56
1, 1418021, 810201, 607820, 6077475.453151322, 36, 36, 0, 257.1489742783178, 36
1, 1418066, 810246, 607820, 6077748.4551577335, 45, 45, 0, 273.00200641113514, 45
51, 1418163, 810293, 607870, 6078081.784057005, 97, 47, 50, 333.3288992714996, 48
1, 1418238, 810338, 607900, 6078393.167152643, 75, 45, 30, 311.38309563827124, 46
1, 1418308, 810368, 607940, 6078697.517913495, 70, 30, 40, 304.3507608519078, 31
1, 1418381, 810411, 607970, 6079006.519192064, 73, 43, 30, 309.00127856917646, 44
51, 1418475, 810455, 608020, 6079336.792917912, 94, 44, 50, 330.273725847777, 45
1, 1418513, 810493, 608020, 6079597.675297531, 38, 38, 0, 260.88237961983884, 38
1, 1418582, 810532, 608050, 6079901.787439241, 69, 39, 30, 304.1121417102006, 40
1, 1418634, 810584, 608050, 6080185.722400669, 52, 52, 0, 283.93496142826496, 52
1, 1418717, 810627, 608090, 6080505.257348598, 83, 43, 40, 319.5349479292333, 44
51, 1418809, 810669, 608140, 6080833.461450066, 92, 42, 50, 328.20410146824725, 43
1, 1418843, 810703, 608140, 6081086.735090343, 34, 34, 0, 253.2736402766418, 34
1, 1418893, 810753, 608140, 6081367.649885191, 50, 50, 0, 280.9147948472494, 50
1, 1419005, 810795, 608210, 6081713.56519753, 112, 42, 70, 345.91531233955715, 44
1, 1419038, 810828, 608210, 6081964.843370223, 33, 33, 0, 251.27817269284301, 33
51, 1419132, 810872, 608260, 6082295.117096071, 94, 44, 50, 330.273725847777, 45
1, 1419204, 810914, 608290, 6082602.9121590955, 72, 42, 30, 307.79506302439404, 43
1, 1419239, 810949, 608290, 6082858.142087005, 35, 35, 0, 255.22992790977875, 35
51, 1419394, 810984, 608410, 6083235.286239543, 155, 35, 120, 377.14415253747273, 38
1, 1419438, 811028, 608410, 6083506.637197233, 44, 44, 0, 271.35095769013947, 44
1, 1419504, 811064, 608440, 6083806.96418551, 66, 36, 30, 300.32698827717985, 37
51, 1419600, 811110, 608490, 6084139.281101525, 96, 46, 50, 332.31691601465747, 47
1, 1419689, 811159, 608530, 6084465.328967089, 89, 49, 40, 326.0478655640733, 50
1, 1419723, 811193, 608530, 6084718.602607366, 34, 34, 0, 253.2736402766418, 34
1, 1419796, 811236, 608560, 6085027.603885935, 73, 43, 30, 309.00127856917646, 44
1, 1419824, 811264, 608560, 6085268.236549314, 28, 28, 0, 240.63266337912057, 28
51, 1419982, 811302, 608680, 6085647.6757585695, 158, 38, 120, 379.43920925585275, 41
1, 1420031, 811351, 608680, 6085927.0508896755, 49, 49, 0, 279.3751311064591, 49
1, 1420069, 811389, 608680, 6086187.933269295, 38, 38, 0, 260.88237961983884, 38
51, 1420150, 811420, 608730, 6086504.233269295, 81, 31, 50, 316.3, 32
1, 1420190, 811460, 608730, 6086768.719955231, 40, 40, 0, 264.4866859365871, 40
1, 1420229, 811499, 608730, 6087031.419895175, 39, 39, 0, 262.6999399439383, 39
1, 1420340, 811540, 608800, 6087376.406613216, 111, 41, 70, 344.9867180408456, 43
51, 1420438, 811588, 608850, 6087710.741241581, 98, 48, 50, 334.33462836457886, 49
1, 1420483, 811633, 608850, 6087983.743247992, 45, 45, 0, 273.00200641113514, 45
1, 1420561, 811681, 608880, 6088298.626034613, 78, 48, 30, 314.8827866200841, 49
51, 1420689, 811719, 608970, 6088656.784600714, 128, 38, 90, 358.1585661014858, 40
1, 1420727, 811757, 608970, 6088917.666980334, 38, 38, 0, 260.88237961983884, 38
1, 1420776, 811806, 608970, 6089197.04211144, 49, 49, 0, 279.3751311064591, 49
1, 1420807, 811837, 608970, 6089444.203217616, 31, 31, 0, 247.1611061770567, 31
1, 1420871, 811871, 609000, 6089741.945930091, 64, 34, 30, 297.742712474619, 35
51, 1420966, 811916, 609050, 6090073.244494226, 95, 45, 50, 331.2985641352145, 46
1, 1421044, 811954, 609090, 6090387.127280846, 78, 38, 40, 313.8827866200841, 39
1, 1421079, 811989, 609090, 6090642.357208756, 35, 35, 0, 255.22992790977875, 35
1, 1421123, 812033, 609090, 6090913.708166446, 44, 44, 0, 271.35095769013947, 44
51, 1421211, 812071, 609140, 6091237.689597807, 88, 38, 50, 323.98143136087856, 39
1, 1421285, 812115, 609170, 6091547.886806574, 74, 44, 30, 310.1972087668518, 45
1, 1421333, 812163, 609170, 6091825.7016091645, 48, 48, 0, 277.8148025904985, 48
51, 1421468, 812208, 609260, 6092189.767419104, 135, 45, 90, 364.06580994024984, 47
1, 1421533, 812243, 609290, 6092488.808570548, 65, 35, 30, 299.04115144336777, 36
1, 1421569, 812279, 609290, 6092745.957544826, 36, 36, 0, 257.1489742783178, 36
1, 1421645, 812315, 609330, 6093057.516717199, 76, 36, 40, 311.5591723737189, 37
1, 1421680, 812350, 609330, 6093312.746645109, 35, 35, 0, 255.22992790977875, 35
51, 1421813, 812403, 609410, 6093676.14291415, 133, 53, 80, 363.3962690412072, 55
1, 1421856, 812446, 609410, 6093945.817874353, 43, 43, 0, 269.6749602031015, 43
1, 1421897, 812487, 609410, 6094212.0618277965, 41, 41, 0, 266.24395344352433, 41
51, 1422056, 812526, 609530, 6094592.260690269, 159, 39, 120, 380.1988624723894, 42
1, 1422104, 812574, 609530, 6094870.07549286, 48, 48, 0, 277.8148025904985, 48
1, 1422142, 812612, 609530, 6095130.957872479, 38, 38, 0, 260.88237961983884, 38
1, 1422255, 812655, 609600, 6095477.796916349, 113, 43, 70, 346.83904386951343, 45
51, 1422355, 812705, 609650, 6095814.124682366, 100, 50, 50, 336.327766016838, 51
1, 1422402, 812752, 609650, 6096090.357732235, 47, 47, 0, 276.2330498695885, 47
1, 1422438, 812788, 609650, 6096347.506706513, 36, 36, 0, 257.1489742783178, 36
1, 1422476, 812826, 609650, 6096608.389086133, 38, 38, 0, 260.88237961983884, 38
51, 1422611, 812871, 609740, 6096972.454896073, 135, 45, 90, 364.06580994024984, 47
1, 1422695, 812925, 609770, 6097294.094906476, 84, 54, 30, 321.64001040350905, 55
1, 1422730, 812960, 609770, 6097549.324834386, 35, 35, 0, 255.22992790977875, 35
1, 1422760, 812990, 609770, 6097794.359566318, 30, 30, 0, 245.0347319320716, 30
51, 1422901, 813041, 609860, 6098163.351238984, 141, 51, 90, 368.9916726654594, 53
1, 1422944, 813084, 609860, 6098433.026199187, 43, 43, 0, 269.6749602031015, 43
1, 1423014, 813124, 609890, 6098738.376960039, 70, 40, 30, 305.3507608519078, 41
1, 1423044, 813154, 609890, 6098983.411691971, 30, 30, 0, 245.0347319320716, 30
1, 1423144, 813184, 609960, 6099317.839457988, 100, 30, 70, 334.42776601683795, 32
51, 1423238, 813228, 610010, 6099648.1131838355, 94, 44, 50, 330.273725847777, 45
1, 1423275, 813265, 610010, 6099907.145755292, 37, 37, 0, 259.03257145596604, 37
1, 1423347, 813307, 610040, 6100214.940818316, 72, 42, 30, 307.79506302439404, 43
1, 1423424, 813344, 610080, 6100527.666482083, 77, 37, 40, 312.72566376652986, 38
1, 1423492, 813382, 610110, 6100830.528653185, 68, 38, 30, 302.86217110259, 39
51, 1423587, 813427, 610160, 6101161.82721732, 95, 45, 50, 331.2985641352145, 46
1, 1423640, 813480, 610160, 6101447.244004961, 53, 53, 0, 285.4167876408086, 53
1, 1423753, 813523, 610230, 6101794.083048831, 113, 43, 70, 346.83904386951343, 45
1, 1423795, 813565, 610230, 6102062.056038333, 42, 42, 0, 267.97298950218305, 42
51, 1423906, 813596, 610310, 6102406.042756374, 111, 31, 80, 343.9867180408456, 33
1, 1423942, 813632, 610310, 6102663.191730652, 36, 36, 0, 257.1489742783178, 36
1, 1424051, 813671, 610380, 6103006.306362151, 109, 39, 70, 343.114631499574, 41
51, 1424139, 813709, 610430, 6103330.287793512, 88, 38, 50, 323.98143136087856, 39
1, 1424219, 813749, 610470, 6103646.457549756, 80, 40, 40, 316.1697562442441, 41
1, 1424287, 813787, 610500, 6103949.319720859, 68, 38, 30, 302.86217110259, 39
1, 1424342, 813842, 610500, 6104237.646702392, 55, 55, 0, 288.32698153315005, 55
1, 1424425, 813885, 610540, 6104557.181650321, 83, 43, 40, 319.5349479292333, 44
51, 1424515, 813925, 610590, 6104883.288679145, 90, 40, 50, 326.1070288241023, 41
1, 1424601, 813971, 610630, 6105206.114843793, 86, 46, 40, 322.82616464756694, 47
1, 1424673, 814013, 610660, 6105513.909906818, 72, 42, 30, 307.79506302439404, 43
1, 1424718, 814058, 610660, 6105786.911913229, 45, 45, 0, 273.00200641113514, 45
51, 1424811, 814101, 610710, 6106116.154193136, 93, 43, 50, 329.24227990714814, 44
1, 1424858, 814148, 610710, 6106392.387243005, 47, 47, 0, 276.2330498695885, 47
1, 1424966, 814186, 610780, 6106734.558222553, 108, 38, 70, 342.1709795470626, 40
1, 1425013, 814233, 610780, 6107010.791272422, 47, 47, 0, 276.2330498695885, 47
1, 1425091, 814271, 610820, 6107324.674059043, 78, 38, 40, 313.8827866200841, 39
51, 1425180, 814310, 610870, 6107649.721924607, 89, 39, 50, 325.0478655640733, 40
1, 1425225, 814355, 610870, 6107922.723931018, 45, 45, 0, 273.00200641113514, 45
1, 1425265, 814395, 610870, 6108187.210616955, 40, 40, 0, 264.4866859365871, 40
1, 1425385, 814445, 610940, 6108540.38570892, 120, 50, 70, 353.1750919646873, 52
1, 1425421, 814481, 610940, 6108797.534683198, 36, 36, 0, 257.1489742783178, 36
51, 1425500, 814510, 610990, 6109111.565433328, 79, 29, 50, 314.03075013013313, 30
1, 1425579, 814549, 611030, 6109426.596183458, 79, 39, 40, 315.03075013013313, 40
1, 1425622, 814592, 611030, 6109696.271143662, 43, 43, 0, 269.6749602031015, 43
1, 1425688, 814628, 611060, 6109996.598131939, 66, 36, 30, 300.32698827717985, 37
51, 1425816, 814666, 611150, 6110354.75669804, 128, 38, 90, 358.1585661014858, 40
1, 1425889, 814709, 611180, 6110663.757976609, 73, 43, 30, 309.00127856917646, 44
1, 1425926, 814746, 611180, 6110922.790548066, 37, 37, 0, 259.03257145596604, 37
1, 1425951, 814771, 611180, 6111156.397345816, 25, 25, 0, 233.60679774997897, 25
51, 1426047, 814817, 611230, 6111488.714261831, 96, 46, 50, 332.31691601465747, 47
1, 1426157, 814857, 611300, 6111832.767445877, 110, 40, 70, 344.0531840464366, 42
1, 1426199, 814899, 611300, 6112100.74043538, 42, 42, 0, 267.97298950218305, 42
1, 1426243, 814943, 611300, 6112372.091393069, 44, 44, 0, 271.35095769013947, 44
51, 1426364, 814984, 611380, 6112725.153872105, 121, 41, 80, 353.06247903554, 43
1, 1426401, 815021, 611380, 6112984.186443562, 37, 37, 0, 259.03257145596604, 37
1, 1426482, 815062, 611420, 6113301.4864435615, 81, 41, 40, 317.3, 42
1, 1426515, 815095, 611420, 6113552.764616255, 33, 33, 0, 251.27817269284301, 33
1, 1426598, 815138, 611460, 6113872.299564184, 83, 43, 40, 319.5349479292333, 44
51, 1426723, 815183, 611540, 6114228.869716672, 125, 45, 80, 356.57015248821097, 47
1, 1426761, 815221, 611540, 6114489.752096292, 38, 38, 0, 260.88237961983884, 38
1, 1426800, 815260, 611540, 6114752.4520362355, 39, 39, 0, 262.6999399439383, 39
51, 1426904, 815314, 611590, 6115092.6957229925, 104, 54, 50, 340.243686757474, 55
1, 1426949, 815359, 611590, 6115365.697729404, 45, 45, 0, 273.00200641113514, 45
1, 1427026, 815396, 611630, 6115678.42339317, 77, 37, 40, 312.72566376652986, 38
1, 1427094, 815434, 611660, 6115981.285564273, 68, 38, 30, 302.86217110259, 39
1, 1427125, 815465, 611660, 6116228.446670449, 31, 31, 0, 247.1611061770567, 31
51, 1427203, 815493, 611710, 6116541.32945707, 78, 28, 50, 312.8827866200841, 29
1, 1427277, 815527, 611750, 6116850.526665837, 74, 34, 40, 309.1972087668518, 35
1, 1427325, 815575, 611750, 6117128.341468427, 48, 48, 0, 277.8148025904985, 48
1, 1427359, 815609, 611750, 6117381.615108704, 34, 34, 0, 253.2736402766418, 34
51, 1427470, 815640, 611830, 6117725.601826745, 111, 31, 80, 343.9867180408456, 33
1, 1427512, 815682, 611830, 6117993.574816247, 42, 42, 0, 267.97298950218305, 42
1, 1427604, 815734, 611870, 6118322.778917716, 92, 52, 40, 329.20410146824725, 53
51, 1427699, 815779, 611920, 6118654.077481851, 95, 45, 50, 331.2985641352145, 46
1, 1427737, 815817, 611920, 6118914.95986147, 38, 38, 0, 260.88237961983884, 38
1, 1427813, 815853, 611960, 6119226.519033844, 76, 36, 40, 311.5591723737189, 37
1, 1427895, 815905, 611990, 6119545.940703687, 82, 52, 30, 319.42166984345636, 53
51, 1427992, 815952, 612040, 6119879.269602959, 97, 47, 50, 333.3288992714996, 48
1, 1428079, 815999, 612080, 6120203.177183957, 87, 47, 40, 323.9075809977351, 48
1, 1428123, 816043, 612080, 6120474.528141647, 44, 44, 0, 271.35095769013947, 44
1, 1428164, 816084, 612080, 6120740.77209509, 41, 41, 0, 266.24395344352433, 41
51, 1428290, 816130, 612160, 6121098.208990973, 126, 46, 80, 357.43689588345075, 48
1, 1428368, 816168, 612200, 6121412.091777594, 78, 38, 40, 313.8827866200841, 39
1, 1428447, 816217, 612230, 6121728.122527724, 79, 49, 30, 316.03075013013313, 50
1, 1428486, 816256, 612230, 6121990.822467668, 39, 39, 0, 262.6999399439383, 39
51, 1428621, 816301, 612320, 6122354.888277608, 135, 45, 90, 364.06580994024984, 47
1, 1428662, 816342, 612320, 6122621.132231051, 41, 41, 0, 266.24395344352433, 41
1, 1428711, 816391, 612320, 6122900.507362157, 49, 49, 0, 279.3751311064591, 49
1, 1428777, 816427, 612350, 6123200.834350434, 66, 36, 30, 300.32698827717985, 37
51, 1428872, 816472, 612400, 6123532.132914569, 95, 45, 50, 331.2985641352145, 46
1, 1428908, 816508, 612400, 6123789.281888847, 36, 36, 0, 257.1489742783178, 36
1, 1428980, 816540, 612440, 6124096.076951872, 72, 32, 40, 306.79506302439404, 33
1, 1429015, 816575, 612440, 6124351.306879781, 35, 35, 0, 255.22992790977875, 35
51, 1429099, 816609, 612490, 6124670.946890185, 84, 34, 50, 319.64001040350905, 35
1, 1429164, 816644, 612520, 6124969.988041628, 65, 35, 30, 299.04115144336777, 36
1, 1429250, 816690, 612560, 6125292.814206276, 86, 46, 40, 322.82616464756694, 47
1, 1429288, 816728, 612560, 6125553.6965858955, 38, 38, 0, 260.88237961983884, 38
51, 1429401, 816761, 612640, 6125899.535629765, 113, 33, 80, 345.83904386951343, 35
1, 1429476, 816796, 612680, 6126209.918725403, 75, 35, 40, 310.38309563827124, 36
1, 1429513, 816833, 612680, 6126468.951296859, 37, 37, 0, 259.03257145596604, 37
1, 1429588, 816878, 612710, 6126780.334392497, 75, 45, 30, 311.38309563827124, 46
51, 1429715, 816915, 612800, 6127137.634074797, 127, 37, 90, 357.2996822992933, 39
1, 1429760, 816960, 612800, 6127410.6360812085, 45, 45, 0, 273.00200641113514, 45
1, 1429796, 816996, 612800, 6127667.7850554865, 36, 36, 0, 257.1489742783178, 36
1, 1429843, 817043, 612800, 6127944.018105356, 47, 47, 0, 276.2330498695885, 47
1, 1429912, 817082, 612830, 6128248.130247066, 69, 39, 30, 304.1121417102006, 40
51, 1430051, 817131, 612920, 6128615.493409367, 139, 49, 90, 367.36316230125203, 51
1, 1430094, 817174, 612920, 6128885.168369571, 43, 43, 0, 269.6749602031015, 43
1, 1430179, 817219, 612960, 6129206.905397242, 85, 45, 40, 321.73702767108114, 46
1, 1430219, 817259, 612960, 6129471.392083178, 40, 40, 0, 264.4866859365871, 40
51, 1430309, 817299, 613010, 6129797.499112003, 90, 40, 50, 326.1070288241023, 41
1, 1430419, 817339, 613080, 6130141.552296049, 110, 40, 70, 344.0531840464366, 42
1, 1430459, 817379, 613080, 6130406.038981985, 40, 40, 0, 264.4866859365871, 40
1, 1430503, 817423, 613080, 6130677.389939675, 44, 44, 0, 271.35095769013947, 44
1, 1430571, 817461, 613110, 6130980.252110777, 68, 38, 30, 302.86217110259, 39
51, 1430694, 817494, 613200, 6131334.07668204, 123, 33, 90, 353.8245712617827, 35
1, 1430737, 817537, 613200, 6131603.751642243, 43, 43, 0, 269.6749602031015, 43
1, 1430781, 817581, 613200, 6131875.102599933, 44, 44, 0, 271.35095769013947, 44
1, 1430827, 817627, 613200, 6132149.731668646, 46, 46, 0, 274.6290687140218, 46
51, 1430949, 817669, 613280, 6132503.6772872005, 122, 42, 80, 353.9456185537469, 44
1, 1431036, 817716, 613320, 6132827.584868198, 87, 47, 40, 323.9075809977351, 48
1, 1431108, 817758, 613350, 6133135.379931223, 72, 42, 30, 307.79506302439404, 43
1, 1431140, 817790, 613350, 6133384.621354223, 32, 32, 0, 249.24142300054422, 32
51, 1431303, 817833, 613470, 6133767.832777701, 163, 43, 120, 383.21142347822723, 46
1, 1431347, 817877, 613470, 6134039.183735391, 44, 44, 0, 271.35095769013947, 44
1, 1431380, 817910, 613470, 6134290.461908084, 33, 33, 0, 251.27817269284301, 33
51, 1431480, 817960, 613520, 6134626.789674101, 100, 50, 50, 336.327766016838, 51
1, 1431558, 818008, 613550, 6134941.672460722, 78, 48, 30, 314.8827866200841, 49
1, 1431640, 818050, 613590, 6135260.094130565, 82, 42, 40, 318.42166984345636, 43
1, 1431702, 818082, 613620, 6135555.200756895, 62, 32, 30, 295.1066263296683, 33
51, 1431784, 818114, 613670, 6135872.622426739, 82, 32, 50, 317.42166984345636, 33
1, 1431824, 818154, 613670, 6136137.109112675, 40, 40, 0, 264.4866859365871, 40
1, 1431907, 818197, 613710, 6136456.644060604, 83, 43, 40, 319.5349479292333, 44
1, 1431980, 818240, 613740, 6136765.645339173, 73, 43, 30, 309.00127856917646, 44
1, 1432020, 818280, 613740, 6137030.13202511, 40, 40, 0, 264.4866859365871, 40
51, 1432114, 818324, 613790, 6137360.405750957, 94, 44, 50, 330.273725847777, 45
1, 1432224, 818364, 613860, 6137704.458935004, 110, 40, 70, 344.0531840464366, 42
1, 1432267, 818407, 613860, 6137974.133895207, 43, 43, 0, 269.6749602031015, 43
1, 1432304, 818444, 613860, 6138233.166466664, 37, 37, 0, 259.03257145596604, 37
51, 1432395, 818485, 613910, 6138560.325528602, 91, 41, 50, 327.1590619387661, 42
1, 1432511, 818531, 613980, 6138909.907332093, 116, 46, 70, 349.5818034911291, 48
1, 1432551, 818571, 613980, 6139174.39401803, 40, 40, 0, 264.4866859365871, 40
1, 1432591, 818611, 613980, 6139438.880703966, 40, 40, 0, 264.4866859365871, 40
51, 1432675, 818645, 614030, 6139758.52071437, 84, 34, 50, 319.64001040350905, 35
1, 1432714, 818684, 614030, 6140021.220654313, 39, 39, 0, 262.6999399439383, 39
1, 1432788, 818728, 614060, 6140331.41786308, 74, 44, 30, 310.1972087668518, 45
1, 1432863, 818763, 614100, 6140641.800958718, 75, 35, 40, 310.38309563827124, 36
1, 1432901, 818801, 614100, 6140902.683338338, 38, 38, 0, 260.88237961983884, 38
51, 1433029, 818849, 614180, 6141261.841904439, 128, 48, 80, 359.1585661014858, 50
1, 1433083, 818903, 614180, 6141548.722505522, 54, 54, 0, 286.88060108295343, 54
1, 1433129, 818949, 614180, 6141823.351574236, 46, 46, 0, 274.6290687140218, 46
51, 1433245, 818975, 614270, 6142170.933377727, 116, 26, 90, 347.5818034911291, 28
1, 1433283, 819013, 614270, 6142431.815757346, 38, 38, 0, 260.88237961983884, 38
1, 1433358, 819058, 614300, 6142743.198852984, 75, 45, 30, 311.38309563827124, 46
51, 1433442, 819092, 614350, 6143062.838863388, 84, 34, 50, 319.64001040350905, 35
1, 1433522, 819132, 614390, 6143379.008619632, 80, 40, 40, 316.1697562442441, 41
1, 1433565, 819175, 614390, 6143648.683579835, 43, 43, 0, 269.6749602031015, 43
1, 1433649, 819219, 614430, 6143969.323590239, 84, 44, 40, 320.64001040350905, 45
51, 1433764, 819254, 614510, 6144316.9958073, 115, 35, 80, 347.6722170622053, 37
1, 1433812, 819302, 614510, 6144594.810609891, 48, 48, 0, 277.8148025904985, 48
1, 1433846, 819336, 614510, 6144848.084250168, 34, 34, 0, 253.2736402766418, 34
1, 1433918, 819378, 614540, 6145155.879313192, 72, 42, 30, 307.79506302439404, 43
51, 1434042, 819412, 614630, 6145510.57870974, 124, 34, 90, 354.6993965481514, 36
1, 1434087, 819457, 614630, 6145783.580716152, 45, 45, 0, 273.00200641113514, 45
1, 1434127, 819497, 614630, 6146048.067402088, 40, 40, 0, 264.4866859365871, 40
1, 1434166, 819536, 614630, 6146310.767342032, 39, 39, 0, 262.6999399439383, 39
51, 1434257, 819577, 614680, 6146637.92640397, 91, 41, 50, 327.1590619387661, 42
1, 1434362, 819612, 614750, 6146977.2349912645, 105, 35, 70, 339.30858729436795, 37
1, 1434406, 819656, 614750, 6147248.585948954, 44, 44, 0, 271.35095769013947, 44
1, 1434450, 819700, 614750, 6147519.936906644, 44, 44, 0, 271.35095769013947, 44
51, 1434573, 819743, 614830, 6147874.761477906, 123, 43, 80, 354.8245712617827, 45
1, 1434611, 819781, 614830, 6148135.643857526, 38, 38, 0, 260.88237961983884, 38
1, 1434649, 819819, 614830, 6148396.526237145, 38, 38, 0, 260.88237961983884, 38
1, 1434761, 819861, 614900, 6148742.441549485, 112, 42, 70, 345.91531233955715, 44
51, 1434843, 819893, 614950, 6149059.863219328, 82, 32, 50, 317.42166984345636, 33
1, 1434917, 819937, 614980, 6149370.060428095, 74, 44, 30, 310.1972087668518, 45
1, 1434989, 819969, 615020, 6149676.855491119, 72, 32, 40, 306.79506302439404, 33
1, 1435026, 820006, 615020, 6149935.888062576, 37, 37, 0, 259.03257145596604, 37
1, 1435104, 820044, 615060, 6150249.770849196, 78, 38, 40, 313.8827866200841, 39
51, 1435196, 820086, 615110, 6150577.974950665, 92, 42, 50, 328.20410146824725, 43
1, 1435269, 820129, 615140, 6150886.976229234, 73, 43, 30, 309.00127856917646, 44
1, 1435350, 820170, 615180, 6151204.2762292335, 81, 41, 40, 317.3, 42
1, 1435393, 820213, 615180, 6151473.951189437, 43, 43, 0, 269.6749602031015, 43
51, 1435518, 820258, 615260, 6151830.5213419255, 125, 45, 80, 356.57015248821097, 47
1, 1435558, 820298, 615260, 6152095.008027862, 40, 40, 0, 264.4866859365871, 40
1, 1435597, 820337, 615260, 6152357.707967806, 39, 39, 0, 262.6999399439383, 39
51, 1435687, 820377, 615310, 6152683.81499663, 90, 40, 50, 326.1070288241023, 41
1, 1435772, 820422, 615350, 6153005.552024301, 85, 45, 40, 321.73702767108114, 46
1, 1435806, 820456, 615350, 6153258.825664578, 34, 34, 0, 253.2736402766418, 34
1, 1435876, 820496, 615380, 6153564.17642543, 70, 40, 30, 305.3507608519078, 41
51, 1435977, 820547, 615430, 6153901.491813403, 101, 51, 50, 337.31538797227006, 52
1, 1436050, 820590, 615460, 6154210.493091972, 73, 43, 30, 309.00127856917646, 44
1, 1436122, 820622, 615500, 6154517.288154996, 72, 32, 40, 306.79506302439404, 33
1, 1436168, 820668, 615500, 6154791.91722371, 46, 46, 0, 274.6290687140218, 46
51, 1436269, 820719, 615550, 6155129.232611682, 101, 51, 50, 337.31538797227006, 52
1, 1436307, 820757, 615550, 6155390.114991302, 38, 38, 0, 260.88237961983884, 38
1, 1436361, 820811, 615550, 6155676.995592385, 54, 54, 0, 286.88060108295343, 54
1, 1436434, 820854, 615580, 6155985.996870954, 73, 43, 30, 309.00127856917646, 44
51, 1436561, 820891, 615670, 6156343.296553253, 127, 37, 90, 357.2996822992933, 39
1, 1436597, 820927, 615670, 6156600.445527531, 36, 36, 0, 257.1489742783178, 36
1, 1436632, 820962, 615670, 6156855.675455441, 35, 35, 0, 255.22992790977875, 35
51, 1436718, 820998, 615720, 6157177.501620089, 86, 36, 50, 321.82616464756694, 37
1, 1436790, 821040, 615750, 6157485.296683113, 72, 42, 30, 307.79506302439404, 43
1, 1436877, 821087, 615790, 6157809.204264111, 87, 47, 40, 323.9075809977351, 48
1, 1436929, 821139, 615790, 6158093.139225539, 52, 52, 0, 283.93496142826496, 52
51, 1437011, 821171, 615840, 6158410.560895382, 82, 32, 50, 317.42166984345636, 33
1, 1437077, 821197, 615880, 6158709.887883659, 66, 26, 40, 299.32698827717985, 27
1, 1437148, 821238, 615910, 6159016.466194478, 71, 41, 30, 306.57831081870995, 42
51, 1437239, 821279, 615960, 6159343.625256416, 91, 41, 50, 327.1590619387661, 42
1, 1437330, 821330, 616000, 6159671.784318355, 91, 51, 40, 328.1590619387661, 52
1, 1437361, 821361, 616000, 6159918.945424532, 31, 31, 0, 247.1611061770567, 31
1, 1437403, 821403, 616000, 6160186.918414034, 42, 42, 0, 267.97298950218305, 42
1, 1437511, 821441, 616070, 6160529.089393581, 108, 38, 70, 342.1709795470626, 40
51, 1437597, 821477, 616120, 6160850.915558229, 86, 36, 50, 321.82616464756694, 37
1, 1437669, 821519, 616150, 6161158.710621254, 72, 42, 30, 307.79506302439404, 43
1, 1437706, 821556, 616150, 6161417.74319271, 37, 37, 0, 259.03257145596604, 37
51, 1437843, 821603, 616240, 6161783.464514915, 137, 47, 90, 365.72132220485213, 49
1, 1437867, 821627, 616240, 6162014.600898855, 24, 24, 0, 231.13638394006432, 24
1, 1437939, 821669, 616270, 6162322.39596188, 72, 42, 30, 307.79506302439404, 43
51, 1438032, 821712, 616320, 6162651.6382417865, 93, 43, 50, 329.24227990714814, 44
1, 1438085, 821765, 616320, 6162937.055029428, 53, 53, 0, 285.4167876408086, 53
1, 1438190, 821800, 616390, 6163276.363616722, 105, 35, 70, 339.30858729436795, 37
51, 1438277, 821837, 616440, 6163599.2711977195, 87, 37, 50, 322.9075809977351, 38
1, 1438361, 821881, 616480, 6163919.911208123, 84, 44, 40, 320.64001040350905, 45
1, 1438392, 821912, 616480, 6164167.0723143, 31, 31, 0, 247.1611061770567, 31
51, 1438523, 821953, 616570, 6164527.784642515, 131, 41, 90, 360.7123282155055, 43
1, 1438560, 821990, 616570, 6164786.817213971, 37, 37, 0, 259.03257145596604, 37
1, 1438629, 822029, 616600, 6165090.929355681, 69, 39, 30, 304.1121417102006, 40
1, 1438669, 822069, 616600, 6165355.416041617, 40, 40, 0, 264.4866859365871, 40
1, 1438772, 822102, 616670, 6165692.789291672, 103, 33, 70, 337.37325005549695, 35
51, 1438856, 822136, 616720, 6166012.429302076, 84, 34, 50, 319.64001040350905, 35
1, 1438928, 822178, 616750, 6166320.2243651, 72, 42, 30, 307.79506302439404, 43
1, 1438972, 822222, 616750, 6166591.57532279, 44, 44, 0, 271.35095769013947, 44
1, 1439047, 822257, 616790, 6166901.958418428, 75, 35, 40, 310.38309563827124, 36
51, 1439130, 822290, 616840, 6167220.493366357, 83, 33, 50, 318.5349479292333, 34
1, 1439206, 822336, 616870, 6167533.05253873, 76, 46, 30, 312.5591723737189, 47
1, 1439250, 822380, 616870, 6167804.40349642, 44, 44, 0, 271.35095769013947, 44
1, 1439292, 822422, 616870, 6168072.376485922, 42, 42, 0, 267.97298950218305, 42
51, 1439448, 822458, 616990, 6168450.288370227, 156, 36, 120, 377.9118843049396, 39
1, 1439487, 822497, 616990, 6168712.988310171, 39, 39, 0, 262.6999399439383, 39
1, 1439525, 822535, 616990, 6168973.870689791, 38, 38, 0, 260.88237961983884, 38
1, 1439629, 822569, 617060, 6169312.214376548, 104, 34, 70, 338.343686757474, 36
1, 1439666, 822606, 617060, 6169571.246948005, 37, 37, 0, 259.03257145596604, 37
51, 1439761, 822651, 617110, 6169902.54551214, 95, 45, 50, 331.2985641352145, 46
1, 1439800, 822690, 617110, 6170165.245452084, 39, 39, 0, 262.6999399439383, 39
1, 1439848, 822738, 617110, 6170443.060254674, 48, 48, 0, 277.8148025904985, 48
1, 1439927, 822777, 617150, 6170758.091004805, 79, 39, 40, 315.03075013013313, 40
1, 1439997, 822817, 617180, 6171063.441765657, 70, 40, 30, 305.3507608519078, 41
51, 1440089, 822859, 617230, 6171391.645867125, 92, 42, 50, 328.20410146824725, 43
1, 1440127, 822897, 617230, 6171652.528246745, 38, 38, 0, 260.88237961983884, 38
1, 1440213, 822943, 617270, 6171975.3544113925, 86, 46, 40, 322.82616464756694, 47
1, 1440292, 822992, 617300, 6172291.385161523, 79, 49, 30, 316.03075013013313, 50
51, 1440382, 823032, 617350, 6172617.492190347, 90, 40, 50, 326.1070288241023, 41
1, 1440424, 823074, 617350, 6172885.465179849, 42, 42, 0, 267.97298950218305, 42
1, 1440500, 823110, 617390, 6173197.024352223, 76, 36, 40, 311.5591723737189, 37
1, 1440530, 823140, 617390, 6173442.059084155, 30, 30, 0, 245.0347319320716, 30
1, 1440568, 823178, 617390, 6173702.941463774, 38, 38, 0, 260.88237961983884, 38
51, 1440689, 823219, 617470, 6174056.00394281, 121, 41, 80, 353.06247903554, 43
1, 1440779, 823269, 617510, 6174383.110971634, 90, 50, 40, 327.1070288241023, 51
1, 1440830, 823320, 617510, 6174665.545483412, 51, 51, 0, 282.43451177837886, 51
1, 1440905, 823365, 617540, 6174976.92857905, 75, 45, 30, 311.38309563827124, 46
51, 1440995, 823405, 617590, 6175303.035607874, 90, 40, 50, 326.1070288241023, 41
1, 1441043, 823453, 617590, 6175580.850410465, 48, 48, 0, 277.8148025904985, 48
1, 1441124, 823494, 617630, 6175898.150410465, 81, 41, 40, 317.3, 42
1, 1441167, 823537, 617630, 6176167.825370668, 43, 43, 0, 269.6749602031015, 43
1, 1441240, 823580, 617660, 6176476.826649237, 73, 43, 30, 309.00127856917646, 44
51, 1441366, 823616, 617750, 6176833.263545121, 126, 36, 90, 356.43689588345075, 38
1, 1441412, 823662, 617750, 6177107.892613835, 46, 46, 0, 274.6290687140218, 46
1, 1441450, 823700, 617750, 6177368.774993454, 38, 38, 0, 260.88237961983884, 38
1, 1441484, 823734, 617750, 6177622.048633731, 34, 34, 0, 253.2736402766418, 34
51, 1441613, 823773, 617840, 6177981.062234222, 129, 39, 90, 359.01360049114555, 41
1, 1441690, 823820, 617870, 6178294.787897988, 77, 47, 30, 313.72566376652986, 48
1, 1441740, 823870, 617870, 6178575.702692836, 50, 50, 0, 280.9147948472494, 50
1, 1441821, 823911, 617910, 6178893.002692835, 81, 41, 40, 317.3, 42
51, 1441913, 823953, 617960, 6179221.206794304, 92, 42, 50, 328.20410146824725, 43
1, 1441983, 823993, 617990, 6179526.557555156, 70, 40, 30, 305.3507608519078, 41
1, 1442023, 824033, 617990, 6179791.044241092, 40, 40, 0, 264.4866859365871, 40
1, 1442059, 824069, 617990, 6180048.19321537, 36, 36, 0, 257.1489742783178, 36
51, 1442189, 824109, 618080, 6180408.058052909, 130, 40, 90, 359.86483753851803, 42
1, 1442234, 824154, 618080, 6180681.06005932, 45, 45, 0, 273.00200641113514, 45
1, 1442273, 824193, 618080, 6180943.759999264, 39, 39, 0, 262.6999399439383, 39
1, 1442353, 824243, 618110, 6181260.929755508, 80, 50, 30, 317.1697562442441, 51
51, 1442448, 824288, 618160, 6181592.228319643, 95, 45, 50, 331.2985641352145, 46
1, 1442545, 824345, 618200, 6181926.557218915, 97, 57, 40, 334.3288992714996, 58
1, 1442613, 824383, 618230, 6182229.419390017, 68, 38, 30, 302.86217110259, 39
51, 1442709, 824429, 618280, 6182561.736306032, 96, 46, 50, 332.31691601465747, 47
1, 1442755, 824475, 618280, 6182836.365374746, 46, 46, 0, 274.6290687140218, 46
1, 1442797, 824517, 618280, 6183104.338364248, 42, 42, 0, 267.97298950218305, 42
51, 1442920, 824560, 618360, 6183459.16293551, 123, 43, 80, 354.8245712617827, 45
1, 1443006, 824606, 618400, 6183781.989100158, 86, 46, 40, 322.82616464756694, 47
1, 1443053, 824653, 618400, 6184058.222150028, 47, 47, 0, 276.2330498695885, 47
51, 1443145, 824695, 618450, 6184386.426251496, 92, 42, 50, 328.20410146824725, 43
1, 1443188, 824738, 618450, 6184656.1012117, 43, 43, 0, 269.6749602031015, 43
1, 1443261, 824781, 618480, 6184965.102490269, 73, 43, 30, 309.00127856917646, 44
1, 1443334, 824814, 618520, 6185273.103768838, 73, 33, 40, 308.00127856917646, 34
51, 1443434, 824864, 618570, 6185609.431534855, 100, 50, 50, 336.327766016838, 51
1, 1443483, 824913, 618570, 6185888.806665961, 49, 49, 0, 279.3751311064591, 49
1, 1443524, 824954, 618570, 6186155.050619404, 41, 41, 0, 266.24395344352433, 41
51, 1443607, 824987, 618620, 6186473.585567333, 83, 33, 50, 318.5349479292333, 34
1, 1443714, 825024, 618690, 6186814.807712602, 107, 37, 70, 341.2221452697031, 39
1, 1443763, 825073, 618690, 6187094.182843708, 49, 49, 0, 279.3751311064591, 49
51, 1443858, 825118, 618740, 6187425.4814078435, 95, 45, 50, 331.2985641352145, 46
1, 1443897, 825157, 618740, 6187688.181347787, 39, 39, 0, 262.6999399439383, 39
1, 1443971, 825201, 618770, 6187998.378556554, 74, 44, 30, 310.1972087668518, 45
1, 1444011, 825241, 618770, 6188262.865242491, 40, 40, 0, 264.4866859365871, 40
51, 1444140, 825280, 618860, 6188621.8788429815, 129, 39, 90, 359.01360049114555, 41
1, 1444168, 825308, 618860, 6188862.511506361, 28, 28, 0, 240.63266337912057, 28
1, 1444211, 825351, 618860, 6189132.186466564, 43, 43, 0, 269.6749602031015, 43
51, 1444292, 825382, 618910, 6189448.486466564, 81, 31, 50, 316.3, 32
1, 1444358, 825418, 618940, 6189748.813454841, 66, 36, 30, 300.32698827717985, 37
1, 1444435, 825455, 618980, 6190061.5391186075, 77, 37, 40, 312.72566376652986, 38
51, 1444522, 825492, 619030, 6190384.446699605, 87, 37, 50, 322.9075809977351, 38
1, 1444567, 825537, 619030, 6190657.448706017, 45, 45, 0, 273.00200641113514, 45
1, 1444607, 825577, 619030, 6190921.935391953, 40, 40, 0, 264.4866859365871, 40
1, 1444677, 825617, 619060, 6191227.286152805, 70, 40, 30, 305.3507608519078, 41
51, 1444754, 825644, 619110, 6191539.0118165715, 77, 27, 50, 311.72566376652986, 28
1, 1444829, 825679, 619150, 6191849.394912209, 75, 35, 40, 310.38309563827124, 36
1, 1444893, 825713, 619180, 6192147.137624684, 64, 34, 30, 297.742712474619, 35
1, 1444937, 825757, 619180, 6192418.488582374, 44, 44, 0, 271.35095769013947, 44
51, 1445060, 825790, 619270, 6192772.313153636, 123, 33, 90, 353.8245712617827, 35
1, 1445101, 825831, 619270, 6193038.557107079, 41, 41, 0, 266.24395344352433, 41
1, 1445144, 825874, 619270, 6193308.232067282, 43, 43, 0, 269.6749602031015, 43
51, 1445295, 825905, 619390, 6193682.277438489, 151, 31, 120, 374.04537120670284, 34
1, 1445337, 825947, 619390, 6193950.250427991, 42, 42, 0, 267.97298950218305, 42
1, 1445401, 825981, 619420, 6194247.993140466, 64, 34, 30, 297.742712474619, 35
1, 1445441, 826021, 619420, 6194512.479826402, 40, 40, 0, 264.4866859365871, 40
51, 1445528, 826058, 619470, 6194835.3874074, 87, 37, 50, 322.9075809977351, 38
1, 1445640, 826100, 619540, 6195181.302719739, 112, 42, 70, 345.91531233955715, 44
1, 1445690, 826150, 619540, 6195462.217514587, 50, 50, 0, 280.9147948472494, 50
1, 1445734, 826194, 619540, 6195733.568472276, 44, 44, 0, 271.35095769013947, 44
51, 1445826, 826236, 619590, 6196061.772573745, 92, 42, 50, 328.20410146824725, 43
1, 1445891, 826271, 619620, 6196360.813725188, 65, 35, 30, 299.04115144336777, 36
1, 1445974, 826314, 619660, 6196680.348673117, 83, 43, 40, 319.5349479292333, 44
1, 1446012, 826352, 619660, 6196941.231052737, 38, 38, 0, 260.88237961983884, 38
51, 1446106, 826396, 619710, 6197271.504778584, 94, 44, 50, 330.273725847777, 45
1, 1446143, 826433, 619710, 6197530.537350041, 37, 37, 0, 259.03257145596604, 37
1, 1446264, 826484, 619780, 6197884.599829077, 121, 51, 70, 354.06247903554, 53
1, 1446304, 826524, 619780, 6198149.086515013, 40, 40, 0, 264.4866859365871, 40
51, 1446445, 826575, 619870, 6198518.078187679, 141, 51, 90, 368.9916726654594, 53
1, 1446506, 826606, 619900, 6198811.846426946, 61, 31, 30, 293.7682392671241, 32
1, 1446541, 826641, 619900, 6199067.076354856, 35, 35, 0, 255.22992790977875, 35
1, 1446583, 826683, 619900, 6199335.049344358, 42, 42, 0, 267.97298950218305, 42
51, 1446697, 826717, 619980, 6199681.80733205, 114, 34, 80, 346.75798769167545, 36
1, 1446780, 826760, 620020, 6200001.342279979, 83, 43, 40, 319.5349479292333, 44
1, 1446826, 826806, 620020, 6200275.971348693, 46, 46, 0, 274.6290687140218, 46
1, 1446896, 826846, 620050, 6200581.322109545, 70, 40, 30, 305.3507608519078, 41
51, 1446996, 826896, 620100, 6200917.649875562, 100, 50, 50, 336.327766016838, 51
1, 1447113, 826943, 620170, 6201268.13669236, 117, 47, 70, 350.4868167986058, 49
1, 1447153, 826983, 620170, 6201532.623378296, 40, 40, 0, 264.4866859365871, 40
1, 1447198, 827028, 620170, 6201805.625384708, 45, 45, 0, 273.00200641113514, 45
1, 1447278, 827068, 620210, 6202121.795140952, 80, 40, 40, 316.1697562442441, 41
51, 1447357, 827097, 620260, 6202435.825891082, 79, 29, 50, 314.03075013013313, 30
1, 1447431, 827141, 620290, 6202746.023099849, 74, 44, 30, 310.1972087668518, 45
1, 1447512, 827182, 620330, 6203063.323099849, 81, 41, 40, 317.3, 42
51, 1447603, 827223, 620380, 6203390.482161787, 91, 41, 50, 327.1590619387661, 42
1, 1447639, 827259, 620380, 6203647.631136065, 36, 36, 0, 257.1489742783178, 36
1, 1447705, 827295, 620410, 6203947.958124342, 66, 36, 30, 300.32698827717985, 37
1, 1447786, 827336, 620450, 6204265.258124342, 81, 41, 40, 317.3, 42
51, 1447870, 827370, 620500, 6204584.898134746, 84, 34, 50, 319.64001040350905, 35
1, 1447911, 827411, 620500, 6204851.142088189, 41, 41, 0, 266.24395344352433, 41
1, 1447977, 827447, 620530, 6205151.469076466, 66, 36, 30, 300.32698827717985, 37
1, 1448019, 827489, 620530, 6205419.442065968, 42, 42, 0, 267.97298950218305, 42
1, 1448060, 827530, 620530, 6205685.686019411, 41, 41, 0, 266.24395344352433, 41
51, 1448195, 827575, 620620, 6206049.751829351, 135, 45, 90, 364.06580994024984, 47
1, 1448265, 827615, 620650, 6206355.102590203, 70, 40, 30, 305.3507608519078, 41
1, 1448301, 827651, 620650, 6206612.251564481, 36, 36, 0, 257.1489742783178, 36
1, 1448348, 827698, 620650, 6206888.484614351, 47, 47, 0, 276.2330498695885, 47
51, 1448434, 827734, 620700, 6207210.310778999, 86, 36, 50, 321.82616464756694, 37
1, 1448510, 827770, 620740, 6207521.869951372, 76, 36, 40, 311.5591723737189, 37
1, 1448545, 827805, 620740, 6207777.099879282, 35, 35, 0, 255.22992790977875, 35
1, 1448617, 827847, 620770, 6208084.894942306, 72, 42, 30, 307.79506302439404, 43
51, 1448719, 827899, 620820, 6208423.192125087, 102, 52, 50, 338.29718278112654, 53
1, 1448764, 827944, 620820, 6208696.194131498, 45, 45, 0, 273.00200641113514, 45
1, 1448879, 827989, 620890, 6209044.86634856, 115, 45, 70, 348.6722170622053, 47
1, 1448915, 828025, 620890, 6209302.015322838, 36, 36, 0, 257.1489742783178, 36
51, 1449006, 828066, 620940, 6209629.1743847765, 91, 41, 50, 327.1590619387661, 42
1, 1449049, 828109, 620940, 6209898.84934498, 43, 43, 0, 269.6749602031015, 43
1, 1449083, 828143, 620940, 6210152.122985257, 34, 34, 0, 253.2736402766418, 34
1, 1449194, 828184, 621010, 6210497.109703298, 111, 41, 70, 344.9867180408456, 43
51, 1449281, 828221, 621060, 6210820.0172842955, 87, 37, 50, 322.9075809977351, 38
1, 1449322, 828262, 621060, 6211086.261237739, 41, 41, 0, 266.24395344352433, 41
1, 1449365, 828305, 621060, 6211355.936197942, 43, 43, 0, 269.6749602031015, 43
1, 1449438, 828338, 621100, 6211663.937476511, 73, 33, 40, 308.00127856917646, 34
1, 1449479, 828379, 621100, 6211930.181429954, 41, 41, 0, 266.24395344352433, 41
51, 1449603, 828423, 621180, 6212285.880826502, 124, 44, 80, 355.6993965481514, 46
1, 1449646, 828466, 621180, 6212555.555786706, 43, 43, 0, 269.6749602031015, 43
1, 1449690, 828510, 621180, 6212826.906744395, 44, 44, 0, 271.35095769013947, 44
1, 1449757, 828547, 621210, 6213128.507299653, 67, 37, 30, 301.6005552576305, 38
51, 1449872, 828572, 621300, 6213475.179516715, 115, 25, 90, 346.6722170622053, 27
1, 1449913, 828613, 621300, 6213741.423470158, 41, 41, 0, 266.24395344352433, 41
1, 1449980, 828650, 621330, 6214043.024025416, 67, 37, 30, 301.6005552576305, 38
51, 1450110, 828690, 621420, 6214402.888862954, 130, 40, 90, 359.86483753851803, 42
1, 1450155, 828735, 621420, 6214675.890869366, 45, 45, 0, 273.00200641113514, 45
1, 1450202, 828782, 621420, 6214952.123919236, 47, 47, 0, 276.2330498695885, 47
1, 1450229, 828809, 621420, 6215190.474624931, 27, 27, 0, 238.35070569547776, 27
1, 1450303, 828853, 621450, 6215500.671833698, 74, 44, 30, 310.1972087668518, 45
51, 1450389, 828889, 621500, 6215822.497998346, 86, 36, 50, 321.82616464756694, 37
1, 1450467, 828927, 621540, 6216136.380784966, 78, 38, 40, 313.8827866200841, 39
1, 1450507, 828967, 621540, 6216400.867470902, 40, 40, 0, 264.4866859365871, 40
51, 1450593, 829003, 621590, 6216722.69363555, 86, 36, 50, 321.82616464756694, 37
1, 1450628, 829038, 621590, 6216977.92356346, 35, 35, 0, 255.22992790977875, 35
1, 1450730, 829070, 621660, 6217314.320746241, 102, 32, 70, 336.39718278112656, 34
1, 1450761, 829101, 621660, 6217561.481852418, 31, 31, 0, 247.1611061770567, 31
51, 1450849, 829139, 621710, 6217885.463283779, 88, 38, 50, 323.98143136087856, 39
1, 1450881, 829171, 621710, 6218134.70470678, 32, 32, 0, 249.24142300054422, 32
1, 1450955, 829205, 621750, 6218443.9019155465, 74, 34, 40, 309.1972087668518, 35
1, 1451028, 829248, 621780, 6218752.9031941155, 73, 43, 30, 309.00127856917646, 44
51, 1451122, 829292, 621830, 6219083.176919963, 94, 44, 50, 330.273725847777, 45
1, 1451191, 829321, 621870, 6219386.289061673, 69, 29, 40, 303.1121417102006, 30
1, 1451233, 829363, 621870, 6219654.262051175, 42, 42, 0, 267.97298950218305, 42
51, 1451317, 829397, 621920, 6219973.902061579, 84, 34, 50, 319.64001040350905, 35
1, 1451393, 829443, 621950, 6220286.461233952, 76, 46, 30, 312.5591723737189, 47
1, 1451432, 829482, 621950, 6220549.161173896, 39, 39, 0, 262.6999399439383, 39
51, 1451566, 829526, 622040, 6220912.393989814, 134, 44, 90, 363.23281591860336, 46
1, 1451607, 829567, 622040, 6221178.637943258, 41, 41, 0, 266.24395344352433, 41
1, 1451634, 829594, 622040, 6221416.988648953, 27, 27, 0, 238.35070569547776, 27
51, 1451762, 829632, 622130, 6221775.147215054, 128, 38, 90, 358.1585661014858, 40
1, 1451835, 829675, 622160, 6222084.148493623, 73, 43, 30, 309.00127856917646, 44
1, 1451872, 829712, 622160, 6222343.18106508, 37, 37, 0, 259.03257145596604, 37
1, 1451953, 829753, 622200, 6222660.48106508, 81, 41, 40, 317.3, 42
51, 1452074, 829794, 622280, 6223013.5435441155, 121, 41, 80, 353.06247903554, 43
1, 1452119, 829839, 622280, 6223286.545550527, 45, 45, 0, 273.00200641113514, 45
1, 1452154, 829874, 622280, 6223541.775478437, 35, 35, 0, 255.22992790977875, 35
51, 1452287, 829917, 622370, 6223904.171747478, 133, 43, 90, 362.3962690412072, 45
1, 1452328, 829958, 622370, 6224170.415700921, 41, 41, 0, 266.24395344352433, 41
1, 1452400, 830000, 622400, 6224478.210763945, 72, 42, 30, 307.79506302439404, 43
1, 1452437, 830037, 622400, 6224737.243335402, 37, 37, 0, 259.03257145596604, 37
51, 1452517, 830067, 622450, 6225052.413091646, 80, 30, 50, 315.1697562442441, 31
1, 1452545, 830095, 622450, 6225293.045755025, 28, 28, 0, 240.63266337912057, 28
1, 1452628, 830138, 622490, 6225612.580702954, 83, 43, 40, 319.5349479292333, 44
1, 1452694, 830174, 622520, 6225912.907691231, 66, 36, 30, 300.32698827717985, 37
51, 1452786, 830216, 622570, 6226241.111792699, 92, 42, 50, 328.20410146824725, 43
1, 1452868, 830258, 622610, 6226559.533462543, 82, 42, 40, 318.42166984345636, 43
1, 1452902, 830292, 622610, 6226812.80710282, 34, 34, 0, 253.2736402766418, 34
1, 1453014, 830334, 622680, 6227158.722415159, 112, 42, 70, 345.91531233955715, 44
51, 1453108, 830378, 622730, 6227488.996141007, 94, 44, 50, 330.273725847777, 45
1, 1453137, 830407, 622730, 6227731.855719718, 29, 29, 0, 242.8595787106084, 29
1, 1453226, 830456, 622770, 6228057.903585282, 89, 49, 40, 326.0478655640733, 50
1, 1453260, 830490, 622770, 6228311.177225559, 34, 34, 0, 253.2736402766418, 34
51, 1453412, 830522, 622890, 6228686.0015341155, 152, 32, 120, 374.8243085566414, 35
1, 1453447, 830557, 622890, 6228941.231462025, 35, 35, 0, 255.22992790977875, 35
1, 1453495, 830605, 622890, 6229219.046264616, 48, 48, 0, 277.8148025904985, 48
51, 1453573, 830633, 622940, 6229531.929051236, 78, 28, 50, 312.8827866200841, 29
1, 1453657, 830677, 622980, 6229852.56906164, 84, 44, 40, 320.64001040350905, 45
1, 1453695, 830715, 622980, 6230113.451441259, 38, 38, 0, 260.88237961983884, 38
1, 1453762, 830752, 623010, 6230415.051996517, 67, 37, 30, 301.6005552576305, 38
1, 1453804, 830794, 623010, 6230683.024986019, 42, 42, 0, 267.97298950218305, 42
51, 1453932, 830832, 623100, 6231041.183552121, 128, 38, 90, 358.1585661014858, 40
1, 1453985, 830885, 623100, 6231326.600339762, 53, 53, 0, 285.4167876408086, 53
1, 1454029, 830929, 623100, 6231597.951297452, 44, 44, 0, 271.35095769013947, 44
1, 1454060, 830960, 623100, 6231845.112403628, 31, 31, 0, 247.1611061770567, 31
51, 1454219, 830999, 623220, 6232225.311266101, 159, 39, 120, 380.1988624723894, 42
1, 1454247, 831027, 623220, 6232465.94392948, 28, 28, 0, 240.63266337912057, 28
1, 1454325, 831065, 623260, 6232779.826716101, 78, 38, 40, 313.8827866200841, 39
1, 1454362, 831102, 623260, 6233038.859287557, 37, 37, 0, 259.03257145596604, 37
51, 1454491, 831151, 623340, 6233398.872888048, 129, 49, 80, 360.01360049114555, 51
1, 1454535, 831195, 623340, 6233670.223845738, 44, 44, 0, 271.35095769013947, 44
1, 1454568, 831228, 623340, 6233921.502018431, 33, 33, 0, 251.27817269284301, 33
1, 1454646, 831266, 623380, 6234235.384805052, 78, 38, 40, 313.8827866200841, 39
51, 1454772, 831312, 623460, 6234592.821700935, 126, 46, 80, 357.43689588345075, 48
1, 1454818, 831358, 623460, 6234867.450769649, 46, 46, 0, 274.6290687140218, 46
1, 1454891, 831391, 623500, 6235175.452048218, 73, 33, 40, 308.00127856917646, 34
51, 1455016, 831436, 623580, 6235532.022200706, 125, 45, 80, 356.57015248821097, 47
1, 1455058, 831478, 623580, 6235799.995190209, 42, 42, 0, 267.97298950218305, 42
1, 1455111, 831531, 623580, 6236085.41197785, 53, 53, 0, 285.4167876408086, 53
1, 1455187, 831577, 623610, 6236397.971150223, 76, 46, 30, 312.5591723737189, 47
51, 1455272, 831612, 623660, 6236718.708177894, 85, 35, 50, 320.73702767108114, 36
1, 1455351, 831651, 623700, 6237033.738928025, 79, 39, 40, 315.03075013013313, 40
1, 1455387, 831687, 623700, 6237290.887902303, 36, 36, 0, 257.1489742783178, 36
51, 1455485, 831735, 623750, 6237625.222530668, 98, 48, 50, 334.33462836457886, 49
1, 1455563, 831783, 623780, 6237940.105317288, 78, 48, 30, 314.8827866200841, 49
1, 1455599, 831819, 623780, 6238197.254291566, 36, 36, 0, 257.1489742783178, 36
1, 1455682, 831862, 623820, 6238516.789239495, 83, 43, 40, 319.5349479292333, 44
51, 1455779, 831909, 623870, 6238850.118138767, 97, 47, 50, 333.3288992714996, 48
1, 1455822, 831952, 623870, 6239119.79309897, 43, 43, 0, 269.6749602031015, 43
1, 1455898, 831998, 623900, 6239432.352271344, 76, 46, 30, 312.5591723737189, 47
1, 1455940, 832040, 623900, 6239700.325260846, 42, 42, 0, 267.97298950218305, 42
51, 1456073, 832083, 623990, 6240062.721529887, 133, 43, 90, 362.3962690412072, 45
1, 1456139, 832119, 624020, 6240363.048518164, 66, 36, 30, 300.32698827717985, 37
1, 1456179, 832159, 624020, 6240627.5352041, 40, 40, 0, 264.4866859365871, 40
1, 1456221, 832201, 624020, 6240895.508193603, 42, 42, 0, 267.97298950218305, 42
51, 1456307, 832237, 624070, 6241217.334358251, 86, 36, 50, 321.82616464756694, 37
1, 1456374, 832264, 624110, 6241517.934913509, 67, 27, 40, 300.6005552576305, 28
1, 1456414, 832304, 624110, 6241782.421599445, 40, 40, 0, 264.4866859365871, 40
51, 1456536, 832346, 624190, 6242136.367217999, 122, 42, 80, 353.9456185537469, 44
1, 1456617, 832387, 624230, 6242453.667217999, 81, 41, 40, 317.3, 42
1, 1456653, 832423, 624230, 6242710.816192277, 36, 36, 0, 257.1489742783178, 36
1, 1456721, 832461, 624260, 6243013.678363379, 68, 38, 30, 302.86217110259, 39
1, 1456802, 832502, 624300, 6243330.978363379, 81, 41, 40, 317.3, 42
51, 1456891, 832541, 624350, 6243656.026228943, 89, 39, 50, 325.0478655640733, 40
1, 1456961, 832571, 624390, 6243960.376989795, 70, 30, 40, 304.3507608519078, 31
1, 1457027, 832607, 624420, 6244260.703978072, 66, 36, 30, 300.32698827717985, 37
51, 1457156, 832646, 624510, 6244619.717578563, 129, 39, 90, 359.01360049114555, 41
1, 1457195, 832685, 624510, 6244882.417518507, 39, 39, 0, 262.6999399439383, 39
1, 1457265, 832725, 624540, 6245187.768279359, 70, 40, 30, 305.3507608519078, 41
1, 1457314, 832774, 624540, 6245467.143410465, 49, 49, 0, 279.3751311064591, 49
51, 1457464, 832804, 624660, 6245840.406961623, 150, 30, 120, 373.26355115805836, 33
1, 1457505, 832845, 624660, 6246106.650915066, 41, 41, 0, 266.24395344352433, 41
1, 1457545, 832885, 624660, 6246371.137601002, 40, 40, 0, 264.4866859365871, 40
1, 1457580, 832920, 624660, 6246626.367528912, 35, 35, 0, 255.22992790977875, 35
1, 1457656, 832956, 624700, 6246937.926701285, 76, 36, 40, 311.5591723737189, 37
51, 1457735, 832985, 624750, 6247251.957451415, 79, 29, 50, 314.03075013013313, 30
1, 1457803, 833023, 624780, 6247554.819622518, 68, 38, 30, 302.86217110259, 39
1, 1457838, 833058, 624780, 6247810.049550427, 35, 35, 0, 255.22992790977875, 35
1, 1457875, 833095, 624780, 6248069.0821218835, 37, 37, 0, 259.03257145596604, 37
51, 1457964, 833134, 624830, 6248394.1299874475, 89, 39, 50, 325.0478655640733, 40
1, 1458032, 833162, 624870, 6248695.99215855, 68, 28, 40, 301.86217110259, 29
1, 1458071, 833201, 624870, 6248958.692098494, 39, 39, 0, 262.6999399439383, 39
1, 1458142, 833242, 624900, 6249265.270409312, 71, 41, 30, 306.57831081870995, 42
51, 1458230, 833280, 624950, 6249589.251840673, 88, 38, 50, 323.98143136087856, 39
1, 1458341, 833321, 625020, 6249934.238558714, 111, 41, 70, 344.9867180408456, 43
1, 1458380, 833360, 625020, 6250196.938498658, 39, 39, 0, 262.6999399439383, 39
1, 1458418, 833398, 625020, 6250457.8208782775, 38, 38, 0, 260.88237961983884, 38
1, 1458487, 833437, 625050, 6250761.933019987, 69, 39, 30, 304.1121417102006, 40
51, 1458622, 833482, 625140, 6251125.998829927, 135, 45, 90, 364.06580994024984, 47
1, 1458662, 833522, 625140, 6251390.485515864, 40, 40, 0, 264.4866859365871, 40
1, 1458709, 833569, 625140, 6251666.718565733, 47, 47, 0, 276.2330498695885, 47
51, 1458835, 833605, 625230, 6252023.155461617, 126, 36, 90, 356.43689588345075, 38
1, 1458880, 833650, 625230, 6252296.157468028, 45, 45, 0, 273.00200641113514, 45
1, 1458954, 833694, 625260, 6252606.354676795, 74, 44, 30, 310.1972087668518, 45
51, 1459043, 833733, 625310, 6252931.402542359, 89, 39, 50, 325.0478655640733, 40
1, 1459115, 833775, 625340, 6253239.197605384, 72, 42, 30, 307.79506302439404, 43
1, 1459200, 833820, 625380, 6253560.934633055, 85, 45, 40, 321.73702767108114, 46
51, 1459320, 833860, 625460, 6253913.10972502, 120, 40, 80, 352.1750919646873, 42
1, 1459356, 833896, 625460, 6254170.258699298, 36, 36, 0, 257.1489742783178, 36
1, 1459384, 833924, 625460, 6254410.891362677, 28, 28, 0, 240.63266337912057, 28
1, 1459420, 833960, 625460, 6254668.040336955, 36, 36, 0, 257.1489742783178, 36
1, 1459498, 833998, 625500, 6254981.923123576, 78, 38, 40, 313.8827866200841, 39
51, 1459583, 834033, 625550, 6255302.660151247, 85, 35, 50, 320.73702767108114, 36
1, 1459654, 834074, 625580, 6255609.238462065, 71, 41, 30, 306.57831081870995, 42
1, 1459700, 834120, 625580, 6255883.867530779, 46, 46, 0, 274.6290687140218, 46
1, 1459735, 834155, 625580, 6256139.097458689, 35, 35, 0, 255.22992790977875, 35
51, 1459827, 834197, 625630, 6256467.301560157, 92, 42, 50, 328.20410146824725, 43
1, 1459909, 834239, 625670, 6256785.723230001, 82, 42, 40, 318.42166984345636, 43
1, 1459954, 834284, 625670, 6257058.725236412, 45, 45, 0, 273.00200641113514, 45
1, 1460025, 834325, 625700, 6257365.303547231, 71, 41, 30, 306.57831081870995, 42
1, 1460107, 834367, 625740, 6257683.725217074, 82, 42, 40, 318.42166984345636, 43
51, 1460216, 834396, 625820, 6258025.839848573, 109, 29, 80, 342.114631499574, 31
1, 1460257, 834437, 625820, 6258292.083802016, 41, 41, 0, 266.24395344352433, 41
1, 1460296, 834476, 625820, 6258554.78374196, 39, 39, 0, 262.6999399439383, 39
51, 1460419, 834519, 625900, 6258909.608313222, 123, 43, 80, 354.8245712617827, 45
1, 1460498, 834558, 625940, 6259224.639063353, 79, 39, 40, 315.03075013013313, 40
1, 1460532, 834592, 625940, 6259477.91270363, 34, 34, 0, 253.2736402766418, 34
1, 1460612, 834632, 625980, 6259794.0824598735, 80, 40, 40, 316.1697562442441, 41
51, 1460736, 834676, 626060, 6260149.781856421, 124, 44, 80, 355.6993965481514, 46
1, 1460781, 834721, 626060, 6260422.783862833, 45, 45, 0, 273.00200641113514, 45
1, 1460823, 834763, 626060, 6260690.756852335, 42, 42, 0, 267.97298950218305, 42
1, 1460902, 834802, 626100, 6261005.787602466, 79, 39, 40, 315.03075013013313, 40
51, 1461021, 834841, 626180, 6261357.0709976675, 119, 39, 80, 351.28339520229764, 41
1, 1461062, 834882, 626180, 6261623.314951111, 41, 41, 0, 266.24395344352433, 41
1, 1461101, 834921, 626180, 6261886.0148910545, 39, 39, 0, 262.6999399439383, 39
1, 1461181, 834971, 626210, 6262203.184647298, 80, 50, 30, 317.1697562442441, 51
51, 1461261, 835001, 626260, 6262518.354403542, 80, 30, 50, 315.1697562442441, 31
1, 1461381, 835051, 626330, 6262871.5294955075, 120, 50, 70, 353.1750919646873, 52
1, 1461419, 835089, 626330, 6263132.411875127, 38, 38, 0, 260.88237961983884, 38
51, 1461510, 835130, 626380, 6263459.570937065, 91, 41, 50, 327.1590619387661, 42
1, 1461590, 835170, 626420, 6263775.740693309, 80, 40, 40, 316.1697562442441, 41
1, 1461622, 835202, 626420, 6264024.98211631, 32, 32, 0, 249.24142300054422, 32
1, 1461695, 835245, 626450, 6264333.983394879, 73, 43, 30, 309.00127856917646, 44
1, 1461740, 835290, 626450, 6264606.9854012905, 45, 45, 0, 273.00200641113514, 45
51, 1461826, 835326, 626500, 6264928.811565938, 86, 36, 50, 321.82616464756694, 37
1, 1461904, 835364, 626540, 6265242.694352559, 78, 38, 40, 313.8827866200841, 39
1, 1461944, 835404, 626540, 6265507.181038495, 40, 40, 0, 264.4866859365871, 40
1, 1461982, 835442, 626540, 6265768.063418115, 38, 38, 0, 260.88237961983884, 38
51, 1462109, 835489, 626620, 6266126.363100414, 127, 47, 80, 358.2996822992933, 49
1, 1462146, 835526, 626620, 6266385.395671871, 37, 37, 0, 259.03257145596604, 37
1, 1462185, 835565, 626620, 6266648.095611814, 39, 39, 0, 262.6999399439383, 39
1, 1462268, 835608, 626660, 6266967.630559743, 83, 43, 40, 319.5349479292333, 44
51, 1462354, 835644, 626710, 6267289.456724391, 86, 36, 50, 321.82616464756694, 37
1, 1462396, 835686, 626710, 6267557.429713894, 42, 42, 0, 267.97298950218305, 42
1, 1462471, 835731, 626740, 6267868.812809532, 75, 45, 30, 311.38309563827124, 46
1, 1462555, 835775, 626780, 6268189.452819935, 84, 44, 40, 320.64001040350905, 45
1, 1462592, 835812, 626780, 6268448.485391391, 37, 37, 0, 259.03257145596604, 37
51, 1462707, 835847, 626860, 6268796.157608453, 115, 35, 80, 347.6722170622053, 37
1, 1462750, 835890, 626860, 6269065.832568657, 43, 43, 0, 269.6749602031015, 43
1, 1462857, 835927, 626930, 6269407.054713926, 107, 37, 70, 341.2221452697031, 39
1, 1462897, 835967, 626930, 6269671.541399863, 40, 40, 0, 264.4866859365871, 40
51, 1462973, 835993, 626980, 6269982.100572236, 76, 26, 50, 310.5591723737189, 27
1, 1463013, 836033, 626980, 6270246.587258172, 40, 40, 0, 264.4866859365871, 40
1, 1463086, 836066, 627020, 6270554.588536741, 73, 33, 40, 308.00127856917646, 34
1, 1463155, 836105, 627050, 6270858.700678451, 69, 39, 30, 304.1121417102006, 40
51, 1463242, 836142, 627100, 6271181.608259449, 87, 37, 50, 322.9075809977351, 38
1, 1463284, 836184, 627100, 6271449.581248951, 42, 42, 0, 267.97298950218305, 42
1, 1463324, 836224, 627100, 6271714.0679348875, 40, 40, 0, 264.4866859365871, 40
1, 1463396, 836266, 627130, 6272021.862997912, 72, 42, 30, 307.79506302439404, 43
51, 1463524, 836304, 627220, 6272380.021564013, 128, 38, 90, 358.1585661014858, 40
1, 1463573, 836353, 627220, 6272659.396695119, 49, 49, 0, 279.3751311064591, 49
1, 1463638, 836388, 627250, 6272958.437846563, 65, 35, 30, 299.04115144336777, 36
1, 1463678, 836428, 627250, 6273222.924532499, 40, 40, 0, 264.4866859365871, 40
51, 1463770, 836470, 627300, 6273551.128633968, 92, 42, 50, 328.20410146824725, 43
1, 1463808, 836508, 627300, 6273812.011013587, 38, 38, 0, 260.88237961983884, 38
1, 1463914, 836544, 627370, 6274152.279057196, 106, 36, 70, 340.2680436096278, 38
1, 1463961, 836591, 627370, 6274428.512107066, 47, 47, 0, 276.2330498695885, 47
51, 1464049, 836629, 627420, 6274752.493538427, 88, 38, 50, 323.98143136087856, 39
1, 1464077, 836657, 627420, 6274993.126201807, 28, 28, 0, 240.63266337912057, 28
1, 1464163, 836703, 627460, 6275315.9523664545, 86, 46, 40, 322.82616464756694, 47
1, 1464235, 836745, 627490, 6275623.747429479, 72, 42, 30, 307.79506302439404, 43
51, 1464322, 836782, 627540, 6275946.655010477, 87, 37, 50, 322.9075809977351, 38
1, 1464408, 836828, 627580, 6276269.481175125, 86, 46, 40, 322.82616464756694, 47
1, 1464440, 836860, 627580, 6276518.722598125, 32, 32, 0, 249.24142300054422, 32
1, 1464520, 836900, 627620, 6276834.892354369, 80, 40, 40, 316.1697562442441, 41
51, 1464636, 836936, 627700, 6277183.4741578605, 116, 36, 80, 348.5818034911291, 38
1, 1464675, 836975, 627700, 6277446.174097804, 39, 39, 0, 262.6999399439383, 39
1, 1464753, 837013, 627740, 6277760.056884425, 78, 38, 40, 313.8827866200841, 39
1, 1464786, 837046, 627740, 6278011.335057118, 33, 33, 0, 251.27817269284301, 33
51, 1464912, 837092, 627820, 6278368.771953002, 126, 46, 80, 357.43689588345075, 48
1, 1464954, 837134, 627820, 6278636.744942504, 42, 42, 0, 267.97298950218305, 42
1, 1465019, 837169, 627850, 6278935.7860939475, 65, 35, 30, 299.04115144336777, 36
1, 1465098, 837208, 627890, 6279250.816844078, 79, 39, 40, 315.03075013013313, 40
51, 1465212, 837242, 627970, 6279597.57483177, 114, 34, 80, 346.75798769167545, 36
1, 1465252, 837282, 627970, 6279862.061517706, 40, 40, 0, 264.4866859365871, 40
1, 1465303, 837333, 627970, 6280144.496029484, 51, 51, 0, 282.43451177837886, 51
1, 1465347, 837377, 627970, 6280415.846987174, 44, 44, 0, 271.35095769013947, 44
51, 1465472, 837412, 628060, 6280771.417139662, 125, 35, 90, 355.57015248821097, 37
1, 1465539, 837449, 628090, 6281073.01769492, 67, 37, 30, 301.6005552576305, 38
1, 1465582, 837492, 628090, 6281342.692655124, 43, 43, 0, 269.6749602031015, 43
1, 1465618, 837528, 628090, 6281599.841629402, 36, 36, 0, 257.1489742783178, 36
51, 1465705, 837565, 628140, 6281922.7492104, 87, 37, 50, 322.9075809977351, 38
1, 1465747, 837607, 628140, 6282190.722199902, 42, 42, 0, 267.97298950218305, 42
1, 1465860, 837650, 628210, 6282537.561243772, 113, 43, 70, 346.83904386951343, 45
1, 1465897, 837687, 628210, 6282796.593815228, 37, 37, 0, 259.03257145596604, 37
51, 1465994, 837734, 628260, 6283129.9227145, 97, 47, 50, 333.3288992714996, 48
1, 1466031, 837771, 628260, 6283388.955285956, 37, 37, 0, 259.03257145596604, 37
1, 1466069, 837809, 628260, 6283649.837665576, 38, 38, 0, 260.88237961983884, 38
1, 1466144, 837844, 628300, 6283960.220761213, 75, 35, 40, 310.38309563827124, 36
51, 1466263, 837883, 628380, 6284311.504156415, 119, 39, 80, 351.28339520229764, 41
1, 1466346, 837926, 628420, 6284631.039104344, 83, 43, 40, 319.5349479292333, 44
1, 1466384, 837964, 628420, 6284891.921483964, 38, 38, 0, 260.88237961983884, 38
1, 1466467, 838017, 628450, 6285212.456431893, 83, 53, 30, 320.5349479292333, 54
51, 1466557, 838057, 628500, 6285538.563460717, 90, 40, 50, 326.1070288241023, 41
1, 1466595, 838095, 628500, 6285799.445840336, 38, 38, 0, 260.88237961983884, 38
1, 1466678, 838138, 628540, 6286118.980788265, 83, 43, 40, 319.5349479292333, 44
1, 1466728, 838188, 628540, 6286399.895583113, 50, 50, 0, 280.9147948472494, 50
51, 1466847, 838227, 628620, 6286751.178978315, 119, 39, 80, 351.28339520229764, 41
1, 1466883, 838263, 628620, 6287008.327952593, 36, 36, 0, 257.1489742783178, 36
1, 1466961, 838301, 628660, 6287322.210739213, 78, 38, 40, 313.8827866200841, 39
1, 1467007, 838347, 628660, 6287596.839807927, 46, 46, 0, 274.6290687140218, 46
51, 1467115, 838405, 628710, 6287940.910787473, 108, 58, 50, 344.07097954706256, 59
1, 1467228, 838448, 628780, 6288287.749831343, 113, 43, 70, 346.83904386951343, 45
1, 1467263, 838483, 628780, 6288542.979759253, 35, 35, 0, 255.22992790977875, 35
1, 1467304, 838524, 628780, 6288809.223712696, 41, 41, 0, 266.24395344352433, 41
1, 1467417, 838567, 628850, 6289156.062756565, 113, 43, 70, 346.83904386951343, 45
51, 1467508, 838608, 628900, 6289483.221818504, 91, 41, 50, 327.1590619387661, 42
1, 1467544, 838644, 628900, 6289740.370792782, 36, 36, 0, 257.1489742783178, 36
1, 1467608, 838678, 628930, 6290038.113505256, 64, 34, 30, 297.742712474619, 35
1, 1467685, 838715, 628970, 6290350.839169023, 77, 37, 40, 312.72566376652986, 38
1, 1467720, 838750, 628970, 6290606.069096932, 35, 35, 0, 255.22992790977875, 35
51, 1467807, 838787, 629020, 6290928.97667793, 87, 37, 50, 322.9075809977351, 38
1, 1467849, 838829, 629020, 6291196.949667432, 42, 42, 0, 267.97298950218305, 42
1, 1467923, 838863, 629060, 6291506.146876199, 74, 34, 40, 309.1972087668518, 35
1, 1467998, 838908, 629090, 6291817.529971837, 75, 45, 30, 311.38309563827124, 46
51, 1468083, 838943, 629140, 6292138.266999508, 85, 35, 50, 320.73702767108114, 36
1, 1468129, 838989, 629140, 6292412.896068222, 46, 46, 0, 274.6290687140218, 46
1, 1468172, 839032, 629140, 6292682.571028425, 43, 43, 0, 269.6749602031015, 43
1, 1468254, 839074, 629180, 6293000.992698269, 82, 42, 40, 318.42166984345636, 43
51, 1468384, 839124, 629260, 6293361.857535807, 130, 50, 80, 360.86483753851803, 52
1, 1468432, 839172, 629260, 6293639.672338398, 48, 48, 0, 277.8148025904985, 48
1, 1468471, 839211, 629260, 6293902.372278342, 39, 39, 0, 262.6999399439383, 39
1, 1468548, 839248, 629300, 6294215.097942108, 77, 37, 40, 312.72566376652986, 38
51, 1468634, 839284, 629350, 6294536.924106756, 86, 36, 50, 321.82616464756694, 37
1, 1468679, 839329, 629350, 6294809.926113168, 45, 45, 0, 273.00200641113514, 45
1, 1468745, 839365, 629380, 6295110.253101445, 66, 36, 30, 300.32698827717985, 37
51, 1468838, 839408, 629430, 6295439.495381352, 93, 43, 50, 329.24227990714814, 44
1, 1468923, 839453, 629470, 6295761.232409023, 85, 45, 40, 321.73702767108114, 46
1, 1468968, 839498, 629470, 6296034.234415434, 45, 45, 0, 273.00200641113514, 45
1, 1469042, 839542, 629500, 6296344.431624201, 74, 44, 30, 310.1972087668518, 45
51, 1469121, 839571, 629550, 6296658.462374331, 79, 29, 50, 314.03075013013313, 30
1, 1469200, 839610, 629590, 6296973.493124462, 79, 39, 40, 315.03075013013313, 40
1, 1469273, 839653, 629620, 6297282.494403031, 73, 43, 30, 309.00127856917646, 44
1, 1469323, 839703, 629620, 6297563.409197878, 50, 50, 0, 280.9147948472494, 50
1, 1469367, 839747, 629620, 6297834.760155568, 44, 44, 0, 271.35095769013947, 44
51, 1469446, 839776, 629670, 6298148.790905698, 79, 29, 50, 314.03075013013313, 30
1, 1469481, 839811, 629670, 6298404.020833608, 35, 35, 0, 255.22992790977875, 35
1, 1469558, 839848, 629710, 6298716.746497374, 77, 37, 40, 312.72566376652986, 38
1, 1469631, 839891, 629740, 6299025.747775943, 73, 43, 30, 309.00127856917646, 44
51, 1469719, 839929, 629790, 6299349.729207304, 88, 38, 50, 323.98143136087856, 39
1, 1469790, 839970, 629820, 6299656.307518123, 71, 41, 30, 306.57831081870995, 42
1, 1469822, 840002, 629820, 6299905.548941123, 32, 32, 0, 249.24142300054422, 32
1, 1469866, 840046, 629820, 6300176.899898813, 44, 44, 0, 271.35095769013947, 44
51, 1469999, 840089, 629910, 6300539.296167854, 133, 43, 90, 362.3962690412072, 45
1, 1470045, 840135, 629910, 6300813.925236568, 46, 46, 0, 274.6290687140218, 46
1, 1470079, 840169, 629910, 6301067.198876845, 34, 34, 0, 253.2736402766418, 34
1, 1470152, 840212, 629940, 6301376.200155414, 73, 43, 30, 309.00127856917646, 44
1, 1470226, 840246, 629980, 6301685.397364181, 74, 34, 40, 309.1972087668518, 35
51, 1470342, 840282, 630060, 6302033.979167672, 116, 36, 80, 348.5818034911291, 38
1, 1470377, 840317, 630060, 6302289.209095581, 35, 35, 0, 255.22992790977875, 35
1, 1470466, 840366, 630100, 6302615.256961145, 89, 49, 40, 326.0478655640733, 50
1, 1470507, 840407, 630100, 6302881.500914589, 41, 41, 0, 266.24395344352433, 41
51, 1470620, 840440, 630180, 6303227.339958458, 113, 33, 80, 345.83904386951343, 35
1, 1470666, 840486, 630180, 6303501.969027172, 46, 46, 0, 274.6290687140218, 46
1, 1470698, 840518, 630180, 6303751.210450172, 32, 32, 0, 249.24142300054422, 32
1, 1470777, 840557, 630220, 6304066.241200303, 79, 39, 40, 315.03075013013313, 40
51, 1470870, 840600, 630270, 6304395.4834802095, 93, 43, 50, 329.24227990714814, 44
1, 1470939, 840639, 630300, 6304699.595621919, 69, 39, 30, 304.1121417102006, 40
1, 1470976, 840676, 630300, 6304958.628193376, 37, 37, 0, 259.03257145596604, 37
1, 1471056, 840716, 630340, 6305274.79794962, 80, 40, 40, 316.1697562442441, 41
51, 1471146, 840756, 630390, 6305600.904978444, 90, 40, 50, 326.1070288241023, 41
1, 1471218, 840798, 630420, 6305908.700041468, 72, 42, 30, 307.79506302439404, 43
1, 1471258, 840838, 630420, 6306173.186727405, 40, 40, 0, 264.4866859365871, 40
1, 1471336, 840876, 630460, 6306487.069514025, 78, 38, 40, 313.8827866200841, 39
1, 1471375, 840915, 630460, 6306749.769453969, 39, 39, 0, 262.6999399439383, 39
51, 1471533, 840953, 630580, 6307129.208663224, 158, 38, 120, 379.43920925585275, 41
1, 1471572, 840992, 630580, 6307391.908603168, 39, 39, 0, 262.6999399439383, 39
1, 1471613, 841033, 630580, 6307658.152556611, 41, 41, 0, 266.24395344352433, 41
51, 1471698, 841068, 630630, 6307978.889584282, 85, 35, 50, 320.73702767108114, 36
1, 1471781, 841111, 630670, 6308298.424532211, 83, 43, 40, 319.5349479292333, 44
1, 1471854, 841154, 630700, 6308607.42581078, 73, 43, 30, 309.00127856917646, 44
1, 1471898, 841198, 630700, 6308878.77676847, 44, 44, 0, 271.35095769013947, 44
51, 1471988, 841238, 630750, 6309204.883797294, 90, 40, 50, 326.1070288241023, 41
1, 1472066, 841286, 630780, 6309519.766583915, 78, 48, 30, 314.8827866200841, 49
1, 1472113, 841333, 630780, 6309795.999633784, 47, 47, 0, 276.2330498695885, 47
51, 1472247, 841377, 630870, 6310159.232449703, 134, 44, 90, 363.23281591860336, 46
1, 1472287, 841417, 630870, 6310423.719135639, 40, 40, 0, 264.4866859365871, 40
1, 1472329, 841459, 630870, 6310691.692125142, 42, 42, 0, 267.97298950218305, 42
1, 1472378, 841508, 630870, 6310971.067256248, 49, 49, 0, 279.3751311064591, 49
51, 1472510, 841560, 630950, 6311333.6233786745, 132, 52, 80, 362.55612242701943, 54
1, 1472550, 841600, 630950, 6311598.110064611, 40, 40, 0, 264.4866859365871, 40
1, 1472629, 841639, 630990, 6311913.140814741, 79, 39, 40, 315.03075013013313, 40
1, 1472707, 841687, 631020, 6312228.023601362, 78, 48, 30, 314.8827866200841, 49
51, 1472811, 841741, 631070, 6312568.267288119, 104, 54, 50, 340.243686757474, 55
1, 1472855, 841785, 631070, 6312839.618245808, 44, 44, 0, 271.35095769013947, 44
1, 1472936, 841836, 631100, 6313157.918245808, 81, 51, 30, 318.3, 52
1, 1473013, 841873, 631140, 6313470.6439095745, 77, 37, 40, 312.72566376652986, 38
1, 1473058, 841918, 631140, 6313743.645915986, 45, 45, 0, 273.00200641113514, 45
51, 1473149, 841959, 631190, 6314070.804977925, 91, 41, 50, 327.1590619387661, 42
1, 1473259, 841999, 631260, 6314414.858161971, 110, 40, 70, 344.0531840464366, 42
1, 1473304, 842044, 631260, 6314687.8601683825, 45, 45, 0, 273.00200641113514, 45
51, 1473400, 842090, 631310, 6315020.1770843975, 96, 46, 50, 332.31691601465747, 47
1, 1473483, 842133, 631350, 6315339.7120323265, 83, 43, 40, 319.5349479292333, 44
1, 1473552, 842172, 631380, 6315643.824174036, 69, 39, 30, 304.1121417102006, 40
1, 1473585, 842205, 631380, 6315895.1023467295, 33, 33, 0, 251.27817269284301, 33
1, 1473688, 842238, 631450, 6316232.475596785, 103, 33, 70, 337.37325005549695, 35
51, 1473778, 842278, 631500, 6316558.582625609, 90, 40, 50, 326.1070288241023, 41
1, 1473817, 842317, 631500, 6316821.282565553, 39, 39, 0, 262.6999399439383, 39
1, 1473863, 842363, 631500, 6317095.911634266, 46, 46, 0, 274.6290687140218, 46
1, 1473944, 842404, 631540, 6317413.211634266, 81, 41, 40, 317.3, 42
51, 1474042, 842452, 631590, 6317747.546262631, 98, 48, 50, 334.33462836457886, 49
1, 1474109, 842489, 631620, 6318049.146817889, 67, 37, 30, 301.6005552576305, 38
1, 1474196, 842536, 631660, 6318373.054398887, 87, 47, 40, 323.9075809977351, 48
1, 1474228, 842568, 631660, 6318622.295821887, 32, 32, 0, 249.24142300054422, 32
51, 1474326, 842616, 631710, 6318956.630450252, 98, 48, 50, 334.33462836457886, 49
1, 1474373, 842663, 631710, 6319232.863500122, 47, 47, 0, 276.2330498695885, 47
1, 1474440, 842700, 631740, 6319534.46405538, 67, 37, 30, 301.6005552576305, 38
51, 1474567, 842737, 631830, 6319891.763737679, 127, 37, 90, 357.2996822992933, 39
1, 1474604, 842774, 631830, 6320150.796309136, 37, 37, 0, 259.03257145596604, 37
1, 1474641, 842811, 631830, 6320409.828880592, 37, 37, 0, 259.03257145596604, 37
1, 1474721, 842851, 631870, 6320725.998636836, 80, 40, 40, 316.1697562442441, 41
51, 1474810, 842890, 631920, 6321051.0465024, 89, 39, 50, 325.0478655640733, 40
1, 1474883, 842933, 631950, 6321360.047780969, 73, 43, 30, 309.00127856917646, 44
1, 1474965, 842975, 631990, 6321678.469450813, 82, 42, 40, 318.42166984345636, 43
1, 1474992, 843002, 631990, 6321916.820156508, 27, 27, 0, 238.35070569547776, 27
51, 1475119, 843039, 632080, 6322274.119838808, 127, 37, 90, 357.2996822992933, 39
1, 1475162, 843082, 632080, 6322543.794799011, 43, 43, 0, 269.6749602031015, 43
1, 1475210, 843130, 632080, 6322821.609601602, 48, 48, 0, 277.8148025904985, 48
1, 1475289, 843179, 632110, 6323137.640351732, 79, 49, 30, 316.03075013013313, 50
51, 1475389, 843229, 632160, 6323473.968117749, 100, 50, 50, 336.327766016838, 51
1, 1475468, 843268, 632200, 6323788.99886788, 79, 39, 40, 315.03075013013313, 40
1, 1475511, 843311, 632200, 6324058.673828083, 43, 43, 0, 269.6749602031015, 43
1, 1475576, 843346, 632230, 6324357.714979527, 65, 35, 30, 299.04115144336777, 36
51, 1475669, 843389, 632280, 6324686.957259433, 93, 43, 50, 329.24227990714814, 44
1, 1475709, 843429, 632280, 6324951.44394537, 40, 40, 0, 264.4866859365871, 40
1, 1475744, 843464, 632280, 6325206.673873279, 35, 35, 0, 255.22992790977875, 35
1, 1475820, 843500, 632320, 6325518.2330456525, 76, 36, 40, 311.5591723737189, 37
51, 1475906, 843536, 632370, 6325840.0592103, 86, 36, 50, 321.82616464756694, 37
1, 1475972, 843572, 632400, 6326140.3861985775, 66, 36, 30, 300.32698827717985, 37
1, 1476004, 843604, 632400, 6326389.627621578, 32, 32, 0, 249.24142300054422, 32
1, 1476055, 843655, 632400, 6326672.062133356, 51, 51, 0, 282.43451177837886, 51
1, 1476141, 843701, 632440, 6326994.888298004, 86, 46, 40, 322.82616464756694, 47
51, 1476244, 843754, 632490, 6327334.161548059, 103, 53, 50, 339.27325005549693, 54
1, 1476286, 843796, 632490, 6327602.134537562, 42, 42, 0, 267.97298950218305, 42
1, 1476359, 843839, 632520, 6327911.135816131, 73, 43, 30, 309.00127856917646, 44
51, 1476486, 843876, 632610, 6328268.43549843, 127, 37, 90, 357.2996822992933, 39
1, 1476511, 843901, 632610, 6328502.0422961805, 25, 25, 0, 233.60679774997897, 25
1, 1476560, 843950, 632610, 6328781.4174272865, 49, 49, 0, 279.3751311064591, 49
1, 1476637, 843997, 632640, 6329095.143091053, 77, 47, 30, 313.72566376652986, 48
51, 1476768, 844038, 632730, 6329455.855419268, 131, 41, 90, 360.7123282155055, 43
1, 1476807, 844077, 632730, 6329718.555359212, 39, 39, 0, 262.6999399439383, 39
1, 1476897, 844127, 632770, 6330045.662388036, 90, 50, 40, 327.1070288241023, 51
51, 1477018, 844168, 632850, 6330398.724867072, 121, 41, 80, 353.06247903554, 43
1, 1477058, 844208, 632850, 6330663.211553008, 40, 40, 0, 264.4866859365871, 40
1, 1477104, 844254, 632850, 6330937.840621722, 46, 46, 0, 274.6290687140218, 46
1, 1477187, 844297, 632890, 6331257.375569651, 83, 43, 40, 319.5349479292333, 44
51, 1477272, 844332, 632940, 6331578.112597322, 85, 35, 50, 320.73702767108114, 36
1, 1477308, 844368, 632940, 6331835.2615716, 36, 36, 0, 257.1489742783178, 36
1, 1477379, 844409, 632970, 6332141.8398824185, 71, 41, 30, 306.57831081870995, 42
1, 1477419, 844449, 632970, 6332406.326568355, 40, 40, 0, 264.4866859365871, 40
1, 1477500, 844490, 633010, 6332723.626568355, 81, 41, 40, 317.3, 42
51, 1477595, 844535, 633060, 6333054.92513249, 95, 45, 50, 331.2985641352145, 46
1, 1477633, 844573, 633060, 6333315.807512109, 38, 38, 0, 260.88237961983884, 38
1, 1477704, 844614, 633090, 6333622.385822928, 71, 41, 30, 306.57831081870995, 42
1, 1477791, 844661, 633130, 6333946.293403925, 87, 47, 40, 323.9075809977351, 48
51, 1477884, 844704, 633180, 6334275.535683832, 93, 43, 50, 329.24227990714814, 44
1, 1477928, 844748, 633180, 6334546.886641522, 44, 44, 0, 271.35095769013947, 44
1, 1477963, 844783, 633180, 6334802.1165694315, 35, 35, 0, 255.22992790977875, 35
1, 1478073, 844823, 633250, 6335146.169753478, 110, 40, 70, 344.0531840464366, 42
51, 1478170, 844870, 633300, 6335479.49865275, 97, 47, 50, 333.3288992714996, 48
1, 1478205, 844905, 633300, 6335734.728580659, 35, 35, 0, 255.22992790977875, 35
1, 1478241, 844941, 633300, 6335991.877554937, 36, 36, 0, 257.1489742783178, 36
1, 1478284, 844984, 633300, 6336261.552515141, 43, 43, 0, 269.6749602031015, 43
51, 1478449, 845029, 633420, 6336646.254978563, 165, 45, 120, 384.7024634215721, 48
1, 1478496, 845076, 633420, 6336922.488028432, 47, 47, 0, 276.2330498695885, 47
1, 1478528, 845108, 633420, 6337171.729451433, 32, 32, 0, 249.24142300054422, 32
1, 1478612, 845152, 633460, 6337492.369461836, 84, 44, 40, 320.64001040350905, 45
51, 1478704, 845194, 633510, 6337820.573563305, 92, 42, 50, 328.20410146824725, 43
1, 1478814, 845234, 633580, 6338164.626747351, 110, 40, 70, 344.0531840464366, 42
1, 1478852, 845272, 633580, 6338425.509126971, 38, 38, 0, 260.88237961983884, 38
1, 1478894, 845314, 633580, 6338693.482116473, 42, 42, 0, 267.97298950218305, 42
51, 1479025, 845355, 633670, 6339054.194444688, 131, 41, 90, 360.7123282155055, 43
1, 1479089, 845389, 633700, 6339351.937157162, 64, 34, 30, 297.742712474619, 35
1, 1479129, 845429, 633700, 6339616.423843099, 40, 40, 0, 264.4866859365871, 40
1, 1479202, 845472, 633730, 6339925.425121668, 73, 43, 30, 309.00127856917646, 44
51, 1479293, 845513, 633780, 6340252.584183606, 91, 41, 50, 327.1590619387661, 42
1, 1479368, 845548, 633820, 6340562.967279244, 75, 35, 40, 310.38309563827124, 36
1, 1479442, 845592, 633850, 6340873.164488011, 74, 44, 30, 310.1972087668518, 45
51, 1479530, 845630, 633900, 6341197.145919372, 88, 38, 50, 323.98143136087856, 39
1, 1479565, 845665, 633900, 6341452.375847282, 35, 35, 0, 255.22992790977875, 35
1, 1479669, 845699, 633970, 6341790.7195340395, 104, 34, 70, 338.343686757474, 36
1, 1479711, 845741, 633970, 6342058.692523542, 42, 42, 0, 267.97298950218305, 42
1, 1479783, 845783, 634000, 6342366.487586566, 72, 42, 30, 307.79506302439404, 43
51, 1479874, 845824, 634050, 6342693.646648505, 91, 41, 50, 327.1590619387661, 42
1, 1479944, 845854, 634090, 6342997.997409357, 70, 30, 40, 304.3507608519078, 31
1, 1479981, 845891, 634090, 6343257.029980813, 37, 37, 0, 259.03257145596604, 37
1, 1480022, 845932, 634090, 6343523.273934256, 41, 41, 0, 266.24395344352433, 41
51, 1480108, 845968, 634140, 6343845.100098904, 86, 36, 50, 321.82616464756694, 37
1, 1480175, 846005, 634170, 6344146.700654162, 67, 37, 30, 301.6005552576305, 38
1, 1480249, 846039, 634210, 6344455.897862929, 74, 34, 40, 309.1972087668518, 35
51, 1480335, 846075, 634260, 6344777.724027577, 86, 36, 50, 321.82616464756694, 37
1, 1480426, 846126, 634300, 6345105.883089515, 91, 51, 40, 328.1590619387661, 52
1, 1480503, 846173, 634330, 6345419.608753282, 77, 47, 30, 313.72566376652986, 48
51, 1480602, 846222, 634380, 6345754.942967835, 99, 49, 50, 335.33421455299043, 50
1, 1480668, 846258, 634410, 6346055.269956112, 66, 36, 30, 300.32698827717985, 37
1, 1480708, 846298, 634410, 6346319.756642048, 40, 40, 0, 264.4866859365871, 40
1, 1480750, 846340, 634410, 6346587.729631551, 42, 42, 0, 267.97298950218305, 42
51, 1480914, 846384, 634530, 6346971.687822387, 164, 44, 120, 383.9581908363381, 47
1, 1480949, 846419, 634530, 6347226.917750296, 35, 35, 0, 255.22992790977875, 35
1, 1481015, 846455, 634560, 6347527.244738573, 66, 36, 30, 300.32698827717985, 37
1, 1481051, 846491, 634560, 6347784.393712851, 36, 36, 0, 257.1489742783178, 36
1, 1481138, 846538, 634600, 6348108.301293849, 87, 47, 40, 323.9075809977351, 48
51, 1481256, 846576, 634680, 6348458.688619018, 118, 38, 80, 350.3873251689181, 40
1, 1481301, 846621, 634680, 6348731.690625429, 45, 45, 0, 273.00200641113514, 45
1, 1481342, 846662, 634680, 6348997.934578872, 41, 41, 0, 266.24395344352433, 41
1, 1481386, 846706, 634680, 6349269.285536562, 44, 44, 0, 271.35095769013947, 44
1, 1481502, 846752, 634750, 6349618.867340053, 116, 46, 70, 349.5818034911291, 48
51, 1481585, 846785, 634800, 6349937.402287982, 83, 33, 50, 318.5349479292333, 34
1, 1481695, 846825, 634870, 6350281.455472029, 110, 40, 70, 344.0531840464366, 42
1, 1481735, 846865, 634870, 6350545.942157965, 40, 40, 0, 264.4866859365871, 40
51, 1481860, 846910, 634950, 6350902.512310454, 125, 45, 80, 356.57015248821097, 47
1, 1481941, 846951, 634990, 6351219.8123104535, 81, 41, 40, 317.3, 42
1, 1481980, 846990, 634990, 6351482.512250397, 39, 39, 0, 262.6999399439383, 39
1, 1482013, 847023, 634990, 6351733.790423091, 33, 33, 0, 251.27817269284301, 33
1, 1482049, 847059, 634990, 6351990.939397369, 36, 36, 0, 257.1489742783178, 36
51, 1482132, 847092, 635040, 6352309.474345298, 83, 33, 50, 318.5349479292333, 34
1, 1482241, 847131, 635110, 6352652.588976797, 109, 39, 70, 343.114631499574, 41
1, 1482276, 847166, 635110, 6352907.818904706, 35, 35, 0, 255.22992790977875, 35
1, 1482325, 847215, 635110, 6353187.194035812, 49, 49, 0, 279.3751311064591, 49
1, 1482445, 847265, 635180, 6353540.369127777, 120, 50, 70, 353.1750919646873, 52
51, 1482529, 847299, 635230, 6353860.009138181, 84, 34, 50, 319.64001040350905, 35
1, 1482596, 847336, 635260, 6354161.609693439, 67, 37, 30, 301.6005552576305, 38
1, 1482636, 847376, 635260, 6354426.096379375, 40, 40, 0, 264.4866859365871, 40
1, 1482698, 847408, 635290, 6354721.203005705, 62, 32, 30, 295.1066263296683, 33
1, 1482774, 847444, 635330, 6355032.762178078, 76, 36, 40, 311.5591723737189, 37
51, 1482856, 847476, 635380, 6355350.183847922, 82, 32, 50, 317.42166984345636, 33
1, 1482903, 847523, 635380, 6355626.416897791, 47, 47, 0, 276.2330498695885, 47
1, 1483016, 847566, 635450, 6355973.255941661, 113, 43, 70, 346.83904386951343, 45
1, 1483065, 847615, 635450, 6356252.631072767, 49, 49, 0, 279.3751311064591, 49
51, 1483149, 847649, 635500, 6356572.271083171, 84, 34, 50, 319.64001040350905, 35
1, 1483223, 847683, 635540, 6356881.468291937, 74, 34, 40, 309.1972087668518, 35
1, 1483265, 847725, 635540, 6357149.44128144, 42, 42, 0, 267.97298950218305, 42
51, 1483348, 847758, 635590, 6357467.976229369, 83, 33, 50, 318.5349479292333, 34
1, 1483421, 847801, 635620, 6357776.977507938, 73, 43, 30, 309.00127856917646, 44
1, 1483459, 847839, 635620, 6358037.859887557, 38, 38, 0, 260.88237961983884, 38
51, 1483533, 847863, 635670, 6358346.057096324, 74, 24, 50, 308.1972087668518, 25
1, 1483620, 847910, 635710, 6358669.964677322, 87, 47, 40, 323.9075809977351, 48
1, 1483654, 847944, 635710, 6358923.238317599, 34, 34, 0, 253.2736402766418, 34
1, 1483687, 847977, 635710, 6359174.516490292, 33, 33, 0, 251.27817269284301, 33
1, 1483755, 848015, 635740, 6359477.378661394, 68, 38, 30, 302.86217110259, 39
51, 1483891, 848061, 635830, 6359842.273958429, 136, 46, 90, 364.89529703482884, 48
1, 1483934, 848104, 635830, 6360111.948918632, 43, 43, 0, 269.6749602031015, 43
1, 1483967, 848137, 635830, 6360363.227091325, 33, 33, 0, 251.27817269284301, 33
1, 1484074, 848174, 635900, 6360704.449236595, 107, 37, 70, 341.2221452697031, 39
1, 1484109, 848209, 635900, 6360959.679164505, 35, 35, 0, 255.22992790977875, 35
51, 1484185, 848235, 635950, 6361270.238336878, 76, 26, 50, 310.5591723737189, 27
1, 1484252, 848272, 635980, 6361571.838892136, 67, 37, 30, 301.6005552576305, 38
1, 1484296, 848316, 635980, 6361843.189849826, 44, 44, 0, 271.35095769013947, 44
1, 1484362, 848352, 636010, 6362143.516838103, 66, 36, 30, 300.32698827717985, 37
51, 1484492, 848392, 636100, 6362503.381675641, 130, 40, 90, 359.86483753851803, 42
1, 1484526, 848426, 636100, 6362756.655315918, 34, 34, 0, 253.2736402766418, 34
1, 1484562, 848462, 636100, 6363013.804290196, 36, 36, 0, 257.1489742783178, 36
1, 1484630, 848500, 636130, 6363316.666461298, 68, 38, 30, 302.86217110259, 39
1, 1484673, 848543, 636130, 6363586.341421502, 43, 43, 0, 269.6749602031015, 43
51, 1484830, 848580, 636250, 6363965.01831462, 157, 37, 120, 378.67689311792185, 40
1, 1484877, 848627, 636250, 6364241.251364489, 47, 47, 0, 276.2330498695885, 47
1, 1484914, 848664, 636250, 6364500.2839359455, 37, 37, 0, 259.03257145596604, 37
1, 1484953, 848703, 636250, 6364762.983875889, 39, 39, 0, 262.6999399439383, 39
51, 1485080, 848740, 636340, 6365120.283558189, 127, 37, 90, 357.2996822992933, 39
1, 1485119, 848779, 636340, 6365382.983498133, 39, 39, 0, 262.6999399439383, 39
1, 1485191, 848821, 636370, 6365690.778561157, 72, 42, 30, 307.79506302439404, 43
1, 1485231, 848861, 636370, 6365955.2652470935, 40, 40, 0, 264.4866859365871, 40
51, 1485323, 848903, 636420, 6366283.469348562, 92, 42, 50, 328.20410146824725, 43
1, 1485405, 848945, 636460, 6366601.891018406, 82, 42, 40, 318.42166984345636, 43
1, 1485440, 848980, 636460, 6366857.120946315, 35, 35, 0, 255.22992790977875, 35
1, 1485514, 849024, 636490, 6367167.318155082, 74, 44, 30, 310.1972087668518, 45
51, 1485602, 849062, 636540, 6367491.299586443, 88, 38, 50, 323.98143136087856, 39
1, 1485641, 849101, 636540, 6367753.999526387, 39, 39, 0, 262.6999399439383, 39
1, 1485683, 849143, 636540, 6368021.972515889, 42, 42, 0, 267.97298950218305, 42
1, 1485758, 849178, 636580, 6368332.355611527, 75, 35, 40, 310.38309563827124, 36
51, 1485838, 849208, 636630, 6368647.525367771, 80, 30, 50, 315.1697562442441, 31
1, 1485901, 849241, 636660, 6368943.956692497, 63, 33, 30, 296.43132472612575, 34
1, 1485945, 849285, 636660, 6369215.307650187, 44, 44, 0, 271.35095769013947, 44
1, 1486008, 849318, 636690, 6369511.738974913, 63, 33, 30, 296.43132472612575, 34
51, 1486093, 849353, 636740, 6369832.476002584, 85, 35, 50, 320.73702767108114, 36
1, 1486199, 849389, 636810, 6370172.744046194, 106, 36, 70, 340.2680436096278, 38
1, 1486233, 849423, 636810, 6370426.01768647, 34, 34, 0, 253.2736402766418, 34
51, 1486366, 849466, 636900, 6370788.4139555115, 133, 43, 90, 362.3962690412072, 45
1, 1486436, 849506, 636930, 6371093.7647163635, 70, 40, 30, 305.3507608519078, 41
1, 1486480, 849550, 636930, 6371365.115674053, 44, 44, 0, 271.35095769013947, 44
1, 1486554, 849594, 636960, 6371675.31288282, 74, 44, 30, 310.1972087668518, 45
51, 1486684, 849634, 637050, 6372035.177720359, 130, 40, 90, 359.86483753851803, 42
1, 1486714, 849664, 637050, 6372280.212452291, 30, 30, 0, 245.0347319320716, 30
1, 1486757, 849707, 637050, 6372549.887412494, 43, 43, 0, 269.6749602031015, 43
1, 1486794, 849744, 637050, 6372808.91998395, 37, 37, 0, 259.03257145596604, 37
51, 1486925, 849785, 637140, 6373169.632312166, 131, 41, 90, 360.7123282155055, 43
1, 1486995, 849825, 637170, 6373474.983073018, 70, 40, 30, 305.3507608519078, 41
1, 1487028, 849858, 637170, 6373726.261245711, 33, 33, 0, 251.27817269284301, 33
51, 1487121, 849901, 637220, 6374055.5035256175, 93, 43, 50, 329.24227990714814, 44
1, 1487158, 849938, 637220, 6374314.536097074, 37, 37, 0, 259.03257145596604, 37
1, 1487241, 849981, 637260, 6374634.071045003, 83, 43, 40, 319.5349479292333, 44
1, 1487279, 850019, 637260, 6374894.953424622, 38, 38, 0, 260.88237961983884, 38
51, 1487399, 850059, 637340, 6375247.128516587, 120, 40, 80, 352.1750919646873, 42
1, 1487445, 850105, 637340, 6375521.757585301, 46, 46, 0, 274.6290687140218, 46
1, 1487489, 850149, 637340, 6375793.108542991, 44, 44, 0, 271.35095769013947, 44
1, 1487516, 850176, 637340, 6376031.459248686, 27, 27, 0, 238.35070569547776, 27
1, 1487597, 850217, 637380, 6376348.759248686, 81, 41, 40, 317.3, 42
51, 1487691, 850261, 637430, 6376679.032974534, 94, 44, 50, 330.273725847777, 45
1, 1487770, 850310, 637460, 6376995.063724664, 79, 49, 30, 316.03075013013313, 50
1, 1487849, 850349, 637500, 6377310.094474794, 79, 39, 40, 315.03075013013313, 40
1, 1487926, 850396, 637530, 6377623.820138561, 77, 47, 30, 313.72566376652986, 48
1, 1487965, 850435, 637530, 6377886.520078504, 39, 39, 0, 262.6999399439383, 39
51, 1488077, 850467, 637610, 6378231.435390844, 112, 32, 80, 344.91531233955715, 34
1, 1488163, 850513, 637650, 6378554.261555492, 86, 46, 40, 322.82616464756694, 47
1, 1488207, 850557, 637650, 6378825.612513182, 44, 44, 0, 271.35095769013947, 44
51, 1488296, 850596, 637700, 6379150.660378746, 89, 39, 50, 325.0478655640733, 40
1, 1488332, 850632, 637700, 6379407.809353024, 36, 36, 0, 257.1489742783178, 36
1, 1488446, 850676, 637770, 6379755.567340716, 114, 44, 70, 347.75798769167545, 46
51, 1488535, 850715, 637820, 6380080.61520628, 89, 39, 50, 325.0478655640733, 40
1, 1488565, 850745, 637820, 6380325.649938212, 30, 30, 0, 245.0347319320716, 30
1, 1488638, 850778, 637860, 6380633.651216781, 73, 33, 40, 308.00127856917646, 34
1, 1488678, 850818, 637860, 6380898.137902717, 40, 40, 0, 264.4866859365871, 40
1, 1488711, 850851, 637860, 6381149.41607541, 33, 33, 0, 251.27817269284301, 33
51, 1488886, 850906, 637980, 6381541.429651666, 175, 55, 120, 392.013576256413, 58
1, 1488929, 850949, 637980, 6381811.10461187, 43, 43, 0, 269.6749602031015, 43
1, 1489029, 850979, 638050, 6382145.532377887, 100, 30, 70, 334.42776601683795, 32
1, 1489075, 851025, 638050, 6382420.1614466, 46, 46, 0, 274.6290687140218, 46
51, 1489194, 851064, 638130, 6382771.444841802, 119, 39, 80, 351.28339520229764, 41
1, 1489239, 851109, 638130, 6383044.446848214, 45, 45, 0, 273.00200641113514, 45
1, 1489322, 851152, 638170, 6383363.981796143, 83, 43, 40, 319.5349479292333, 44
1, 1489394, 851194, 638200, 6383671.776859167, 72, 42, 30, 307.79506302439404, 43
51, 1489475, 851225, 638250, 6383988.076859167, 81, 31, 50, 316.3, 32
1, 1489510, 851260, 638250, 6384243.306787076, 35, 35, 0, 255.22992790977875, 35
1, 1489545, 851295, 638250, 6384498.536714986, 35, 35, 0, 255.22992790977875, 35
1, 1489616, 851326, 638290, 6384804.115025804, 71, 31, 40, 305.57831081870995, 32
51, 1489700, 851360, 638340, 6385123.755036208, 84, 34, 50, 319.64001040350905, 35
1, 1489769, 851399, 638370, 6385427.867177918, 69, 39, 30, 304.1121417102006, 40
1, 1489814, 851444, 638370, 6385700.869184329, 45, 45, 0, 273.00200641113514, 45
51, 1489898, 851478, 638420, 6386020.509194733, 84, 34, 50, 319.64001040350905, 35
1, 1490002, 851512, 638490, 6386358.85288149, 104, 34, 70, 338.343686757474, 36
1, 1490044, 851554, 638490, 6386626.825870993, 42, 42, 0, 267.97298950218305, 42
51, 1490137, 851597, 638540, 6386956.068150899, 93, 43, 50, 329.24227990714814, 44
1, 1490173, 851633, 638540, 6387213.217125177, 36, 36, 0, 257.1489742783178, 36
1, 1490260, 851680, 638580, 6387537.124706175, 87, 47, 40, 323.9075809977351, 48
1, 1490298, 851718, 638580, 6387798.007085795, 38, 38, 0, 260.88237961983884, 38
51, 1490414, 851754, 638660, 6388146.588889286, 116, 36, 80, 348.5818034911291, 38
1, 1490447, 851787, 638660, 6388397.867061979, 33, 33, 0, 251.27817269284301, 33
1, 1490485, 851825, 638660, 6388658.749441599, 38, 38, 0, 260.88237961983884, 38
1, 1490562, 851862, 638700, 6388971.475105365, 77, 37, 40, 312.72566376652986, 38
1, 1490610, 851910, 638700, 6389249.289907956, 48, 48, 0, 277.8148025904985, 48
51, 1490727, 851947, 638780, 6389598.776724754, 117, 37, 80, 349.4868167986058, 39
1, 1490811, 851991, 638820, 6389919.416735157, 84, 44, 40, 320.64001040350905, 45
1, 1490849, 852029, 638820, 6390180.299114777, 38, 38, 0, 260.88237961983884, 38
1, 1490891, 852071, 638820, 6390448.272104279, 42, 42, 0, 267.97298950218305, 42
51, 1491019, 852119, 638900, 6390807.430670381, 128, 48, 80, 359.1585661014858, 50
1, 1491068, 852168, 638900, 6391086.805801487, 49, 49, 0, 279.3751311064591, 49
1, 1491140, 852210, 638930, 6391394.600864511, 72, 42, 30, 307.79506302439404, 43
1, 1491219, 852249, 638970, 6391709.631614641, 79, 39, 40, 315.03075013013313, 40
51, 1491312, 852292, 639020, 6392038.873894548, 93, 43, 50, 329.24227990714814, 44
1, 1491347, 852327, 639020, 6392294.103822458, 35, 35, 0, 255.22992790977875, 35
1, 1491392, 852372, 639020, 6392567.105828869, 45, 45, 0, 273.00200641113514, 45
1, 1491461, 852411, 639050, 6392871.217970579, 69, 39, 30, 304.1121417102006, 40
1, 1491497, 852447, 639050, 6393128.366944857, 36, 36, 0, 257.1489742783178, 36
51, 1491619, 852479, 639140, 6393481.312563411, 122, 32, 90, 352.9456185537469, 34
1, 1491659, 852519, 639140, 6393745.799249347, 40, 40, 0, 264.4866859365871, 40
1, 1491728, 852558, 639170, 6394049.911391057, 69, 39, 30, 304.1121417102006, 40
1, 1491806, 852596, 639210, 6394363.7941776775, 78, 38, 40, 313.8827866200841, 39
51, 1491900, 852640, 639260, 6394694.067903525, 94, 44, 50, 330.273725847777, 45
1, 1491942, 852682, 639260, 6394962.040893028, 42, 42, 0, 267.97298950218305, 42
1, 1491980, 852720, 639260, 6395222.923272647, 38, 38, 0, 260.88237961983884, 38
1, 1492095, 852765, 639330, 6395571.595489709, 115, 45, 70, 348.6722170622053, 47
1, 1492137, 852807, 639330, 6395839.568479211, 42, 42, 0, 267.97298950218305, 42
51, 1492228, 852848, 639380, 6396166.72754115, 91, 41, 50, 327.1590619387661, 42
1, 1492308, 852888, 639420, 6396482.8972973935, 80, 40, 40, 316.1697562442441, 41
1, 1492343, 852923, 639420, 6396738.127225303, 35, 35, 0, 255.22992790977875, 35
51, 1492435, 852965, 639470, 6397066.3313267715, 92, 42, 50, 328.20410146824725, 43
1, 1492498, 852998, 639500, 6397362.7626514975, 63, 33, 30, 296.43132472612575, 34
1, 1492538, 853038, 639500, 6397627.249337434, 40, 40, 0, 264.4866859365871, 40
1, 1492620, 853080, 639540, 6397945.671007277, 82, 42, 40, 318.42166984345636, 43
1, 1492660, 853120, 639540, 6398210.157693214, 40, 40, 0, 264.4866859365871, 40
51, 1492753, 853163, 639590, 6398539.399973121, 93, 43, 50, 329.24227990714814, 44
1, 1492798, 853208, 639590, 6398812.401979532, 45, 45, 0, 273.00200641113514, 45
1, 1492910, 853250, 639660, 6399158.317291872, 112, 42, 70, 345.91531233955715, 44
1, 1492954, 853294, 639660, 6399429.668249561, 44, 44, 0, 271.35095769013947, 44
51, 1493082, 853342, 639740, 6399788.826815663, 128, 48, 80, 359.1585661014858, 50
1, 1493126, 853386, 639740, 6400060.177773353, 44, 44, 0, 271.35095769013947, 44
1, 1493203, 853433, 639770, 6400373.903437119, 77, 47, 30, 313.72566376652986, 48
1, 1493239, 853469, 639770, 6400631.052411397, 36, 36, 0, 257.1489742783178, 36
51, 1493363, 853503, 639860, 6400985.751807945, 124, 34, 90, 354.6993965481514, 36
1, 1493410, 853550, 639860, 6401261.984857814, 47, 47, 0, 276.2330498695885, 47
1, 1493483, 853583, 639900, 6401569.986136383, 73, 33, 40, 308.00127856917646, 34
51, 1493598, 853618, 639980, 6401917.658353445, 115, 35, 80, 347.6722170622053, 37
1, 1493647, 853667, 639980, 6402197.033484551, 49, 49, 0, 279.3751311064591, 49
1, 1493686, 853706, 639980, 6402459.733424495, 39, 39, 0, 262.6999399439383, 39
1, 1493768, 853748, 640020, 6402778.155094339, 82, 42, 40, 318.42166984345636, 43
51, 1493865, 853795, 640070, 6403111.48399361, 97, 47, 50, 333.3288992714996, 48
1, 1493933, 853833, 640100, 6403414.346164713, 68, 38, 30, 302.86217110259, 39
1, 1493977, 853877, 640100, 6403685.6971224025, 44, 44, 0, 271.35095769013947, 44
1, 1494043, 853913, 640130, 6403986.0241106795, 66, 36, 30, 300.32698827717985, 37
1, 1494120, 853950, 640170, 6404298.749774446, 77, 37, 40, 312.72566376652986, 38
51, 1494213, 853993, 640220, 6404627.992054353, 93, 43, 50, 329.24227990714814, 44
1, 1494257, 854037, 640220, 6404899.343012042, 44, 44, 0, 271.35095769013947, 44
1, 1494292, 854072, 640220, 6405154.572939952, 35, 35, 0, 255.22992790977875, 35
1, 1494331, 854111, 640220, 6405417.272879896, 39, 39, 0, 262.6999399439383, 39
1, 1494439, 854149, 640290, 6405759.443859443, 108, 38, 70, 342.1709795470626, 40
51, 1494531, 854191, 640340, 6406087.6479609115, 92, 42, 50, 328.20410146824725, 43
1, 1494575, 854235, 640340, 6406358.998918601, 44, 44, 0, 271.35095769013947, 44
1, 1494654, 854274, 640380, 6406674.029668732, 79, 39, 40, 315.03075013013313, 40
51, 1494745, 854315, 640430, 6407001.18873067, 91, 41, 50, 327.1590619387661, 42
1, 1494787, 854357, 640430, 6407269.1617201725, 42, 42, 0, 267.97298950218305, 42
1, 1494852, 854392, 640460, 6407568.202871616, 65, 35, 30, 299.04115144336777, 36
51, 1494939, 854429, 640510, 6407891.110452614, 87, 37, 50, 322.9075809977351, 38
1, 1495014, 854464, 640550, 6408201.493548252, 75, 35, 40, 310.38309563827124, 36
1, 1495055, 854505, 640550, 6408467.737501695, 41, 41, 0, 266.24395344352433, 41
51, 1495146, 854546, 640600, 6408794.896563633, 91, 41, 50, 327.1590619387661, 42
1, 1495259, 854589, 640670, 6409141.735607503, 113, 43, 70, 346.83904386951343, 45
1, 1495294, 854624, 640670, 6409396.965535413, 35, 35, 0, 255.22992790977875, 35
1, 1495328, 854658, 640670, 6409650.239175689, 34, 34, 0, 253.2736402766418, 34
51, 1495417, 854697, 640720, 6409975.287041253, 89, 39, 50, 325.0478655640733, 40
1, 1495483, 854733, 640750, 6410275.61402953, 66, 36, 30, 300.32698827717985, 37
1, 1495567, 854777, 640790, 6410596.254039934, 84, 44, 40, 320.64001040350905, 45
1, 1495598, 854808, 640790, 6410843.415146111, 31, 31, 0, 247.1611061770567, 31
1, 1495674, 854854, 640820, 6411155.974318484, 76, 46, 30, 312.5591723737189, 47
51, 1495808, 854898, 640910, 6411519.207134402, 134, 44, 90, 363.23281591860336, 46
1, 1495846, 854936, 640910, 6411780.089514022, 38, 38, 0, 260.88237961983884, 38
1, 1495887, 854977, 640910, 6412046.333467465, 41, 41, 0, 266.24395344352433, 41
51, 1496022, 855032, 640990, 6412411.399277405, 135, 55, 80, 365.06580994024984, 57
1, 1496063, 855073, 640990, 6412677.643230848, 41, 41, 0, 266.24395344352433, 41
1, 1496141, 855111, 641030, 6412991.526017468, 78, 38, 40, 313.8827866200841, 39
1, 1496175, 855145, 641030, 6413244.799657745, 34, 34, 0, 253.2736402766418, 34
51, 1496270, 855190, 641080, 6413576.09822188, 95, 45, 50, 331.2985641352145, 46
1, 1496340, 855230, 641110, 6413881.448982732, 70, 40, 30, 305.3507608519078, 41
1, 1496375, 855265, 641110, 6414136.678910642, 35, 35, 0, 255.22992790977875, 35
1, 1496456, 855306, 641150, 6414453.978910642, 81, 41, 40, 317.3, 42
51, 1496540, 855340, 641200, 6414773.618921045, 84, 34, 50, 319.64001040350905, 35
1, 1496611, 855381, 641230, 6415080.197231864, 71, 41, 30, 306.57831081870995, 42
1, 1496689, 855419, 641270, 6415394.080018484, 78, 38, 40, 313.8827866200841, 39
1, 1496731, 855461, 641270, 6415662.053007986, 42, 42, 0, 267.97298950218305, 42
51, 1496826, 855506, 641320, 6415993.3515721215, 95, 45, 50, 331.2985641352145, 46
1, 1496900, 855550, 641350, 6416303.548780888, 74, 44, 30, 310.1972087668518, 45
1, 1496937, 855587, 641350, 6416562.581352345, 37, 37, 0, 259.03257145596604, 37
51, 1497069, 855629, 641440, 6416924.137474772, 132, 42, 90, 361.55612242701943, 44
1, 1497110, 855670, 641440, 6417190.381428215, 41, 41, 0, 266.24395344352433, 41
1, 1497153, 855713, 641440, 6417460.056388418, 43, 43, 0, 269.6749602031015, 43
1, 1497227, 855757, 641470, 6417770.253597185, 74, 44, 30, 310.1972087668518, 45
51, 1497322, 855802, 641520, 6418101.55216132, 95, 45, 50, 331.2985641352145, 46
1, 1497401, 855841, 641560, 6418416.58291145, 79, 39, 40, 315.03075013013313, 40
1, 1497442, 855882, 641560, 6418682.826864894, 41, 41, 0, 266.24395344352433, 41
1, 1497485, 855925, 641560, 6418952.501825097, 43, 43, 0, 269.6749602031015, 43
1, 1497563, 855973, 641590, 6419267.384611717, 78, 48, 30, 314.8827866200841, 49
51, 1497696, 856016, 641680, 6419629.780880759, 133, 43, 90, 362.3962690412072, 45
1, 1497760, 856050, 641710, 6419927.523593233, 64, 34, 30, 297.742712474619, 35
1, 1497792, 856082, 641710, 6420176.765016234, 32, 32, 0, 249.24142300054422, 32
1, 1497836, 856126, 641710, 6420448.115973923, 44, 44, 0, 271.35095769013947, 44
51, 1498005, 856175, 641830, 6420835.77110147, 169, 49, 120, 387.65512754639894, 52
1, 1498047, 856217, 641830, 6421103.7440909725, 42, 42, 0, 267.97298950218305, 42
1, 1498092, 856262, 641830, 6421376.746097384, 45, 45, 0, 273.00200641113514, 45
51, 1498181, 856301, 641880, 6421701.793962948, 89, 39, 50, 325.0478655640733, 40
1, 1498220, 856340, 641880, 6421964.493902892, 39, 39, 0, 262.6999399439383, 39
1, 1498270, 856390, 641880, 6422245.408697739, 50, 50, 0, 280.9147948472494, 50
1, 1498384, 856434, 641950, 6422593.166685431, 114, 44, 70, 347.75798769167545, 46
1, 1498420, 856470, 641950, 6422850.315659709, 36, 36, 0, 257.1489742783178, 36
51, 1498532, 856502, 642030, 6423195.230972049, 112, 32, 80, 344.91531233955715, 34
1, 1498575, 856545, 642030, 6423464.905932252, 43, 43, 0, 269.6749602031015, 43
1, 1498618, 856588, 642030, 6423734.580892456, 43, 43, 0, 269.6749602031015, 43
51, 1498746, 856626, 642120, 6424092.739458557, 128, 38, 90, 358.1585661014858, 40
1, 1498784, 856664, 642120, 6424353.621838177, 38, 38, 0, 260.88237961983884, 38
1, 1498819, 856699, 642120, 6424608.851766086, 35, 35, 0, 255.22992790977875, 35
1, 1498892, 856742, 642150, 6424917.853044655, 73, 43, 30, 309.00127856917646, 44
51, 1499016, 856776, 642240, 6425272.552441203, 124, 34, 90, 354.6993965481514, 36
1, 1499051, 856811, 642240, 6425527.782369113, 35, 35, 0, 255.22992790977875, 35
1, 1499121, 856851, 642270, 6425833.133129965, 70, 40, 30, 305.3507608519078, 41
1, 1499200, 856890, 642310, 6426148.163880095, 79, 39, 40, 315.03075013013313, 40
1, 1499243, 856933, 642310, 6426417.838840298, 43, 43, 0, 269.6749602031015, 43
51, 1499331, 856971, 642360, 6426741.82027166, 88, 38, 50, 323.98143136087856, 39
1, 1499404, 857014, 642390, 6427050.821550229, 73, 43, 30, 309.00127856917646, 44
1, 1499486, 857056, 642430, 6427369.243220072, 82, 42, 40, 318.42166984345636, 43
51, 1499585, 857105, 642480, 6427704.5774346255, 99, 49, 50, 335.33421455299043, 50
1, 1499628, 857148, 642480, 6427974.252394829, 43, 43, 0, 269.6749602031015, 43
1, 1499669, 857189, 642480, 6428240.496348272, 41, 41, 0, 266.24395344352433, 41
1, 1499781, 857231, 642550, 6428586.411660612, 112, 42, 70, 345.91531233955715, 44
51, 1499877, 857277, 642600, 6428918.728576627, 96, 46, 50, 332.31691601465747, 47
1, 1499954, 857314, 642640, 6429231.454240393, 77, 37, 40, 312.72566376652986, 38
1, 1499997, 857357, 642640, 6429501.129200596, 43, 43, 0, 269.6749602031015, 43
1, 1500056, 857386, 642670, 6429792.178000844, 59, 29, 30, 291.0488002476036, 30
51, 1500156, 857436, 642720, 6430128.505766861, 100, 50, 50, 336.327766016838, 51
1, 1500192, 857472, 642720, 6430385.654741139, 36, 36, 0, 257.1489742783178, 36
1, 1500279, 857519, 642760, 6430709.562322137, 87, 47, 40, 323.9075809977351, 48
1, 1500319, 857559, 642760, 6430974.049008073, 40, 40, 0, 264.4866859365871, 40
1, 1500358, 857598, 642760, 6431236.748948017, 39, 39, 0, 262.6999399439383, 39
51, 1500508, 857628, 642880, 6431610.012499175, 150, 30, 120, 373.26355115805836, 33
1, 1500538, 857658, 642880, 6431855.047231107, 30, 30, 0, 245.0347319320716, 30
1, 1500576, 857696, 642880, 6432115.929610726, 38, 38, 0, 260.88237961983884, 38
51, 1500732, 857732, 643000, 6432493.8414950315, 156, 36, 120, 377.9118843049396, 39
1, 1500758, 857758, 643000, 6432729.851581466, 26, 26, 0, 236.01008643532256, 26
1, 1500809, 857809, 643000, 6433012.286093244, 51, 51, 0, 282.43451177837886, 51
1, 1500851, 857851, 643000, 6433280.259082747, 42, 42, 0, 267.97298950218305, 42
1, 1500966, 857896, 643070, 6433628.931299808, 115, 45, 70, 348.6722170622053, 47
51, 1501054, 857934, 643120, 6433952.91273117, 88, 38, 50, 323.98143136087856, 39
1, 1501102, 857982, 643120, 6434230.7275337605, 48, 48, 0, 277.8148025904985, 48
1, 1501139, 858019, 643120, 6434489.760105217, 37, 37, 0, 259.03257145596604, 37
1, 1501169, 858049, 643120, 6434734.794837149, 30, 30, 0, 245.0347319320716, 30
51, 1501307, 858097, 643210, 6435101.338766701, 138, 48, 90, 366.54392955194305, 50
1, 1501378, 858138, 643240, 6435407.917077519, 71, 41, 30, 306.57831081870995, 42
1, 1501421, 858181, 643240, 6435677.5920377225, 43, 43, 0, 269.6749602031015, 43
1, 1501460, 858220, 643240, 6435940.291977666, 39, 39, 0, 262.6999399439383, 39
1, 1501513, 858273, 643240, 6436225.708765307, 53, 53, 0, 285.4167876408086, 53
51, 1501634, 858304, 643330, 6436577.771244343, 121, 31, 90, 352.06247903554, 33
1, 1501709, 858349, 643360, 6436889.154339981, 75, 45, 30, 311.38309563827124, 46
1, 1501754, 858394, 643360, 6437162.156346393, 45, 45, 0, 273.00200641113514, 45
1, 1501820, 858430, 643390, 6437462.48333467, 66, 36, 30, 300.32698827717985, 37
51, 1501905, 858465, 643440, 6437783.220362341, 85, 35, 50, 320.73702767108114, 36
1, 1502022, 858512, 643510, 6438133.707179139, 117, 47, 70, 350.4868167986058, 49
1, 1502050, 858540, 643510, 6438374.339842519, 28, 28, 0, 240.63266337912057, 28
1, 1502085, 858575, 643510, 6438629.569770428, 35, 35, 0, 255.22992790977875, 35
51, 1502197, 858607, 643590, 6438974.485082768, 112, 32, 80, 344.91531233955715, 34
1, 1502234, 858644, 643590, 6439233.517654224, 37, 37, 0, 259.03257145596604, 37
1, 1502272, 858682, 643590, 6439494.400033844, 38, 38, 0, 260.88237961983884, 38
1, 1502361, 858731, 643630, 6439820.447899408, 89, 49, 40, 326.0478655640733, 50
1, 1502403, 858773, 643630, 6440088.42088891, 42, 42, 0, 267.97298950218305, 42
51, 1502491, 858811, 643680, 6440412.402320271, 88, 38, 50, 323.98143136087856, 39
1, 1502561, 858851, 643710, 6440717.753081123, 70, 40, 30, 305.3507608519078, 41
1, 1502647, 858897, 643750, 6441040.579245771, 86, 46, 40, 322.82616464756694, 47
1, 1502688, 858938, 643750, 6441306.823199214, 41, 41, 0, 266.24395344352433, 41
51, 1502779, 858979, 643800, 6441633.982261153, 91, 41, 50, 327.1590619387661, 42
1, 1502820, 859020, 643800, 6441900.226214596, 41, 41, 0, 266.24395344352433, 41
1, 1502890, 859060, 643830, 6442205.576975448, 70, 40, 30, 305.3507608519078, 41
1, 1502940, 859110, 643830, 6442486.491770295, 50, 50, 0, 280.9147948472494, 50
1, 1503022, 859152, 643870, 6442804.913440139, 82, 42, 40, 318.42166984345636, 43
51, 1503115, 859195, 643920, 6443134.155720046, 93, 43, 50, 329.24227990714814, 44
1, 1503163, 859243, 643920, 6443411.970522637, 48, 48, 0, 277.8148025904985, 48
1, 1503190, 859270, 643920, 6443650.321228332, 27, 27, 0, 238.35070569547776, 27
1, 1503266, 859316, 643950, 6443962.880400705, 76, 46, 30, 312.5591723737189, 47
51, 1503356, 859356, 644000, 6444288.987429529, 90, 40, 50, 326.1070288241023, 41
1, 1503428, 859388, 644040, 6444595.782492554, 72, 32, 40, 306.79506302439404, 33
1, 1503467, 859427, 644040, 6444858.482432498, 39, 39, 0, 262.6999399439383, 39
1, 1503540, 859470, 644070, 6445167.483711067, 73, 43, 30, 309.00127856917646, 44
1, 1503623, 859513, 644110, 6445487.018658996, 83, 43, 40, 319.5349479292333, 44
51, 1503740, 859550, 644190, 6445836.505475794, 117, 37, 80, 349.4868167986058, 39
1, 1503779, 859589, 644190, 6446099.205415738, 39, 39, 0, 262.6999399439383, 39
1, 1503851, 859621, 644230, 6446406.000478762, 72, 32, 40, 306.79506302439404, 33
51, 1503959, 859649, 644310, 6446747.1714583095, 108, 28, 80, 341.1709795470626, 30
1, 1503991, 859681, 644310, 6446996.41288131, 32, 32, 0, 249.24142300054422, 32
1, 1504030, 859720, 644310, 6447259.112821254, 39, 39, 0, 262.6999399439383, 39
1, 1504075, 859765, 644310, 6447532.1148276655, 45, 45, 0, 273.00200641113514, 45
1, 1504147, 859797, 644350, 6447838.90989069, 72, 32, 40, 306.79506302439404, 33
51, 1504270, 859840, 644430, 6448193.734461952, 123, 43, 80, 354.8245712617827, 45
1, 1504333, 859863, 644470, 6448489.165786678, 63, 23, 40, 295.43132472612575, 24
1, 1504372, 859902, 644470, 6448751.865726622, 39, 39, 0, 262.6999399439383, 39
1, 1504416, 859946, 644470, 6449023.216684312, 44, 44, 0, 271.35095769013947, 44
51, 1504582, 859992, 644590, 6449408.660951946, 166, 46, 120, 385.4442676339201, 49
1, 1504625, 860035, 644590, 6449678.335912149, 43, 43, 0, 269.6749602031015, 43
1, 1504662, 860072, 644590, 6449937.368483606, 37, 37, 0, 259.03257145596604, 37
1, 1504699, 860109, 644590, 6450196.401055062, 37, 37, 0, 259.03257145596604, 37
1, 1504809, 860149, 644660, 6450540.454239109, 110, 40, 70, 344.0531840464366, 42
51, 1504895, 860185, 644710, 6450862.280403757, 86, 36, 50, 321.82616464756694, 37
1, 1504931, 860221, 644710, 6451119.429378035, 36, 36, 0, 257.1489742783178, 36
1, 1504965, 860255, 644710, 6451372.703018311, 34, 34, 0, 253.2736402766418, 34
1, 1504996, 860286, 644710, 6451619.864124488, 31, 31, 0, 247.1611061770567, 31
51, 1505124, 860324, 644800, 6451978.02269059, 128, 38, 90, 358.1585661014858, 40
1, 1505184, 860354, 644830, 6452270.4384589605, 60, 30, 30, 292.41576837137404, 31
1, 1505220, 860390, 644830, 6452527.5874332385, 36, 36, 0, 257.1489742783178, 36
1, 1505262, 860432, 644830, 6452795.560422741, 42, 42, 0, 267.97298950218305, 42
51, 1505429, 860479, 644950, 6453181.744052178, 167, 47, 120, 386.1836294370035, 50
1, 1505464, 860514, 644950, 6453436.973980088, 35, 35, 0, 255.22992790977875, 35
1, 1505510, 860560, 644950, 6453711.603048801, 46, 46, 0, 274.6290687140218, 46
51, 1505671, 860601, 645070, 6454093.3133454025, 161, 41, 120, 381.7102966008917, 44
1, 1505705, 860635, 645070, 6454346.586985679, 34, 34, 0, 253.2736402766418, 34
1, 1505780, 860680, 645100, 6454657.970081317, 75, 45, 30, 311.38309563827124, 46
1, 1505814, 860714, 645100, 6454911.243721594, 34, 34, 0, 253.2736402766418, 34
51, 1505953, 860763, 645190, 6455278.606883896, 139, 49, 90, 367.36316230125203, 51
1, 1505981, 860791, 645190, 6455519.239547275, 28, 28, 0, 240.63266337912057, 28
1, 1506022, 860832, 645190, 6455785.483500718, 41, 41, 0, 266.24395344352433, 41
1, 1506058, 860868, 645190, 6456042.632474996, 36, 36, 0, 257.1489742783178, 36
51, 1506187, 860917, 645270, 6456402.646075487, 129, 49, 80, 360.01360049114555, 51
1, 1506232, 860962, 645270, 6456675.648081899, 45, 45, 0, 273.00200641113514, 45
1, 1506306, 860996, 645310, 6456984.8452906655, 74, 34, 40, 309.1972087668518, 35
1, 1506338, 861028, 645310, 6457234.086713666, 32, 32, 0, 249.24142300054422, 32
51, 1506493, 861063, 645430, 6457611.230866204, 155, 35, 120, 377.14415253747273, 38
1, 1506530, 861100, 645430, 6457870.26343766, 37, 37, 0, 259.03257145596604, 37
1, 1506599, 861139, 645460, 6458174.37557937, 69, 39, 30, 304.1121417102006, 40
1, 1506679, 861179, 645500, 6458490.545335614, 80, 40, 40, 316.1697562442441, 41
1, 1506730, 861230, 645500, 6458772.979847392, 51, 51, 0, 282.43451177837886, 51
51, 1506839, 861259, 645580, 6459115.094478891, 109, 29, 80, 342.114631499574, 31
1, 1506883, 861303, 645580, 6459386.445436581, 44, 44, 0, 271.35095769013947, 44
1, 1506967, 861347, 645620, 6459707.0854469845, 84, 44, 40, 320.64001040350905, 45
1, 1507004, 861384, 645620, 6459966.118018441, 37, 37, 0, 259.03257145596604, 37
51, 1507120, 861420, 645700, 6460314.699821932, 116, 36, 80, 348.5818034911291, 38
1, 1507200, 861460, 645740, 6460630.869578176, 80, 40, 40, 316.1697562442441, 41
1, 1507250, 861510, 645740, 6460911.784373024, 50, 50, 0, 280.9147948472494, 50
1, 1507317, 861547, 645770, 6461213.384928281, 67, 37, 30, 301.6005552576305, 38
51, 1507410, 861590, 645820, 6461542.627208188, 93, 43, 50, 329.24227990714814, 44
1, 1507482, 861632, 645850, 6461850.422271213, 72, 42, 30, 307.79506302439404, 43
1, 1507562, 861672, 645890, 6462166.5920274565, 80, 40, 40, 316.1697562442441, 41
51, 1507643, 861703, 645940, 6462482.892027456, 81, 31, 50, 316.3, 32
1, 1507747, 861737, 646010, 6462821.235714214, 104, 34, 70, 338.343686757474, 36
1, 1507777, 861767, 646010, 6463066.270446146, 30, 30, 0, 245.0347319320716, 30
51, 1507905, 861815, 646090, 6463425.429012247, 128, 48, 80, 359.1585661014858, 50
1, 1507942, 861852, 646090, 6463684.461583704, 37, 37, 0, 259.03257145596604, 37
1, 1507993, 861903, 646090, 6463966.896095482, 51, 51, 0, 282.43451177837886, 51
1, 1508023, 861933, 646090, 6464211.930827414, 30, 30, 0, 245.0347319320716, 30
51, 1508161, 861981, 646180, 6464578.474756965, 138, 48, 90, 366.54392955194305, 50
1, 1508198, 862018, 646180, 6464837.507328422, 37, 37, 0, 259.03257145596604, 37
1, 1508272, 862062, 646210, 6465147.704537189, 74, 44, 30, 310.1972087668518, 45
1, 1508306, 862096, 646210, 6465400.9781774655, 34, 34, 0, 253.2736402766418, 34
1, 1508390, 862140, 646250, 6465721.618187869, 84, 44, 40, 320.64001040350905, 45
51, 1508483, 862183, 646300, 6466050.860467776, 93, 43, 50, 329.24227990714814, 44
1, 1508594, 862224, 646370, 6466395.847185817, 111, 41, 70, 344.9867180408456, 43
1, 1508635, 862265, 646370, 6466662.09113926, 41, 41, 0, 266.24395344352433, 41
51, 1508729, 862309, 646420, 6466992.364865107, 94, 44, 50, 330.273725847777, 45
1, 1508773, 862353, 646420, 6467263.715822797, 44, 44, 0, 271.35095769013947, 44
1, 1508848, 862398, 646450, 6467575.098918435, 75, 45, 30, 311.38309563827124, 46
51, 1508975, 862435, 646540, 6467932.398600735, 127, 37, 90, 357.2996822992933, 39
1, 1509019, 862479, 646540, 6468203.749558425, 44, 44, 0, 271.35095769013947, 44
1, 1509069, 862529, 646540, 6468484.664353272, 50, 50, 0, 280.9147948472494, 50
1, 1509103, 862563, 646540, 6468737.937993549, 34, 34, 0, 253.2736402766418, 34
51, 1509231, 862601, 646630, 6469096.09655965, 128, 38, 90, 358.1585661014858, 40
1, 1509295, 862635, 646660, 6469393.839272125, 64, 34, 30, 297.742712474619, 35
1, 1509363, 862663, 646700, 6469695.701443227, 68, 28, 40, 301.86217110259, 29
51, 1509452, 862702, 646750, 6470020.749308791, 89, 39, 50, 325.0478655640733, 40
1, 1509487, 862737, 646750, 6470275.979236701, 35, 35, 0, 255.22992790977875, 35
1, 1509525, 862775, 646750, 6470536.86161632, 38, 38, 0, 260.88237961983884, 38
1, 1509564, 862814, 646750, 6470799.561556264, 39, 39, 0, 262.6999399439383, 39
1, 1509625, 862845, 646780, 6471093.329795531, 61, 31, 30, 293.7682392671241, 32
51, 1509761, 862891, 646870, 6471458.225092566, 136, 46, 90, 364.89529703482884, 48
1, 1509800, 862930, 646870, 6471720.9250325095, 39, 39, 0, 262.6999399439383, 39
1, 1509838, 862968, 646870, 6471981.807412129, 38, 38, 0, 260.88237961983884, 38
1, 1509874, 863004, 646870, 6472238.956386407, 36, 36, 0, 257.1489742783178, 36
51, 1509952, 863032, 646920, 6472551.839173027, 78, 28, 50, 312.8827866200841, 29
1, 1510060, 863070, 646990, 6472894.010152575, 108, 38, 70, 342.1709795470626, 40
1, 1510097, 863107, 646990, 6473153.042724031, 37, 37, 0, 259.03257145596604, 37
1, 1510138, 863148, 646990, 6473419.286677474, 41, 41, 0, 266.24395344352433, 41
51, 1510220, 863180, 647040, 6473736.708347318, 82, 32, 50, 317.42166984345636, 33
1, 1510289, 863219, 647070, 6474040.820489028, 69, 39, 30, 304.1121417102006, 40
1, 1510370, 863260, 647110, 6474358.120489027, 81, 41, 40, 317.3, 42
1, 1510438, 863298, 647140, 6474660.98266013, 68, 38, 30, 302.86217110259, 39
51, 1510532, 863342, 647190, 6474991.256385977, 94, 44, 50, 330.273725847777, 45
1, 1510615, 863385, 647230, 6475310.791333906, 83, 43, 40, 319.5349479292333, 44
1, 1510650, 863420, 647230, 6475566.021261816, 35, 35, 0, 255.22992790977875, 35
1, 1510722, 863462, 647260, 6475873.81632484, 72, 42, 30, 307.79506302439404, 43
51, 1510854, 863504, 647350, 6476235.372447267, 132, 42, 90, 361.55612242701943, 44
1, 1510924, 863544, 647380, 6476540.723208119, 70, 40, 30, 305.3507608519078, 41
1, 1510961, 863581, 647380, 6476799.755779576, 37, 37, 0, 259.03257145596604, 37
1, 1511029, 863619, 647410, 6477102.617950678, 68, 38, 30, 302.86217110259, 39
51, 1511119, 863659, 647460, 6477428.724979502, 90, 40, 50, 326.1070288241023, 41
1, 1511188, 863688, 647500, 6477731.837121212, 69, 29, 40, 303.1121417102006, 30
1, 1511258, 863728, 647530, 6478037.187882064, 70, 40, 30, 305.3507608519078, 41
1, 1511297, 863767, 647530, 6478299.887822008, 39, 39, 0, 262.6999399439383, 39
51, 1511391, 863811, 647580, 6478630.1615478555, 94, 44, 50, 330.273725847777, 45
1, 1511429, 863849, 647580, 6478891.043927475, 38, 38, 0, 260.88237961983884, 38
1, 1511477, 863897, 647580, 6479168.858730066, 48, 48, 0, 277.8148025904985, 48
1, 1511581, 863931, 647650, 6479507.202416823, 104, 34, 70, 338.343686757474, 36
51, 1511665, 863965, 647700, 6479826.842427227, 84, 34, 50, 319.64001040350905, 35
1, 1511735, 864005, 647730, 6480132.193188079, 70, 40, 30, 305.3507608519078, 41
1, 1511778, 864048, 647730, 6480401.868148282, 43, 43, 0, 269.6749602031015, 43
1, 1511885, 864085, 647800, 6480743.090293552, 107, 37, 70, 341.2221452697031, 39
51, 1511976, 864126, 647850, 6481070.24935549, 91, 41, 50, 327.1590619387661, 42
1, 1512023, 864173, 647850, 6481346.48240536, 47, 47, 0, 276.2330498695885, 47
1, 1512097, 864207, 647890, 6481655.679614127, 74, 34, 40, 309.1972087668518, 35
51, 1512189, 864249, 647940, 6481983.883715595, 92, 42, 50, 328.20410146824725, 43
1, 1512260, 864290, 647970, 6482290.4620264135, 71, 41, 30, 306.57831081870995, 42
1, 1512292, 864322, 647970, 6482539.703449414, 32, 32, 0, 249.24142300054422, 32
51, 1512412, 864362, 648050, 6482891.878541379, 120, 40, 80, 352.1750919646873, 42
1, 1512496, 864406, 648090, 6483212.518551783, 84, 44, 40, 320.64001040350905, 45
1, 1512539, 864449, 648090, 6483482.193511986, 43, 43, 0, 269.6749602031015, 43
1, 1512579, 864489, 648090, 6483746.6801979225, 40, 40, 0, 264.4866859365871, 40
1, 1512628, 864538, 648090, 6484026.0553290285, 49, 49, 0, 279.3751311064591, 49
51, 1512713, 864573, 648140, 6484346.7923567, 85, 35, 50, 320.73702767108114, 36
1, 1512827, 864617, 648210, 6484694.550344392, 114, 44, 70, 347.75798769167545, 46
1, 1512870, 864660, 648210, 6484964.225304595, 43, 43, 0, 269.6749602031015, 43
1, 1512916, 864706, 648210, 6485238.854373309, 46, 46, 0, 274.6290687140218, 46
51, 1512998, 864738, 648260, 6485556.276043152, 82, 32, 50, 317.42166984345636, 33
1, 1513077, 864777, 648300, 6485871.306793283, 79, 39, 40, 315.03075013013313, 40
1, 1513120, 864820, 648300, 6486140.981753486, 43, 43, 0, 269.6749602031015, 43
1, 1513185, 864855, 648330, 6486440.02290493, 65, 35, 30, 299.04115144336777, 36
51, 1513308, 864888, 648420, 6486793.847476192, 123, 33, 90, 353.8245712617827, 35
1, 1513371, 864921, 648450, 6487090.278800918, 63, 33, 30, 296.43132472612575, 34
1, 1513401, 864951, 648450, 6487335.31353285, 30, 30, 0, 245.0347319320716, 30
1, 1513516, 864996, 648520, 6487683.9857499115, 115, 45, 70, 348.6722170622053, 47
51, 1513610, 865040, 648570, 6488014.259475759, 94, 44, 50, 330.273725847777, 45
1, 1513643, 865073, 648570, 6488265.537648452, 33, 33, 0, 251.27817269284301, 33
1, 1513685, 865115, 648570, 6488533.510637955, 42, 42, 0, 267.97298950218305, 42
1, 1513759, 865159, 648600, 6488843.707846722, 74, 44, 30, 310.1972087668518, 45
51, 1513894, 865204, 648690, 6489207.773656662, 135, 45, 90, 364.06580994024984, 47
1, 1513941, 865251, 648690, 6489484.006706531, 47, 47, 0, 276.2330498695885, 47
1, 1513985, 865295, 648690, 6489755.357664221, 44, 44, 0, 271.35095769013947, 44
1, 1514024, 865334, 648690, 6490018.057604165, 39, 39, 0, 262.6999399439383, 39
1, 1514102, 865372, 648730, 6490331.940390785, 78, 38, 40, 313.8827866200841, 39
51, 1514222, 865412, 648810, 6490684.11548275, 120, 40, 80, 352.1750919646873, 42
1, 1514261, 865451, 648810, 6490946.815422694, 39, 39, 0, 262.6999399439383, 39
1, 1514291, 865481, 648810, 6491191.850154626, 30, 30, 0, 245.0347319320716, 30
1, 1514334, 865524, 648810, 6491461.52511483, 43, 43, 0, 269.6749602031015, 43
1, 1514407, 865557, 648850, 6491769.526393399, 73, 33, 40, 308.00127856917646, 34
51, 1514506, 865606, 648900, 6492104.860607952, 99, 49, 50, 335.33421455299043, 50
1, 1514578, 865648, 648930, 6492412.655670976, 72, 42, 30, 307.79506302439404, 43
1, 1514650, 865680, 648970, 6492719.450734001, 72, 32, 40, 306.79506302439404, 33
51, 1514735, 865715, 649020, 6493040.187761672, 85, 35, 50, 320.73702767108114, 36
1, 1514796, 865746, 649050, 6493333.956000939, 61, 31, 30, 293.7682392671241, 32
1, 1514836, 865786, 649050, 6493598.442686875, 40, 40, 0, 264.4866859365871, 40
51, 1514928, 865828, 649100, 6493926.646788344, 92, 42, 50, 328.20410146824725, 43
1, 1515006, 865866, 649140, 6494240.529574964, 78, 38, 40, 313.8827866200841, 39
1, 1515079, 865909, 649170, 6494549.530853533, 73, 43, 30, 309.00127856917646, 44
1, 1515119, 865949, 649170, 6494814.0175394695, 40, 40, 0, 264.4866859365871, 40
51, 1515203, 865983, 649220, 6495133.657549873, 84, 34, 50, 319.64001040350905, 35
1, 1515241, 866021, 649220, 6495394.539929492, 38, 38, 0, 260.88237961983884, 38
1, 1515321, 866061, 649260, 6495710.709685736, 80, 40, 40, 316.1697562442441, 41
1, 1515381, 866091, 649290, 6496003.125454107, 60, 30, 30, 292.41576837137404, 31
51, 1515463, 866123, 649340, 6496320.547123951, 82, 32, 50, 317.42166984345636, 33
1, 1515501, 866161, 649340, 6496581.42950357, 38, 38, 0, 260.88237961983884, 38
1, 1515541, 866201, 649340, 6496845.916189507, 40, 40, 0, 264.4866859365871, 40
1, 1515619, 866239, 649380, 6497159.798976127, 78, 38, 40, 313.8827866200841, 39
51, 1515701, 866271, 649430, 6497477.220645971, 82, 32, 50, 317.42166984345636, 33
1, 1515764, 866304, 649460, 6497773.651970697, 63, 33, 30, 296.43132472612575, 34
1, 1515800, 866340, 649460, 6498030.800944975, 36, 36, 0, 257.1489742783178, 36
1, 1515860, 866370, 649490, 6498323.216713346, 60, 30, 30, 292.41576837137404, 31
51, 1515987, 866407, 649580, 6498680.516395645, 127, 37, 90, 357.2996822992933, 39
1, 1516028, 866448, 649580, 6498946.760349088, 41, 41, 0, 266.24395344352433, 41
1, 1516104, 866484, 649620, 6499258.319521462, 76, 36, 40, 311.5591723737189, 37
1, 1516141, 866521, 649620, 6499517.352092918, 37, 37, 0, 259.03257145596604, 37
51, 1516232, 866562, 649670, 6499844.5111548565, 91, 41, 50, 327.1590619387661, 42
1, 1516295, 866595, 649700, 6500140.9424795825, 63, 33, 30, 296.43132472612575, 34
1, 1516378, 866638, 649740, 6500460.4774275115, 83, 43, 40, 319.5349479292333, 44
51, 1516466, 866676, 649790, 6500784.458858873, 88, 38, 50, 323.98143136087856, 39
1, 1516505, 866715, 649790, 6501047.158798817, 39, 39, 0, 262.6999399439383, 39
1, 1516567, 866747, 649820, 6501342.265425147, 62, 32, 30, 295.1066263296683, 33
1, 1516602, 866782, 649820, 6501597.495353056, 35, 35, 0, 255.22992790977875, 35
1, 1516686, 866826, 649860, 6501918.13536346, 84, 44, 40, 320.64001040350905, 45
51, 1516775, 866865, 649910, 6502243.183229024, 89, 39, 50, 325.0478655640733, 40
1, 1516823, 866913, 649910, 6502520.998031614, 48, 48, 0, 277.8148025904985, 48
1, 1516888, 866948, 649940, 6502820.039183058, 65, 35, 30, 299.04115144336777, 36
1, 1516930, 866990, 649940, 6503088.01217256, 42, 42, 0, 267.97298950218305, 42
1, 1517016, 867036, 649980, 6503410.838337208, 86, 46, 40, 322.82616464756694, 47
51, 1517137, 867077, 650060, 6503763.900816244, 121, 41, 80, 353.06247903554, 43
1, 1517187, 867127, 650060, 6504044.815611091, 50, 50, 0, 280.9147948472494, 50
1, 1517225, 867165, 650060, 6504305.697990711, 38, 38, 0, 260.88237961983884, 38
1, 1517286, 867196, 650090, 6504599.466229978, 61, 31, 30, 293.7682392671241, 32
51, 1517405, 867225, 650180, 6504949.74962518, 119, 29, 90, 350.28339520229764, 31
1, 1517444, 867264, 650180, 6505212.449565124, 39, 39, 0, 262.6999399439383, 39
1, 1517485, 867305, 650180, 6505478.693518567, 41, 41, 0, 266.24395344352433, 41
1, 1517522, 867342, 650180, 6505737.726090023, 37, 37, 0, 259.03257145596604, 37
1, 1517572, 867392, 650180, 6506018.640884871, 50, 50, 0, 280.9147948472494, 50
51, 1517703, 867443, 650260, 6506380.353213086, 131, 51, 80, 361.7123282155055, 53
1, 1517777, 867477, 650300, 6506689.550421853, 74, 34, 40, 309.1972087668518, 35
1, 1517827, 867527, 650300, 6506970.4652167, 50, 50, 0, 280.9147948472494, 50
1, 1517865, 867565, 650300, 6507231.347596319, 38, 38, 0, 260.88237961983884, 38
51, 1517951, 867601, 650350, 6507553.173760967, 86, 36, 50, 321.82616464756694, 37
1, 1518004, 867654, 650350, 6507838.590548608, 53, 53, 0, 285.4167876408086, 53
1, 1518108, 867688, 650420, 6508176.934235366, 104, 34, 70, 338.343686757474, 36
51, 1518205, 867735, 650470, 6508510.263134638, 97, 47, 50, 333.3288992714996, 48
1, 1518243, 867773, 650470, 6508771.145514257, 38, 38, 0, 260.88237961983884, 38
1, 1518321, 867811, 650510, 6509085.028300878, 78, 38, 40, 313.8827866200841, 39
1, 1518368, 867858, 650510, 6509361.261350747, 47, 47, 0, 276.2330498695885, 47
1, 1518484, 867904, 650580, 6509710.843154239, 116, 46, 70, 349.5818034911291, 48
51, 1518575, 867945, 650630, 6510038.002216177, 91, 41, 50, 327.1590619387661, 42
1, 1518608, 867978, 650630, 6510289.28038887, 33, 33, 0, 251.27817269284301, 33
1, 1518656, 868026, 650630, 6510567.095191461, 48, 48, 0, 277.8148025904985, 48
1, 1518686, 868056, 650630, 6510812.129923393, 30, 30, 0, 245.0347319320716, 30
51, 1518817, 868097, 650720, 6511172.842251608, 131, 41, 90, 360.7123282155055, 43
1, 1518888, 868138, 650750, 6511479.420562427, 71, 41, 30, 306.57831081870995, 42
1, 1518930, 868180, 650750, 6511747.393551929, 42, 42, 0, 267.97298950218305, 42
51, 1519056, 868216, 650840, 6512103.830447813, 126, 36, 90, 356.43689588345075, 38
1, 1519107, 868267, 650840, 6512386.2649595905, 51, 51, 0, 282.43451177837886, 51
1, 1519153, 868313, 650840, 6512660.894028304, 46, 46, 0, 274.6290687140218, 46
51, 1519262, 868342, 650920, 6513003.008659803, 109, 29, 80, 342.114631499574, 31
1, 1519299, 868379, 650920, 6513262.04123126, 37, 37, 0, 259.03257145596604, 37
1, 1519335, 868415, 650920, 6513519.190205538, 36, 36, 0, 257.1489742783178, 36
51, 1519464, 868454, 651010, 6513878.203806029, 129, 39, 90, 359.01360049114555, 41
1, 1519502, 868492, 651010, 6514139.086185648, 38, 38, 0, 260.88237961983884, 38
1, 1519543, 868533, 651010, 6514405.330139091, 41, 41, 0, 266.24395344352433, 41
1, 1519645, 868565, 651080, 6514741.7273218725, 102, 32, 70, 336.39718278112656, 34
51, 1519730, 868600, 651130, 6515062.464349544, 85, 35, 50, 320.73702767108114, 36
1, 1519767, 868637, 651130, 6515321.496921, 37, 37, 0, 259.03257145596604, 37
1, 1519812, 868682, 651130, 6515594.498927412, 45, 45, 0, 273.00200641113514, 45
1, 1519918, 868718, 651200, 6515934.766971021, 106, 36, 70, 340.2680436096278, 38
51, 1520020, 868770, 651250, 6516273.064153802, 102, 52, 50, 338.29718278112654, 53
1, 1520064, 868814, 651250, 6516544.415111491, 44, 44, 0, 271.35095769013947, 44
1, 1520153, 868863, 651290, 6516870.462977055, 89, 49, 40, 326.0478655640733, 50
1, 1520224, 868904, 651320, 6517177.041287874, 71, 41, 30, 306.57831081870995, 42
51, 1520316, 868946, 651370, 6517505.245389342, 92, 42, 50, 328.20410146824725, 43
1, 1520427, 868987, 651440, 6517850.232107383, 111, 41, 70, 344.9867180408456, 43
1, 1520466, 869026, 651440, 6518112.932047327, 39, 39, 0, 262.6999399439383, 39
1, 1520507, 869067, 651440, 6518379.17600077, 41, 41, 0, 266.24395344352433, 41
1, 1520552, 869112, 651440, 6518652.178007182, 45, 45, 0, 273.00200641113514, 45
51, 1520680, 869150, 651530, 6519010.336573283, 128, 38, 90, 358.1585661014858, 40
1, 1520718, 869188, 651530, 6519271.218952903, 38, 38, 0, 260.88237961983884, 38
1, 1520788, 869228, 651560, 6519576.569713755, 70, 40, 30, 305.3507608519078, 41
51, 1520910, 869260, 651650, 6519929.515332309, 122, 32, 90, 352.9456185537469, 34
1, 1520976, 869296, 651680, 6520229.842320586, 66, 36, 30, 300.32698827717985, 37
1, 1521023, 869343, 651680, 6520506.075370455, 47, 47, 0, 276.2330498695885, 47
51, 1521160, 869390, 651770, 6520871.79669266, 137, 47, 90, 365.72132220485213, 49
1, 1521206, 869436, 651770, 6521146.425761374, 46, 46, 0, 274.6290687140218, 46
1, 1521286, 869486, 651800, 6521463.595517618, 80, 50, 30, 317.1697562442441, 51
1, 1521325, 869525, 651800, 6521726.2954575615, 39, 39, 0, 262.6999399439383, 39
1, 1521407, 869567, 651840, 6522044.717127405, 82, 42, 40, 318.42166984345636, 43
51, 1521508, 869618, 651890, 6522382.032515378, 101, 51, 50, 337.31538797227006, 52
1, 1521537, 869647, 651890, 6522624.892094089, 29, 29, 0, 242.8595787106084, 29
1, 1521611, 869681, 651930, 6522934.089302856, 74, 34, 40, 309.1972087668518, 35
1, 1521678, 869718, 651960, 6523235.689858113, 67, 37, 30, 301.6005552576305, 38
51, 1521776, 869766, 652010, 6523570.024486478, 98, 48, 50, 334.33462836457886, 49
1, 1521860, 869810, 652050, 6523890.664496882, 84, 44, 40, 320.64001040350905, 45
1, 1521941, 869861, 652080, 6524208.964496882, 81, 51, 30, 318.3, 52
51, 1522031, 869901, 652130, 6524535.071525706, 90, 40, 50, 326.1070288241023, 41
1, 1522108, 869938, 652170, 6524847.797189472, 77, 37, 40, 312.72566376652986, 38
1, 1522150, 869980, 652170, 6525115.770178975, 42, 42, 0, 267.97298950218305, 42
1, 1522228, 870018, 652210, 6525429.652965595, 78, 38, 40, 313.8827866200841, 39
51, 1522325, 870065, 652260, 6525762.981864867, 97, 47, 50, 333.3288992714996, 48
1, 1522428, 870098, 652330, 6526100.355114922, 103, 33, 70, 337.37325005549695, 35
1, 1522468, 870138, 652330, 6526364.841800858, 40, 40, 0, 264.4866859365871, 40
1, 1522506, 870176, 652330, 6526625.724180478, 38, 38, 0, 260.88237961983884, 38
1, 1522555, 870225, 652330, 6526905.099311584, 49, 49, 0, 279.3751311064591, 49
51, 1522649, 870269, 652380, 6527235.373037431, 94, 44, 50, 330.273725847777, 45
1, 1522730, 870310, 652420, 6527552.673037431, 81, 41, 40, 317.3, 42
1, 1522786, 870336, 652450, 6527839.529517405, 56, 26, 30, 286.8564799734761, 27
51, 1522873, 870373, 652500, 6528162.4370984025, 87, 37, 50, 322.9075809977351, 38
1, 1522922, 870422, 652500, 6528441.8122295085, 49, 49, 0, 279.3751311064591, 49
1, 1522960, 870460, 652500, 6528702.694609128, 38, 38, 0, 260.88237961983884, 38
51, 1523089, 870499, 652590, 6529061.708209619, 129, 39, 90, 359.01360049114555, 41
1, 1523164, 870544, 652620, 6529373.091305257, 75, 45, 30, 311.38309563827124, 46
1, 1523209, 870589, 652620, 6529646.093311668, 45, 45, 0, 273.00200641113514, 45
1, 1523246, 870626, 652620, 6529905.125883125, 37, 37, 0, 259.03257145596604, 37
51, 1523328, 870658, 652670, 6530222.547552968, 82, 32, 50, 317.42166984345636, 33
1, 1523413, 870703, 652710, 6530544.28458064, 85, 45, 40, 321.73702767108114, 46
1, 1523452, 870742, 652710, 6530806.984520583, 39, 39, 0, 262.6999399439383, 39
1, 1523523, 870783, 652740, 6531113.562831402, 71, 41, 30, 306.57831081870995, 42
51, 1523612, 870822, 652790, 6531438.610696966, 89, 39, 50, 325.0478655640733, 40
1, 1523653, 870863, 652790, 6531704.854650409, 41, 41, 0, 266.24395344352433, 41
1, 1523728, 870898, 652830, 6532015.237746047, 75, 35, 40, 310.38309563827124, 36
1, 1523770, 870940, 652830, 6532283.210735549, 42, 42, 0, 267.97298950218305, 42
1, 1523812, 870982, 652830, 6532551.183725052, 42, 42, 0, 267.97298950218305, 42
51, 1523930, 871020, 652910, 6532901.57105022, 118, 38, 80, 350.3873251689181, 40
1, 1523967, 871057, 652910, 6533160.603621677, 37, 37, 0, 259.03257145596604, 37
1, 1524006, 871096, 652910, 6533423.30356162, 39, 39, 0, 262.6999399439383, 39
1, 1524090, 871140, 652950, 6533743.943572024, 84, 44, 40, 320.64001040350905, 45
51, 1524170, 871170, 653000, 6534059.113328268, 80, 30, 50, 315.1697562442441, 31
1, 1524209, 871209, 653000, 6534321.813268212, 39, 39, 0, 262.6999399439383, 39
1, 1524291, 871261, 653030, 6534641.234938055, 82, 52, 30, 319.42166984345636, 53
1, 1524330, 871300, 653030, 6534903.934877999, 39, 39, 0, 262.6999399439383, 39
51, 1524454, 871334, 653120, 6535258.634274547, 124, 34, 90, 354.6993965481514, 36
1, 1524493, 871373, 653120, 6535521.334214491, 39, 39, 0, 262.6999399439383, 39
1, 1524577, 871427, 653150, 6535842.974224894, 84, 54, 30, 321.64001040350905, 55
1, 1524655, 871465, 653190, 6536156.857011515, 78, 38, 40, 313.8827866200841, 39
51, 1524771, 871501, 653270, 6536505.438815006, 116, 36, 80, 348.5818034911291, 38
1, 1524827, 871557, 653270, 6536795.19529498, 56, 56, 0, 289.7564799734761, 56
1, 1524903, 871603, 653300, 6537107.754467353, 76, 46, 30, 312.5591723737189, 47
51, 1525036, 871646, 653390, 6537470.150736394, 133, 43, 90, 362.3962690412072, 45
1, 1525073, 871683, 653390, 6537729.183307851, 37, 37, 0, 259.03257145596604, 37
1, 1525116, 871726, 653390, 6537998.858268054, 43, 43, 0, 269.6749602031015, 43
1, 1525177, 871757, 653420, 6538292.626507321, 61, 31, 30, 293.7682392671241, 32
51, 1525318, 871808, 653510, 6538661.618179987, 141, 51, 90, 368.9916726654594, 53
1, 1525364, 871854, 653510, 6538936.247248701, 46, 46, 0, 274.6290687140218, 46
1, 1525430, 871890, 653540, 6539236.574236978, 66, 36, 30, 300.32698827717985, 37
1, 1525471, 871931, 653540, 6539502.818190421, 41, 41, 0, 266.24395344352433, 41
51, 1525563, 871973, 653590, 6539831.022291889, 92, 42, 50, 328.20410146824725, 43
1, 1525599, 872009, 653590, 6540088.171266167, 36, 36, 0, 257.1489742783178, 36
1, 1525686, 872056, 653630, 6540412.078847165, 87, 47, 40, 323.9075809977351, 48
51, 1525808, 872098, 653710, 6540766.024465719, 122, 42, 80, 353.9456185537469, 44
1, 1525834, 872124, 653710, 6541002.034552154, 26, 26, 0, 236.01008643532256, 26
1, 1525880, 872170, 653710, 6541276.663620868, 46, 46, 0, 274.6290687140218, 46
1, 1525949, 872209, 653740, 6541580.775762578, 69, 39, 30, 304.1121417102006, 40
51, 1526073, 872243, 653830, 6541935.475159125, 124, 34, 90, 354.6993965481514, 36
1, 1526108, 872278, 653830, 6542190.705087035, 35, 35, 0, 255.22992790977875, 35
1, 1526148, 872318, 653830, 6542455.191772971, 40, 40, 0, 264.4866859365871, 40
51, 1526277, 872357, 653920, 6542814.205373462, 129, 39, 90, 359.01360049114555, 41
1, 1526335, 872385, 653950, 6543103.8722755695, 58, 28, 30, 289.66690210718946, 29
1, 1526374, 872424, 653950, 6543366.572215513, 39, 39, 0, 262.6999399439383, 39
1, 1526418, 872468, 653950, 6543637.923173203, 44, 44, 0, 271.35095769013947, 44
1, 1526454, 872504, 653950, 6543895.072147481, 36, 36, 0, 257.1489742783178, 36
51, 1526613, 872543, 654070, 6544275.271009954, 159, 39, 120, 380.1988624723894, 42
1, 1526663, 872593, 654070, 6544556.185804801, 50, 50, 0, 280.9147948472494, 50
1, 1526703, 872633, 654070, 6544820.672490737, 40, 40, 0, 264.4866859365871, 40
1, 1526794, 872684, 654110, 6545148.831552676, 91, 51, 40, 328.1590619387661, 52
51, 1526886, 872726, 654160, 6545477.035654144, 92, 42, 50, 328.20410146824725, 43
1, 1526921, 872761, 654160, 6545732.265582054, 35, 35, 0, 255.22992790977875, 35
1, 1526989, 872799, 654190, 6546035.127753156, 68, 38, 30, 302.86217110259, 39
1, 1527033, 872843, 654190, 6546306.478710846, 44, 44, 0, 271.35095769013947, 44
51, 1527121, 872881, 654240, 6546630.460142207, 88, 38, 50, 323.98143136087856, 39
1, 1527204, 872924, 654280, 6546949.995090136, 83, 43, 40, 319.5349479292333, 44
1, 1527272, 872962, 654310, 6547252.857261239, 68, 38, 30, 302.86217110259, 39
1, 1527313, 873003, 654310, 6547519.101214682, 41, 41, 0, 266.24395344352433, 41
1, 1527350, 873040, 654310, 6547778.133786138, 37, 37, 0, 259.03257145596604, 37
51, 1527475, 873085, 654390, 6548134.703938627, 125, 45, 80, 356.57015248821097, 47
1, 1527511, 873121, 654390, 6548391.852912905, 36, 36, 0, 257.1489742783178, 36
1, 1527596, 873166, 654430, 6548713.589940576, 85, 45, 40, 321.73702767108114, 46
1, 1527631, 873201, 654430, 6548968.819868485, 35, 35, 0, 255.22992790977875, 35
1, 1527702, 873242, 654460, 6549275.398179304, 71, 41, 30, 306.57831081870995, 42
51, 1527829, 873279, 654550, 6549632.697861603, 127, 37, 90, 357.2996822992933, 39
1, 1527862, 873312, 654550, 6549883.976034297, 33, 33, 0, 251.27817269284301, 33
1, 1527899, 873349, 654550, 6550143.008605753, 37, 37, 0, 259.03257145596604, 37
51, 1528023, 873393, 654630, 6550498.708002301, 124, 44, 80, 355.6993965481514, 46
1, 1528058, 873428, 654630, 6550753.9379302105, 35, 35, 0, 255.22992790977875, 35
1, 1528134, 873474, 654660, 6551066.497102584, 76, 46, 30, 312.5591723737189, 47
1, 1528212, 873512, 654700, 6551380.379889204, 78, 38, 40, 313.8827866200841, 39
51, 1528290, 873540, 654750, 6551693.262675825, 78, 28, 50, 312.8827866200841, 29
1, 1528337, 873587, 654750, 6551969.495725694, 47, 47, 0, 276.2330498695885, 47
1, 1528402, 873622, 654780, 6552268.536877138, 65, 35, 30, 299.04115144336777, 36
1, 1528483, 873663, 654820, 6552585.836877137, 81, 41, 40, 317.3, 42
51, 1528578, 873708, 654870, 6552917.1354412725, 95, 45, 50, 331.2985641352145, 46
1, 1528618, 873748, 654870, 6553181.622127209, 40, 40, 0, 264.4866859365871, 40
1, 1528695, 873785, 654910, 6553494.347790975, 77, 37, 40, 312.72566376652986, 38
1, 1528769, 873829, 654940, 6553804.544999742, 74, 44, 30, 310.1972087668518, 45
51, 1528857, 873867, 654990, 6554128.526431103, 88, 38, 50, 323.98143136087856, 39
1, 1528894, 873904, 654990, 6554387.55900256, 37, 37, 0, 259.03257145596604, 37
1, 1528971, 873941, 655030, 6554700.284666326, 77, 37, 40, 312.72566376652986, 38
1, 1529011, 873981, 655030, 6554964.771352262, 40, 40, 0, 264.4866859365871, 40
51, 1529099, 874019, 655080, 6555288.7527836235, 88, 38, 50, 323.98143136087856, 39
1, 1529176, 874066, 655110, 6555602.47844739, 77, 47, 30, 313.72566376652986, 48
1, 1529215, 874105, 655110, 6555865.178387334, 39, 39, 0, 262.6999399439383, 39
51, 1529366, 874136, 655230, 6556239.22375854, 151, 31, 120, 374.04537120670284, 34
1, 1529409, 874179, 655230, 6556508.898718744, 43, 43, 0, 269.6749602031015, 43
1, 1529457, 874227, 655230, 6556786.713521334, 48, 48, 0, 277.8148025904985, 48
1, 1529499, 874269, 655230, 6557054.686510837, 42, 42, 0, 267.97298950218305, 42
1, 1529546, 874316, 655230, 6557330.919560706, 47, 47, 0, 276.2330498695885, 47
51, 1529678, 874358, 655320, 6557692.475683133, 132, 42, 90, 361.55612242701943, 44
1, 1529743, 874393, 655350, 6557991.516834577, 65, 35, 30, 299.04115144336777, 36
1, 1529774, 874424, 655350, 6558238.677940753, 31, 31, 0, 247.1611061770567, 31
1, 1529813, 874463, 655350, 6558501.377880697, 39, 39, 0, 262.6999399439383, 39
51, 1529910, 874510, 655400, 6558834.706779969, 97, 47, 50, 333.3288992714996, 48
1, 1530015, 874545, 655470, 6559174.015367263, 105, 35, 70, 339.30858729436795, 37
1, 1530048, 874578, 655470, 6559425.293539956, 33, 33, 0, 251.27817269284301, 33
1, 1530111, 874611, 655500, 6559721.724864682, 63, 33, 30, 296.43132472612575, 34
51, 1530205, 874655, 655550, 6560051.99859053, 94, 44, 50, 330.273725847777, 45
1, 1530270, 874690, 655580, 6560351.039741973, 65, 35, 30, 299.04115144336777, 36
1, 1530351, 874731, 655620, 6560668.339741973, 81, 41, 40, 317.3, 42
1, 1530386, 874766, 655620, 6560923.569669883, 35, 35, 0, 255.22992790977875, 35
1, 1530433, 874813, 655620, 6561199.802719752, 47, 47, 0, 276.2330498695885, 47
51, 1530528, 874858, 655670, 6561531.101283887, 95, 45, 50, 331.2985641352145, 46
1, 1530593, 874893, 655700, 6561830.142435331, 65, 35, 30, 299.04115144336777, 36
1, 1530676, 874936, 655740, 6562149.67738326, 83, 43, 40, 319.5349479292333, 44
51, 1530767, 874977, 655790, 6562476.836445198, 91, 41, 50, 327.1590619387661, 42
1, 1530800, 875010, 655790, 6562728.114617892, 33, 33, 0, 251.27817269284301, 33
1, 1530863, 875043, 655820, 6563024.545942618, 63, 33, 30, 296.43132472612575, 34
1, 1530946, 875086, 655860, 6563344.080890547, 83, 43, 40, 319.5349479292333, 44
51, 1531039, 875129, 655910, 6563673.323170453, 93, 43, 50, 329.24227990714814, 44
1, 1531078, 875168, 655910, 6563936.023110397, 39, 39, 0, 262.6999399439383, 39
1, 1531186, 875206, 655980, 6564278.1940899445, 108, 38, 70, 342.1709795470626, 40
1, 1531234, 875254, 655980, 6564556.008892535, 48, 48, 0, 277.8148025904985, 48
51, 1531362, 875302, 656060, 6564915.167458637, 128, 48, 80, 359.1585661014858, 50
1, 1531402, 875342, 656060, 6565179.654144573, 40, 40, 0, 264.4866859365871, 40
1, 1531465, 875375, 656090, 6565476.085469299, 63, 33, 30, 296.43132472612575, 34
1, 1531549, 875419, 656130, 6565796.725479702, 84, 44, 40, 320.64001040350905, 45
51, 1531634, 875454, 656180, 6566117.462507374, 85, 35, 50, 320.73702767108114, 36
1, 1531697, 875487, 656210, 6566413.8938321, 63, 33, 30, 296.43132472612575, 34
1, 1531742, 875532, 656210, 6566686.895838511, 45, 45, 0, 273.00200641113514, 45
1, 1531780, 875570, 656210, 6566947.778218131, 38, 38, 0, 260.88237961983884, 38
1, 1531848, 875608, 656240, 6567250.640389233, 68, 38, 30, 302.86217110259, 39
51, 1531986, 875656, 656330, 6567617.184318785, 138, 48, 90, 366.54392955194305, 50
1, 1532033, 875703, 656330, 6567893.417368654, 47, 47, 0, 276.2330498695885, 47
1, 1532075, 875745, 656330, 6568161.3903581565, 42, 42, 0, 267.97298950218305, 42
1, 1532143, 875783, 656360, 6568464.252529259, 68, 38, 30, 302.86217110259, 39
51, 1532239, 875829, 656410, 6568796.569445274, 96, 46, 50, 332.31691601465747, 47
1, 1532349, 875869, 656480, 6569140.62262932, 110, 40, 70, 344.0531840464366, 42
1, 1532402, 875922, 656480, 6569426.039416961, 53, 53, 0, 285.4167876408086, 53
1, 1532447, 875967, 656480, 6569699.041423373, 45, 45, 0, 273.00200641113514, 45
51, 1532538, 876008, 656530, 6570026.200485311, 91, 41, 50, 327.1590619387661, 42
1, 1532606, 876046, 656560, 6570329.062656414, 68, 38, 30, 302.86217110259, 39
1, 1532690, 876090, 656600, 6570649.702666817, 84, 44, 40, 320.64001040350905, 45
1, 1532753, 876123, 656630, 6570946.133991543, 63, 33, 30, 296.43132472612575, 34
51, 1532846, 876166, 656680, 6571275.37627145, 93, 43, 50, 329.24227990714814, 44
1, 1532876, 876196, 656680, 6571520.411003382, 30, 30, 0, 245.0347319320716, 30
1, 1532920, 876240, 656680, 6571791.761961072, 44, 44, 0, 271.35095769013947, 44
1, 1533044, 876294, 656750, 6572148.46135762, 124, 54, 70, 356.6993965481514, 56
51, 1533132, 876332, 656800, 6572472.442788981, 88, 38, 50, 323.98143136087856, 39
1, 1533180, 876380, 656800, 6572750.257591572, 48, 48, 0, 277.8148025904985, 48
1, 1533214, 876414, 656800, 6573003.5312318485, 34, 34, 0, 253.2736402766418, 34
1, 1533286, 876456, 656830, 6573311.326294873, 72, 42, 30, 307.79506302439404, 43
1, 1533360, 876490, 656870, 6573620.52350364, 74, 34, 40, 309.1972087668518, 35
51, 1533483, 876533, 656950, 6573975.348074902, 123, 43, 80, 354.8245712617827, 45
1, 1533536, 876586, 656950, 6574260.764862543, 53, 53, 0, 285.4167876408086, 53
1, 1533614, 876624, 656990, 6574574.647649163, 78, 38, 40, 313.8827866200841, 39
1, 1533683, 876663, 657020, 6574878.759790873, 69, 39, 30, 304.1121417102006, 40
51, 1533776, 876706, 657070, 6575208.00207078, 93, 43, 50, 329.24227990714814, 44
1, 1533853, 876743, 657110, 6575520.727734546, 77, 37, 40, 312.72566376652986, 38
1, 1533887, 876777, 657110, 6575774.001374823, 34, 34, 0, 253.2736402766418, 34
1, 1533953, 876813, 657140, 6576074.3283631, 66, 36, 30, 300.32698827717985, 37
51, 1534049, 876859, 657190, 6576406.645279115, 96, 46, 50, 332.31691601465747, 47
1, 1534087, 876897, 657190, 6576667.5276587345, 38, 38, 0, 260.88237961983884, 38
1, 1534128, 876938, 657190, 6576933.771612178, 41, 41, 0, 266.24395344352433, 41
1, 1534204, 876974, 657230, 6577245.330784551, 76, 36, 40, 311.5591723737189, 37
51, 1534285, 877005, 657280, 6577561.630784551, 81, 31, 50, 316.3, 32
1, 1534353, 877043, 657310, 6577864.492955653, 68, 38, 30, 302.86217110259, 39
1, 1534432, 877082, 657350, 6578179.523705783, 79, 39, 40, 315.03075013013313, 40
51, 1534516, 877116, 657400, 6578499.163716187, 84, 34, 50, 319.64001040350905, 35
1, 1534555, 877155, 657400, 6578761.863656131, 39, 39, 0, 262.6999399439383, 39
1, 1534604, 877204, 657400, 6579041.238787237, 49, 49, 0, 279.3751311064591, 49
51, 1534738, 877248, 657490, 6579404.471603155, 134, 44, 90, 363.23281591860336, 46
1, 1534814, 877294, 657520, 6579717.030775528, 76, 46, 30, 312.5591723737189, 47
1, 1534856, 877336, 657520, 6579985.003765031, 42, 42, 0, 267.97298950218305, 42
51, 1534935, 877365, 657570, 6580299.034515161, 79, 29, 50, 314.03075013013313, 30
1, 1534963, 877393, 657570, 6580539.6671785405, 28, 28, 0, 240.63266337912057, 28
1, 1535001, 877431, 657570, 6580800.54955816, 38, 38, 0, 260.88237961983884, 38
1, 1535081, 877471, 657610, 6581116.719314404, 80, 40, 40, 316.1697562442441, 41
1, 1535150, 877510, 657640, 6581420.831456114, 69, 39, 30, 304.1121417102006, 40
51, 1535236, 877546, 657690, 6581742.657620762, 86, 36, 50, 321.82616464756694, 37
1, 1535278, 877588, 657690, 6582010.630610264, 42, 42, 0, 267.97298950218305, 42
1, 1535350, 877620, 657730, 6582317.425673288, 72, 32, 40, 306.79506302439404, 33
1, 1535417, 877657, 657760, 6582619.026228546, 67, 37, 30, 301.6005552576305, 38
51, 1535548, 877698, 657850, 6582979.738556761, 131, 41, 90, 360.7123282155055, 43
1, 1535590, 877740, 657850, 6583247.711546264, 42, 42, 0, 267.97298950218305, 42
1, 1535628, 877778, 657850, 6583508.593925883, 38, 38, 0, 260.88237961983884, 38
51, 1535710, 877810, 657900, 6583826.015595727, 82, 32, 50, 317.42166984345636, 33
1, 1535820, 877850, 657970, 6584170.068779773, 110, 40, 70, 344.0531840464366, 42
1, 1535850, 877880, 657970, 6584415.103511705, 30, 30, 0, 245.0347319320716, 30
1, 1535888, 877918, 657970, 6584675.9858913245, 38, 38, 0, 260.88237961983884, 38
51, 1535977, 877957, 658020, 6585001.0337568885, 89, 39, 50, 325.0478655640733, 40
1, 1536041, 877991, 658050, 6585298.776469363, 64, 34, 30, 297.742712474619, 35
1, 1536080, 878030, 658050, 6585561.476409307, 39, 39, 0, 262.6999399439383, 39
1, 1536184, 878064, 658120, 6585899.820096064, 104, 34, 70, 338.343686757474, 36
51, 1536272, 878102, 658170, 6586223.801527426, 88, 38, 50, 323.98143136087856, 39
1, 1536314, 878144, 658170, 6586491.774516928, 42, 42, 0, 267.97298950218305, 42
1, 1536362, 878192, 658170, 6586769.589319519, 48, 48, 0, 277.8148025904985, 48
1, 1536469, 878229, 658240, 6587110.811464788, 107, 37, 70, 341.2221452697031, 39
1, 1536503, 878263, 658240, 6587364.085105065, 34, 34, 0, 253.2736402766418, 34
51, 1536613, 878293, 658320, 6587707.138289112, 110, 30, 80, 343.0531840464366, 32
1, 1536704, 878344, 658360, 6588035.29735105, 91, 51, 40, 328.1590619387661, 52
1, 1536746, 878386, 658360, 6588303.270340553, 42, 42, 0, 267.97298950218305, 42
1, 1536786, 878426, 658360, 6588567.757026489, 40, 40, 0, 264.4866859365871, 40
51, 1536874, 878464, 658410, 6588891.73845785, 88, 38, 50, 323.98143136087856, 39
1, 1536908, 878498, 658410, 6589145.012098127, 34, 34, 0, 253.2736402766418, 34
1, 1536975, 878535, 658440, 6589446.612653385, 67, 37, 30, 301.6005552576305, 38
51, 1537114, 878584, 658530, 6589813.975815686, 139, 49, 90, 367.36316230125203, 51
1, 1537159, 878629, 658530, 6590086.977822098, 45, 45, 0, 273.00200641113514, 45
1, 1537205, 878675, 658530, 6590361.606890812, 46, 46, 0, 274.6290687140218, 46
1, 1537236, 878706, 658530, 6590608.767996988, 31, 31, 0, 247.1611061770567, 31
51, 1537322, 878742, 658580, 6590930.594161636, 86, 36, 50, 321.82616464756694, 37
1, 1537404, 878794, 658610, 6591250.01583148, 82, 52, 30, 319.42166984345636, 53
1, 1537492, 878842, 658650, 6591574.997262841, 88, 48, 40, 324.98143136087856, 49
1, 1537535, 878885, 658650, 6591844.672223045, 43, 43, 0, 269.6749602031015, 43
51, 1537629, 878929, 658700, 6592174.945948892, 94, 44, 50, 330.273725847777, 45
1, 1537663, 878963, 658700, 6592428.219589169, 34, 34, 0, 253.2736402766418, 34
1, 1537772, 879002, 658770, 6592771.334220668, 109, 39, 70, 343.114631499574, 41
51, 1537868, 879048, 658820, 6593103.651136683, 96, 46, 50, 332.31691601465747, 47
1, 1537906, 879086, 658820, 6593364.533516303, 38, 38, 0, 260.88237961983884, 38
1, 1538015, 879125, 658890, 6593707.648147802, 109, 39, 70, 343.114631499574, 41
1, 1538054, 879164, 658890, 6593970.348087746, 39, 39, 0, 262.6999399439383, 39
1, 1538126, 879206, 658920, 6594278.14315077, 72, 42, 30, 307.79506302439404, 43
51, 1538215, 879245, 658970, 6594603.191016334, 89, 39, 50, 325.0478655640733, 40
1, 1538307, 879297, 659010, 6594932.395117803, 92, 52, 40, 329.20410146824725, 53
1, 1538345, 879335, 659010, 6595193.277497422, 38, 38, 0, 260.88237961983884, 38
1, 1538404, 879364, 659040, 6595484.32629767, 59, 29, 30, 291.0488002476036, 30
1, 1538445, 879405, 659040, 6595750.570251113, 41, 41, 0, 266.24395344352433, 41
51, 1538533, 879443, 659090, 6596074.551682474, 88, 38, 50, 323.98143136087856, 39
1, 1538565, 879475, 659090, 6596323.793105475, 32, 32, 0, 249.24142300054422, 32
1, 1538672, 879512, 659160, 6596665.015250744, 107, 37, 70, 341.2221452697031, 39
51, 1538768, 879558, 659210, 6596997.332166759, 96, 46, 50, 332.31691601465747, 47
1, 1538801, 879591, 659210, 6597248.6103394525, 33, 33, 0, 251.27817269284301, 33
1, 1538853, 879643, 659210, 6597532.54530088, 52, 52, 0, 283.93496142826496, 52
1, 1538962, 879682, 659280, 6597875.65993238, 109, 39, 70, 343.114631499574, 41
51, 1539055, 879725, 659330, 6598204.902212286, 93, 43, 50, 329.24227990714814, 44
1, 1539084, 879754, 659330, 6598447.761790997, 29, 29, 0, 242.8595787106084, 29
1, 1539148, 879788, 659360, 6598745.504503472, 64, 34, 30, 297.742712474619, 35
1, 1539185, 879825, 659360, 6599004.537074928, 37, 37, 0, 259.03257145596604, 37
51, 1539314, 879864, 659450, 6599363.550675419, 129, 39, 90, 359.01360049114555, 41
1, 1539389, 879909, 659480, 6599674.933771057, 75, 45, 30, 311.38309563827124, 46
1, 1539427, 879947, 659480, 6599935.816150676, 38, 38, 0, 260.88237961983884, 38
1, 1539506, 879986, 659520, 6600250.846900807, 79, 39, 40, 315.03075013013313, 40
1, 1539546, 880026, 659520, 6600515.333586743, 40, 40, 0, 264.4866859365871, 40
51, 1539640, 880070, 659570, 6600845.607312591, 94, 44, 50, 330.273725847777, 45
1, 1539680, 880110, 659570, 6601110.093998527, 40, 40, 0, 264.4866859365871, 40
1, 1539783, 880143, 659640, 6601447.467248582, 103, 33, 70, 337.37325005549695, 35
51, 1539882, 880192, 659690, 6601782.8014631355, 99, 49, 50, 335.33421455299043, 50
1, 1539921, 880231, 659690, 6602045.501403079, 39, 39, 0, 262.6999399439383, 39
1, 1539970, 880280, 659690, 6602324.876534185, 49, 49, 0, 279.3751311064591, 49
1, 1540015, 880325, 659690, 6602597.878540597, 45, 45, 0, 273.00200641113514, 45
51, 1540181, 880371, 659810, 6602983.322808231, 166, 46, 120, 385.4442676339201, 49
1, 1540227, 880417, 659810, 6603257.951876945, 46, 46, 0, 274.6290687140218, 46
1, 1540276, 880466, 659810, 6603537.327008051, 49, 49, 0, 279.3751311064591, 49
1, 1540320, 880510, 659810, 6603808.677965741, 44, 44, 0, 271.35095769013947, 44
51, 1540469, 880539, 659930, 6604181.156780435, 149, 29, 120, 372.4788146945047, 32
1, 1540507, 880577, 659930, 6604442.039160054, 38, 38, 0, 260.88237961983884, 38
1, 1540626, 880626, 660000, 6604794.322555256, 119, 49, 70, 352.28339520229764, 51
1, 1540670, 880670, 660000, 6605065.673512946, 44, 44, 0, 271.35095769013947, 44
51, 1540769, 880719, 660050, 6605401.007727499, 99, 49, 50, 335.33421455299043, 50
1, 1540834, 880754, 660080, 6605700.048878943, 65, 35, 30, 299.04115144336777, 36
1, 1540891, 880811, 660080, 6605991.218499448, 57, 57, 0, 291.1696205054472, 57
1, 1540938, 880858, 660080, 6606267.451549318, 47, 47, 0, 276.2330498695885, 47
1, 1541062, 880912, 660150, 6606624.150945866, 124, 54, 70, 356.6993965481514, 56
51, 1541152, 880952, 660200, 6606950.25797469, 90, 40, 50, 326.1070288241023, 41
1, 1541195, 880995, 660200, 6607219.932934893, 43, 43, 0, 269.6749602031015, 43
1, 1541306, 881036, 660270, 6607564.919652934, 111, 41, 70, 344.9867180408456, 43
1, 1541347, 881077, 660270, 6607831.163606377, 41, 41, 0, 266.24395344352433, 41
51, 1541440, 881120, 660320, 6608160.405886284, 93, 43, 50, 329.24227990714814, 44
1, 1541511, 881161, 660350, 6608466.9841971025, 71, 41, 30, 306.57831081870995, 42
1, 1541551, 881201, 660350, 6608731.470883039, 40, 40, 0, 264.4866859365871, 40
1, 1541597, 881247, 660350, 6609006.099951752, 46, 46, 0, 274.6290687140218, 46
51, 1541750, 881280, 660470, 6609381.700348068, 153, 33, 120, 375.6003963155711, 36
1, 1541793, 881323, 660470, 6609651.3753082715, 43, 43, 0, 269.6749602031015, 43
1, 1541838, 881368, 660470, 6609924.377314683, 45, 45, 0, 273.00200641113514, 45
1, 1541912, 881412, 660500, 6610234.57452345, 74, 44, 30, 310.1972087668518, 45
51, 1542047, 881457, 660590, 6610598.64033339, 135, 45, 90, 364.06580994024984, 47
1, 1542113, 881493, 660620, 6610898.967321667, 66, 36, 30, 300.32698827717985, 37
1, 1542156, 881536, 660620, 6611168.64228187, 43, 43, 0, 269.6749602031015, 43
1, 1542235, 881575, 660660, 6611483.673032001, 79, 39, 40, 315.03075013013313, 40
51, 1542346, 881606, 660740, 6611827.659750042, 111, 31, 80, 343.9867180408456, 33
1, 1542387, 881647, 660740, 6612093.903703485, 41, 41, 0, 266.24395344352433, 41
1, 1542473, 881693, 660780, 6612416.729868133, 86, 46, 40, 322.82616464756694, 47
51, 1542565, 881735, 660830, 6612744.933969601, 92, 42, 50, 328.20410146824725, 43
1, 1542598, 881768, 660830, 6612996.212142294, 33, 33, 0, 251.27817269284301, 33
1, 1542674, 881804, 660870, 6613307.771314668, 76, 36, 40, 311.5591723737189, 37
51, 1542797, 881847, 660950, 6613662.59588593, 123, 43, 80, 354.8245712617827, 45
1, 1542833, 881883, 660950, 6613919.744860208, 36, 36, 0, 257.1489742783178, 36
1, 1542871, 881921, 660950, 6614180.627239827, 38, 38, 0, 260.88237961983884, 38
1, 1542945, 881965, 660980, 6614490.824448594, 74, 44, 30, 310.1972087668518, 45
1, 1542986, 882006, 660980, 6614757.068402037, 41, 41, 0, 266.24395344352433, 41
51, 1543115, 882045, 661070, 6615116.082002528, 129, 39, 90, 359.01360049114555, 41
1, 1543160, 882090, 661070, 6615389.08400894, 45, 45, 0, 273.00200641113514, 45
1, 1543199, 882129, 661070, 6615651.783948883, 39, 39, 0, 262.6999399439383, 39
1, 1543279, 882169, 661110, 6615967.953705127, 80, 40, 40, 316.1697562442441, 41
51, 1543402, 882212, 661190, 6616322.778276389, 123, 43, 80, 354.8245712617827, 45
1, 1543490, 882260, 661230, 6616647.759707751, 88, 48, 40, 324.98143136087856, 49
1, 1543557, 882297, 661260, 6616949.360263009, 67, 37, 30, 301.6005552576305, 38
51, 1543649, 882339, 661310, 6617277.564364477, 92, 42, 50, 328.20410146824725, 43
1, 1543695, 882385, 661310, 6617552.193433191, 46, 46, 0, 274.6290687140218, 46
1, 1543776, 882426, 661350, 6617869.4934331905, 81, 41, 40, 317.3, 42
1, 1543812, 882462, 661350, 6618126.6424074685, 36, 36, 0, 257.1489742783178, 36
51, 1543902, 882502, 661400, 6618452.749436293, 90, 40, 50, 326.1070288241023, 41
1, 1544016, 882546, 661470, 6618800.507423985, 114, 44, 70, 347.75798769167545, 46
1, 1544066, 882596, 661470, 6619081.422218832, 50, 50, 0, 280.9147948472494, 50
51, 1544148, 882628, 661520, 6619398.843888676, 82, 32, 50, 317.42166984345636, 33
1, 1544217, 882667, 661550, 6619702.956030386, 69, 39, 30, 304.1121417102006, 40
1, 1544250, 882700, 661550, 6619954.234203079, 33, 33, 0, 251.27817269284301, 33
51, 1544380, 882740, 661640, 6620314.099040617, 130, 40, 90, 359.86483753851803, 42
1, 1544456, 882786, 661670, 6620626.6582129905, 76, 46, 30, 312.5591723737189, 47
1, 1544501, 882831, 661670, 6620899.660219402, 45, 45, 0, 273.00200641113514, 45
1, 1544579, 882869, 661710, 6621213.543006022, 78, 38, 40, 313.8827866200841, 39
1, 1544627, 882917, 661710, 6621491.357808613, 48, 48, 0, 277.8148025904985, 48
51, 1544720, 882960, 661760, 6621820.60008852, 93, 43, 50, 329.24227990714814, 44
1, 1544771, 883011, 661760, 6622103.034600298, 51, 51, 0, 282.43451177837886, 51
1, 1544885, 883055, 661830, 6622450.79258799, 114, 44, 70, 347.75798769167545, 46
1, 1544921, 883091, 661830, 6622707.941562268, 36, 36, 0, 257.1489742783178, 36
51, 1545036, 883126, 661910, 6623055.61377933, 115, 35, 80, 347.6722170622053, 37
1, 1545108, 883158, 661950, 6623362.408842354, 72, 32, 40, 306.79506302439404, 33
1, 1545142, 883192, 661950, 6623615.682482631, 34, 34, 0, 253.2736402766418, 34
51, 1545236, 883236, 662000, 6623945.956208479, 94, 44, 50, 330.273725847777, 45
1, 1545282, 883282, 662000, 6624220.585277192, 46, 46, 0, 274.6290687140218, 46
1, 1545323, 883323, 662000, 6624486.829230635, 41, 41, 0, 266.24395344352433, 41
1, 1545399, 883369, 662030, 6624799.388403009, 76, 46, 30, 312.5591723737189, 47
1, 1545477, 883407, 662070, 6625113.271189629, 78, 38, 40, 313.8827866200841, 39
51, 1545574, 883454, 662120, 6625446.600088901, 97, 47, 50, 333.3288992714996, 48
1, 1545614, 883494, 662120, 6625711.086774837, 40, 40, 0, 264.4866859365871, 40
1, 1545725, 883535, 662190, 6626056.073492878, 111, 41, 70, 344.9867180408456, 43
1, 1545757, 883567, 662190, 6626305.314915879, 32, 32, 0, 249.24142300054422, 32
1, 1545799, 883609, 662190, 6626573.287905381, 42, 42, 0, 267.97298950218305, 42
51, 1545893, 883653, 662240, 6626903.561631229, 94, 44, 50, 330.273725847777, 45
1, 1545972, 883692, 662280, 6627218.592381359, 79, 39, 40, 315.03075013013313, 40
1, 1546012, 883732, 662280, 6627483.079067295, 40, 40, 0, 264.4866859365871, 40
1, 1546083, 883773, 662310, 6627789.657378114, 71, 41, 30, 306.57831081870995, 42
51, 1546168, 883808, 662360, 6628110.394405785, 85, 35, 50, 320.73702767108114, 36
1, 1546251, 883851, 662400, 6628429.929353714, 83, 43, 40, 319.5349479292333, 44
1, 1546292, 883892, 662400, 6628696.173307157, 41, 41, 0, 266.24395344352433, 41
1, 1546364, 883934, 662430, 6629003.9683701815, 72, 42, 30, 307.79506302439404, 43
1, 1546401, 883971, 662430, 6629263.000941638, 37, 37, 0, 259.03257145596604, 37
51, 1546554, 884004, 662550, 6629638.6013379535, 153, 33, 120, 375.6003963155711, 36
1, 1546589, 884039, 662550, 6629893.831265863, 35, 35, 0, 255.22992790977875, 35
1, 1546628, 884078, 662550, 6630156.531205807, 39, 39, 0, 262.6999399439383, 39
1, 1546701, 884121, 662580, 6630465.532484376, 73, 43, 30, 309.00127856917646, 44
1, 1546780, 884160, 662620, 6630780.563234506, 79, 39, 40, 315.03075013013313, 40
51, 1546901, 884201, 662700, 6631133.625713542, 121, 41, 80, 353.06247903554, 43
1, 1546942, 884242, 662700, 6631399.869666985, 41, 41, 0, 266.24395344352433, 41
1, 1546973, 884273, 662700, 6631647.030773162, 31, 31, 0, 247.1611061770567, 31
51, 1547060, 884310, 662750, 6631969.93835416, 87, 37, 50, 322.9075809977351, 38
1, 1547132, 884352, 662780, 6632277.733417184, 72, 42, 30, 307.79506302439404, 43
1, 1547215, 884395, 662820, 6632597.268365113, 83, 43, 40, 319.5349479292333, 44
1, 1547281, 884431, 662850, 6632897.59535339, 66, 36, 30, 300.32698827717985, 37
51, 1547372, 884472, 662900, 6633224.754415329, 91, 41, 50, 327.1590619387661, 42
1, 1547409, 884509, 662900, 6633483.786986785, 37, 37, 0, 259.03257145596604, 37
1, 1547492, 884552, 662940, 6633803.321934714, 83, 43, 40, 319.5349479292333, 44
1, 1547570, 884600, 662970, 6634118.204721334, 78, 48, 30, 314.8827866200841, 49
51, 1547664, 884644, 663020, 6634448.478447182, 94, 44, 50, 330.273725847777, 45
1, 1547709, 884689, 663020, 6634721.480453594, 45, 45, 0, 273.00200641113514, 45
1, 1547797, 884737, 663060, 6635046.461884955, 88, 48, 40, 324.98143136087856, 49
1, 1547867, 884777, 663090, 6635351.812645807, 70, 40, 30, 305.3507608519078, 41
51, 1547955, 884815, 663140, 6635675.794077168, 88, 38, 50, 323.98143136087856, 39
1, 1548029, 884849, 663180, 6635984.991285935, 74, 34, 40, 309.1972087668518, 35
1, 1548072, 884892, 663180, 6636254.6662461385, 43, 43, 0, 269.6749602031015, 43
1, 1548115, 884935, 663180, 6636524.341206342, 43, 43, 0, 269.6749602031015, 43
51, 1548268, 884968, 663300, 6636899.941602658, 153, 33, 120, 375.6003963155711, 36
1, 1548311, 885011, 663300, 6637169.616562861, 43, 43, 0, 269.6749602031015, 43
1, 1548389, 885059, 663330, 6637484.499349481, 78, 48, 30, 314.8827866200841, 49
1, 1548434, 885104, 663330, 6637757.501355893, 45, 45, 0, 273.00200641113514, 45
1, 1548472, 885142, 663330, 6638018.383735512, 38, 38, 0, 260.88237961983884, 38
51, 1548555, 885175, 663380, 6638336.918683441, 83, 33, 50, 318.5349479292333, 34
1, 1548662, 885212, 663450, 6638678.140828711, 107, 37, 70, 341.2221452697031, 39
1, 1548704, 885254, 663450, 6638946.113818213, 42, 42, 0, 267.97298950218305, 42
1, 1548734, 885284, 663450, 6639191.148550145, 30, 30, 0, 245.0347319320716, 30
51, 1548826, 885326, 663500, 6639519.352651614, 92, 42, 50, 328.20410146824725, 43
1, 1548894, 885364, 663530, 6639822.214822716, 68, 38, 30, 302.86217110259, 39
1, 1548971, 885401, 663570, 6640134.940486482, 77, 37, 40, 312.72566376652986, 38
51, 1549098, 885448, 663650, 6640493.240168782, 127, 47, 80, 358.2996822992933, 49
1, 1549139, 885489, 663650, 6640759.484122225, 41, 41, 0, 266.24395344352433, 41
1, 1549218, 885528, 663690, 6641074.514872355, 79, 39, 40, 315.03075013013313, 40
1, 1549259, 885569, 663690, 6641340.7588257985, 41, 41, 0, 266.24395344352433, 41
51, 1549355, 885615, 663740, 6641673.0757418135, 96, 46, 50, 332.31691601465747, 47
1, 1549397, 885657, 663740, 6641941.048731316, 42, 42, 0, 267.97298950218305, 42
1, 1549466, 885696, 663770, 6642245.160873026, 69, 39, 30, 304.1121417102006, 40
1, 1549547, 885737, 663810, 6642562.4608730255, 81, 41, 40, 317.3, 42
1, 1549588, 885778, 663810, 6642828.704826469, 41, 41, 0, 266.24395344352433, 41
51, 1549676, 885816, 663860, 6643152.68625783, 88, 38, 50, 323.98143136087856, 39
1, 1549719, 885859, 663860, 6643422.361218033, 43, 43, 0, 269.6749602031015, 43
1, 1549759, 885899, 663860, 6643686.84790397, 40, 40, 0, 264.4866859365871, 40
1, 1549884, 885954, 663930, 6644044.418056458, 125, 55, 70, 357.57015248821097, 57
51, 1549962, 885982, 663980, 6644357.300843079, 78, 28, 50, 312.8827866200841, 29
1, 1549997, 886017, 663980, 6644612.530770988, 35, 35, 0, 255.22992790977875, 35
1, 1550039, 886059, 663980, 6644880.503760491, 42, 42, 0, 267.97298950218305, 42
1, 1550124, 886104, 664020, 6645202.240788162, 85, 45, 40, 321.73702767108114, 46
51, 1550215, 886145, 664070, 6645529.3998501, 91, 41, 50, 327.1590619387661, 42
1, 1550284, 886184, 664100, 6645833.51199181, 69, 39, 30, 304.1121417102006, 40
1, 1550328, 886228, 664100, 6646104.8629495, 44, 44, 0, 271.35095769013947, 44
1, 1550437, 886267, 664170, 6646447.977580999, 109, 39, 70, 343.114631499574, 41
51, 1550534, 886314, 664220, 6646781.306480271, 97, 47, 50, 333.3288992714996, 48
1, 1550611, 886351, 664260, 6647094.032144037, 77, 37, 40, 312.72566376652986, 38
1, 1550688, 886398, 664290, 6647407.757807803, 77, 47, 30, 313.72566376652986, 48
1, 1550766, 886436, 664330, 6647721.640594424, 78, 38, 40, 313.8827866200841, 39
51, 1550861, 886481, 664380, 6648052.939158559, 95, 45, 50, 331.2985641352145, 46
1, 1550901, 886521, 664380, 6648317.425844495, 40, 40, 0, 264.4866859365871, 40
1, 1550946, 886566, 664380, 6648590.427850907, 45, 45, 0, 273.00200641113514, 45
1, 1551026, 886616, 664410, 6648907.597607151, 80, 50, 30, 317.1697562442441, 51
1, 1551108, 886658, 664450, 6649226.019276994, 82, 42, 40, 318.42166984345636, 43
51, 1551192, 886692, 664500, 6649545.659287398, 84, 34, 50, 319.64001040350905, 35
1, 1551252, 886722, 664530, 6649838.075055769, 60, 30, 30, 292.41576837137404, 31
1, 1551286, 886756, 664530, 6650091.348696046, 34, 34, 0, 253.2736402766418, 34
1, 1551333, 886803, 664530, 6650367.581745915, 47, 47, 0, 276.2330498695885, 47
51, 1551501, 886851, 664650, 6650754.502320283, 168, 48, 120, 386.9205743678508, 51
1, 1551543, 886893, 664650, 6651022.475309785, 42, 42, 0, 267.97298950218305, 42
1, 1551585, 886935, 664650, 6651290.448299288, 42, 42, 0, 267.97298950218305, 42
51, 1551704, 886974, 664730, 6651641.73169449, 119, 39, 80, 351.28339520229764, 41
1, 1551783, 887013, 664770, 6651956.76244462, 79, 39, 40, 315.03075013013313, 40
1, 1551823, 887053, 664770, 6652221.249130556, 40, 40, 0, 264.4866859365871, 40
1, 1551864, 887094, 664770, 6652487.4930839995, 41, 41, 0, 266.24395344352433, 41
1, 1551970, 887130, 664840, 6652827.761127609, 106, 36, 70, 340.2680436096278, 38
51, 1552071, 887181, 664890, 6653165.076515581, 101, 51, 50, 337.31538797227006, 52
1, 1552117, 887227, 664890, 6653439.705584295, 46, 46, 0, 274.6290687140218, 46
1, 1552236, 887276, 664960, 6653791.988979497, 119, 49, 70, 352.28339520229764, 51
1, 1552277, 887317, 664960, 6654058.23293294, 41, 41, 0, 266.24395344352433, 41
51, 1552375, 887365, 665010, 6654392.567561305, 98, 48, 50, 334.33462836457886, 49
1, 1552459, 887409, 665050, 6654713.207571709, 84, 44, 40, 320.64001040350905, 45
1, 1552501, 887451, 665050, 6654981.180561211, 42, 42, 0, 267.97298950218305, 42
1, 1552571, 887491, 665080, 6655286.531322063, 70, 40, 30, 305.3507608519078, 41
51, 1552703, 887533, 665170, 6655648.08744449, 132, 42, 90, 361.55612242701943, 44
1, 1552741, 887571, 665170, 6655908.969824109, 38, 38, 0, 260.88237961983884, 38
1, 1552776, 887606, 665170, 6656164.199752019, 35, 35, 0, 255.22992790977875, 35
1, 1552820, 887650, 665170, 6656435.550709709, 44, 44, 0, 271.35095769013947, 44
1, 1552865, 887695, 665170, 6656708.55271612, 45, 45, 0, 273.00200641113514, 45
51, 1552979, 887729, 665250, 6657055.310703812, 114, 34, 80, 346.75798769167545, 36
1, 1553053, 887763, 665290, 6657364.507912579, 74, 34, 40, 309.1972087668518, 35
1, 1553086, 887796, 665290, 6657615.786085272, 33, 33, 0, 251.27817269284301, 33
1, 1553131, 887841, 665290, 6657888.788091684, 45, 45, 0, 273.00200641113514, 45
1, 1553217, 887887, 665330, 6658211.614256332, 86, 46, 40, 322.82616464756694, 47
51, 1553329, 887919, 665410, 6658556.529568671, 112, 32, 80, 344.91531233955715, 34
1, 1553371, 887961, 665410, 6658824.502558174, 42, 42, 0, 267.97298950218305, 42
1, 1553403, 887993, 665410, 6659073.743981174, 32, 32, 0, 249.24142300054422, 32
1, 1553477, 888027, 665450, 6659382.941189941, 74, 34, 40, 309.1972087668518, 35
1, 1553508, 888058, 665450, 6659630.102296118, 31, 31, 0, 247.1611061770567, 31
51, 1553594, 888094, 665500, 6659951.928460766, 86, 36, 50, 321.82616464756694, 37
1, 1553703, 888133, 665570, 6660295.043092265, 109, 39, 70, 343.114631499574, 41
1, 1553746, 888176, 665570, 6660564.718052468, 43, 43, 0, 269.6749602031015, 43
1, 1553791, 888221, 665570, 6660837.72005888, 45, 45, 0, 273.00200641113514, 45
51, 1553920, 888260, 665660, 6661196.733659371, 129, 39, 90, 359.01360049114555, 41
1, 1553984, 888294, 665690, 6661494.476371845, 64, 34, 30, 297.742712474619, 35
1, 1554031, 888341, 665690, 6661770.709421715, 47, 47, 0, 276.2330498695885, 47
1, 1554069, 888379, 665690, 6662031.591801334, 38, 38, 0, 260.88237961983884, 38
51, 1554185, 888415, 665770, 6662380.1736048255, 116, 36, 80, 348.5818034911291, 38
1, 1554267, 888457, 665810, 6662698.595274669, 82, 42, 40, 318.42166984345636, 43
1, 1554311, 888501, 665810, 6662969.946232359, 44, 44, 0, 271.35095769013947, 44
1, 1554346, 888536, 665810, 6663225.1761602685, 35, 35, 0, 255.22992790977875, 35
51, 1554503, 888573, 665930, 6663603.853053386, 157, 37, 120, 378.67689311792185, 40
1, 1554540, 888610, 665930, 6663862.885624843, 37, 37, 0, 259.03257145596604, 37
1, 1554583, 888653, 665930, 6664132.560585046, 43, 43, 0, 269.6749602031015, 43
1, 1554623, 888693, 665930, 6664397.0472709825, 40, 40, 0, 264.4866859365871, 40
1, 1554659, 888729, 665930, 6664654.196245261, 36, 36, 0, 257.1489742783178, 36
51, 1554815, 888765, 666050, 6665032.108129566, 156, 36, 120, 377.9118843049396, 39
1, 1554860, 888810, 666050, 6665305.110135977, 45, 45, 0, 273.00200641113514, 45
1, 1554899, 888849, 666050, 6665567.810075921, 39, 39, 0, 262.6999399439383, 39
1, 1554942, 888892, 666050, 6665837.4850361245, 43, 43, 0, 269.6749602031015, 43
1, 1554983, 888933, 666050, 6666103.728989568, 41, 41, 0, 266.24395344352433, 41
51, 1555137, 888967, 666170, 6666480.102656566, 154, 34, 120, 376.37366699756114, 37
1, 1555171, 889001, 666170, 6666733.3762968425, 34, 34, 0, 253.2736402766418, 34
1, 1555210, 889040, 666170, 6666996.076236786, 39, 39, 0, 262.6999399439383, 39
1, 1555295, 889085, 666210, 6667317.8132644575, 85, 45, 40, 321.73702767108114, 46
51, 1555403, 889143, 666260, 6667661.884244004, 108, 58, 50, 344.07097954706256, 59
1, 1555477, 889187, 666290, 6667972.081452771, 74, 44, 30, 310.1972087668518, 45
1, 1555566, 889236, 666330, 6668298.129318335, 89, 49, 40, 326.0478655640733, 50
1, 1555600, 889270, 666330, 6668551.402958612, 34, 34, 0, 253.2736402766418, 34
1, 1555644, 889314, 666330, 6668822.753916302, 44, 44, 0, 271.35095769013947, 44
51, 1555782, 889362, 666420, 6669189.2978458535, 138, 48, 90, 366.54392955194305, 50
1, 1555852, 889402, 666450, 6669494.6486067055, 70, 40, 30, 305.3507608519078, 41
1, 1555889, 889439, 666450, 6669753.681178162, 37, 37, 0, 259.03257145596604, 37
1, 1555928, 889478, 666450, 6670016.381118106, 39, 39, 0, 262.6999399439383, 39
1, 1555970, 889520, 666450, 6670284.354107608, 42, 42, 0, 267.97298950218305, 42
51, 1556121, 889551, 666570, 6670658.399478815, 151, 31, 120, 374.04537120670284, 34
1, 1556151, 889581, 666570, 6670903.434210747, 30, 30, 0, 245.0347319320716, 30
1, 1556194, 889624, 666570, 6671173.10917095, 43, 43, 0, 269.6749602031015, 43
1, 1556260, 889660, 666600, 6671473.436159227, 66, 36, 30, 300.32698827717985, 37
1, 1556297, 889697, 666600, 6671732.468730683, 37, 37, 0, 259.03257145596604, 37
51, 1556406, 889726, 666680, 6672074.583362183, 109, 29, 80, 342.114631499574, 31
1, 1556487, 889767, 666720, 6672391.883362182, 81, 41, 40, 317.3, 42
1, 1556530, 889810, 666720, 6672661.558322386, 43, 43, 0, 269.6749602031015, 43
1, 1556567, 889847, 666720, 6672920.590893842, 37, 37, 0, 259.03257145596604, 37
51, 1556650, 889880, 666770, 6673239.125841771, 83, 33, 50, 318.5349479292333, 34
1, 1556760, 889920, 666840, 6673583.179025818, 110, 40, 70, 344.0531840464366, 42
1, 1556800, 889960, 666840, 6673847.665711754, 40, 40, 0, 264.4866859365871, 40
1, 1556869, 889999, 666870, 6674151.777853464, 69, 39, 30, 304.1121417102006, 40
1, 1556912, 890042, 666870, 6674421.452813667, 43, 43, 0, 269.6749602031015, 43
51, 1557036, 890076, 666960, 6674776.152210215, 124, 34, 90, 354.6993965481514, 36
1, 1557082, 890122, 666960, 6675050.781278929, 46, 46, 0, 274.6290687140218, 46
1, 1557190, 890160, 667030, 6675392.952258476, 108, 38, 70, 342.1709795470626, 40
51, 1557272, 890192, 667080, 6675710.37392832, 82, 32, 50, 317.42166984345636, 33
1, 1557352, 890232, 667120, 6676026.543684564, 80, 40, 40, 316.1697562442441, 41
1, 1557396, 890276, 667120, 6676297.894642253, 44, 44, 0, 271.35095769013947, 44
51, 1557477, 890307, 667170, 6676614.194642253, 81, 31, 50, 316.3, 32
1, 1557564, 890354, 667210, 6676938.102223251, 87, 47, 40, 323.9075809977351, 48
1, 1557632, 890392, 667240, 6677240.964394353, 68, 38, 30, 302.86217110259, 39
1, 1557677, 890437, 667240, 6677513.966400765, 45, 45, 0, 273.00200641113514, 45
51, 1557767, 890477, 667290, 6677840.073429589, 90, 40, 50, 326.1070288241023, 41
1, 1557819, 890529, 667290, 6678124.008391017, 52, 52, 0, 283.93496142826496, 52
1, 1557890, 890570, 667320, 6678430.5867018355, 71, 41, 30, 306.57831081870995, 42
1, 1557970, 890610, 667360, 6678746.756458079, 80, 40, 40, 316.1697562442441, 41
51, 1558056, 890646, 667410, 6679068.582622727, 86, 36, 50, 321.82616464756694, 37
1, 1558092, 890682, 667410, 6679325.731597005, 36, 36, 0, 257.1489742783178, 36
1, 1558164, 890724, 667440, 6679633.52666003, 72, 42, 30, 307.79506302439404, 43
1, 1558214, 890774, 667440, 6679914.441454877, 50, 50, 0, 280.9147948472494, 50
51, 1558327, 890807, 667520, 6680260.280498747, 113, 33, 80, 345.83904386951343, 35
1, 1558403, 890843, 667560, 6680571.83967112, 76, 36, 40, 311.5591723737189, 37
1, 1558479, 890889, 667590, 6680884.398843493, 76, 46, 30, 312.5591723737189, 47
1, 1558521, 890931, 667590, 6681152.371832996, 42, 42, 0, 267.97298950218305, 42
1, 1558561, 890971, 667590, 6681416.858518932, 40, 40, 0, 264.4866859365871, 40
51, 1558728, 891018, 667710, 6681803.042148369, 167, 47, 120, 386.1836294370035, 50
1, 1558762, 891052, 667710, 6682056.315788646, 34, 34, 0, 253.2736402766418, 34
1, 1558800, 891090, 667710, 6682317.198168266, 38, 38, 0, 260.88237961983884, 38
1, 1558848, 891138, 667710, 6682595.012970856, 48, 48, 0, 277.8148025904985, 48
1, 1558888, 891178, 667710, 6682859.499656793, 40, 40, 0, 264.4866859365871, 40
51, 1559004, 891214, 667790, 6683208.081460284, 116, 36, 80, 348.5818034911291, 38
1, 1559084, 891254, 667830, 6683524.251216528, 80, 40, 40, 316.1697562442441, 41
1, 1559129, 891299, 667830, 6683797.25322294, 45, 45, 0, 273.00200641113514, 45
51, 1559222, 891342, 667880, 6684126.495502846, 93, 43, 50, 329.24227990714814, 44
1, 1559262, 891382, 667880, 6684390.982188783, 40, 40, 0, 264.4866859365871, 40
1, 1559368, 891418, 667950, 6684731.250232392, 106, 36, 70, 340.2680436096278, 38
1, 1559407, 891457, 667950, 6684993.950172336, 39, 39, 0, 262.6999399439383, 39
1, 1559457, 891507, 667950, 6685274.864967183, 50, 50, 0, 280.9147948472494, 50
51, 1559578, 891548, 668030, 6685627.927446219, 121, 41, 80, 353.06247903554, 43
1, 1559612, 891582, 668030, 6685881.201086496, 34, 34, 0, 253.2736402766418, 34
1, 1559702, 891632, 668070, 6686208.30811532, 90, 50, 40, 327.1070288241023, 51
1, 1559743, 891673, 668070, 6686474.552068763, 41, 41, 0, 266.24395344352433, 41
1, 1559787, 891717, 668070, 6686745.903026453, 44, 44, 0, 271.35095769013947, 44
51, 1559911, 891751, 668160, 6687100.602423001, 124, 34, 90, 354.6993965481514, 36
1, 1559975, 891785, 668190, 6687398.3451354755, 64, 34, 30, 297.742712474619, 35
1, 1560057, 891827, 668230, 6687716.766805319, 82, 42, 40, 318.42166984345636, 43
1, 1560102, 891872, 668230, 6687989.768811731, 45, 45, 0, 273.00200641113514, 45
51, 1560230, 891920, 668310, 6688348.927377832, 128, 48, 80, 359.1585661014858, 50
1, 1560270, 891960, 668310, 6688613.414063768, 40, 40, 0, 264.4866859365871, 40
1, 1560312, 892002, 668310, 6688881.387053271, 42, 42, 0, 267.97298950218305, 42
1, 1560380, 892030, 668350, 6689183.249224373, 68, 28, 40, 301.86217110259, 29
1, 1560413, 892063, 668350, 6689434.527397066, 33, 33, 0, 251.27817269284301, 33
51, 1560578, 892108, 668470, 6689819.229860488, 165, 45, 120, 384.7024634215721, 48
1, 1560609, 892139, 668470, 6690066.390966665, 31, 31, 0, 247.1611061770567, 31
1, 1560676, 892176, 668500, 6690367.991521923, 67, 37, 30, 301.6005552576305, 38
51, 1560802, 892212, 668590, 6690724.4284178065, 126, 36, 90, 356.43689588345075, 38
1, 1560841, 892251, 668590, 6690987.12835775, 39, 39, 0, 262.6999399439383, 39
1, 1560878, 892288, 668590, 6691246.160929207, 37, 37, 0, 259.03257145596604, 37
1, 1560924, 892334, 668590, 6691520.78999792, 46, 46, 0, 274.6290687140218, 46
51, 1561062, 892382, 668680, 6691887.333927472, 138, 48, 90, 366.54392955194305, 50
1, 1561130, 892420, 668710, 6692190.196098574, 68, 38, 30, 302.86217110259, 39
1, 1561173, 892463, 668710, 6692459.871058778, 43, 43, 0, 269.6749602031015, 43
51, 1561263, 892503, 668760, 6692785.978087602, 90, 40, 50, 326.1070288241023, 41
1, 1561309, 892549, 668760, 6693060.607156316, 46, 46, 0, 274.6290687140218, 46
1, 1561380, 892590, 668790, 6693367.185467134, 71, 41, 30, 306.57831081870995, 42
1, 1561451, 892621, 668830, 6693672.763777953, 71, 31, 40, 305.57831081870995, 32
1, 1561487, 892657, 668830, 6693929.912752231, 36, 36, 0, 257.1489742783178, 36
51, 1561573, 892693, 668880, 6694251.738916879, 86, 36, 50, 321.82616464756694, 37
1, 1561658, 892738, 668920, 6694573.47594455, 85, 45, 40, 321.73702767108114, 46
1, 1561701, 892781, 668920, 6694843.150904753, 43, 43, 0, 269.6749602031015, 43
51, 1561815, 892815, 669000, 6695189.908892445, 114, 34, 80, 346.75798769167545, 36
1, 1561892, 892852, 669040, 6695502.6345562115, 77, 37, 40, 312.72566376652986, 38
1, 1561959, 892889, 669070, 6695804.235111469, 67, 37, 30, 301.6005552576305, 38
1, 1561994, 892924, 669070, 6696059.465039379, 35, 35, 0, 255.22992790977875, 35
51, 1562079, 892959, 669120, 6696380.20206705, 85, 35, 50, 320.73702767108114, 36
1, 1562124, 893004, 669120, 6696653.204073462, 45, 45, 0, 273.00200641113514, 45
1, 1562207, 893047, 669160, 6696972.739021391, 83, 43, 40, 319.5349479292333, 44
1, 1562241, 893081, 669160, 6697226.012661668, 34, 34, 0, 253.2736402766418, 34
51, 1562363, 893123, 669240, 6697579.958280222, 122, 42, 80, 353.9456185537469, 44
1, 1562440, 893160, 669280, 6697892.683943988, 77, 37, 40, 312.72566376652986, 38
1, 1562476, 893196, 669280, 6698149.832918266, 36, 36, 0, 257.1489742783178, 36
51, 1562574, 893244, 669330, 6698484.167546631, 98, 48, 50, 334.33462836457886, 49
1, 1562611, 893281, 669330, 6698743.200118087, 37, 37, 0, 259.03257145596604, 37
1, 1562679, 893319, 669360, 6699046.06228919, 68, 38, 30, 302.86217110259, 39
1, 1562763, 893363, 669400, 6699366.702299593, 84, 44, 40, 320.64001040350905, 45
51, 1562852, 893402, 669450, 6699691.750165157, 89, 39, 50, 325.0478655640733, 40
1, 1562927, 893447, 669480, 6700003.133260795, 75, 45, 30, 311.38309563827124, 46
1, 1562960, 893480, 669480, 6700254.411433488, 33, 33, 0, 251.27817269284301, 33
51, 1563046, 893516, 669530, 6700576.237598136, 86, 36, 50, 321.82616464756694, 37
1, 1563155, 893555, 669600, 6700919.352229635, 109, 39, 70, 343.114631499574, 41
1, 1563196, 893596, 669600, 6701185.596183078, 41, 41, 0, 266.24395344352433, 41
1, 1563273, 893633, 669640, 6701498.321846845, 77, 37, 40, 312.72566376652986, 38
51, 1563368, 893678, 669690, 6701829.62041098, 95, 45, 50, 331.2985641352145, 46
1, 1563411, 893721, 669690, 6702099.295371183, 43, 43, 0, 269.6749602031015, 43
1, 1563483, 893763, 669720, 6702407.090434208, 72, 42, 30, 307.79506302439404, 43
51, 1563580, 893810, 669770, 6702740.419333479, 97, 47, 50, 333.3288992714996, 48
1, 1563628, 893858, 669770, 6703018.23413607, 48, 48, 0, 277.8148025904985, 48
1, 1563732, 893892, 669840, 6703356.577822828, 104, 34, 70, 338.343686757474, 36
1, 1563774, 893934, 669840, 6703624.55081233, 42, 42, 0, 267.97298950218305, 42
51, 1563894, 893974, 669920, 6703976.725904295, 120, 40, 80, 352.1750919646873, 42
1, 1563934, 894014, 669920, 6704241.212590232, 40, 40, 0, 264.4866859365871, 40
1, 1563972, 894052, 669920, 6704502.094969851, 38, 38, 0, 260.88237961983884, 38
51, 1564106, 894096, 670010, 6704865.3277857695, 134, 44, 90, 363.23281591860336, 46
1, 1564144, 894134, 670010, 6705126.210165389, 38, 38, 0, 260.88237961983884, 38
1, 1564221, 894181, 670040, 6705439.935829155, 77, 47, 30, 313.72566376652986, 48
1, 1564259, 894219, 670040, 6705700.818208775, 38, 38, 0, 260.88237961983884, 38
51, 1564382, 894252, 670130, 6706054.642780037, 123, 33, 90, 353.8245712617827, 35
1, 1564422, 894292, 670130, 6706319.129465973, 40, 40, 0, 264.4866859365871, 40
1, 1564494, 894334, 670160, 6706626.924528997, 72, 42, 30, 307.79506302439404, 43
1, 1564527, 894367, 670160, 6706878.202701691, 33, 33, 0, 251.27817269284301, 33
1, 1564613, 894413, 670200, 6707201.028866339, 86, 46, 40, 322.82616464756694, 47
51, 1564702, 894452, 670250, 6707526.076731903, 89, 39, 50, 325.0478655640733, 40
1, 1564778, 894498, 670280, 6707838.635904276, 76, 46, 30, 312.5591723737189, 47
1, 1564863, 894543, 670320, 6708160.372931947, 85, 45, 40, 321.73702767108114, 46
1, 1564900, 894580, 670320, 6708419.405503403, 37, 37, 0, 259.03257145596604, 37
1, 1564933, 894613, 670320, 6708670.683676097, 33, 33, 0, 251.27817269284301, 33
51, 1565022, 894652, 670370, 6708995.731541661, 89, 39, 50, 325.0478655640733, 40
1, 1565089, 894689, 670400, 6709297.3320969185, 67, 37, 30, 301.6005552576305, 38
1, 1565173, 894733, 670440, 6709617.972107322, 84, 44, 40, 320.64001040350905, 45
1, 1565240, 894770, 670470, 6709919.57266258, 67, 37, 30, 301.6005552576305, 38
1, 1565273, 894803, 670470, 6710170.850835273, 33, 33, 0, 251.27817269284301, 33
51, 1565389, 894839, 670550, 6710519.432638764, 116, 36, 80, 348.5818034911291, 38
1, 1565478, 894888, 670590, 6710845.480504328, 89, 49, 40, 326.0478655640733, 50
1, 1565514, 894924, 670590, 6711102.629478606, 36, 36, 0, 257.1489742783178, 36
51, 1565642, 894962, 670680, 6711460.788044708, 128, 38, 90, 358.1585661014858, 40
1, 1565716, 895006, 670710, 6711770.985253475, 74, 44, 30, 310.1972087668518, 45
1, 1565750, 895040, 670710, 6712024.258893752, 34, 34, 0, 253.2736402766418, 34
1, 1565785, 895075, 670710, 6712279.488821661, 35, 35, 0, 255.22992790977875, 35
51, 1565905, 895115, 670790, 6712631.663913626, 120, 40, 80, 352.1750919646873, 42
1, 1565941, 895151, 670790, 6712888.812887904, 36, 36, 0, 257.1489742783178, 36
1, 1566023, 895193, 670830, 6713207.234557748, 82, 42, 40, 318.42166984345636, 43
1, 1566071, 895241, 670830, 6713485.049360339, 48, 48, 0, 277.8148025904985, 48
1, 1566187, 895287, 670900, 6713834.63116383, 116, 46, 70, 349.5818034911291, 48
51, 1566274, 895324, 670950, 6714157.538744828, 87, 37, 50, 322.9075809977351, 38
1, 1566317, 895367, 670950, 6714427.213705031, 43, 43, 0, 269.6749602031015, 43
1, 1566400, 895410, 670990, 6714746.74865296, 83, 43, 40, 319.5349479292333, 44
1, 1566474, 895454, 671020, 6715056.945861727, 74, 44, 30, 310.1972087668518, 45
51, 1566599, 895489, 671110, 6715412.516014216, 125, 35, 90, 355.57015248821097, 37
1, 1566643, 895533, 671110, 6715683.866971905, 44, 44, 0, 271.35095769013947, 44
1, 1566683, 895573, 671110, 6715948.353657842, 40, 40, 0, 264.4866859365871, 40
1, 1566727, 895617, 671110, 6716219.7046155315, 44, 44, 0, 271.35095769013947, 44
1, 1566762, 895652, 671110, 6716474.934543441, 35, 35, 0, 255.22992790977875, 35
51, 1566889, 895699, 671190, 6716833.234225741, 127, 47, 80, 358.2996822992933, 49
1, 1566968, 895738, 671230, 6717148.264975871, 79, 39, 40, 315.03075013013313, 40
1, 1567006, 895776, 671230, 6717409.14735549, 38, 38, 0, 260.88237961983884, 38
1, 1567078, 895818, 671260, 6717716.942418515, 72, 42, 30, 307.79506302439404, 43
1, 1567118, 895858, 671260, 6717981.429104451, 40, 40, 0, 264.4866859365871, 40
51, 1567199, 895889, 671310, 6718297.729104451, 81, 31, 50, 316.3, 32
1, 1567271, 895921, 671350, 6718604.524167475, 72, 32, 40, 306.79506302439404, 33
1, 1567313, 895963, 671350, 6718872.497156978, 42, 42, 0, 267.97298950218305, 42
51, 1567399, 895999, 671400, 6719194.323321626, 86, 36, 50, 321.82616464756694, 37
1, 1567476, 896046, 671430, 6719508.048985392, 77, 47, 30, 313.72566376652986, 48
1, 1567508, 896078, 671430, 6719757.290408392, 32, 32, 0, 249.24142300054422, 32
1, 1567545, 896115, 671430, 6720016.322979849, 37, 37, 0, 259.03257145596604, 37
1, 1567627, 896157, 671470, 6720334.744649692, 82, 42, 40, 318.42166984345636, 43
51, 1567746, 896196, 671550, 6720686.028044894, 119, 39, 80, 351.28339520229764, 41
1, 1567789, 896239, 671550, 6720955.703005098, 43, 43, 0, 269.6749602031015, 43
1, 1567826, 896276, 671550, 6721214.735576554, 37, 37, 0, 259.03257145596604, 37
51, 1567952, 896322, 671630, 6721572.172472438, 126, 46, 80, 357.43689588345075, 48
1, 1567996, 896366, 671630, 6721843.523430128, 44, 44, 0, 271.35095769013947, 44
1, 1568113, 896413, 671700, 6722194.010246926, 117, 47, 70, 350.4868167986058, 49
1, 1568150, 896450, 671700, 6722453.042818382, 37, 37, 0, 259.03257145596604, 37
1, 1568196, 896496, 671700, 6722727.671887096, 46, 46, 0, 274.6290687140218, 46
51, 1568283, 896533, 671750, 6723050.579468094, 87, 37, 50, 322.9075809977351, 38
1, 1568327, 896577, 671750, 6723321.930425784, 44, 44, 0, 271.35095769013947, 44
1, 1568410, 896620, 671790, 6723641.465373713, 83, 43, 40, 319.5349479292333, 44
1, 1568471, 896651, 671820, 6723935.23361298, 61, 31, 30, 293.7682392671241, 32
1, 1568557, 896697, 671860, 6724258.059777628, 86, 46, 40, 322.82616464756694, 47
51, 1568642, 896732, 671910, 6724578.796805299, 85, 35, 50, 320.73702767108114, 36
1, 1568682, 896772, 671910, 6724843.283491235, 40, 40, 0, 264.4866859365871, 40
1, 1568797, 896817, 671980, 6725191.955708297, 115, 45, 70, 348.6722170622053, 47
51, 1568883, 896853, 672030, 6725513.781872945, 86, 36, 50, 321.82616464756694, 37
1, 1568926, 896896, 672030, 6725783.456833148, 43, 43, 0, 269.6749602031015, 43
1, 1568968, 896938, 672030, 6726051.429822651, 42, 42, 0, 267.97298950218305, 42
1, 1569059, 896989, 672070, 6726379.588884589, 91, 51, 40, 328.1590619387661, 52
51, 1569151, 897031, 672120, 6726707.792986058, 92, 42, 50, 328.20410146824725, 43
1, 1569222, 897072, 672150, 6727014.371296876, 71, 41, 30, 306.57831081870995, 42
1, 1569261, 897111, 672150, 6727277.07123682, 39, 39, 0, 262.6999399439383, 39
1, 1569373, 897153, 672220, 6727622.9865491595, 112, 42, 70, 345.91531233955715, 44
51, 1569466, 897196, 672270, 6727952.228829066, 93, 43, 50, 329.24227990714814, 44
1, 1569508, 897238, 672270, 6728220.201818569, 42, 42, 0, 267.97298950218305, 42
1, 1569552, 897282, 672270, 6728491.552776258, 44, 44, 0, 271.35095769013947, 44
1, 1569591, 897321, 672270, 6728754.252716202, 39, 39, 0, 262.6999399439383, 39
1, 1569703, 897363, 672340, 6729100.168028542, 112, 42, 70, 345.91531233955715, 44
51, 1569791, 897401, 672390, 6729424.149459903, 88, 38, 50, 323.98143136087856, 39
1, 1569876, 897456, 672420, 6729746.886487574, 85, 55, 30, 322.73702767108114, 56
1, 1569913, 897493, 672420, 6730005.919059031, 37, 37, 0, 259.03257145596604, 37
51, 1570009, 897539, 672470, 6730338.235975046, 96, 46, 50, 332.31691601465747, 47
1, 1570044, 897574, 672470, 6730593.465902955, 35, 35, 0, 255.22992790977875, 35
1, 1570118, 897608, 672510, 6730902.663111722, 74, 34, 40, 309.1972087668518, 35
1, 1570175, 897635, 672540, 6731190.932732227, 57, 27, 30, 288.2696205054472, 28
1, 1570214, 897674, 672540, 6731453.632672171, 39, 39, 0, 262.6999399439383, 39
51, 1570339, 897709, 672630, 6731809.20282466, 125, 35, 90, 355.57015248821097, 37
1, 1570404, 897744, 672660, 6732108.243976103, 65, 35, 30, 299.04115144336777, 36
1, 1570448, 897788, 672660, 6732379.594933793, 44, 44, 0, 271.35095769013947, 44
1, 1570532, 897832, 672700, 6732700.234944196, 84, 44, 40, 320.64001040350905, 45
51, 1570642, 897862, 672780, 6733043.288128243, 110, 30, 80, 343.0531840464366, 32
1, 1570680, 897900, 672780, 6733304.170507862, 38, 38, 0, 260.88237961983884, 38
1, 1570767, 897947, 672820, 6733628.07808886, 87, 47, 40, 323.9075809977351, 48
1, 1570808, 897988, 672820, 6733894.322042303, 41, 41, 0, 266.24395344352433, 41
51, 1570896, 898026, 672870, 6734218.303473664, 88, 38, 50, 323.98143136087856, 39
1, 1570968, 898068, 672900, 6734526.098536689, 72, 42, 30, 307.79506302439404, 43
1, 1571007, 898107, 672900, 6734788.798476633, 39, 39, 0, 262.6999399439383, 39
51, 1571133, 898143, 672990, 6735145.235372516, 126, 36, 90, 356.43689588345075, 38
1, 1571171, 898181, 672990, 6735406.117752136, 38, 38, 0, 260.88237961983884, 38
1, 1571244, 898224, 673020, 6735715.119030705, 73, 43, 30, 309.00127856917646, 44
51, 1571337, 898267, 673070, 6736044.3613106115, 93, 43, 50, 329.24227990714814, 44
1, 1571414, 898304, 673110, 6736357.086974378, 77, 37, 40, 312.72566376652986, 38
1, 1571445, 898335, 673110, 6736604.248080554, 31, 31, 0, 247.1611061770567, 31
1, 1571519, 898369, 673150, 6736913.445289321, 74, 34, 40, 309.1972087668518, 35
51, 1571616, 898416, 673200, 6737246.774188593, 97, 47, 50, 333.3288992714996, 48
1, 1571674, 898444, 673230, 6737536.4410907, 58, 28, 30, 289.66690210718946, 29
1, 1571708, 898478, 673230, 6737789.714730977, 34, 34, 0, 253.2736402766418, 34
1, 1571756, 898526, 673230, 6738067.529533568, 48, 48, 0, 277.8148025904985, 48
51, 1571926, 898576, 673350, 6738455.916847252, 170, 50, 120, 388.38731368472776, 53
1, 1571958, 898608, 673350, 6738705.158270253, 32, 32, 0, 249.24142300054422, 32
1, 1571996, 898646, 673350, 6738966.040649872, 38, 38, 0, 260.88237961983884, 38
51, 1572087, 898687, 673400, 6739293.199711811, 91, 41, 50, 327.1590619387661, 42
1, 1572133, 898733, 673400, 6739567.828780524, 46, 46, 0, 274.6290687140218, 46
1, 1572240, 898770, 673470, 6739909.050925794, 107, 37, 70, 341.2221452697031, 39
1, 1572275, 898805, 673470, 6740164.280853704, 35, 35, 0, 255.22992790977875, 35
1, 1572320, 898850, 673470, 6740437.282860115, 45, 45, 0, 273.00200641113514, 45
51, 1572399, 898879, 673520, 6740751.3136102455, 79, 29, 50, 314.03075013013313, 30
1, 1572434, 898914, 673520, 6741006.543538155, 35, 35, 0, 255.22992790977875, 35
1, 1572533, 898943, 673590, 6741339.977752708, 99, 29, 70, 333.43421455299045, 31
1, 1572580, 898990, 673590, 6741616.210802577, 47, 47, 0, 276.2330498695885, 47
51, 1572698, 899028, 673670, 6741966.598127746, 118, 38, 80, 350.3873251689181, 40
1, 1572731, 899061, 673670, 6742217.876300439, 33, 33, 0, 251.27817269284301, 33
1, 1572775, 899105, 673670, 6742489.227258129, 44, 44, 0, 271.35095769013947, 44
51, 1572932, 899142, 673790, 6742867.904151247, 157, 37, 120, 378.67689311792185, 40
1, 1572966, 899176, 673790, 6743121.177791524, 34, 34, 0, 253.2736402766418, 34
1, 1573010, 899220, 673790, 6743392.528749214, 44, 44, 0, 271.35095769013947, 44
1, 1573092, 899262, 673830, 6743710.950419057, 82, 42, 40, 318.42166984345636, 43
51, 1573193, 899313, 673880, 6744048.26580703, 101, 51, 50, 337.31538797227006, 52
1, 1573272, 899362, 673910, 6744364.29655716, 79, 49, 30, 316.03075013013313, 50
1, 1573359, 899409, 673950, 6744688.204138158, 87, 47, 40, 323.9075809977351, 48
51, 1573444, 899444, 674000, 6745008.941165829, 85, 35, 50, 320.73702767108114, 36
1, 1573512, 899482, 674030, 6745311.803336931, 68, 38, 30, 302.86217110259, 39
1, 1573583, 899513, 674070, 6745617.38164775, 71, 31, 40, 305.57831081870995, 32
1, 1573618, 899548, 674070, 6745872.611575659, 35, 35, 0, 255.22992790977875, 35
51, 1573749, 899589, 674160, 6746233.3239038745, 131, 41, 90, 360.7123282155055, 43
1, 1573819, 899629, 674190, 6746538.6746647265, 70, 40, 30, 305.3507608519078, 41
1, 1573858, 899668, 674190, 6746801.37460467, 39, 39, 0, 262.6999399439383, 39
1, 1573955, 899725, 674230, 6747135.703503942, 97, 57, 40, 334.3288992714996, 58
1, 1574003, 899773, 674230, 6747413.518306533, 48, 48, 0, 277.8148025904985, 48
51, 1574101, 899821, 674280, 6747747.852934898, 98, 48, 50, 334.33462836457886, 49
1, 1574167, 899857, 674310, 6748048.179923175, 66, 36, 30, 300.32698827717985, 37
1, 1574254, 899904, 674350, 6748372.087504173, 87, 47, 40, 323.9075809977351, 48
51, 1574382, 899952, 674430, 6748731.246070274, 128, 48, 80, 359.1585661014858, 50
1, 1574426, 899996, 674430, 6749002.597027964, 44, 44, 0, 271.35095769013947, 44
1, 1574513, 900043, 674470, 6749326.504608962, 87, 47, 40, 323.9075809977351, 48
1, 1574562, 900092, 674470, 6749605.879740068, 49, 49, 0, 279.3751311064591, 49
51, 1574681, 900131, 674550, 6749957.16313527, 119, 39, 80, 351.28339520229764, 41
1, 1574714, 900164, 674550, 6750208.441307963, 33, 33, 0, 251.27817269284301, 33
1, 1574789, 900199, 674590, 6750518.824403601, 75, 35, 40, 310.38309563827124, 36
1, 1574827, 900237, 674590, 6750779.70678322, 38, 38, 0, 260.88237961983884, 38
1, 1574893, 900273, 674620, 6751080.033771497, 66, 36, 30, 300.32698827717985, 37
51, 1574989, 900319, 674670, 6751412.350687512, 96, 46, 50, 332.31691601465747, 47
1, 1575062, 900352, 674710, 6751720.351966081, 73, 33, 40, 308.00127856917646, 34
1, 1575107, 900397, 674710, 6751993.353972493, 45, 45, 0, 273.00200641113514, 45
1, 1575149, 900439, 674710, 6752261.326961995, 42, 42, 0, 267.97298950218305, 42
51, 1575274, 900484, 674790, 6752617.897114484, 125, 45, 80, 356.57015248821097, 47
1, 1575311, 900521, 674790, 6752876.92968594, 37, 37, 0, 259.03257145596604, 37
1, 1575391, 900561, 674830, 6753193.099442184, 80, 40, 40, 316.1697562442441, 41
51, 1575476, 900596, 674880, 6753513.836469855, 85, 35, 50, 320.73702767108114, 36
1, 1575517, 900637, 674880, 6753780.080423298, 41, 41, 0, 266.24395344352433, 41
1, 1575622, 900672, 674950, 6754119.389010592, 105, 35, 70, 339.30858729436795, 37
1, 1575661, 900711, 674950, 6754382.088950536, 39, 39, 0, 262.6999399439383, 39
51, 1575754, 900754, 675000, 6754711.331230443, 93, 43, 50, 329.24227990714814, 44
1, 1575838, 900798, 675040, 6755031.971240846, 84, 44, 40, 320.64001040350905, 45
1, 1575904, 900834, 675070, 6755332.2982291235, 66, 36, 30, 300.32698827717985, 37
1, 1575941, 900871, 675070, 6755591.33080058, 37, 37, 0, 259.03257145596604, 37
51, 1576032, 900912, 675120, 6755918.489862518, 91, 41, 50, 327.1590619387661, 42
1, 1576099, 900949, 675150, 6756220.090417776, 67, 37, 30, 301.6005552576305, 38
1, 1576140, 900990, 675150, 6756486.334371219, 41, 41, 0, 266.24395344352433, 41
1, 1576222, 901032, 675190, 6756804.756041063, 82, 42, 40, 318.42166984345636, 43
1, 1576288, 901068, 675220, 6757105.08302934, 66, 36, 30, 300.32698827717985, 37
51, 1576375, 901105, 675270, 6757427.990610338, 87, 37, 50, 322.9075809977351, 38
1, 1576460, 901150, 675310, 6757749.727638009, 85, 45, 40, 321.73702767108114, 46
1, 1576503, 901193, 675310, 6758019.4025982125, 43, 43, 0, 269.6749602031015, 43
1, 1576538, 901228, 675310, 6758274.632526122, 35, 35, 0, 255.22992790977875, 35
51, 1576633, 901273, 675360, 6758605.931090257, 95, 45, 50, 331.2985641352145, 46
1, 1576743, 901313, 675430, 6758949.984274304, 110, 40, 70, 344.0531840464366, 42
1, 1576784, 901354, 675430, 6759216.228227747, 41, 41, 0, 266.24395344352433, 41
1, 1576852, 901392, 675460, 6759519.090398849, 68, 38, 30, 302.86217110259, 39
51, 1576982, 901432, 675550, 6759878.955236387, 130, 40, 90, 359.86483753851803, 42
1, 1577022, 901472, 675550, 6760143.441922324, 40, 40, 0, 264.4866859365871, 40
1, 1577105, 901515, 675590, 6760462.976870253, 83, 43, 40, 319.5349479292333, 44
1, 1577155, 901565, 675590, 6760743.8916651, 50, 50, 0, 280.9147948472494, 50
1, 1577232, 901602, 675630, 6761056.617328866, 77, 37, 40, 312.72566376652986, 38
51, 1577351, 901641, 675710, 6761407.900724068, 119, 39, 80, 351.28339520229764, 41
1, 1577392, 901682, 675710, 6761674.144677511, 41, 41, 0, 266.24395344352433, 41
1, 1577425, 901715, 675710, 6761925.422850205, 33, 33, 0, 251.27817269284301, 33
51, 1577550, 901750, 675800, 6762280.993002693, 125, 35, 90, 355.57015248821097, 37
1, 1577622, 901792, 675830, 6762588.788065718, 72, 42, 30, 307.79506302439404, 43
1, 1577706, 901836, 675870, 6762909.428076121, 84, 44, 40, 320.64001040350905, 45
1, 1577743, 901873, 675870, 6763168.460647577, 37, 37, 0, 259.03257145596604, 37
51, 1577864, 901914, 675950, 6763521.523126613, 121, 41, 80, 353.06247903554, 43
1, 1577901, 901951, 675950, 6763780.55569807, 37, 37, 0, 259.03257145596604, 37
1, 1577937, 901987, 675950, 6764037.704672348, 36, 36, 0, 257.1489742783178, 36
1, 1578049, 902029, 676020, 6764383.619984687, 112, 42, 70, 345.91531233955715, 44
51, 1578140, 902070, 676070, 6764710.779046626, 91, 41, 50, 327.1590619387661, 42
1, 1578218, 902108, 676110, 6765024.661833246, 78, 38, 40, 313.8827866200841, 39
1, 1578265, 902155, 676110, 6765300.894883116, 47, 47, 0, 276.2330498695885, 47
1, 1578333, 902193, 676140, 6765603.757054218, 68, 38, 30, 302.86217110259, 39
51, 1578465, 902235, 676230, 6765965.313176645, 132, 42, 90, 361.55612242701943, 44
1, 1578538, 902278, 676260, 6766274.314455214, 73, 43, 30, 309.00127856917646, 44
1, 1578616, 902316, 676300, 6766588.197241834, 78, 38, 40, 313.8827866200841, 39
1, 1578656, 902356, 676300, 6766852.683927771, 40, 40, 0, 264.4866859365871, 40
1, 1578708, 902408, 676300, 6767136.618889199, 52, 52, 0, 283.93496142826496, 52
51, 1578832, 902452, 676380, 6767492.3182857465, 124, 44, 80, 355.6993965481514, 46
1, 1578878, 902498, 676380, 6767766.94735446, 46, 46, 0, 274.6290687140218, 46
1, 1578961, 902541, 676420, 6768086.482302389, 83, 43, 40, 319.5349479292333, 44
1, 1579034, 902584, 676450, 6768395.483580958, 73, 43, 30, 309.00127856917646, 44
51, 1579136, 902636, 676500, 6768733.780763739, 102, 52, 50, 338.29718278112654, 53
1, 1579177, 902677, 676500, 6769000.024717182, 41, 41, 0, 266.24395344352433, 41
1, 1579295, 902725, 676570, 6769351.4120423505, 118, 48, 70, 351.3873251689181, 50
51, 1579394, 902774, 676620, 6769686.746256904, 99, 49, 50, 335.33421455299043, 50
1, 1579433, 902813, 676620, 6769949.446196848, 39, 39, 0, 262.6999399439383, 39
1, 1579551, 902861, 676690, 6770300.833522016, 118, 48, 70, 351.3873251689181, 50
1, 1579588, 902898, 676690, 6770559.866093473, 37, 37, 0, 259.03257145596604, 37
1, 1579630, 902940, 676690, 6770827.839082975, 42, 42, 0, 267.97298950218305, 42
51, 1579749, 902969, 676780, 6771178.122478177, 119, 29, 90, 350.28339520229764, 31
1, 1579781, 903001, 676780, 6771427.363901177, 32, 32, 0, 249.24142300054422, 32
1, 1579845, 903035, 676810, 6771725.106613652, 64, 34, 30, 297.742712474619, 35
1, 1579885, 903075, 676810, 6771989.593299588, 40, 40, 0, 264.4866859365871, 40
1, 1579956, 903116, 676840, 6772296.171610407, 71, 41, 30, 306.57831081870995, 42
51, 1580077, 903147, 676930, 6772648.2340894425, 121, 31, 90, 352.06247903554, 33
1, 1580116, 903186, 676930, 6772910.934029386, 39, 39, 0, 262.6999399439383, 39
1, 1580158, 903228, 676930, 6773178.907018889, 42, 42, 0, 267.97298950218305, 42
51, 1580291, 903271, 677020, 6773541.30328793, 133, 43, 90, 362.3962690412072, 45
1, 1580354, 903304, 677050, 6773837.734612656, 63, 33, 30, 296.43132472612575, 34
1, 1580394, 903344, 677050, 6774102.221298592, 40, 40, 0, 264.4866859365871, 40
1, 1580499, 903379, 677120, 6774441.529885886, 105, 35, 70, 339.30858729436795, 37
1, 1580534, 903414, 677120, 6774696.759813796, 35, 35, 0, 255.22992790977875, 35
51, 1580617, 903447, 677170, 6775015.294761725, 83, 33, 50, 318.5349479292333, 34
1, 1580650, 903480, 677170, 6775266.572934418, 33, 33, 0, 251.27817269284301, 33
1, 1580718, 903518, 677200, 6775569.43510552, 68, 38, 30, 302.86217110259, 39
1, 1580760, 903560, 677200, 6775837.408095023, 42, 42, 0, 267.97298950218305, 42
1, 1580878, 903608, 677270, 6776188.795420191, 118, 48, 70, 351.3873251689181, 50
51, 1580969, 903649, 677320, 6776515.95448213, 91, 41, 50, 327.1590619387661, 42
1, 1581007, 903687, 677320, 6776776.836861749, 38, 38, 0, 260.88237961983884, 38
1, 1581050, 903730, 677320, 6777046.511821953, 43, 43, 0, 269.6749602031015, 43
51, 1581175, 903765, 677410, 6777402.081974441, 125, 35, 90, 355.57015248821097, 37
1, 1581240, 903800, 677440, 6777701.123125885, 65, 35, 30, 299.04115144336777, 36
1, 1581272, 903832, 677440, 6777950.364548885, 32, 32, 0, 249.24142300054422, 32
1, 1581351, 903871, 677480, 6778265.395299016, 79, 39, 40, 315.03075013013313, 40
1, 1581421, 903911, 677510, 6778570.746059868, 70, 40, 30, 305.3507608519078, 41
51, 1581544, 903944, 677600, 6778924.57063113, 123, 33, 90, 353.8245712617827, 35
1, 1581581, 903981, 677600, 6779183.603202586, 37, 37, 0, 259.03257145596604, 37
1, 1581663, 904023, 677640, 6779502.02487243, 82, 42, 40, 318.42166984345636, 43
1, 1581699, 904059, 677640, 6779759.173846708, 36, 36, 0, 257.1489742783178, 36
51, 1581785, 904095, 677690, 6780081.000011356, 86, 36, 50, 321.82616464756694, 37
1, 1581854, 904134, 677720, 6780385.112153065, 69, 39, 30, 304.1121417102006, 40
1, 1581933, 904173, 677760, 6780700.142903196, 79, 39, 40, 315.03075013013313, 40
1, 1581977, 904217, 677760, 6780971.4938608855, 44, 44, 0, 271.35095769013947, 44
1, 1582088, 904258, 677830, 6781316.480578926, 111, 41, 70, 344.9867180408456, 43
51, 1582174, 904294, 677880, 6781638.306743574, 86, 36, 50, 321.82616464756694, 37
1, 1582223, 904343, 677880, 6781917.68187468, 49, 49, 0, 279.3751311064591, 49
1, 1582292, 904382, 677910, 6782221.79401639, 69, 39, 30, 304.1121417102006, 40
1, 1582333, 904423, 677910, 6782488.037969833, 41, 41, 0, 266.24395344352433, 41
1, 1582404, 904454, 677950, 6782793.616280652, 71, 31, 40, 305.57831081870995, 32
51, 1582491, 904491, 678000, 6783116.523861649, 87, 37, 50, 322.9075809977351, 38
1, 1582519, 904519, 678000, 6783357.156525029, 28, 28, 0, 240.63266337912057, 28
1, 1582575, 904575, 678000, 6783646.913005003, 56, 56, 0, 289.7564799734761, 56
1, 1582678, 904608, 678070, 6783984.286255058, 103, 33, 70, 337.37325005549695, 35
51, 1582757, 904637, 678120, 6784298.317005188, 79, 29, 50, 314.03075013013313, 30
1, 1582811, 904691, 678120, 6784585.197606271, 54, 54, 0, 286.88060108295343, 54
1, 1582841, 904721, 678120, 6784830.232338203, 30, 30, 0, 245.0347319320716, 30
1, 1582949, 904759, 678190, 6785172.40331775, 108, 38, 70, 342.1709795470626, 40
51, 1583035, 904795, 678240, 6785494.229482398, 86, 36, 50, 321.82616464756694, 37
1, 1583066, 904826, 678240, 6785741.390588575, 31, 31, 0, 247.1611061770567, 31
1, 1583113, 904873, 678240, 6786017.623638445, 47, 47, 0, 276.2330498695885, 47
51, 1583207, 904917, 678290, 6786347.897364292, 94, 44, 50, 330.273725847777, 45
1, 1583243, 904953, 678290, 6786605.04633857, 36, 36, 0, 257.1489742783178, 36
1, 1583354, 904994, 678360, 6786950.033056611, 111, 41, 70, 344.9867180408456, 43
51, 1583448, 905038, 678410, 6787280.306782459, 94, 44, 50, 330.273725847777, 45
1, 1583483, 905073, 678410, 6787535.5367103685, 35, 35, 0, 255.22992790977875, 35
1, 1583514, 905104, 678410, 6787782.697816545, 31, 31, 0, 247.1611061770567, 31
51, 1583602, 905142, 678460, 6788106.679247906, 88, 38, 50, 323.98143136087856, 39
1, 1583644, 905184, 678460, 6788374.652237409, 42, 42, 0, 267.97298950218305, 42
1, 1583749, 905219, 678530, 6788713.960824703, 105, 35, 70, 339.30858729436795, 37
1, 1583784, 905254, 678530, 6788969.190752612, 35, 35, 0, 255.22992790977875, 35
51, 1583869, 905289, 678580, 6789289.927780284, 85, 35, 50, 320.73702767108114, 36
1, 1583972, 905322, 678650, 6789627.301030339, 103, 33, 70, 337.37325005549695, 35
1, 1584004, 905354, 678650, 6789876.542453339, 32, 32, 0, 249.24142300054422, 32
1, 1584046, 905396, 678650, 6790144.515442842, 42, 42, 0, 267.97298950218305, 42
1, 1584082, 905432, 678650, 6790401.66441712, 36, 36, 0, 257.1489742783178, 36
51, 1584173, 905473, 678700, 6790728.823479058, 91, 41, 50, 327.1590619387661, 42
1, 1584246, 905516, 678730, 6791037.824757627, 73, 43, 30, 309.00127856917646, 44
1, 1584325, 905555, 678770, 6791352.8555077575, 79, 39, 40, 315.03075013013313, 40
1, 1584364, 905594, 678770, 6791615.555447701, 39, 39, 0, 262.6999399439383, 39
51, 1584449, 905629, 678820, 6791936.292475373, 85, 35, 50, 320.73702767108114, 36
1, 1584481, 905661, 678820, 6792185.533898373, 32, 32, 0, 249.24142300054422, 32
1, 1584524, 905704, 678820, 6792455.208858577, 43, 43, 0, 269.6749602031015, 43
51, 1584686, 905746, 678940, 6792837.670993078, 162, 42, 120, 382.4621345008163, 45
1, 1584723, 905783, 678940, 6793096.703564534, 37, 37, 0, 259.03257145596604, 37
1, 1584764, 905824, 678940, 6793362.947517977, 41, 41, 0, 266.24395344352433, 41
1, 1584836, 905856, 678980, 6793669.7425810015, 72, 32, 40, 306.79506302439404, 33
51, 1584920, 905890, 679030, 6793989.382591405, 84, 34, 50, 319.64001040350905, 35
1, 1584957, 905927, 679030, 6794248.415162861, 37, 37, 0, 259.03257145596604, 37
1, 1585074, 905974, 679100, 6794598.90197966, 117, 47, 70, 350.4868167986058, 49
1, 1585110, 906010, 679100, 6794856.050953938, 36, 36, 0, 257.1489742783178, 36
51, 1585198, 906048, 679150, 6795180.032385299, 88, 38, 50, 323.98143136087856, 39
1, 1585241, 906091, 679150, 6795449.707345502, 43, 43, 0, 269.6749602031015, 43
1, 1585311, 906121, 679190, 6795754.058106354, 70, 30, 40, 304.3507608519078, 31
51, 1585431, 906161, 679270, 6796106.23319832, 120, 40, 80, 352.1750919646873, 42
1, 1585466, 906196, 679270, 6796361.463126229, 35, 35, 0, 255.22992790977875, 35
1, 1585551, 906241, 679310, 6796683.2001539, 85, 45, 40, 321.73702767108114, 46
1, 1585627, 906287, 679340, 6796995.759326274, 76, 46, 30, 312.5591723737189, 47
1, 1585701, 906321, 679380, 6797304.95653504, 74, 34, 40, 309.1972087668518, 35
51, 1585821, 906361, 679460, 6797657.1316270055, 120, 40, 80, 352.1750919646873, 42
1, 1585853, 906393, 679460, 6797906.373050006, 32, 32, 0, 249.24142300054422, 32
1, 1585943, 906443, 679500, 6798233.48007883, 90, 50, 40, 327.1070288241023, 51
1, 1585971, 906471, 679500, 6798474.11274221, 28, 28, 0, 240.63266337912057, 28
1, 1586047, 906507, 679540, 6798785.671914583, 76, 36, 40, 311.5591723737189, 37
51, 1586144, 906554, 679590, 6799119.000813855, 97, 47, 50, 333.3288992714996, 48
1, 1586212, 906592, 679620, 6799421.862984957, 68, 38, 30, 302.86217110259, 39
1, 1586252, 906632, 679620, 6799686.3496708935, 40, 40, 0, 264.4866859365871, 40
1, 1586286, 906666, 679620, 6799939.62331117, 34, 34, 0, 253.2736402766418, 34
1, 1586359, 906699, 679660, 6800247.624589739, 73, 33, 40, 308.00127856917646, 34
51, 1586452, 906742, 679710, 6800576.866869646, 93, 43, 50, 329.24227990714814, 44
1, 1586518, 906778, 679740, 6800877.193857923, 66, 36, 30, 300.32698827717985, 37
1, 1586553, 906813, 679740, 6801132.423785833, 35, 35, 0, 255.22992790977875, 35
1, 1586591, 906851, 679740, 6801393.306165452, 38, 38, 0, 260.88237961983884, 38
51, 1586684, 906894, 679790, 6801722.548445359, 93, 43, 50, 329.24227990714814, 44
1, 1586786, 906926, 679860, 6802058.94562814, 102, 32, 70, 336.39718278112656, 34
1, 1586815, 906955, 679860, 6802301.805206851, 29, 29, 0, 242.8595787106084, 29
51, 1586908, 906998, 679910, 6802631.047486758, 93, 43, 50, 329.24227990714814, 44
1, 1586957, 907047, 679910, 6802910.422617864, 49, 49, 0, 279.3751311064591, 49
1, 1587003, 907093, 679910, 6803185.0516865775, 46, 46, 0, 274.6290687140218, 46
1, 1587119, 907139, 679980, 6803534.633490069, 116, 46, 70, 349.5818034911291, 48
51, 1587208, 907178, 680030, 6803859.681355633, 89, 39, 50, 325.0478655640733, 40
1, 1587240, 907210, 680030, 6804108.922778633, 32, 32, 0, 249.24142300054422, 32
1, 1587324, 907264, 680060, 6804430.562789037, 84, 54, 30, 321.64001040350905, 55
1, 1587403, 907303, 680100, 6804745.593539167, 79, 39, 40, 315.03075013013313, 40
51, 1587490, 907340, 680150, 6805068.501120165, 87, 37, 50, 322.9075809977351, 38
1, 1587525, 907375, 680150, 6805323.731048075, 35, 35, 0, 255.22992790977875, 35
1, 1587565, 907415, 680150, 6805588.217734011, 40, 40, 0, 264.4866859365871, 40
1, 1587643, 907453, 680190, 6805902.100520631, 78, 38, 40, 313.8827866200841, 39
51, 1587751, 907481, 680270, 6806243.271500179, 108, 28, 80, 341.1709795470626, 30
1, 1587791, 907521, 680270, 6806507.758186115, 40, 40, 0, 264.4866859365871, 40
1, 1587875, 907565, 680310, 6806828.398196518, 84, 44, 40, 320.64001040350905, 45
1, 1587916, 907606, 680310, 6807094.642149962, 41, 41, 0, 266.24395344352433, 41
51, 1588006, 907646, 680360, 6807420.749178786, 90, 40, 50, 326.1070288241023, 41
1, 1588044, 907684, 680360, 6807681.631558405, 38, 38, 0, 260.88237961983884, 38
1, 1588118, 907728, 680390, 6807991.828767172, 74, 44, 30, 310.1972087668518, 45
1, 1588201, 907771, 680430, 6808311.363715101, 83, 43, 40, 319.5349479292333, 44
51, 1588320, 907810, 680510, 6808662.647110303, 119, 39, 80, 351.28339520229764, 41
1, 1588366, 907856, 680510, 6808937.276179017, 46, 46, 0, 274.6290687140218, 46
1, 1588428, 907888, 680540, 6809232.3828053465, 62, 32, 30, 295.1066263296683, 33
1, 1588471, 907931, 680540, 6809502.05776555, 43, 43, 0, 269.6749602031015, 43
1, 1588507, 907967, 680540, 6809759.206739828, 36, 36, 0, 257.1489742783178, 36
51, 1588644, 908014, 680630, 6810124.928062033, 137, 47, 90, 365.72132220485213, 49
1, 1588685, 908055, 680630, 6810391.172015476, 41, 41, 0, 266.24395344352433, 41
1, 1588728, 908098, 680630, 6810660.8469756795, 43, 43, 0, 269.6749602031015, 43
1, 1588800, 908140, 680660, 6810968.642038704, 72, 42, 30, 307.79506302439404, 43
1, 1588837, 908177, 680660, 6811227.67461016, 37, 37, 0, 259.03257145596604, 37
51, 1588966, 908216, 680750, 6811586.688210651, 129, 39, 90, 359.01360049114555, 41
1, 1589029, 908249, 680780, 6811883.119535377, 63, 33, 30, 296.43132472612575, 34
1, 1589116, 908296, 680820, 6812207.027116375, 87, 47, 40, 323.9075809977351, 48
1, 1589156, 908336, 680820, 6812471.513802311, 40, 40, 0, 264.4866859365871, 40
1, 1589221, 908371, 680850, 6812770.554953755, 65, 35, 30, 299.04115144336777, 36
51, 1589349, 908409, 680940, 6813128.713519856, 128, 38, 90, 358.1585661014858, 40
1, 1589417, 908447, 680970, 6813431.575690959, 68, 38, 30, 302.86217110259, 39
1, 1589496, 908486, 681010, 6813746.606441089, 79, 39, 40, 315.03075013013313, 40
1, 1589533, 908523, 681010, 6814005.639012545, 37, 37, 0, 259.03257145596604, 37
51, 1589656, 908566, 681090, 6814360.463583807, 123, 43, 80, 354.8245712617827, 45
1, 1589702, 908612, 681090, 6814635.092652521, 46, 46, 0, 274.6290687140218, 46
1, 1589778, 908658, 681120, 6814947.651824894, 76, 46, 30, 312.5591723737189, 47
51, 1589912, 908702, 681210, 6815310.884640813, 134, 44, 90, 363.23281591860336, 46
1, 1589950, 908740, 681210, 6815571.767020432, 38, 38, 0, 260.88237961983884, 38
1, 1590021, 908781, 681240, 6815878.345331251, 71, 41, 30, 306.57831081870995, 42
1, 1590066, 908826, 681240, 6816151.347337662, 45, 45, 0, 273.00200641113514, 45
51, 1590158, 908868, 681290, 6816479.551439131, 92, 42, 50, 328.20410146824725, 43
1, 1590233, 908903, 681330, 6816789.934534769, 75, 35, 40, 310.38309563827124, 36
1, 1590270, 908940, 681330, 6817048.967106225, 37, 37, 0, 259.03257145596604, 37
1, 1590379, 908979, 681400, 6817392.081737724, 109, 39, 70, 343.114631499574, 41
51, 1590468, 909018, 681450, 6817717.129603288, 89, 39, 50, 325.0478655640733, 40
1, 1590509, 909059, 681450, 6817983.373556731, 41, 41, 0, 266.24395344352433, 41
1, 1590554, 909104, 681450, 6818256.375563143, 45, 45, 0, 273.00200641113514, 45
1, 1590633, 909153, 681480, 6818572.406313273, 79, 49, 30, 316.03075013013313, 50
51, 1590764, 909194, 681570, 6818933.118641488, 131, 41, 90, 360.7123282155055, 43
1, 1590807, 909237, 681570, 6819202.793601692, 43, 43, 0, 269.6749602031015, 43
1, 1590843, 909273, 681570, 6819459.94257597, 36, 36, 0, 257.1489742783178, 36
1, 1590909, 909309, 681600, 6819760.269564247, 66, 36, 30, 300.32698827717985, 37
51, 1591008, 909358, 681650, 6820095.6037788, 99, 49, 50, 335.33421455299043, 50
1, 1591078, 909388, 681690, 6820399.954539652, 70, 30, 40, 304.3507608519078, 31
1, 1591146, 909426, 681720, 6820702.816710754, 68, 38, 30, 302.86217110259, 39
1, 1591180, 909460, 681720, 6820956.090351031, 34, 34, 0, 253.2736402766418, 34
51, 1591269, 909499, 681770, 6821281.138216595, 89, 39, 50, 325.0478655640733, 40
1, 1591336, 909526, 681810, 6821581.738771853, 67, 27, 40, 300.6005552576305, 28
1, 1591364, 909554, 681810, 6821822.371435232, 28, 28, 0, 240.63266337912057, 28
1, 1591433, 909593, 681840, 6822126.483576942, 69, 39, 30, 304.1121417102006, 40
51, 1591567, 909637, 681930, 6822489.716392861, 134, 44, 90, 363.23281591860336, 46
1, 1591604, 909674, 681930, 6822748.748964317, 37, 37, 0, 259.03257145596604, 37
1, 1591642, 909712, 681930, 6823009.631343937, 38, 38, 0, 260.88237961983884, 38
1, 1591723, 909763, 681960, 6823327.931343936, 81, 51, 30, 318.3, 52
51, 1591814, 909804, 682010, 6823655.090405875, 91, 41, 50, 327.1590619387661, 42
1, 1591851, 909841, 682010, 6823914.122977331, 37, 37, 0, 259.03257145596604, 37
1, 1591958, 909878, 682080, 6824255.345122601, 107, 37, 70, 341.2221452697031, 39
1, 1591986, 909906, 682080, 6824495.97778598, 28, 28, 0, 240.63266337912057, 28
51, 1592099, 909939, 682160, 6824841.81682985, 113, 33, 80, 345.83904386951343, 35
1, 1592150, 909990, 682160, 6825124.251341628, 51, 51, 0, 282.43451177837886, 51
1, 1592191, 910031, 682160, 6825390.495295071, 41, 41, 0, 266.24395344352433, 41
1, 1592270, 910070, 682200, 6825705.526045201, 79, 39, 40, 315.03075013013313, 40
1, 1592309, 910109, 682200, 6825968.225985145, 39, 39, 0, 262.6999399439383, 39
51, 1592401, 910151, 682250, 6826296.430086614, 92, 42, 50, 328.20410146824725, 43
1, 1592476, 910196, 682280, 6826607.8131822515, 75, 45, 30, 311.38309563827124, 46
1, 1592517, 910237, 682280, 6826874.057135695, 41, 41, 0, 266.24395344352433, 41
1, 1592599, 910279, 682320, 6827192.478805538, 82, 42, 40, 318.42166984345636, 43
51, 1592696, 910326, 682370, 6827525.80770481, 97, 47, 50, 333.3288992714996, 48
1, 1592769, 910369, 682400, 6827834.808983379, 73, 43, 30, 309.00127856917646, 44
1, 1592807, 910407, 682400, 6828095.691362998, 38, 38, 0, 260.88237961983884, 38
51, 1592896, 910446, 682450, 6828420.739228562, 89, 39, 50, 325.0478655640733, 40
1, 1592978, 910488, 682490, 6828739.160898406, 82, 42, 40, 318.42166984345636, 43
1, 1593018, 910528, 682490, 6829003.647584342, 40, 40, 0, 264.4866859365871, 40
1, 1593078, 910558, 682520, 6829296.063352713, 60, 30, 30, 292.41576837137404, 31
51, 1593202, 910592, 682610, 6829650.762749261, 124, 34, 90, 354.6993965481514, 36
1, 1593266, 910626, 682640, 6829948.505461736, 64, 34, 30, 297.742712474619, 35
1, 1593304, 910664, 682640, 6830209.387841355, 38, 38, 0, 260.88237961983884, 38
51, 1593392, 910702, 682690, 6830533.369272716, 88, 38, 50, 323.98143136087856, 39
1, 1593430, 910740, 682690, 6830794.251652336, 38, 38, 0, 260.88237961983884, 38
1, 1593537, 910777, 682760, 6831135.473797605, 107, 37, 70, 341.2221452697031, 39
1, 1593569, 910809, 682760, 6831384.715220606, 32, 32, 0, 249.24142300054422, 32
51, 1593656, 910846, 682810, 6831707.622801604, 87, 37, 50, 322.9075809977351, 38
1, 1593700, 910890, 682810, 6831978.973759294, 44, 44, 0, 271.35095769013947, 44
1, 1593738, 910928, 682810, 6832239.856138913, 38, 38, 0, 260.88237961983884, 38
1, 1593850, 910970, 682880, 6832585.7714512525, 112, 42, 70, 345.91531233955715, 44
51, 1593942, 911012, 682930, 6832913.975552721, 92, 42, 50, 328.20410146824725, 43
1, 1594032, 911062, 682970, 6833241.082581545, 90, 50, 40, 327.1070288241023, 51
1, 1594095, 911095, 683000, 6833537.513906271, 63, 33, 30, 296.43132472612575, 34
1, 1594139, 911139, 683000, 6833808.864863961, 44, 44, 0, 271.35095769013947, 44
51, 1594227, 911177, 683050, 6834132.846295322, 88, 38, 50, 323.98143136087856, 39
1, 1594298, 911218, 683080, 6834439.424606141, 71, 41, 30, 306.57831081870995, 42
1, 1594368, 911248, 683120, 6834743.775366993, 70, 30, 40, 304.3507608519078, 31
1, 1594404, 911284, 683120, 6835000.924341271, 36, 36, 0, 257.1489742783178, 36
51, 1594522, 911322, 683200, 6835351.311666439, 118, 38, 80, 350.3873251689181, 40
1, 1594572, 911372, 683200, 6835632.226461287, 50, 50, 0, 280.9147948472494, 50
1, 1594608, 911408, 683200, 6835889.375435565, 36, 36, 0, 257.1489742783178, 36
51, 1594740, 911450, 683290, 6836250.931557992, 132, 42, 90, 361.55612242701943, 44
1, 1594782, 911492, 683290, 6836518.904547494, 42, 42, 0, 267.97298950218305, 42
1, 1594847, 911527, 683320, 6836817.945698937, 65, 35, 30, 299.04115144336777, 36
51, 1594931, 911561, 683370, 6837137.585709341, 84, 34, 50, 319.64001040350905, 35
1, 1594962, 911592, 683370, 6837384.746815518, 31, 31, 0, 247.1611061770567, 31
1, 1595049, 911639, 683410, 6837708.654396515, 87, 47, 40, 323.9075809977351, 48
1, 1595115, 911675, 683440, 6838008.981384792, 66, 36, 30, 300.32698827717985, 37
1, 1595158, 911718, 683440, 6838278.656344996, 43, 43, 0, 269.6749602031015, 43
51, 1595280, 911750, 683530, 6838631.60196355, 122, 32, 90, 352.9456185537469, 34
1, 1595315, 911785, 683530, 6838886.831891459, 35, 35, 0, 255.22992790977875, 35
1, 1595359, 911829, 683530, 6839158.182849149, 44, 44, 0, 271.35095769013947, 44
1, 1595397, 911867, 683530, 6839419.065228769, 38, 38, 0, 260.88237961983884, 38
51, 1595515, 911905, 683610, 6839769.452553937, 118, 38, 80, 350.3873251689181, 40
1, 1595562, 911952, 683610, 6840045.685603807, 47, 47, 0, 276.2330498695885, 47
1, 1595628, 911978, 683650, 6840345.012592084, 66, 26, 40, 299.32698827717985, 27
51, 1595726, 912026, 683700, 6840679.347220449, 98, 48, 50, 334.33462836457886, 49
1, 1595793, 912063, 683730, 6840980.947775707, 67, 37, 30, 301.6005552576305, 38
1, 1595838, 912108, 683730, 6841253.949782118, 45, 45, 0, 273.00200641113514, 45
1, 1595915, 912145, 683770, 6841566.6754458845, 77, 37, 40, 312.72566376652986, 38
51, 1596029, 912179, 683850, 6841913.4334335765, 114, 34, 80, 346.75798769167545, 36
1, 1596072, 912222, 683850, 6842183.10839378, 43, 43, 0, 269.6749602031015, 43
1, 1596155, 912265, 683890, 6842502.643341709, 83, 43, 40, 319.5349479292333, 44
51, 1596281, 912311, 683970, 6842860.080237593, 126, 46, 80, 357.43689588345075, 48
1, 1596332, 912362, 683970, 6843142.5147493705, 51, 51, 0, 282.43451177837886, 51
1, 1596365, 912395, 683970, 6843393.792922064, 33, 33, 0, 251.27817269284301, 33
51, 1596487, 912437, 684050, 6843747.738540618, 122, 42, 80, 353.9456185537469, 44
1, 1596576, 912486, 684090, 6844073.786406182, 89, 49, 40, 326.0478655640733, 50
1, 1596620, 912530, 684090, 6844345.137363872, 44, 44, 0, 271.35095769013947, 44
51, 1596706, 912566, 684140, 6844666.9635285195, 86, 36, 50, 321.82616464756694, 37
1, 1596776, 912596, 684180, 6844971.3142893715, 70, 30, 40, 304.3507608519078, 31
1, 1596823, 912643, 684180, 6845247.547339241, 47, 47, 0, 276.2330498695885, 47
1, 1596886, 912676, 684210, 6845543.978663967, 63, 33, 30, 296.43132472612575, 34
1, 1596918, 912708, 684210, 6845793.220086968, 32, 32, 0, 249.24142300054422, 32
51, 1597027, 912737, 684290, 6846135.334718467, 109, 29, 80, 342.114631499574, 31
1, 1597115, 912785, 684330, 6846460.316149828, 88, 48, 40, 324.98143136087856, 49
1, 1597163, 912833, 684330, 6846738.130952419, 48, 48, 0, 277.8148025904985, 48
1, 1597212, 912882, 684330, 6847017.506083525, 49, 49, 0, 279.3751311064591, 49
51, 1597305, 912925, 684380, 6847346.748363432, 93, 43, 50, 329.24227990714814, 44
1, 1597412, 912962, 684450, 6847687.970508701, 107, 37, 70, 341.2221452697031, 39
1, 1597450, 913000, 684450, 6847948.852888321, 38, 38, 0, 260.88237961983884, 38
1, 1597484, 913034, 684450, 6848202.126528597, 34, 34, 0, 253.2736402766418, 34
51, 1597610, 913070, 684540, 6848558.563424481, 126, 36, 90, 356.43689588345075, 38
1, 1597649, 913109, 684540, 6848821.263364425, 39, 39, 0, 262.6999399439383, 39
1, 1597722, 913152, 684570, 6849130.264642994, 73, 43, 30, 309.00127856917646, 44
1, 1597768, 913198, 684570, 6849404.893711708, 46, 46, 0, 274.6290687140218, 46
51, 1597859, 913239, 684620, 6849732.052773646, 91, 41, 50, 327.1590619387661, 42
1, 1597935, 913275, 684660, 6850043.611946019, 76, 36, 40, 311.5591723737189, 37
1, 1598002, 913312, 684690, 6850345.212501277, 67, 37, 30, 301.6005552576305, 38
1, 1598039, 913349, 684690, 6850604.245072734, 37, 37, 0, 259.03257145596604, 37
51, 1598177, 913397, 684780, 6850970.789002285, 138, 48, 90, 366.54392955194305, 50
1, 1598209, 913429, 684780, 6851220.030425286, 32, 32, 0, 249.24142300054422, 32
1, 1598252, 913472, 684780, 6851489.705385489, 43, 43, 0, 269.6749602031015, 43
1, 1598323, 913513, 684810, 6851796.283696308, 71, 41, 30, 306.57831081870995, 42
51, 1598456, 913556, 684900, 6852158.679965349, 133, 43, 90, 362.3962690412072, 45
1, 1598514, 913584, 684930, 6852448.346867456, 58, 28, 30, 289.66690210718946, 29
1, 1598554, 913624, 684930, 6852712.833553392, 40, 40, 0, 264.4866859365871, 40
1, 1598607, 913677, 684930, 6852998.250341034, 53, 53, 0, 285.4167876408086, 53
51, 1598725, 913715, 685010, 6853348.637666202, 118, 38, 80, 350.3873251689181, 40
1, 1598798, 913748, 685050, 6853656.638944771, 73, 33, 40, 308.00127856917646, 34
1, 1598838, 913788, 685050, 6853921.1256307075, 40, 40, 0, 264.4866859365871, 40
1, 1598878, 913828, 685050, 6854185.612316644, 40, 40, 0, 264.4866859365871, 40
51, 1599010, 913870, 685140, 6854547.168439071, 132, 42, 90, 361.55612242701943, 44
1, 1599051, 913911, 685140, 6854813.412392514, 41, 41, 0, 266.24395344352433, 41
1, 1599118, 913948, 685170, 6855115.012947772, 67, 37, 30, 301.6005552576305, 38
51, 1599202, 913982, 685220, 6855434.652958175, 84, 34, 50, 319.64001040350905, 35
1, 1599242, 914022, 685220, 6855699.1396441115, 40, 40, 0, 264.4866859365871, 40
1, 1599321, 914061, 685260, 6856014.170394242, 79, 39, 40, 315.03075013013313, 40
1, 1599392, 914102, 685290, 6856320.74870506, 71, 41, 30, 306.57831081870995, 42
1, 1599431, 914141, 685290, 6856583.448645004, 39, 39, 0, 262.6999399439383, 39
51, 1599591, 914181, 685410, 6856964.404527012, 160, 40, 120, 380.95588200778457, 43
1, 1599614, 914204, 685410, 6857192.998397321, 23, 23, 0, 228.5938703094842, 23
1, 1599655, 914245, 685410, 6857459.242350765, 41, 41, 0, 266.24395344352433, 41
1, 1599731, 914281, 685450, 6857770.801523138, 76, 36, 40, 311.5591723737189, 37
1, 1599806, 914326, 685480, 6858082.184618776, 75, 45, 30, 311.38309563827124, 46
51, 1599900, 914370, 685530, 6858412.458344623, 94, 44, 50, 330.273725847777, 45
1, 1599947, 914417, 685530, 6858688.691394493, 47, 47, 0, 276.2330498695885, 47
1, 1600029, 914459, 685570, 6859007.113064337, 82, 42, 40, 318.42166984345636, 43
51, 1600131, 914511, 685620, 6859345.410247117, 102, 52, 50, 338.29718278112654, 53
1, 1600208, 914558, 685650, 6859659.135910884, 77, 47, 30, 313.72566376652986, 48
1, 1600251, 914601, 685650, 6859928.810871087, 43, 43, 0, 269.6749602031015, 43
51, 1600338, 914638, 685700, 6860251.718452085, 87, 37, 50, 322.9075809977351, 38
1, 1600429, 914689, 685740, 6860579.877514023, 91, 51, 40, 328.1590619387661, 52
1, 1600474, 914734, 685740, 6860852.879520435, 45, 45, 0, 273.00200641113514, 45
51, 1600595, 914775, 685820, 6861205.941999471, 121, 41, 80, 353.06247903554, 43
1, 1600670, 914810, 685860, 6861516.325095109, 75, 35, 40, 310.38309563827124, 36
1, 1600739, 914849, 685890, 6861820.4372368185, 69, 39, 30, 304.1121417102006, 40
1, 1600780, 914890, 685890, 6862086.681190262, 41, 41, 0, 266.24395344352433, 41
1, 1600890, 914930, 685960, 6862430.734374308, 110, 40, 70, 344.0531840464366, 42
51, 1600973, 914963, 686010, 6862749.269322237, 83, 33, 50, 318.5349479292333, 34
1, 1601022, 915012, 686010, 6863028.644453343, 49, 49, 0, 279.3751311064591, 49
1, 1601103, 915053, 686050, 6863345.944453343, 81, 41, 40, 317.3, 42
1, 1601155, 915105, 686050, 6863629.879414771, 52, 52, 0, 283.93496142826496, 52
51, 1601252, 915152, 686100, 6863963.208314043, 97, 47, 50, 333.3288992714996, 48
1, 1601327, 915197, 686130, 6864274.59140968, 75, 45, 30, 311.38309563827124, 46
1, 1601368, 915238, 686130, 6864540.835363124, 41, 41, 0, 266.24395344352433, 41
1, 1601440, 915270, 686170, 6864847.630426148, 72, 32, 40, 306.79506302439404, 33
1, 1601478, 915308, 686170, 6865108.512805767, 38, 38, 0, 260.88237961983884, 38
51, 1601602, 915342, 686260, 6865463.212202315, 124, 34, 90, 354.6993965481514, 36
1, 1601632, 915372, 686260, 6865708.246934247, 30, 30, 0, 245.0347319320716, 30
1, 1601705, 915415, 686290, 6866017.248212816, 73, 43, 30, 309.00127856917646, 44
51, 1601793, 915453, 686340, 6866341.2296441775, 88, 38, 50, 323.98143136087856, 39
1, 1601833, 915493, 686340, 6866605.716330114, 40, 40, 0, 264.4866859365871, 40
1, 1601947, 915537, 686410, 6866953.474317806, 114, 44, 70, 347.75798769167545, 46
1, 1601988, 915578, 686410, 6867219.718271249, 41, 41, 0, 266.24395344352433, 41
1, 1602058, 915618, 686440, 6867525.069032101, 70, 40, 30, 305.3507608519078, 41
51, 1602156, 915666, 686490, 6867859.403660466, 98, 48, 50, 334.33462836457886, 49
1, 1602192, 915702, 686490, 6868116.552634744, 36, 36, 0, 257.1489742783178, 36
1, 1602278, 915748, 686530, 6868439.378799392, 86, 46, 40, 322.82616464756694, 47
1, 1602323, 915793, 686530, 6868712.380805803, 45, 45, 0, 273.00200641113514, 45
51, 1602416, 915836, 686580, 6869041.62308571, 93, 43, 50, 329.24227990714814, 44
1, 1602486, 915876, 686610, 6869346.973846562, 70, 40, 30, 305.3507608519078, 41
1, 1602575, 915925, 686650, 6869673.021712126, 89, 49, 40, 326.0478655640733, 50
1, 1602609, 915959, 686650, 6869926.295352403, 34, 34, 0, 253.2736402766418, 34
51, 1602739, 916009, 686730, 6870287.1601899415, 130, 50, 80, 360.86483753851803, 52
1, 1602819, 916049, 686770, 6870603.329946185, 80, 40, 40, 316.1697562442441, 41
1, 1602881, 916081, 686800, 6870898.436572515, 62, 32, 30, 295.1066263296683, 33
1, 1602925, 916125, 686800, 6871169.787530205, 44, 44, 0, 271.35095769013947, 44
51, 1603054, 916164, 686890, 6871528.801130696, 129, 39, 90, 359.01360049114555, 41
1, 1603098, 916208, 686890, 6871800.152088386, 44, 44, 0, 271.35095769013947, 44
1, 1603143, 916253, 686890, 6872073.154094798, 45, 45, 0, 273.00200641113514, 45
51, 1603259, 916289, 686970, 6872421.735898289, 116, 36, 80, 348.5818034911291, 38
1, 1603297, 916327, 686970, 6872682.618277908, 38, 38, 0, 260.88237961983884, 38
1, 1603376, 916366, 687010, 6872997.649028039, 79, 39, 40, 315.03075013013313, 40
1, 1603409, 916399, 687010, 6873248.927200732, 33, 33, 0, 251.27817269284301, 33
1, 1603443, 916433, 687010, 6873502.200841009, 34, 34, 0, 253.2736402766418, 34
51, 1603554, 916464, 687090, 6873846.18755905, 111, 31, 80, 343.9867180408456, 33
1, 1603595, 916505, 687090, 6874112.431512493, 41, 41, 0, 266.24395344352433, 41
1, 1603678, 916548, 687130, 6874431.966460422, 83, 43, 40, 319.5349479292333, 44
1, 1603723, 916593, 687130, 6874704.968466833, 45, 45, 0, 273.00200641113514, 45
51, 1603796, 916616, 687180, 6875011.969745402, 73, 23, 50, 307.00127856917646, 24
1, 1603871, 916661, 687210, 6875323.35284104, 75, 45, 30, 311.38309563827124, 46
1, 1603916, 916706, 687210, 6875596.354847452, 45, 45, 0, 273.00200641113514, 45
1, 1604019, 916739, 687280, 6875933.728097507, 103, 33, 70, 337.37325005549695, 35
51, 1604096, 916766, 687330, 6876245.453761273, 77, 27, 50, 311.72566376652986, 28
1, 1604161, 916801, 687360, 6876544.494912717, 65, 35, 30, 299.04115144336777, 36
1, 1604199, 916839, 687360, 6876805.377292336, 38, 38, 0, 260.88237961983884, 38
1, 1604286, 916886, 687400, 6877129.284873334, 87, 47, 40, 323.9075809977351, 48
51, 1604380, 916930, 687450, 6877459.5585991815, 94, 44, 50, 330.273725847777, 45
1, 1604448, 916968, 687480, 6877762.420770284, 68, 38, 30, 302.86217110259, 39
1, 1604534, 917014, 687520, 6878085.246934932, 86, 46, 40, 322.82616464756694, 47
1, 1604574, 917054, 687520, 6878349.733620868, 40, 40, 0, 264.4866859365871, 40
1, 1604609, 917089, 687520, 6878604.963548778, 35, 35, 0, 255.22992790977875, 35
51, 1604697, 917127, 687570, 6878928.944980139, 88, 38, 50, 323.98143136087856, 39
1, 1604778, 917168, 687610, 6879246.244980139, 81, 41, 40, 317.3, 42
1, 1604842, 917202, 687640, 6879543.987692613, 64, 34, 30, 297.742712474619, 35
51, 1604925, 917235, 687690, 6879862.522640542, 83, 33, 50, 318.5349479292333, 34
1, 1604968, 917278, 687690, 6880132.197600746, 43, 43, 0, 269.6749602031015, 43
1, 1605042, 917322, 687720, 6880442.394809512, 74, 44, 30, 310.1972087668518, 45
51, 1605178, 917368, 687810, 6880807.290106547, 136, 46, 90, 364.89529703482884, 48
1, 1605215, 917405, 687810, 6881066.322678003, 37, 37, 0, 259.03257145596604, 37
1, 1605244, 917434, 687810, 6881309.182256714, 29, 29, 0, 242.8595787106084, 29
51, 1605371, 917481, 687890, 6881667.481939014, 127, 47, 80, 358.2996822992933, 49
1, 1605406, 917516, 687890, 6881922.711866924, 35, 35, 0, 255.22992790977875, 35
1, 1605451, 917561, 687890, 6882195.713873335, 45, 45, 0, 273.00200641113514, 45
1, 1605529, 917599, 687930, 6882509.596659956, 78, 38, 40, 313.8827866200841, 39
1, 1605575, 917645, 687930, 6882784.225728669, 46, 46, 0, 274.6290687140218, 46
51, 1605709, 917689, 688020, 6883147.458544588, 134, 44, 90, 363.23281591860336, 46
1, 1605774, 917724, 688050, 6883446.499696031, 65, 35, 30, 299.04115144336777, 36
1, 1605815, 917765, 688050, 6883712.743649474, 41, 41, 0, 266.24395344352433, 41
1, 1605854, 917804, 688050, 6883975.443589418, 39, 39, 0, 262.6999399439383, 39
1, 1605936, 917846, 688090, 6884293.865259262, 82, 42, 40, 318.42166984345636, 43
51, 1606019, 917879, 688140, 6884612.400207191, 83, 33, 50, 318.5349479292333, 34
1, 1606094, 917924, 688170, 6884923.783302829, 75, 45, 30, 311.38309563827124, 46
1, 1606170, 917960, 688210, 6885235.342475202, 76, 36, 40, 311.5591723737189, 37
1, 1606199, 917989, 688210, 6885478.202053913, 29, 29, 0, 242.8595787106084, 29
1, 1606231, 918021, 688210, 6885727.4434769135, 32, 32, 0, 249.24142300054422, 32
51, 1606357, 918067, 688290, 6886084.880372797, 126, 46, 80, 357.43689588345075, 48
1, 1606433, 918103, 688330, 6886396.43954517, 76, 36, 40, 311.5591723737189, 37
1, 1606478, 918148, 688330, 6886669.441551582, 45, 45, 0, 273.00200641113514, 45
1, 1606526, 918196, 688330, 6886947.256354173, 48, 48, 0, 277.8148025904985, 48
1, 1606560, 918230, 688330, 6887200.52999445, 34, 34, 0, 253.2736402766418, 34
51, 1606696, 918276, 688420, 6887565.425291484, 136, 46, 90, 364.89529703482884, 48
1, 1606769, 918319, 688450, 6887874.426570053, 73, 43, 30, 309.00127856917646, 44
1, 1606802, 918352, 688450, 6888125.704742746, 33, 33, 0, 251.27817269284301, 33
1, 1606882, 918392, 688490, 6888441.87449899, 80, 40, 40, 316.1697562442441, 41
51, 1606978, 918438, 688540, 6888774.191415005, 96, 46, 50, 332.31691601465747, 47
1, 1607044, 918474, 688570, 6889074.518403282, 66, 36, 30, 300.32698827717985, 37
1, 1607118, 918508, 688610, 6889383.715612049, 74, 34, 40, 309.1972087668518, 35
1, 1607167, 918557, 688610, 6889663.090743155, 49, 49, 0, 279.3751311064591, 49
51, 1607254, 918594, 688660, 6889985.998324153, 87, 37, 50, 322.9075809977351, 38
1, 1607318, 918628, 688690, 6890283.741036627, 64, 34, 30, 297.742712474619, 35
1, 1607354, 918664, 688690, 6890540.890010905, 36, 36, 0, 257.1489742783178, 36
51, 1607448, 918708, 688740, 6890871.163736753, 94, 44, 50, 330.273725847777, 45
1, 1607561, 918751, 688810, 6891218.002780623, 113, 43, 70, 346.83904386951343, 45
1, 1607593, 918783, 688810, 6891467.244203623, 32, 32, 0, 249.24142300054422, 32
1, 1607667, 918817, 688850, 6891776.44141239, 74, 34, 40, 309.1972087668518, 35
1, 1607708, 918858, 688850, 6892042.685365833, 41, 41, 0, 266.24395344352433, 41
51, 1607824, 918894, 688930, 6892391.267169325, 116, 36, 80, 348.5818034911291, 38
1, 1607869, 918939, 688930, 6892664.269175736, 45, 45, 0, 273.00200641113514, 45
1, 1607945, 918975, 688970, 6892975.8283481095, 76, 36, 40, 311.5591723737189, 37
1, 1608015, 919015, 689000, 6893281.1791089615, 70, 40, 30, 305.3507608519078, 41
1, 1608054, 919054, 689000, 6893543.879048905, 39, 39, 0, 262.6999399439383, 39
51, 1608143, 919093, 689050, 6893868.926914469, 89, 39, 50, 325.0478655640733, 40
1, 1608190, 919140, 689050, 6894145.159964339, 47, 47, 0, 276.2330498695885, 47
1, 1608226, 919176, 689050, 6894402.308938617, 36, 36, 0, 257.1489742783178, 36
51, 1608386, 919216, 689170, 6894783.264820625, 160, 40, 120, 380.95588200778457, 43
1, 1608431, 919261, 689170, 6895056.266827037, 45, 45, 0, 273.00200641113514, 45
1, 1608460, 919290, 689170, 6895299.126405748, 29, 29, 0, 242.8595787106084, 29
1, 1608499, 919329, 689170, 6895561.826345691, 39, 39, 0, 262.6999399439383, 39
1, 1608544, 919374, 689170, 6895834.828352103, 45, 45, 0, 273.00200641113514, 45
51, 1608709, 919419, 689290, 6896219.530815525, 165, 45, 120, 384.7024634215721, 48
1, 1608749, 919459, 689290, 6896484.017501461, 40, 40, 0, 264.4866859365871, 40
1, 1608800, 919510, 689290, 6896766.452013239, 51, 51, 0, 282.43451177837886, 51
1, 1608875, 919545, 689330, 6897076.835108877, 75, 35, 40, 310.38309563827124, 36
51, 1608954, 919574, 689380, 6897390.865859007, 79, 29, 50, 314.03075013013313, 30
1, 1609031, 919621, 689410, 6897704.591522774, 77, 47, 30, 313.72566376652986, 48
1, 1609068, 919658, 689410, 6897963.62409423, 37, 37, 0, 259.03257145596604, 37
1, 1609137, 919697, 689440, 6898267.73623594, 69, 39, 30, 304.1121417102006, 40
51, 1609267, 919737, 689530, 6898627.601073478, 130, 40, 90, 359.86483753851803, 42
1, 1609315, 919785, 689530, 6898905.415876069, 48, 48, 0, 277.8148025904985, 48
1, 1609358, 919828, 689530, 6899175.090836273, 43, 43, 0, 269.6749602031015, 43
1, 1609398, 919868, 689530, 6899439.577522209, 40, 40, 0, 264.4866859365871, 40
51, 1609549, 919899, 689650, 6899813.622893415, 151, 31, 120, 374.04537120670284, 34
1, 1609588, 919938, 689650, 6900076.322833359, 39, 39, 0, 262.6999399439383, 39
1, 1609623, 919973, 689650, 6900331.552761269, 35, 35, 0, 255.22992790977875, 35
51, 1609699, 919999, 689700, 6900642.111933642, 76, 26, 50, 310.5591723737189, 27
1, 1609775, 920045, 689730, 6900954.671106015, 76, 46, 30, 312.5591723737189, 47
1, 1609864, 920094, 689770, 6901280.718971579, 89, 49, 40, 326.0478655640733, 50
1, 1609901, 920131, 689770, 6901539.751543036, 37, 37, 0, 259.03257145596604, 37
51, 1610020, 920170, 689850, 6901891.034938238, 119, 39, 80, 351.28339520229764, 41
1, 1610058, 920208, 689850, 6902151.917317857, 38, 38, 0, 260.88237961983884, 38
1, 1610141, 920251, 689890, 6902471.452265786, 83, 43, 40, 319.5349479292333, 44
51, 1610232, 920292, 689940, 6902798.6113277245, 91, 41, 50, 327.1590619387661, 42
1, 1610312, 920342, 689970, 6903115.7810839685, 80, 50, 30, 317.1697562442441, 51
1, 1610360, 920390, 689970, 6903393.595886559, 48, 48, 0, 277.8148025904985, 48
1, 1610435, 920425, 690010, 6903703.978982197, 75, 35, 40, 310.38309563827124, 36
51, 1610536, 920476, 690060, 6904041.29437017, 101, 51, 50, 337.31538797227006, 52
1, 1610580, 920520, 690060, 6904312.64532786, 44, 44, 0, 271.35095769013947, 44
1, 1610648, 920558, 690090, 6904615.507498962, 68, 38, 30, 302.86217110259, 39
1, 1610691, 920601, 690090, 6904885.182459165, 43, 43, 0, 269.6749602031015, 43
51, 1610769, 920629, 690140, 6905198.065245786, 78, 28, 50, 312.8827866200841, 29
1, 1610849, 920669, 690180, 6905514.23500203, 80, 40, 40, 316.1697562442441, 41
1, 1610877, 920697, 690180, 6905754.867665409, 28, 28, 0, 240.63266337912057, 28
51, 1610996, 920736, 690260, 6906106.151060611, 119, 39, 80, 351.28339520229764, 41
1, 1611031, 920771, 690260, 6906361.380988521, 35, 35, 0, 255.22992790977875, 35
1, 1611075, 920815, 690260, 6906632.73194621, 44, 44, 0, 271.35095769013947, 44
1, 1611146, 920846, 690300, 6906938.310257029, 71, 31, 40, 305.57831081870995, 32
51, 1611266, 920886, 690380, 6907290.485348994, 120, 40, 80, 352.1750919646873, 42
1, 1611311, 920931, 690380, 6907563.487355405, 45, 45, 0, 273.00200641113514, 45
1, 1611392, 920972, 690420, 6907880.787355405, 81, 41, 40, 317.3, 42
51, 1611508, 921008, 690500, 6908229.369158897, 116, 36, 80, 348.5818034911291, 38
1, 1611553, 921053, 690500, 6908502.371165308, 45, 45, 0, 273.00200641113514, 45
1, 1611603, 921103, 690500, 6908783.285960156, 50, 50, 0, 280.9147948472494, 50
1, 1611644, 921144, 690500, 6909049.529913599, 41, 41, 0, 266.24395344352433, 41
1, 1611685, 921185, 690500, 6909315.773867042, 41, 41, 0, 266.24395344352433, 41
51, 1611820, 921230, 690590, 6909679.839676982, 135, 45, 90, 364.06580994024984, 47
1, 1611897, 921277, 690620, 6909993.565340748, 77, 47, 30, 313.72566376652986, 48
1, 1611925, 921305, 690620, 6910234.1980041275, 28, 28, 0, 240.63266337912057, 28
1, 1611962, 921342, 690620, 6910493.230575584, 37, 37, 0, 259.03257145596604, 37
1, 1612003, 921383, 690620, 6910759.474529027, 41, 41, 0, 266.24395344352433, 41
51, 1612128, 921418, 690710, 6911115.044681516, 125, 35, 90, 355.57015248821097, 37
1, 1612199, 921459, 690740, 6911421.622992334, 71, 41, 30, 306.57831081870995, 42
1, 1612236, 921496, 690740, 6911680.65556379, 37, 37, 0, 259.03257145596604, 37
1, 1612326, 921546, 690780, 6912007.762592615, 90, 50, 40, 327.1070288241023, 51
51, 1612424, 921594, 690830, 6912342.09722098, 98, 48, 50, 334.33462836457886, 49
1, 1612500, 921640, 690860, 6912654.656393353, 76, 46, 30, 312.5591723737189, 47
1, 1612544, 921684, 690860, 6912926.007351043, 44, 44, 0, 271.35095769013947, 44
1, 1612581, 921721, 690860, 6913185.039922499, 37, 37, 0, 259.03257145596604, 37
51, 1612710, 921760, 690950, 6913544.05352299, 129, 39, 90, 359.01360049114555, 41
1, 1612747, 921797, 690950, 6913803.0860944465, 37, 37, 0, 259.03257145596604, 37
1, 1612790, 921840, 690950, 6914072.76105465, 43, 43, 0, 269.6749602031015, 43
1, 1612848, 921868, 690980, 6914362.427956757, 58, 28, 30, 289.66690210718946, 29
1, 1612938, 921918, 691020, 6914689.534985581, 90, 50, 40, 327.1070288241023, 51
51, 1613026, 921956, 691070, 6915013.516416943, 88, 38, 50, 323.98143136087856, 39
1, 1613064, 921994, 691070, 6915274.398796562, 38, 38, 0, 260.88237961983884, 38
1, 1613098, 922028, 691070, 6915527.672436839, 34, 34, 0, 253.2736402766418, 34
51, 1613215, 922065, 691150, 6915877.159253637, 117, 37, 80, 349.4868167986058, 39
1, 1613249, 922099, 691150, 6916130.432893914, 34, 34, 0, 253.2736402766418, 34
1, 1613361, 922141, 691220, 6916476.348206254, 112, 42, 70, 345.91531233955715, 44
1, 1613402, 922182, 691220, 6916742.592159697, 41, 41, 0, 266.24395344352433, 41
51, 1613490, 922220, 691270, 6917066.573591058, 88, 38, 50, 323.98143136087856, 39
1, 1613521, 922251, 691270, 6917313.734697235, 31, 31, 0, 247.1611061770567, 31
1, 1613556, 922286, 691270, 6917568.964625144, 35, 35, 0, 255.22992790977875, 35
1, 1613588, 922318, 691270, 6917818.206048145, 32, 32, 0, 249.24142300054422, 32
51, 1613743, 922353, 691390, 6918195.350200683, 155, 35, 120, 377.14415253747273, 38
1, 1613788, 922398, 691390, 6918468.352207094, 45, 45, 0, 273.00200641113514, 45
1, 1613830, 922440, 691390, 6918736.325196597, 42, 42, 0, 267.97298950218305, 42
1, 1613866, 922476, 691390, 6918993.474170875, 36, 36, 0, 257.1489742783178, 36
1, 1613941, 922511, 691430, 6919303.857266513, 75, 35, 40, 310.38309563827124, 36
51, 1614030, 922550, 691480, 6919628.905132077, 89, 39, 50, 325.0478655640733, 40
1, 1614098, 922588, 691510, 6919931.767303179, 68, 38, 30, 302.86217110259, 39
1, 1614134, 922624, 691510, 6920188.916277457, 36, 36, 0, 257.1489742783178, 36
1, 1614204, 922654, 691550, 6920493.267038309, 70, 30, 40, 304.3507608519078, 31
51, 1614284, 922684, 691600, 6920808.436794553, 80, 30, 50, 315.1697562442441, 31
1, 1614359, 922729, 691630, 6921119.819890191, 75, 45, 30, 311.38309563827124, 46
1, 1614438, 922768, 691670, 6921434.850640321, 79, 39, 40, 315.03075013013313, 40
1, 1614468, 922798, 691670, 6921679.885372253, 30, 30, 0, 245.0347319320716, 30
51, 1614564, 922844, 691720, 6922012.202288268, 96, 46, 50, 332.31691601465747, 47
1, 1614670, 922880, 691790, 6922352.4703318775, 106, 36, 70, 340.2680436096278, 38
1, 1614711, 922921, 691790, 6922618.714285321, 41, 41, 0, 266.24395344352433, 41
1, 1614746, 922956, 691790, 6922873.94421323, 35, 35, 0, 255.22992790977875, 35
1, 1614822, 922992, 691830, 6923185.503385603, 76, 36, 40, 311.5591723737189, 37
51, 1614917, 923037, 691880, 6923516.8019497385, 95, 45, 50, 331.2985641352145, 46
1, 1614985, 923075, 691910, 6923819.664120841, 68, 38, 30, 302.86217110259, 39
1, 1615020, 923110, 691910, 6924074.89404875, 35, 35, 0, 255.22992790977875, 35
51, 1615156, 923156, 692000, 6924439.789345785, 136, 46, 90, 364.89529703482884, 48
1, 1615230, 923200, 692030, 6924749.986554552, 74, 44, 30, 310.1972087668518, 45
1, 1615266, 923236, 692030, 6925007.13552883, 36, 36, 0, 257.1489742783178, 36
1, 1615301, 923271, 692030, 6925262.365456739, 35, 35, 0, 255.22992790977875, 35
51, 1615426, 923306, 692120, 6925617.935609228, 125, 35, 90, 355.57015248821097, 37
1, 1615474, 923354, 692120, 6925895.750411819, 48, 48, 0, 277.8148025904985, 48
1, 1615505, 923385, 692120, 6926142.911517995, 31, 31, 0, 247.1611061770567, 31
1, 1615613, 923423, 692190, 6926485.082497543, 108, 38, 70, 342.1709795470626, 40
51, 1615696, 923456, 692240, 6926803.617445472, 83, 33, 50, 318.5349479292333, 34
1, 1615768, 923498, 692270, 6927111.412508496, 72, 42, 30, 307.79506302439404, 43
1, 1615809, 923539, 692270, 6927377.656461939, 41, 41, 0, 266.24395344352433, 41
1, 1615844, 923574, 692270, 6927632.886389849, 35, 35, 0, 255.22992790977875, 35
1, 1615931, 923621, 692310, 6927956.793970847, 87, 47, 40, 323.9075809977351, 48
51, 1616024, 923664, 692360, 6928286.036250753, 93, 43, 50, 329.24227990714814, 44
1, 1616100, 923710, 692390, 6928598.595423127, 76, 46, 30, 312.5591723737189, 47
1, 1616143, 923753, 692390, 6928868.27038333, 43, 43, 0, 269.6749602031015, 43
51, 1616228, 923788, 692440, 6929189.007411001, 85, 35, 50, 320.73702767108114, 36
1, 1616253, 923813, 692440, 6929422.614208751, 25, 25, 0, 233.60679774997897, 25
1, 1616328, 923848, 692480, 6929732.997304389, 75, 35, 40, 310.38309563827124, 36
51, 1616450, 923890, 692560, 6930086.942922943, 122, 42, 80, 353.9456185537469, 44
1, 1616480, 923920, 692560, 6930331.977654875, 30, 30, 0, 245.0347319320716, 30
1, 1616520, 923960, 692560, 6930596.464340812, 40, 40, 0, 264.4866859365871, 40
1, 1616568, 924008, 692560, 6930874.279143402, 48, 48, 0, 277.8148025904985, 48
1, 1616651, 924051, 692600, 6931193.814091331, 83, 43, 40, 319.5349479292333, 44
51, 1616744, 924094, 692650, 6931523.056371238, 93, 43, 50, 329.24227990714814, 44
1, 1616820, 924140, 692680, 6931835.615543611, 76, 46, 30, 312.5591723737189, 47
1, 1616899, 924179, 692720, 6932150.646293742, 79, 39, 40, 315.03075013013313, 40
1, 1616941, 924221, 692720, 6932418.619283244, 42, 42, 0, 267.97298950218305, 42
51, 1617042, 924272, 692770, 6932755.934671217, 101, 51, 50, 337.31538797227006, 52
1, 1617078, 924308, 692770, 6933013.083645495, 36, 36, 0, 257.1489742783178, 36
1, 1617184, 924344, 692840, 6933353.351689104, 106, 36, 70, 340.2680436096278, 38
1, 1617219, 924379, 692840, 6933608.581617014, 35, 35, 0, 255.22992790977875, 35
51, 1617310, 924420, 692890, 6933935.740678952, 91, 41, 50, 327.1590619387661, 42
1, 1617391, 924461, 692930, 6934253.040678952, 81, 41, 40, 317.3, 42
1, 1617437, 924507, 692930, 6934527.6697476655, 46, 46, 0, 274.6290687140218, 46
1, 1617500, 924540, 692960, 6934824.1010723915, 63, 33, 30, 296.43132472612575, 34
1, 1617538, 924578, 692960, 6935084.983452011, 38, 38, 0, 260.88237961983884, 38
51, 1617625, 924615, 693010, 6935407.891033009, 87, 37, 50, 322.9075809977351, 38
1, 1617708, 924658, 693050, 6935727.425980938, 83, 43, 40, 319.5349479292333, 44
1, 1617747, 924697, 693050, 6935990.1259208815, 39, 39, 0, 262.6999399439383, 39
51, 1617834, 924734, 693100, 6936313.033501879, 87, 37, 50, 322.9075809977351, 38
1, 1617902, 924772, 693130, 6936615.895672982, 68, 38, 30, 302.86217110259, 39
1, 1617933, 924803, 693130, 6936863.056779158, 31, 31, 0, 247.1611061770567, 31
51, 1618060, 924850, 693210, 6937221.356461458, 127, 47, 80, 358.2996822992933, 49
1, 1618141, 924891, 693250, 6937538.656461458, 81, 41, 40, 317.3, 42
1, 1618208, 924928, 693280, 6937840.257016716, 67, 37, 30, 301.6005552576305, 38
1, 1618243, 924963, 693280, 6938095.486944625, 35, 35, 0, 255.22992790977875, 35
51, 1618329, 924999, 693330, 6938417.313109273, 86, 36, 50, 321.82616464756694, 37
1, 1618366, 925036, 693330, 6938676.3456807295, 37, 37, 0, 259.03257145596604, 37
1, 1618471, 925071, 693400, 6939015.654268024, 105, 35, 70, 339.30858729436795, 37
51, 1618559, 925109, 693450, 6939339.635699385, 88, 38, 50, 323.98143136087856, 39
1, 1618604, 925154, 693450, 6939612.637705796, 45, 45, 0, 273.00200641113514, 45
1, 1618695, 925205, 693490, 6939940.796767735, 91, 51, 40, 328.1590619387661, 52
1, 1618758, 925238, 693520, 6940237.228092461, 63, 33, 30, 296.43132472612575, 34
1, 1618791, 925271, 693520, 6940488.506265154, 33, 33, 0, 251.27817269284301, 33
51, 1618882, 925312, 693570, 6940815.665327093, 91, 41, 50, 327.1590619387661, 42
1, 1618963, 925353, 693610, 6941132.965327092, 81, 41, 40, 317.3, 42
1, 1619001, 925391, 693610, 6941393.847706712, 38, 38, 0, 260.88237961983884, 38
1, 1619038, 925428, 693610, 6941652.880278168, 37, 37, 0, 259.03257145596604, 37
1, 1619110, 925470, 693640, 6941960.675341193, 72, 42, 30, 307.79506302439404, 43
51, 1619208, 925518, 693690, 6942295.009969558, 98, 48, 50, 334.33462836457886, 49
1, 1619312, 925552, 693760, 6942633.353656315, 104, 34, 70, 338.343686757474, 36
1, 1619358, 925598, 693760, 6942907.982725029, 46, 46, 0, 274.6290687140218, 46
51, 1619443, 925633, 693810, 6943228.7197527, 85, 35, 50, 320.73702767108114, 36
1, 1619491, 925681, 693810, 6943506.534555291, 48, 48, 0, 277.8148025904985, 48
1, 1619577, 925727, 693850, 6943829.360719939, 86, 46, 40, 322.82616464756694, 47
1, 1619639, 925759, 693880, 6944124.467346269, 62, 32, 30, 295.1066263296683, 33
1, 1619679, 925799, 693880, 6944388.954032205, 40, 40, 0, 264.4866859365871, 40
51, 1619808, 925838, 693970, 6944747.967632696, 129, 39, 90, 359.01360049114555, 41
1, 1619875, 925875, 694000, 6945049.568187954, 67, 37, 30, 301.6005552576305, 38
1, 1619916, 925916, 694000, 6945315.812141397, 41, 41, 0, 266.24395344352433, 41
1, 1619956, 925956, 694000, 6945580.298827333, 40, 40, 0, 264.4866859365871, 40
51, 1620057, 926007, 694050, 6945917.614215306, 101, 51, 50, 337.31538797227006, 52
1, 1620082, 926032, 694050, 6946151.221013056, 25, 25, 0, 233.60679774997897, 25
1, 1620159, 926069, 694090, 6946463.946676822, 77, 37, 40, 312.72566376652986, 38
1, 1620227, 926107, 694120, 6946766.808847925, 68, 38, 30, 302.86217110259, 39
1, 1620267, 926147, 694120, 6947031.295533861, 40, 40, 0, 264.4866859365871, 40
51, 1620397, 926187, 694210, 6947391.1603713995, 130, 40, 90, 359.86483753851803, 42
1, 1620424, 926214, 694210, 6947629.511077095, 27, 27, 0, 238.35070569547776, 27
1, 1620463, 926253, 694210, 6947892.211017039, 39, 39, 0, 262.6999399439383, 39
1, 1620522, 926282, 694240, 6948183.259817286, 59, 29, 30, 291.0488002476036, 30
51, 1620648, 926318, 694330, 6948539.69671317, 126, 36, 90, 356.43689588345075, 38
1, 1620723, 926363, 694360, 6948851.079808808, 75, 45, 30, 311.38309563827124, 46
1, 1620761, 926401, 694360, 6949111.962188427, 38, 38, 0, 260.88237961983884, 38
1, 1620834, 926444, 694390, 6949420.963466996, 73, 43, 30, 309.00127856917646, 44
1, 1620922, 926492, 694430, 6949745.944898358, 88, 48, 40, 324.98143136087856, 49
51, 1621012, 926532, 694480, 6950072.051927182, 90, 40, 50, 326.1070288241023, 41
1, 1621051, 926571, 694480, 6950334.751867126, 39, 39, 0, 262.6999399439383, 39
1, 1621087, 926607, 694480, 6950591.900841404, 36, 36, 0, 257.1489742783178, 36
1, 1621128, 926648, 694480, 6950858.144794847, 41, 41, 0, 266.24395344352433, 41
51, 1621256, 926696, 694560, 6951217.303360948, 128, 48, 80, 359.1585661014858, 50
1, 1621346, 926746, 694600, 6951544.410389773, 90, 50, 40, 327.1070288241023, 51
1, 1621383, 926783, 694600, 6951803.442961229, 37, 37, 0, 259.03257145596604, 37
51, 1621469, 926819, 694650, 6952125.269125877, 86, 36, 50, 321.82616464756694, 37
1, 1621509, 926859, 694650, 6952389.755811813, 40, 40, 0, 264.4866859365871, 40
1, 1621573, 926893, 694680, 6952687.498524288, 64, 34, 30, 297.742712474619, 35
1, 1621655, 926935, 694720, 6953005.920194131, 82, 42, 40, 318.42166984345636, 43
51, 1621744, 926974, 694770, 6953330.968059695, 89, 39, 50, 325.0478655640733, 40
1, 1621805, 927005, 694800, 6953624.7362989625, 61, 31, 30, 293.7682392671241, 32
1, 1621844, 927044, 694800, 6953887.436238906, 39, 39, 0, 262.6999399439383, 39
1, 1621948, 927078, 694870, 6954225.779925664, 104, 34, 70, 338.343686757474, 36
51, 1622041, 927121, 694920, 6954555.022205571, 93, 43, 50, 329.24227990714814, 44
1, 1622083, 927163, 694920, 6954822.995195073, 42, 42, 0, 267.97298950218305, 42
1, 1622149, 927199, 694950, 6955123.32218335, 66, 36, 30, 300.32698827717985, 37
51, 1622238, 927238, 695000, 6955448.370048914, 89, 39, 50, 325.0478655640733, 40
1, 1622314, 927274, 695040, 6955759.929221287, 76, 36, 40, 311.5591723737189, 37
1, 1622377, 927307, 695070, 6956056.360546013, 63, 33, 30, 296.43132472612575, 34
1, 1622416, 927346, 695070, 6956319.060485957, 39, 39, 0, 262.6999399439383, 39
1, 1622506, 927396, 695110, 6956646.1675147815, 90, 50, 40, 327.1070288241023, 51
51, 1622599, 927439, 695160, 6956975.409794688, 93, 43, 50, 329.24227990714814, 44
1, 1622684, 927484, 695200, 6957297.146822359, 85, 45, 40, 321.73702767108114, 46
1, 1622724, 927524, 695200, 6957561.633508296, 40, 40, 0, 264.4866859365871, 40
1, 1622787, 927557, 695230, 6957858.064833022, 63, 33, 30, 296.43132472612575, 34
51, 1622888, 927608, 695280, 6958195.380220994, 101, 51, 50, 337.31538797227006, 52
1, 1622962, 927642, 695320, 6958504.577429761, 74, 34, 40, 309.1972087668518, 35
1, 1623002, 927682, 695320, 6958769.0641156975, 40, 40, 0, 264.4866859365871, 40
1, 1623070, 927720, 695350, 6959071.9262868, 68, 38, 30, 302.86217110259, 39
1, 1623105, 927755, 695350, 6959327.156214709, 35, 35, 0, 255.22992790977875, 35
51, 1623188, 927788, 695400, 6959645.691162638, 83, 33, 50, 318.5349479292333, 34
1, 1623268, 927828, 695440, 6959961.860918882, 80, 40, 40, 316.1697562442441, 41
1, 1623302, 927862, 695440, 6960215.134559159, 34, 34, 0, 253.2736402766418, 34
1, 1623372, 927902, 695470, 6960520.485320011, 70, 40, 30, 305.3507608519078, 41
51, 1623468, 927948, 695520, 6960852.802236026, 96, 46, 50, 332.31691601465747, 47
1, 1623508, 927988, 695520, 6961117.2889219625, 40, 40, 0, 264.4866859365871, 40
1, 1623556, 928036, 695520, 6961395.103724553, 48, 48, 0, 277.8148025904985, 48
51, 1623720, 928080, 695640, 6961779.061915389, 164, 44, 120, 383.9581908363381, 47
1, 1623769, 928129, 695640, 6962058.437046495, 49, 49, 0, 279.3751311064591, 49
1, 1623807, 928167, 695640, 6962319.319426115, 38, 38, 0, 260.88237961983884, 38
1, 1623884, 928204, 695680, 6962632.045089881, 77, 37, 40, 312.72566376652986, 38
1, 1623919, 928239, 695680, 6962887.2750177905, 35, 35, 0, 255.22992790977875, 35
51, 1624004, 928274, 695730, 6963208.012045462, 85, 35, 50, 320.73702767108114, 36
1, 1624070, 928310, 695760, 6963508.339033739, 66, 36, 30, 300.32698827717985, 37
1, 1624103, 928343, 695760, 6963759.617206432, 33, 33, 0, 251.27817269284301, 33
1, 1624178, 928388, 695790, 6964071.00030207, 75, 45, 30, 311.38309563827124, 46
51, 1624309, 928429, 695880, 6964431.712630285, 131, 41, 90, 360.7123282155055, 43
1, 1624344, 928464, 695880, 6964686.9425581945, 35, 35, 0, 255.22992790977875, 35
1, 1624418, 928508, 695910, 6964997.139766961, 74, 44, 30, 310.1972087668518, 45
51, 1624509, 928549, 695960, 6965324.2988289, 91, 41, 50, 327.1590619387661, 42
1, 1624615, 928585, 696030, 6965664.566872509, 106, 36, 70, 340.2680436096278, 38
1, 1624653, 928623, 696030, 6965925.449252129, 38, 38, 0, 260.88237961983884, 38
51, 1624765, 928655, 696110, 6966270.364564468, 112, 32, 80, 344.91531233955715, 34
1, 1624799, 928689, 696110, 6966523.638204745, 34, 34, 0, 253.2736402766418, 34
1, 1624843, 928733, 696110, 6966794.989162435, 44, 44, 0, 271.35095769013947, 44
1, 1624959, 928779, 696180, 6967144.570965926, 116, 46, 70, 349.5818034911291, 48
1, 1624997, 928817, 696180, 6967405.453345546, 38, 38, 0, 260.88237961983884, 38
51, 1625088, 928858, 696230, 6967732.612407484, 91, 41, 50, 327.1590619387661, 42
1, 1625160, 928890, 696270, 6968039.4074705085, 72, 32, 40, 306.79506302439404, 33
1, 1625241, 928941, 696300, 6968357.707470508, 81, 51, 30, 318.3, 52
1, 1625275, 928975, 696300, 6968610.981110785, 34, 34, 0, 253.2736402766418, 34
51, 1625429, 929009, 696420, 6968987.354777783, 154, 34, 120, 376.37366699756114, 37
1, 1625465, 929045, 696420, 6969244.503752061, 36, 36, 0, 257.1489742783178, 36
1, 1625507, 929087, 696420, 6969512.4767415635, 42, 42, 0, 267.97298950218305, 42
1, 1625553, 929133, 696420, 6969787.105810277, 46, 46, 0, 274.6290687140218, 46
51, 1625638, 929168, 696470, 6970107.842837948, 85, 35, 50, 320.73702767108114, 36
1, 1625716, 929206, 696510, 6970421.725624569, 78, 38, 40, 313.8827866200841, 39
1, 1625782, 929242, 696540, 6970722.052612846, 66, 36, 30, 300.32698827717985, 37
1, 1625814, 929274, 696540, 6970971.294035846, 32, 32, 0, 249.24142300054422, 32
51, 1625900, 929310, 696590, 6971293.120200494, 86, 36, 50, 321.82616464756694, 37
1, 1625946, 929356, 696590, 6971567.749269208, 46, 46, 0, 274.6290687140218, 46
1, 1626049, 929389, 696660, 6971905.122519263, 103, 33, 70, 337.37325005549695, 35
1, 1626086, 929426, 696660, 6972164.155090719, 37, 37, 0, 259.03257145596604, 37
51, 1626188, 929478, 696710, 6972502.4522735, 102, 52, 50, 338.29718278112654, 53
1, 1626273, 929523, 696750, 6972824.189301171, 85, 45, 40, 321.73702767108114, 46
1, 1626324, 929574, 696750, 6973106.623812949, 51, 51, 0, 282.43451177837886, 51
51, 1626445, 929615, 696830, 6973459.686291985, 121, 41, 80, 353.06247903554, 43
1, 1626476, 929646, 696830, 6973706.847398162, 31, 31, 0, 247.1611061770567, 31
1, 1626551, 929691, 696860, 6974018.2304938, 75, 45, 30, 311.38309563827124, 46
1, 1626593, 929733, 696860, 6974286.203483302, 42, 42, 0, 267.97298950218305, 42
51, 1626737, 929787, 696950, 6974657.613644816, 144, 54, 90, 371.41016151377545, 56
1, 1626775, 929825, 696950, 6974918.496024435, 38, 38, 0, 260.88237961983884, 38
1, 1626855, 929865, 696990, 6975234.665780679, 80, 40, 40, 316.1697562442441, 41
51, 1626955, 929915, 697040, 6975570.993546696, 100, 50, 50, 336.327766016838, 51
1, 1627027, 929957, 697070, 6975878.788609721, 72, 42, 30, 307.79506302439404, 43
1, 1627072, 930002, 697070, 6976151.790616132, 45, 45, 0, 273.00200641113514, 45
1, 1627152, 930052, 697100, 6976468.960372376, 80, 50, 30, 317.1697562442441, 51
1, 1627233, 930093, 697140, 6976786.260372376, 81, 41, 40, 317.3, 42
51, 1627316, 930126, 697190, 6977104.795320305, 83, 33, 50, 318.5349479292333, 34
1, 1627379, 930159, 697220, 6977401.226645031, 63, 33, 30, 296.43132472612575, 34
1, 1627454, 930194, 697260, 6977711.609740669, 75, 35, 40, 310.38309563827124, 36
1, 1627497, 930237, 697260, 6977981.284700872, 43, 43, 0, 269.6749602031015, 43
51, 1627577, 930267, 697310, 6978296.454457116, 80, 30, 50, 315.1697562442441, 31
1, 1627617, 930307, 697310, 6978560.941143053, 40, 40, 0, 264.4866859365871, 40
1, 1627682, 930342, 697340, 6978859.982294496, 65, 35, 30, 299.04115144336777, 36
51, 1627803, 930373, 697430, 6979212.044773532, 121, 31, 90, 352.06247903554, 33
1, 1627850, 930420, 697430, 6979488.277823402, 47, 47, 0, 276.2330498695885, 47
1, 1627880, 930450, 697430, 6979733.312555334, 30, 30, 0, 245.0347319320716, 30
51, 1627964, 930484, 697480, 6980052.952565737, 84, 34, 50, 319.64001040350905, 35
1, 1628000, 930520, 697480, 6980310.101540015, 36, 36, 0, 257.1489742783178, 36
1, 1628108, 930558, 697550, 6980652.272519562, 108, 38, 70, 342.1709795470626, 40
1, 1628146, 930596, 697550, 6980913.154899182, 38, 38, 0, 260.88237961983884, 38
1, 1628187, 930637, 697550, 6981179.398852625, 41, 41, 0, 266.24395344352433, 41
51, 1628315, 930675, 697640, 6981537.557418726, 128, 38, 90, 358.1585661014858, 40
1, 1628360, 930720, 697640, 6981810.559425138, 45, 45, 0, 273.00200641113514, 45
1, 1628389, 930749, 697640, 6982053.419003849, 29, 29, 0, 242.8595787106084, 29
1, 1628462, 930792, 697670, 6982362.420282418, 73, 43, 30, 309.00127856917646, 44
1, 1628497, 930827, 697670, 6982617.6502103275, 35, 35, 0, 255.22992790977875, 35
51, 1628635, 930875, 697760, 6982984.194139879, 138, 48, 90, 366.54392955194305, 50
1, 1628703, 930913, 697790, 6983287.0563109815, 68, 38, 30, 302.86217110259, 39
1, 1628785, 930955, 697830, 6983605.477980825, 82, 42, 40, 318.42166984345636, 43
51, 1628872, 930992, 697880, 6983928.385561823, 87, 37, 50, 322.9075809977351, 38
1, 1628910, 931030, 697880, 6984189.267941442, 38, 38, 0, 260.88237961983884, 38
1, 1628981, 931071, 697910, 6984495.846252261, 71, 41, 30, 306.57831081870995, 42
51, 1629066, 931106, 697960, 6984816.583279932, 85, 35, 50, 320.73702767108114, 36
1, 1629140, 931140, 698000, 6985125.780488699, 74, 34, 40, 309.1972087668518, 35
1, 1629172, 931172, 698000, 6985375.021911699, 32, 32, 0, 249.24142300054422, 32
1, 1629243, 931213, 698030, 6985681.600222518, 71, 41, 30, 306.57831081870995, 42
51, 1629359, 931239, 698120, 6986029.182026009, 116, 26, 90, 347.5818034911291, 28
1, 1629423, 931273, 698150, 6986326.9247384835, 64, 34, 30, 297.742712474619, 35
1, 1629468, 931318, 698150, 6986599.926744895, 45, 45, 0, 273.00200641113514, 45
1, 1629504, 931354, 698150, 6986857.075719173, 36, 36, 0, 257.1489742783178, 36
1, 1629568, 931388, 698180, 6987154.8184316475, 64, 34, 30, 297.742712474619, 35
51, 1629654, 931424, 698230, 6987476.644596295, 86, 36, 50, 321.82616464756694, 37
1, 1629728, 931458, 698270, 6987785.841805062, 74, 34, 40, 309.1972087668518, 35
1, 1629777, 931507, 698270, 6988065.216936168, 49, 49, 0, 279.3751311064591, 49
1, 1629848, 931548, 698300, 6988371.795246987, 71, 41, 30, 306.57831081870995, 42
51, 1629983, 931593, 698390, 6988735.861056927, 135, 45, 90, 364.06580994024984, 47
1, 1630030, 931640, 698390, 6989012.094106796, 47, 47, 0, 276.2330498695885, 47
1, 1630069, 931679, 698390, 6989274.79404674, 39, 39, 0, 262.6999399439383, 39
51, 1630201, 931721, 698480, 6989636.350169167, 132, 42, 90, 361.55612242701943, 44
1, 1630238, 931758, 698480, 6989895.382740623, 37, 37, 0, 259.03257145596604, 37
1, 1630309, 931799, 698510, 6990201.961051442, 71, 41, 30, 306.57831081870995, 42
1, 1630383, 931833, 698550, 6990511.158260209, 74, 34, 40, 309.1972087668518, 35
51, 1630475, 931875, 698600, 6990839.362361677, 92, 42, 50, 328.20410146824725, 43
1, 1630510, 931910, 698600, 6991094.592289587, 35, 35, 0, 255.22992790977875, 35
1, 1630583, 931953, 698630, 6991403.593568156, 73, 43, 30, 309.00127856917646, 44
1, 1630633, 932003, 698630, 6991684.508363003, 50, 50, 0, 280.9147948472494, 50
51, 1630727, 932047, 698680, 6992014.782088851, 94, 44, 50, 330.273725847777, 45
1, 1630810, 932090, 698720, 6992334.31703678, 83, 43, 40, 319.5349479292333, 44
1, 1630878, 932128, 698750, 6992637.179207882, 68, 38, 30, 302.86217110259, 39
1, 1630914, 932164, 698750, 6992894.32818216, 36, 36, 0, 257.1489742783178, 36
51, 1631002, 932202, 698800, 6993218.309613521, 88, 38, 50, 323.98143136087856, 39
1, 1631053, 932253, 698800, 6993500.744125299, 51, 51, 0, 282.43451177837886, 51
1, 1631123, 932293, 698830, 6993806.094886151, 70, 40, 30, 305.3507608519078, 41
1, 1631208, 932338, 698870, 6994127.831913822, 85, 45, 40, 321.73702767108114, 46
1, 1631282, 932382, 698900, 6994438.029122589, 74, 44, 30, 310.1972087668518, 45
51, 1631372, 932422, 698950, 6994764.136151413, 90, 40, 50, 326.1070288241023, 41
1, 1631480, 932460, 699020, 6995106.307130961, 108, 38, 70, 342.1709795470626, 40
1, 1631520, 932500, 699020, 6995370.793816897, 40, 40, 0, 264.4866859365871, 40
1, 1631577, 932527, 699050, 6995659.063437402, 57, 27, 30, 288.2696205054472, 28
1, 1631610, 932560, 699050, 6995910.341610095, 33, 33, 0, 251.27817269284301, 33
51, 1631697, 932597, 699100, 6996233.249191093, 87, 37, 50, 322.9075809977351, 38
1, 1631780, 932640, 699140, 6996552.784139022, 83, 43, 40, 319.5349479292333, 44
1, 1631820, 932680, 699140, 6996817.270824959, 40, 40, 0, 264.4866859365871, 40
51, 1631951, 932731, 699220, 6997178.983153174, 131, 51, 80, 361.7123282155055, 53
1, 1631987, 932767, 699220, 6997436.132127452, 36, 36, 0, 257.1489742783178, 36
1, 1632029, 932809, 699220, 6997704.105116954, 42, 42, 0, 267.97298950218305, 42
1, 1632110, 932850, 699260, 6998021.405116954, 81, 41, 40, 317.3, 42
51, 1632223, 932883, 699340, 6998367.2441608235, 113, 33, 80, 345.83904386951343, 35
1, 1632297, 932917, 699380, 6998676.44136959, 74, 34, 40, 309.1972087668518, 35
1, 1632333, 932953, 699380, 6998933.590343868, 36, 36, 0, 257.1489742783178, 36
1, 1632368, 932988, 699380, 6999188.820271778, 35, 35, 0, 255.22992790977875, 35
51, 1632493, 933023, 699470, 6999544.390424266, 125, 35, 90, 355.57015248821097, 37
1, 1632533, 933063, 699470, 6999808.877110203, 40, 40, 0, 264.4866859365871, 40
1, 1632603, 933103, 699500, 7000114.227871055, 70, 40, 30, 305.3507608519078, 41
1, 1632639, 933139, 699500, 7000371.376845333, 36, 36, 0, 257.1489742783178, 36
51, 1632771, 933181, 699590, 7000732.93296776, 132, 42, 90, 361.55612242701943, 44
1, 1632811, 933221, 699590, 7000997.419653696, 40, 40, 0, 264.4866859365871, 40
1, 1632885, 933265, 699620, 7001307.616862463, 74, 44, 30, 310.1972087668518, 45
1, 1632968, 933308, 699660, 7001627.151810392, 83, 43, 40, 319.5349479292333, 44
1, 1633002, 933342, 699660, 7001880.425450669, 34, 34, 0, 253.2736402766418, 34
51, 1633094, 933384, 699710, 7002208.629552137, 92, 42, 50, 328.20410146824725, 43
1, 1633129, 933419, 699710, 7002463.859480047, 35, 35, 0, 255.22992790977875, 35
1, 1633171, 933461, 699710, 7002731.832469549, 42, 42, 0, 267.97298950218305, 42
1, 1633283, 933503, 699780, 7003077.747781889, 112, 42, 70, 345.91531233955715, 44
51, 1633372, 933542, 699830, 7003402.795647453, 89, 39, 50, 325.0478655640733, 40
1, 1633409, 933579, 699830, 7003661.828218909, 37, 37, 0, 259.03257145596604, 37
1, 1633448, 933618, 699830, 7003924.528158853, 39, 39, 0, 262.6999399439383, 39
1, 1633530, 933660, 699870, 7004242.949828696, 82, 42, 40, 318.42166984345636, 43
1, 1633597, 933697, 699900, 7004544.550383954, 67, 37, 30, 301.6005552576305, 38
51, 1633684, 933734, 699950, 7004867.457964952, 87, 37, 50, 322.9075809977351, 38
1, 1633724, 933774, 699950, 7005131.944650888, 40, 40, 0, 264.4866859365871, 40
1, 1633759, 933809, 699950, 7005387.174578798, 35, 35, 0, 255.22992790977875, 35
1, 1633830, 933850, 699980, 7005693.752889616, 71, 41, 30, 306.57831081870995, 42
1, 1633911, 933891, 700020, 7006011.052889616, 81, 41, 40, 317.3, 42
51, 1634009, 933939, 700070, 7006345.387517981, 98, 48, 50, 334.33462836457886, 49
1, 1634081, 933971, 700110, 7006652.182581006, 72, 32, 40, 306.79506302439404, 33
1, 1634152, 934012, 700140, 7006958.760891824, 71, 41, 30, 306.57831081870995, 42
1, 1634189, 934049, 700140, 7007217.79346328, 37, 37, 0, 259.03257145596604, 37
1, 1634229, 934089, 700140, 7007482.280149217, 40, 40, 0, 264.4866859365871, 40
51, 1634317, 934127, 700190, 7007806.261580578, 88, 38, 50, 323.98143136087856, 39
1, 1634428, 934168, 700260, 7008151.248298619, 111, 41, 70, 344.9867180408456, 43
1, 1634470, 934210, 700260, 7008419.221288121, 42, 42, 0, 267.97298950218305, 42
1, 1634510, 934250, 700260, 7008683.707974058, 40, 40, 0, 264.4866859365871, 40
51, 1634646, 934296, 700350, 7009048.603271092, 136, 46, 90, 364.89529703482884, 48
1, 1634683, 934333, 700350, 7009307.635842549, 37, 37, 0, 259.03257145596604, 37
1, 1634723, 934373, 700350, 7009572.122528485, 40, 40, 0, 264.4866859365871, 40
1, 1634784, 934404, 700380, 7009865.890767752, 61, 31, 30, 293.7682392671241, 32
51, 1634873, 934443, 700430, 7010190.938633316, 89, 39, 50, 325.0478655640733, 40
1, 1634948, 934478, 700470, 7010501.321728954, 75, 35, 40, 310.38309563827124, 36
1, 1634995, 934525, 700470, 7010777.554778824, 47, 47, 0, 276.2330498695885, 47
51, 1635110, 934560, 700550, 7011125.226995885, 115, 35, 80, 347.6722170622053, 37
1, 1635149, 934599, 700550, 7011387.926935829, 39, 39, 0, 262.6999399439383, 39
1, 1635220, 934640, 700580, 7011694.505246648, 71, 41, 30, 306.57831081870995, 42
1, 1635263, 934683, 700580, 7011964.180206851, 43, 43, 0, 269.6749602031015, 43
51, 1635395, 934725, 700670, 7012325.736329278, 132, 42, 90, 361.55612242701943, 44
1, 1635429, 934759, 700670, 7012579.009969555, 34, 34, 0, 253.2736402766418, 34
1, 1635475, 934805, 700670, 7012853.6390382685, 46, 46, 0, 274.6290687140218, 46
51, 1635596, 934846, 700750, 7013206.701517304, 121, 41, 80, 353.06247903554, 43
1, 1635687, 934897, 700790, 7013534.860579243, 91, 51, 40, 328.1590619387661, 52
1, 1635725, 934935, 700790, 7013795.742958862, 38, 38, 0, 260.88237961983884, 38
1, 1635807, 934977, 700830, 7014114.164628706, 82, 42, 40, 318.42166984345636, 43
51, 1635898, 935018, 700880, 7014441.323690644, 91, 41, 50, 327.1590619387661, 42
1, 1635945, 935065, 700880, 7014717.556740514, 47, 47, 0, 276.2330498695885, 47
1, 1636014, 935104, 700910, 7015021.668882224, 69, 39, 30, 304.1121417102006, 40
51, 1636141, 935141, 701000, 7015378.968564523, 127, 37, 90, 357.2996822992933, 39
1, 1636214, 935184, 701030, 7015687.969843092, 73, 43, 30, 309.00127856917646, 44
1, 1636298, 935228, 701070, 7016008.609853496, 84, 44, 40, 320.64001040350905, 45
1, 1636370, 935270, 701100, 7016316.40491652, 72, 42, 30, 307.79506302439404, 43
1, 1636413, 935313, 701100, 7016586.079876724, 43, 43, 0, 269.6749602031015, 43
51, 1636568, 935348, 701220, 7016963.224029262, 155, 35, 120, 377.14415253747273, 38
1, 1636598, 935378, 701220, 7017208.258761194, 30, 30, 0, 245.0347319320716, 30
1, 1636665, 935415, 701250, 7017509.8593164515, 67, 37, 30, 301.6005552576305, 38
1, 1636711, 935461, 701250, 7017784.488385165, 46, 46, 0, 274.6290687140218, 46
51, 1636872, 935502, 701370, 7018166.198681766, 161, 41, 120, 381.7102966008917, 44
1, 1636923, 935553, 701370, 7018448.633193544, 51, 51, 0, 282.43451177837886, 51
1, 1637003, 935593, 701410, 7018764.802949788, 80, 40, 40, 316.1697562442441, 41
51, 1637099, 935639, 701460, 7019097.119865803, 96, 46, 50, 332.31691601465747, 47
1, 1637143, 935683, 701460, 7019368.470823493, 44, 44, 0, 271.35095769013947, 44
1, 1637219, 935729, 701490, 7019681.029995866, 76, 46, 30, 312.5591723737189, 47
51, 1637310, 935770, 701540, 7020008.189057805, 91, 41, 50, 327.1590619387661, 42
1, 1637417, 935807, 701610, 7020349.411203074, 107, 37, 70, 341.2221452697031, 39
1, 1637462, 935852, 701610, 7020622.413209486, 45, 45, 0, 273.00200641113514, 45
1, 1637533, 935893, 701640, 7020928.991520304, 71, 41, 30, 306.57831081870995, 42
51, 1637664, 935934, 701730, 7021289.703848519, 131, 41, 90, 360.7123282155055, 43
1, 1637704, 935974, 701730, 7021554.190534456, 40, 40, 0, 264.4866859365871, 40
1, 1637751, 936021, 701730, 7021830.423584325, 47, 47, 0, 276.2330498695885, 47
51, 1637842, 936062, 701780, 7022157.582646264, 91, 41, 50, 327.1590619387661, 42
1, 1637909, 936099, 701810, 7022459.183201522, 67, 37, 30, 301.6005552576305, 38
1, 1637953, 936143, 701810, 7022730.534159211, 44, 44, 0, 271.35095769013947, 44
1, 1638035, 936185, 701850, 7023048.955829055, 82, 42, 40, 318.42166984345636, 43
51, 1638124, 936224, 701900, 7023374.003694619, 89, 39, 50, 325.0478655640733, 40
1, 1638163, 936263, 701900, 7023636.703634563, 39, 39, 0, 262.6999399439383, 39
1, 1638200, 936300, 701900, 7023895.736206019, 37, 37, 0, 259.03257145596604, 37
1, 1638275, 936345, 701930, 7024207.119301657, 75, 45, 30, 311.38309563827124, 46
51, 1638414, 936394, 702020, 7024574.482463959, 139, 49, 90, 367.36316230125203, 51
1, 1638448, 936428, 702020, 7024827.756104236, 34, 34, 0, 253.2736402766418, 34
1, 1638514, 936464, 702050, 7025128.083092513, 66, 36, 30, 300.32698827717985, 37
1, 1638545, 936495, 702050, 7025375.244198689, 31, 31, 0, 247.1611061770567, 31
51, 1638633, 936533, 702100, 7025699.2256300505, 88, 38, 50, 323.98143136087856, 39
1, 1638709, 936569, 702140, 7026010.784802424, 76, 36, 40, 311.5591723737189, 37
1, 1638750, 936610, 702140, 7026277.028755867, 41, 41, 0, 266.24395344352433, 41
1, 1638859, 936649, 702210, 7026620.143387366, 109, 39, 70, 343.114631499574, 41
1, 1638900, 936690, 702210, 7026886.387340809, 41, 41, 0, 266.24395344352433, 41
51, 1638984, 936724, 702260, 7027206.027351213, 84, 34, 50, 319.64001040350905, 35
1, 1639030, 936770, 702260, 7027480.656419926, 46, 46, 0, 274.6290687140218, 46
1, 1639093, 936803, 702290, 7027777.087744652, 63, 33, 30, 296.43132472612575, 34
1, 1639125, 936835, 702290, 7028026.329167653, 32, 32, 0, 249.24142300054422, 32
51, 1639257, 936877, 702380, 7028387.88529008, 132, 42, 90, 361.55612242701943, 44
1, 1639304, 936924, 702380, 7028664.118339949, 47, 47, 0, 276.2330498695885, 47
1, 1639346, 936966, 702380, 7028932.091329452, 42, 42, 0, 267.97298950218305, 42
1, 1639421, 937011, 702410, 7029243.47442509, 75, 45, 30, 311.38309563827124, 46
51, 1639516, 937056, 702460, 7029574.772989225, 95, 45, 50, 331.2985641352145, 46
1, 1639602, 937102, 702500, 7029897.599153873, 86, 46, 40, 322.82616464756694, 47
1, 1639636, 937136, 702500, 7030150.872794149, 34, 34, 0, 253.2736402766418, 34
1, 1639674, 937174, 702500, 7030411.755173769, 38, 38, 0, 260.88237961983884, 38
1, 1639740, 937210, 702530, 7030712.082162046, 66, 36, 30, 300.32698827717985, 37
51, 1639828, 937248, 702580, 7031036.063593407, 88, 38, 50, 323.98143136087856, 39
1, 1639895, 937285, 702610, 7031337.664148665, 67, 37, 30, 301.6005552576305, 38
1, 1639981, 937331, 702650, 7031660.490313313, 86, 46, 40, 322.82616464756694, 47
1, 1640020, 937370, 702650, 7031923.190253257, 39, 39, 0, 262.6999399439383, 39
51, 1640108, 937408, 702700, 7032247.171684618, 88, 38, 50, 323.98143136087856, 39
1, 1640173, 937443, 702730, 7032546.212836062, 65, 35, 30, 299.04115144336777, 36
1, 1640217, 937487, 702730, 7032817.563793751, 44, 44, 0, 271.35095769013947, 44
51, 1640341, 937531, 702810, 7033173.263190299, 124, 44, 80, 355.6993965481514, 46
1, 1640429, 937579, 702850, 7033498.244621661, 88, 48, 40, 324.98143136087856, 49
1, 1640467, 937617, 702850, 7033759.12700128, 38, 38, 0, 260.88237961983884, 38
1, 1640554, 937664, 702890, 7034083.034582278, 87, 47, 40, 323.9075809977351, 48
1, 1640596, 937706, 702890, 7034351.00757178, 42, 42, 0, 267.97298950218305, 42
51, 1640740, 937760, 702980, 7034722.417733294, 144, 54, 90, 371.41016151377545, 56
1, 1640802, 937792, 703010, 7035017.524359624, 62, 32, 30, 295.1066263296683, 33
1, 1640843, 937833, 703010, 7035283.768313067, 41, 41, 0, 266.24395344352433, 41
1, 1640873, 937863, 703010, 7035528.803044999, 30, 30, 0, 245.0347319320716, 30
1, 1640916, 937906, 703010, 7035798.4780052025, 43, 43, 0, 269.6749602031015, 43
51, 1641035, 937945, 703090, 7036149.761400404, 119, 39, 80, 351.28339520229764, 41
1, 1641118, 937988, 703130, 7036469.296348333, 83, 43, 40, 319.5349479292333, 44
1, 1641162, 938032, 703130, 7036740.647306023, 44, 44, 0, 271.35095769013947, 44
51, 1641284, 938064, 703220, 7037093.592924577, 122, 32, 90, 352.9456185537469, 34
1, 1641317, 938097, 703220, 7037344.87109727, 33, 33, 0, 251.27817269284301, 33
1, 1641386, 938136, 703250, 7037648.98323898, 69, 39, 30, 304.1121417102006, 40
1, 1641424, 938174, 703250, 7037909.8656186, 38, 38, 0, 260.88237961983884, 38
51, 1641512, 938212, 703300, 7038233.847049961, 88, 38, 50, 323.98143136087856, 39
1, 1641594, 938254, 703340, 7038552.2687198045, 82, 42, 40, 318.42166984345636, 43
1, 1641643, 938303, 703340, 7038831.6438509105, 49, 49, 0, 279.3751311064591, 49
51, 1641762, 938342, 703420, 7039182.927246112, 119, 39, 80, 351.28339520229764, 41
1, 1641832, 938372, 703460, 7039487.278006964, 70, 30, 40, 304.3507608519078, 31
1, 1641903, 938413, 703490, 7039793.856317783, 71, 41, 30, 306.57831081870995, 42
1, 1641940, 938450, 703490, 7040052.888889239, 37, 37, 0, 259.03257145596604, 37
51, 1642030, 938490, 703540, 7040378.995918063, 90, 40, 50, 326.1070288241023, 41
1, 1642109, 938529, 703580, 7040694.026668194, 79, 39, 40, 315.03075013013313, 40
1, 1642181, 938571, 703610, 7041001.821731218, 72, 42, 30, 307.79506302439404, 43
1, 1642221, 938611, 703610, 7041266.3084171545, 40, 40, 0, 264.4866859365871, 40
51, 1642349, 938649, 703700, 7041624.466983256, 128, 38, 90, 358.1585661014858, 40
1, 1642411, 938681, 703730, 7041919.573609586, 62, 32, 30, 295.1066263296683, 33
1, 1642447, 938717, 703730, 7042176.722583864, 36, 36, 0, 257.1489742783178, 36
51, 1642569, 938749, 703820, 7042529.668202418, 122, 32, 90, 352.9456185537469, 34
1, 1642603, 938783, 703820, 7042782.941842695, 34, 34, 0, 253.2736402766418, 34
1, 1642680, 938820, 703860, 7043095.667506461, 77, 37, 40, 312.72566376652986, 38
1, 1642723, 938863, 703860, 7043365.3424666645, 43, 43, 0, 269.6749602031015, 43
51, 1642843, 938903, 703940, 7043717.51755863, 120, 40, 80, 352.1750919646873, 42
1, 1642881, 938941, 703940, 7043978.399938249, 38, 38, 0, 260.88237961983884, 38
1, 1642955, 938975, 703980, 7044287.597147016, 74, 34, 40, 309.1972087668518, 35
1, 1643022, 939012, 704010, 7044589.197702274, 67, 37, 30, 301.6005552576305, 38
51, 1643119, 939059, 704060, 7044922.5266015455, 97, 47, 50, 333.3288992714996, 48
1, 1643230, 939100, 704130, 7045267.513319586, 111, 41, 70, 344.9867180408456, 43
1, 1643277, 939147, 704130, 7045543.746369456, 47, 47, 0, 276.2330498695885, 47
51, 1643373, 939193, 704180, 7045876.063285471, 96, 46, 50, 332.31691601465747, 47
1, 1643410, 939230, 704180, 7046135.095856927, 37, 37, 0, 259.03257145596604, 37
1, 1643475, 939265, 704210, 7046434.137008371, 65, 35, 30, 299.04115144336777, 36
1, 1643555, 939305, 704250, 7046750.306764615, 80, 40, 40, 316.1697562442441, 41
51, 1643676, 939346, 704330, 7047103.369243651, 121, 41, 80, 353.06247903554, 43
1, 1643711, 939381, 704330, 7047358.59917156, 35, 35, 0, 255.22992790977875, 35
1, 1643761, 939431, 704330, 7047639.513966408, 50, 50, 0, 280.9147948472494, 50
1, 1643836, 939476, 704360, 7047950.8970620455, 75, 45, 30, 311.38309563827124, 46
51, 1643970, 939520, 704450, 7048314.129877964, 134, 44, 90, 363.23281591860336, 46
1, 1644001, 939551, 704450, 7048561.290984141, 31, 31, 0, 247.1611061770567, 31
1, 1644041, 939591, 704450, 7048825.777670077, 40, 40, 0, 264.4866859365871, 40
51, 1644161, 939631, 704530, 7049177.952762042, 120, 40, 80, 352.1750919646873, 42
1, 1644202, 939672, 704530, 7049444.196715485, 41, 41, 0, 266.24395344352433, 41
1, 1644284, 939714, 704570, 7049762.618385329, 82, 42, 40, 318.42166984345636, 43
1, 1644328, 939758, 704570, 7050033.969343019, 44, 44, 0, 271.35095769013947, 44
51, 1644420, 939800, 704620, 7050362.173444487, 92, 42, 50, 328.20410146824725, 43
1, 1644494, 939844, 704650, 7050672.370653254, 74, 44, 30, 310.1972087668518, 45
1, 1644541, 939891, 704650, 7050948.6037031235, 47, 47, 0, 276.2330498695885, 47
1, 1644625, 939935, 704690, 7051269.243713527, 84, 44, 40, 320.64001040350905, 45
51, 1644722, 939982, 704740, 7051602.572612799, 97, 47, 50, 333.3288992714996, 48
1, 1644764, 940024, 704740, 7051870.545602301, 42, 42, 0, 267.97298950218305, 42
1, 1644831, 940061, 704770, 7052172.146157559, 67, 37, 30, 301.6005552576305, 38
1, 1644916, 940106, 704810, 7052493.88318523, 85, 45, 40, 321.73702767108114, 46
51, 1645008, 940148, 704860, 7052822.087286699, 92, 42, 50, 328.20410146824725, 43
1, 1645077, 940187, 704890, 7053126.199428408, 69, 39, 30, 304.1121417102006, 40
1, 1645121, 940231, 704890, 7053397.550386098, 44, 44, 0, 271.35095769013947, 44
1, 1645167, 940277, 704890, 7053672.179454812, 46, 46, 0, 274.6290687140218, 46
1, 1645214, 940324, 704890, 7053948.412504681, 47, 47, 0, 276.2330498695885, 47
51, 1645370, 940360, 705010, 7054326.324388986, 156, 36, 120, 377.9118843049396, 39
1, 1645416, 940406, 705010, 7054600.9534577, 46, 46, 0, 274.6290687140218, 46
1, 1645465, 940455, 705010, 7054880.328588806, 49, 49, 0, 279.3751311064591, 49
1, 1645500, 940490, 705010, 7055135.558516716, 35, 35, 0, 255.22992790977875, 35
1, 1645533, 940523, 705010, 7055386.836689409, 33, 33, 0, 251.27817269284301, 33
51, 1645699, 940569, 705130, 7055772.280957043, 166, 46, 120, 385.4442676339201, 49
1, 1645730, 940600, 705130, 7056019.44206322, 31, 31, 0, 247.1611061770567, 31
1, 1645800, 940640, 705160, 7056324.792824072, 70, 40, 30, 305.3507608519078, 41
1, 1645841, 940681, 705160, 7056591.036777515, 41, 41, 0, 266.24395344352433, 41
51, 1645994, 940714, 705280, 7056966.6371738305, 153, 33, 120, 375.6003963155711, 36
1, 1646034, 940754, 705280, 7057231.123859767, 40, 40, 0, 264.4866859365871, 40
1, 1646081, 940801, 705280, 7057507.356909636, 47, 47, 0, 276.2330498695885, 47
1, 1646123, 940843, 705280, 7057775.329899139, 42, 42, 0, 267.97298950218305, 42
51, 1646249, 940889, 705360, 7058132.766795022, 126, 46, 80, 357.43689588345075, 48
1, 1646333, 940933, 705400, 7058453.406805426, 84, 44, 40, 320.64001040350905, 45
1, 1646382, 940982, 705400, 7058732.781936532, 49, 49, 0, 279.3751311064591, 49
1, 1646457, 941027, 705430, 7059044.16503217, 75, 45, 30, 311.38309563827124, 46
51, 1646591, 941071, 705520, 7059407.397848088, 134, 44, 90, 363.23281591860336, 46
1, 1646629, 941109, 705520, 7059668.280227708, 38, 38, 0, 260.88237961983884, 38
1, 1646694, 941134, 705560, 7059966.321379151, 65, 25, 40, 298.04115144336777, 26
1, 1646730, 941170, 705560, 7060223.470353429, 36, 36, 0, 257.1489742783178, 36
51, 1646814, 941204, 705610, 7060543.110363833, 84, 34, 50, 319.64001040350905, 35
1, 1646927, 941247, 705680, 7060889.949407702, 113, 43, 70, 346.83904386951343, 45
1, 1646960, 941280, 705680, 7061141.2275803955, 33, 33, 0, 251.27817269284301, 33
1, 1647002, 941322, 705680, 7061409.200569898, 42, 42, 0, 267.97298950218305, 42
1, 1647046, 941366, 705680, 7061680.551527588, 44, 44, 0, 271.35095769013947, 44
51, 1647131, 941401, 705730, 7062001.288555259, 85, 35, 50, 320.73702767108114, 36
1, 1647200, 941440, 705760, 7062305.400696969, 69, 39, 30, 304.1121417102006, 40
1, 1647283, 941483, 705800, 7062624.935644898, 83, 43, 40, 319.5349479292333, 44
1, 1647355, 941525, 705830, 7062932.730707922, 72, 42, 30, 307.79506302439404, 43
1, 1647392, 941562, 705830, 7063191.763279378, 37, 37, 0, 259.03257145596604, 37
51, 1647517, 941607, 705910, 7063548.333431867, 125, 45, 80, 356.57015248821097, 47
1, 1647550, 941640, 705910, 7063799.61160456, 33, 33, 0, 251.27817269284301, 33
1, 1647626, 941676, 705950, 7064111.170776933, 76, 36, 40, 311.5591723737189, 37
1, 1647693, 941713, 705980, 7064412.771332191, 67, 37, 30, 301.6005552576305, 38
51, 1647785, 941755, 706030, 7064740.97543366, 92, 42, 50, 328.20410146824725, 43
1, 1647853, 941793, 706060, 7065043.837604762, 68, 38, 30, 302.86217110259, 39
1, 1647900, 941840, 706060, 7065320.070654632, 47, 47, 0, 276.2330498695885, 47
1, 1648017, 941887, 706130, 7065670.55747143, 117, 47, 70, 350.4868167986058, 49
51, 1648105, 941925, 706180, 7065994.538902791, 88, 38, 50, 323.98143136087856, 39
1, 1648171, 941961, 706210, 7066294.865891068, 66, 36, 30, 300.32698827717985, 37
1, 1648250, 942000, 706250, 7066609.896641199, 79, 39, 40, 315.03075013013313, 40
1, 1648291, 942041, 706250, 7066876.140594642, 41, 41, 0, 266.24395344352433, 41
1, 1648371, 942091, 706280, 7067193.310350886, 80, 50, 30, 317.1697562442441, 51
51, 1648491, 942121, 706370, 7067544.485442851, 120, 30, 90, 351.1750919646873, 32
1, 1648532, 942162, 706370, 7067810.729396294, 41, 41, 0, 266.24395344352433, 41
1, 1648598, 942198, 706400, 7068111.056384571, 66, 36, 30, 300.32698827717985, 37
1, 1648673, 942233, 706440, 7068421.439480209, 75, 35, 40, 310.38309563827124, 36
51, 1648764, 942274, 706490, 7068748.598542147, 91, 41, 50, 327.1590619387661, 42
1, 1648799, 942309, 706490, 7069003.828470057, 35, 35, 0, 255.22992790977875, 35
1, 1648864, 942344, 706520, 7069302.8696215, 65, 35, 30, 299.04115144336777, 36
1, 1648948, 942388, 706560, 7069623.509631904, 84, 44, 40, 320.64001040350905, 45
51, 1649047, 942437, 706610, 7069958.843846457, 99, 49, 50, 335.33421455299043, 50
1, 1649090, 942480, 706610, 7070228.518806661, 43, 43, 0, 269.6749602031015, 43
1, 1649159, 942519, 706640, 7070532.63094837, 69, 39, 30, 304.1121417102006, 40
1, 1649193, 942553, 706640, 7070785.904588647, 34, 34, 0, 253.2736402766418, 34
51, 1649318, 942588, 706730, 7071141.474741136, 125, 35, 90, 355.57015248821097, 37
1, 1649348, 942618, 706730, 7071386.509473068, 30, 30, 0, 245.0347319320716, 30
1, 1649413, 942653, 706760, 7071685.550624511, 65, 35, 30, 299.04115144336777, 36
1, 1649457, 942697, 706760, 7071956.901582201, 44, 44, 0, 271.35095769013947, 44
51, 1649572, 942732, 706840, 7072304.573799263, 115, 35, 80, 347.6722170622053, 37
1, 1649649, 942769, 706880, 7072617.299463029, 77, 37, 40, 312.72566376652986, 38
1, 1649680, 942800, 706880, 7072864.460569206, 31, 31, 0, 247.1611061770567, 31
51, 1649763, 942833, 706930, 7073182.995517135, 83, 33, 50, 318.5349479292333, 34
1, 1649805, 942875, 706930, 7073450.968506637, 42, 42, 0, 267.97298950218305, 42
1, 1649878, 942908, 706970, 7073758.969785206, 73, 33, 40, 308.00127856917646, 34
1, 1649947, 942947, 707000, 7074063.081926916, 69, 39, 30, 304.1121417102006, 40
51, 1650045, 942995, 707050, 7074397.416555281, 98, 48, 50, 334.33462836457886, 49
1, 1650109, 943029, 707080, 7074695.159267755, 64, 34, 30, 297.742712474619, 35
1, 1650153, 943073, 707080, 7074966.510225445, 44, 44, 0, 271.35095769013947, 44
51, 1650324, 943124, 707200, 7075355.627382541, 171, 51, 120, 389.11715709603743, 54
1, 1650359, 943159, 707200, 7075610.857310451, 35, 35, 0, 255.22992790977875, 35
1, 1650436, 943196, 707240, 7075923.582974217, 77, 37, 40, 312.72566376652986, 38
1, 1650513, 943243, 707270, 7076237.308637983, 77, 47, 30, 313.72566376652986, 48
51, 1650600, 943280, 707320, 7076560.216218981, 87, 37, 50, 322.9075809977351, 38
1, 1650639, 943319, 707320, 7076822.916158925, 39, 39, 0, 262.6999399439383, 39
1, 1650716, 943366, 707350, 7077136.641822691, 77, 47, 30, 313.72566376652986, 48
1, 1650754, 943404, 707350, 7077397.5242023105, 38, 38, 0, 260.88237961983884, 38
51, 1650891, 943451, 707440, 7077763.245524515, 137, 47, 90, 365.72132220485213, 49
1, 1650920, 943480, 707440, 7078006.105103226, 29, 29, 0, 242.8595787106084, 29
1, 1650971, 943531, 707440, 7078288.539615004, 51, 51, 0, 282.43451177837886, 51
1, 1651037, 943567, 707470, 7078588.866603281, 66, 36, 30, 300.32698827717985, 37
51, 1651134, 943614, 707520, 7078922.195502553, 97, 47, 50, 333.3288992714996, 48
1, 1651217, 943657, 707560, 7079241.730450482, 83, 43, 40, 319.5349479292333, 44
1, 1651254, 943694, 707560, 7079500.7630219385, 37, 37, 0, 259.03257145596604, 37
1, 1651296, 943736, 707560, 7079768.736011441, 42, 42, 0, 267.97298950218305, 42
51, 1651389, 943779, 707610, 7080097.978291348, 93, 43, 50, 329.24227990714814, 44
1, 1651497, 943817, 707680, 7080440.149270895, 108, 38, 70, 342.1709795470626, 40
1, 1651538, 943858, 707680, 7080706.393224338, 41, 41, 0, 266.24395344352433, 41
51, 1651627, 943897, 707730, 7081031.441089902, 89, 39, 50, 325.0478655640733, 40
1, 1651669, 943939, 707730, 7081299.414079404, 42, 42, 0, 267.97298950218305, 42
1, 1651780, 943980, 707800, 7081644.400797445, 111, 41, 70, 344.9867180408456, 43
1, 1651813, 944013, 707800, 7081895.678970139, 33, 33, 0, 251.27817269284301, 33
51, 1651912, 944062, 707850, 7082231.013184692, 99, 49, 50, 335.33421455299043, 50
1, 1651949, 944099, 707850, 7082490.045756148, 37, 37, 0, 259.03257145596604, 37
1, 1652015, 944135, 707880, 7082790.372744425, 66, 36, 30, 300.32698827717985, 37
1, 1652099, 944179, 707920, 7083111.012754829, 84, 44, 40, 320.64001040350905, 45
1, 1652139, 944219, 707920, 7083375.499440765, 40, 40, 0, 264.4866859365871, 40
51, 1652260, 944260, 708000, 7083728.561919801, 121, 41, 80, 353.06247903554, 43
1, 1652302, 944302, 708000, 7083996.534909303, 42, 42, 0, 267.97298950218305, 42
1, 1652385, 944345, 708040, 7084316.069857232, 83, 43, 40, 319.5349479292333, 44
51, 1652497, 944377, 708120, 7084660.985169572, 112, 32, 80, 344.91531233955715, 34
1, 1652533, 944413, 708120, 7084918.13414385, 36, 36, 0, 257.1489742783178, 36
1, 1652578, 944458, 708120, 7085191.136150261, 45, 45, 0, 273.00200641113514, 45
51, 1652666, 944496, 708170, 7085515.117581623, 88, 38, 50, 323.98143136087856, 39
1, 1652745, 944535, 708210, 7085830.148331753, 79, 39, 40, 315.03075013013313, 40
1, 1652780, 944570, 708210, 7086085.378259663, 35, 35, 0, 255.22992790977875, 35
1, 1652858, 944618, 708240, 7086400.261046283, 78, 48, 30, 314.8827866200841, 49
1, 1652929, 944649, 708280, 7086705.839357101, 71, 31, 40, 305.57831081870995, 32
51, 1653026, 944696, 708330, 7087039.168256373, 97, 47, 50, 333.3288992714996, 48
1, 1653068, 944738, 708330, 7087307.1412458755, 42, 42, 0, 267.97298950218305, 42
1, 1653113, 944783, 708330, 7087580.143252287, 45, 45, 0, 273.00200641113514, 45
1, 1653181, 944821, 708360, 7087883.005423389, 68, 38, 30, 302.86217110259, 39
51, 1653306, 944856, 708450, 7088238.575575878, 125, 35, 90, 355.57015248821097, 37
1, 1653340, 944890, 708450, 7088491.849216155, 34, 34, 0, 253.2736402766418, 34
1, 1653409, 944929, 708480, 7088795.961357865, 69, 39, 30, 304.1121417102006, 40
51, 1653499, 944969, 708530, 7089122.068386689, 90, 40, 50, 326.1070288241023, 41
1, 1653568, 945008, 708560, 7089426.180528399, 69, 39, 30, 304.1121417102006, 40
1, 1653614, 945054, 708560, 7089700.809597112, 46, 46, 0, 274.6290687140218, 46
1, 1653690, 945090, 708600, 7090012.3687694855, 76, 36, 40, 311.5591723737189, 37
51, 1653783, 945133, 708650, 7090341.611049392, 93, 43, 50, 329.24227990714814, 44
1, 1653816, 945166, 708650, 7090592.8892220855, 33, 33, 0, 251.27817269284301, 33
1, 1653864, 945214, 708650, 7090870.704024676, 48, 48, 0, 277.8148025904985, 48
1, 1653936, 945256, 708680, 7091178.499087701, 72, 42, 30, 307.79506302439404, 43
51, 1654027, 945297, 708730, 7091505.658149639, 91, 41, 50, 327.1590619387661, 42
1, 1654102, 945332, 708770, 7091816.041245277, 75, 35, 40, 310.38309563827124, 36
1, 1654139, 945369, 708770, 7092075.073816733, 37, 37, 0, 259.03257145596604, 37
1, 1654183, 945413, 708770, 7092346.424774423, 44, 44, 0, 271.35095769013947, 44
51, 1654315, 945455, 708860, 7092707.98089685, 132, 42, 90, 361.55612242701943, 44
1, 1654380, 945490, 708890, 7093007.022048294, 65, 35, 30, 299.04115144336777, 36
1, 1654419, 945529, 708890, 7093269.721988237, 39, 39, 0, 262.6999399439383, 39
1, 1654460, 945570, 708890, 7093535.965941681, 41, 41, 0, 266.24395344352433, 41
51, 1654595, 945615, 708980, 7093900.031751621, 135, 45, 90, 364.06580994024984, 47
1, 1654664, 945654, 709010, 7094204.14389333, 69, 39, 30, 304.1121417102006, 40
1, 1654718, 945708, 709010, 7094491.024494413, 54, 54, 0, 286.88060108295343, 54
1, 1654805, 945755, 709050, 7094814.932075411, 87, 47, 40, 323.9075809977351, 48
51, 1654892, 945792, 709100, 7095137.839656409, 87, 37, 50, 322.9075809977351, 38
1, 1654932, 945832, 709100, 7095402.326342345, 40, 40, 0, 264.4866859365871, 40
1, 1655013, 945883, 709130, 7095720.626342345, 81, 51, 30, 318.3, 52
51, 1655149, 945929, 709220, 7096085.52163938, 136, 46, 90, 364.89529703482884, 48
1, 1655188, 945968, 709220, 7096348.2215793235, 39, 39, 0, 262.6999399439383, 39
1, 1655226, 946006, 709220, 7096609.103958943, 38, 38, 0, 260.88237961983884, 38
51, 1655357, 946047, 709310, 7096969.816287158, 131, 41, 90, 360.7123282155055, 43
1, 1655429, 946089, 709340, 7097277.611350182, 72, 42, 30, 307.79506302439404, 43
1, 1655477, 946137, 709340, 7097555.426152773, 48, 48, 0, 277.8148025904985, 48
1, 1655519, 946179, 709340, 7097823.399142276, 42, 42, 0, 267.97298950218305, 42
51, 1655615, 946225, 709390, 7098155.716058291, 96, 46, 50, 332.31691601465747, 47
1, 1655686, 946266, 709420, 7098462.294369109, 71, 41, 30, 306.57831081870995, 42
1, 1655755, 946295, 709460, 7098765.406510819, 69, 29, 40, 303.1121417102006, 30
1, 1655788, 946328, 709460, 7099016.684683512, 33, 33, 0, 251.27817269284301, 33
51, 1655916, 946366, 709550, 7099374.843249613, 128, 38, 90, 358.1585661014858, 40
1, 1655979, 946399, 709580, 7099671.274574339, 63, 33, 30, 296.43132472612575, 34
1, 1656022, 946442, 709580, 7099940.949534543, 43, 43, 0, 269.6749602031015, 43
51, 1656149, 946489, 709660, 7100299.249216842, 127, 47, 80, 358.2996822992933, 49
1, 1656230, 946530, 709700, 7100616.549216842, 81, 41, 40, 317.3, 42
1, 1656297, 946567, 709730, 7100918.1497721, 67, 37, 30, 301.6005552576305, 38
1, 1656339, 946609, 709730, 7101186.1227616025, 42, 42, 0, 267.97298950218305, 42
51, 1656427, 946647, 709780, 7101510.104192964, 88, 38, 50, 323.98143136087856, 39
1, 1656538, 946688, 709850, 7101855.090911005, 111, 41, 70, 344.9867180408456, 43
1, 1656573, 946723, 709850, 7102110.320838914, 35, 35, 0, 255.22992790977875, 35
1, 1656619, 946769, 709850, 7102384.949907628, 46, 46, 0, 274.6290687140218, 46
1, 1656697, 946807, 709890, 7102698.832694248, 78, 38, 40, 313.8827866200841, 39
51, 1656781, 946841, 709940, 7103018.472704652, 84, 34, 50, 319.64001040350905, 35
1, 1656848, 946878, 709970, 7103320.07325991, 67, 37, 30, 301.6005552576305, 38
1, 1656879, 946909, 709970, 7103567.234366086, 31, 31, 0, 247.1611061770567, 31
1, 1656966, 946956, 710010, 7103891.141947084, 87, 47, 40, 323.9075809977351, 48
51, 1657052, 946992, 710060, 7104212.968111732, 86, 36, 50, 321.82616464756694, 37
1, 1657133, 947033, 710100, 7104530.268111732, 81, 41, 40, 317.3, 42
1, 1657202, 947072, 710130, 7104834.380253442, 69, 39, 30, 304.1121417102006, 40
1, 1657250, 947120, 710130, 7105112.195056032, 48, 48, 0, 277.8148025904985, 48
51, 1657349, 947169, 710180, 7105447.529270586, 99, 49, 50, 335.33421455299043, 50
1, 1657436, 947216, 710220, 7105771.436851583, 87, 47, 40, 323.9075809977351, 48
1, 1657478, 947258, 710220, 7106039.409841086, 42, 42, 0, 267.97298950218305, 42
51, 1657599, 947299, 710300, 7106392.472320122, 121, 41, 80, 353.06247903554, 43
1, 1657634, 947334, 710300, 7106647.702248031, 35, 35, 0, 255.22992790977875, 35
1, 1657720, 947380, 710340, 7106970.528412679, 86, 46, 40, 322.82616464756694, 47
51, 1657842, 947422, 710420, 7107324.474031233, 122, 42, 80, 353.9456185537469, 44
1, 1657882, 947462, 710420, 7107588.96071717, 40, 40, 0, 264.4866859365871, 40
1, 1657966, 947506, 710460, 7107909.600727573, 84, 44, 40, 320.64001040350905, 45
1, 1658031, 947541, 710490, 7108208.6418790165, 65, 35, 30, 299.04115144336777, 36
1, 1658077, 947587, 710490, 7108483.27094773, 46, 46, 0, 274.6290687140218, 46
51, 1658207, 947637, 710570, 7108844.135785269, 130, 50, 80, 360.86483753851803, 52
1, 1658234, 947664, 710570, 7109082.486490964, 27, 27, 0, 238.35070569547776, 27
1, 1658265, 947695, 710570, 7109329.647597141, 31, 31, 0, 247.1611061770567, 31
1, 1658354, 947744, 710610, 7109655.695462705, 89, 49, 40, 326.0478655640733, 50
51, 1658435, 947775, 710660, 7109971.995462704, 81, 31, 50, 316.3, 32
1, 1658471, 947811, 710660, 7110229.144436982, 36, 36, 0, 257.1489742783178, 36
1, 1658551, 947861, 710690, 7110546.314193226, 80, 50, 30, 317.1697562442441, 51
51, 1658646, 947906, 710740, 7110877.6127573615, 95, 45, 50, 331.2985641352145, 46
1, 1658721, 947941, 710780, 7111187.995852999, 75, 35, 40, 310.38309563827124, 36
1, 1658762, 947982, 710780, 7111454.2398064425, 41, 41, 0, 266.24395344352433, 41
1, 1658800, 948020, 710780, 7111715.122186062, 38, 38, 0, 260.88237961983884, 38
51, 1658923, 948063, 710860, 7112069.946757324, 123, 43, 80, 354.8245712617827, 45
1, 1658969, 948109, 710860, 7112344.575826038, 46, 46, 0, 274.6290687140218, 46
1, 1659004, 948144, 710860, 7112599.805753947, 35, 35, 0, 255.22992790977875, 35
1, 1659085, 948185, 710900, 7112917.105753947, 81, 41, 40, 317.3, 42
51, 1659174, 948224, 710950, 7113242.153619511, 89, 39, 50, 325.0478655640733, 40
1, 1659246, 948266, 710980, 7113549.948682535, 72, 42, 30, 307.79506302439404, 43
1, 1659281, 948301, 710980, 7113805.178610445, 35, 35, 0, 255.22992790977875, 35
1, 1659365, 948345, 711020, 7114125.8186208485, 84, 44, 40, 320.64001040350905, 45
1, 1659398, 948378, 711020, 7114377.096793542, 33, 33, 0, 251.27817269284301, 33
51, 1659492, 948422, 711070, 7114707.370519389, 94, 44, 50, 330.273725847777, 45
1, 1659535, 948465, 711070, 7114977.045479593, 43, 43, 0, 269.6749602031015, 43
1, 1659603, 948503, 711100, 7115279.907650695, 68, 38, 30, 302.86217110259, 39
51, 1659698, 948548, 711150, 7115611.20621483, 95, 45, 50, 331.2985641352145, 46
1, 1659780, 948590, 711190, 7115929.627884674, 82, 42, 40, 318.42166984345636, 43
1, 1659811, 948621, 711190, 7116176.788990851, 31, 31, 0, 247.1611061770567, 31
1, 1659850, 948660, 711190, 7116439.488930794, 39, 39, 0, 262.6999399439383, 39
51, 1659976, 948706, 711270, 7116796.925826678, 126, 46, 80, 357.43689588345075, 48
1, 1660059, 948749, 711310, 7117116.460774607, 83, 43, 40, 319.5349479292333, 44
1, 1660096, 948786, 711310, 7117375.493346063, 37, 37, 0, 259.03257145596604, 37
1, 1660163, 948823, 711340, 7117677.093901321, 67, 37, 30, 301.6005552576305, 38
1, 1660240, 948860, 711380, 7117989.819565088, 77, 37, 40, 312.72566376652986, 38
51, 1660327, 948897, 711430, 7118312.727146085, 87, 37, 50, 322.9075809977351, 38
1, 1660393, 948933, 711460, 7118613.054134362, 66, 36, 30, 300.32698827717985, 37
1, 1660429, 948969, 711460, 7118870.20310864, 36, 36, 0, 257.1489742783178, 36
1, 1660471, 949011, 711460, 7119138.176098143, 42, 42, 0, 267.97298950218305, 42
51, 1660599, 949049, 711550, 7119496.334664244, 128, 38, 90, 358.1585661014858, 40
1, 1660664, 949084, 711580, 7119795.375815688, 65, 35, 30, 299.04115144336777, 36
1, 1660706, 949126, 711580, 7120063.34880519, 42, 42, 0, 267.97298950218305, 42
51, 1660793, 949163, 711630, 7120386.256386188, 87, 37, 50, 322.9075809977351, 38
1, 1660880, 949210, 711670, 7120710.163967186, 87, 47, 40, 323.9075809977351, 48
1, 1660942, 949242, 711700, 7121005.270593516, 62, 32, 30, 295.1066263296683, 33
51, 1661044, 949294, 711750, 7121343.567776296, 102, 52, 50, 338.29718278112654, 53
1, 1661121, 949341, 711780, 7121657.293440063, 77, 47, 30, 313.72566376652986, 48
1, 1661198, 949378, 711820, 7121970.019103829, 77, 37, 40, 312.72566376652986, 38
1, 1661266, 949416, 711850, 7122272.881274931, 68, 38, 30, 302.86217110259, 39
1, 1661314, 949464, 711850, 7122550.696077522, 48, 48, 0, 277.8148025904985, 48
51, 1661438, 949508, 711930, 7122906.39547407, 124, 44, 80, 355.6993965481514, 46
1, 1661516, 949546, 711970, 7123220.27826069, 78, 38, 40, 313.8827866200841, 39
1, 1661560, 949590, 711970, 7123491.62921838, 44, 44, 0, 271.35095769013947, 44
1, 1661629, 949629, 712000, 7123795.74136009, 69, 39, 30, 304.1121417102006, 40
51, 1661724, 949674, 712050, 7124127.039924225, 95, 45, 50, 331.2985641352145, 46
1, 1661812, 949732, 712080, 7124453.021355586, 88, 58, 30, 325.98143136087856, 59
1, 1661860, 949780, 712080, 7124730.836158177, 48, 48, 0, 277.8148025904985, 48
1, 1661942, 949822, 712120, 7125049.2578280205, 82, 42, 40, 318.42166984345636, 43
51, 1662028, 949858, 712170, 7125371.083992668, 86, 36, 50, 321.82616464756694, 37
1, 1662098, 949898, 712200, 7125676.43475352, 70, 40, 30, 305.3507608519078, 41
1, 1662137, 949937, 712200, 7125939.134693464, 39, 39, 0, 262.6999399439383, 39
1, 1662167, 949967, 712200, 7126184.169425396, 30, 30, 0, 245.0347319320716, 30
1, 1662250, 950010, 712240, 7126503.704373325, 83, 43, 40, 319.5349479292333, 44
51, 1662356, 950066, 712290, 7126845.872416935, 106, 56, 50, 342.16804360962783, 57
1, 1662398, 950108, 712290, 7127113.845406437, 42, 42, 0, 267.97298950218305, 42
1, 1662471, 950151, 712320, 7127422.846685006, 73, 43, 30, 309.00127856917646, 44
1, 1662550, 950190, 712360, 7127737.877435137, 79, 39, 40, 315.03075013013313, 40
51, 1662641, 950231, 712410, 7128065.036497075, 91, 41, 50, 327.1590619387661, 42
1, 1662684, 950274, 712410, 7128334.711457279, 43, 43, 0, 269.6749602031015, 43
1, 1662735, 950325, 712410, 7128617.1459690565, 51, 51, 0, 282.43451177837886, 51
51, 1662820, 950360, 712460, 7128937.882996728, 85, 35, 50, 320.73702767108114, 36
1, 1662891, 950401, 712490, 7129244.461307546, 71, 41, 30, 306.57831081870995, 42
1, 1662965, 950435, 712530, 7129553.658516313, 74, 34, 40, 309.1972087668518, 35
1, 1663036, 950476, 712560, 7129860.236827131, 71, 41, 30, 306.57831081870995, 42
1, 1663071, 950511, 712560, 7130115.466755041, 35, 35, 0, 255.22992790977875, 35
51, 1663198, 950548, 712650, 7130472.7664373405, 127, 37, 90, 357.2996822992933, 39
1, 1663265, 950585, 712680, 7130774.366992598, 67, 37, 30, 301.6005552576305, 38
1, 1663299, 950619, 712680, 7131027.640632875, 34, 34, 0, 253.2736402766418, 34
1, 1663343, 950663, 712680, 7131298.991590565, 44, 44, 0, 271.35095769013947, 44
51, 1663473, 950703, 712770, 7131658.8564281035, 130, 40, 90, 359.86483753851803, 42
1, 1663523, 950753, 712770, 7131939.771222951, 50, 50, 0, 280.9147948472494, 50
1, 1663583, 950783, 712800, 7132232.186991322, 60, 30, 30, 292.41576837137404, 31
1, 1663626, 950826, 712800, 7132501.861951525, 43, 43, 0, 269.6749602031015, 43
1, 1663671, 950871, 712800, 7132774.863957937, 45, 45, 0, 273.00200641113514, 45
51, 1663805, 950915, 712890, 7133138.096773855, 134, 44, 90, 363.23281591860336, 46
1, 1663875, 950955, 712920, 7133443.447534707, 70, 40, 30, 305.3507608519078, 41
1, 1663912, 950992, 712920, 7133702.480106164, 37, 37, 0, 259.03257145596604, 37
1, 1664000, 951040, 712960, 7134027.461537525, 88, 48, 40, 324.98143136087856, 49
51, 1664084, 951074, 713010, 7134347.1015479285, 84, 34, 50, 319.64001040350905, 35
1, 1664119, 951109, 713010, 7134602.331475838, 35, 35, 0, 255.22992790977875, 35
1, 1664154, 951144, 713010, 7134857.561403748, 35, 35, 0, 255.22992790977875, 35
1, 1664224, 951184, 713040, 7135162.9121646, 70, 40, 30, 305.3507608519078, 41
51, 1664312, 951222, 713090, 7135486.893595961, 88, 38, 50, 323.98143136087856, 39
1, 1664425, 951265, 713160, 7135833.732639831, 113, 43, 70, 346.83904386951343, 45
1, 1664470, 951310, 713160, 7136106.734646242, 45, 45, 0, 273.00200641113514, 45
1, 1664511, 951351, 713160, 7136372.978599685, 41, 41, 0, 266.24395344352433, 41
1, 1664580, 951390, 713190, 7136677.090741395, 69, 39, 30, 304.1121417102006, 40
51, 1664709, 951429, 713280, 7137036.104341886, 129, 39, 90, 359.01360049114555, 41
1, 1664778, 951468, 713310, 7137340.216483596, 69, 39, 30, 304.1121417102006, 40
1, 1664823, 951513, 713310, 7137613.218490007, 45, 45, 0, 273.00200641113514, 45
1, 1664890, 951550, 713340, 7137914.819045265, 67, 37, 30, 301.6005552576305, 38
1, 1664968, 951588, 713380, 7138228.701831886, 78, 38, 40, 313.8827866200841, 39
51, 1665062, 951632, 713430, 7138558.975557733, 94, 44, 50, 330.273725847777, 45
1, 1665141, 951671, 713470, 7138874.006307864, 79, 39, 40, 315.03075013013313, 40
1, 1665221, 951721, 713500, 7139191.176064108, 80, 50, 30, 317.1697562442441, 51
51, 1665304, 951754, 713550, 7139509.711012037, 83, 33, 50, 318.5349479292333, 34
1, 1665338, 951788, 713550, 7139762.984652313, 34, 34, 0, 253.2736402766418, 34
1, 1665417, 951827, 713590, 7140078.015402444, 79, 39, 40, 315.03075013013313, 40
1, 1665453, 951863, 713590, 7140335.164376722, 36, 36, 0, 257.1489742783178, 36
51, 1665580, 951910, 713670, 7140693.464059021, 127, 47, 80, 358.2996822992933, 49
1, 1665657, 951947, 713710, 7141006.189722788, 77, 37, 40, 312.72566376652986, 38
1, 1665733, 951993, 713740, 7141318.748895161, 76, 46, 30, 312.5591723737189, 47
1, 1665779, 952039, 713740, 7141593.3779638745, 46, 46, 0, 274.6290687140218, 46
51, 1665898, 952078, 713820, 7141944.661359076, 119, 39, 80, 351.28339520229764, 41
1, 1665977, 952117, 713860, 7142259.692109207, 79, 39, 40, 315.03075013013313, 40
1, 1666040, 952150, 713890, 7142556.123433933, 63, 33, 30, 296.43132472612575, 34
1, 1666076, 952186, 713890, 7142813.272408211, 36, 36, 0, 257.1489742783178, 36
1, 1666109, 952219, 713890, 7143064.550580904, 33, 33, 0, 251.27817269284301, 33
51, 1666199, 952259, 713940, 7143390.657609728, 90, 40, 50, 326.1070288241023, 41
1, 1666277, 952297, 713980, 7143704.540396349, 78, 38, 40, 313.8827866200841, 39
1, 1666352, 952342, 714010, 7144015.9234919865, 75, 45, 30, 311.38309563827124, 46
1, 1666395, 952385, 714010, 7144285.59845219, 43, 43, 0, 269.6749602031015, 43
1, 1666431, 952421, 714010, 7144542.747426468, 36, 36, 0, 257.1489742783178, 36
51, 1666560, 952460, 714100, 7144901.761026959, 129, 39, 90, 359.01360049114555, 41
1, 1666640, 952510, 714130, 7145218.930783203, 80, 50, 30, 317.1697562442441, 51
1, 1666725, 952555, 714170, 7145540.667810874, 85, 45, 40, 321.73702767108114, 46
1, 1666800, 952600, 714200, 7145852.050906512, 75, 45, 30, 311.38309563827124, 46
51, 1666894, 952644, 714250, 7146182.32463236, 94, 44, 50, 330.273725847777, 45
1, 1666931, 952681, 714250, 7146441.357203816, 37, 37, 0, 259.03257145596604, 37
1, 1666969, 952719, 714250, 7146702.2395834355, 38, 38, 0, 260.88237961983884, 38
1, 1667023, 952773, 714250, 7146989.120184518, 54, 54, 0, 286.88060108295343, 54
1, 1667094, 952804, 714290, 7147294.698495337, 71, 31, 40, 305.57831081870995, 32
51, 1667222, 952852, 714370, 7147653.857061438, 128, 48, 80, 359.1585661014858, 50
1, 1667261, 952891, 714370, 7147916.557001382, 39, 39, 0, 262.6999399439383, 39
1, 1667308, 952938, 714370, 7148192.790051252, 47, 47, 0, 276.2330498695885, 47
51, 1667399, 952979, 714420, 7148519.94911319, 91, 41, 50, 327.1590619387661, 42
1, 1667435, 953015, 714420, 7148777.098087468, 36, 36, 0, 257.1489742783178, 36
1, 1667526, 953066, 714460, 7149105.257149407, 91, 51, 40, 328.1590619387661, 52
1, 1667592, 953102, 714490, 7149405.584137684, 66, 36, 30, 300.32698827717985, 37
51, 1667714, 953134, 714580, 7149758.529756238, 122, 32, 90, 352.9456185537469, 34
1, 1667754, 953174, 714580, 7150023.016442174, 40, 40, 0, 264.4866859365871, 40
1, 1667789, 953209, 714580, 7150278.246370084, 35, 35, 0, 255.22992790977875, 35
1, 1667827, 953247, 714580, 7150539.128749703, 38, 38, 0, 260.88237961983884, 38
51, 1667985, 953285, 714700, 7150918.567958958, 158, 38, 120, 379.43920925585275, 41
1, 1668027, 953327, 714700, 7151186.540948461, 42, 42, 0, 267.97298950218305, 42
1, 1668110, 953370, 714740, 7151506.07589639, 83, 43, 40, 319.5349479292333, 44
1, 1668150, 953410, 714740, 7151770.562582326, 40, 40, 0, 264.4866859365871, 40
51, 1668269, 953449, 714820, 7152121.845977528, 119, 39, 80, 351.28339520229764, 41
1, 1668316, 953496, 714820, 7152398.079027398, 47, 47, 0, 276.2330498695885, 47
1, 1668366, 953546, 714820, 7152678.993822245, 50, 50, 0, 280.9147948472494, 50
1, 1668478, 953588, 714890, 7153024.9091345845, 112, 42, 70, 345.91531233955715, 44
1, 1668525, 953635, 714890, 7153301.142184454, 47, 47, 0, 276.2330498695885, 47
51, 1668650, 953670, 714980, 7153656.712336943, 125, 35, 90, 355.57015248821097, 37
1, 1668692, 953712, 714980, 7153924.685326445, 42, 42, 0, 267.97298950218305, 42
1, 1668764, 953754, 715010, 7154232.480389469, 72, 42, 30, 307.79506302439404, 43
1, 1668840, 953790, 715050, 7154544.039561843, 76, 36, 40, 311.5591723737189, 37
51, 1668933, 953833, 715100, 7154873.281841749, 93, 43, 50, 329.24227990714814, 44
1, 1669043, 953873, 715170, 7155217.335025796, 110, 40, 70, 344.0531840464366, 42
1, 1669088, 953918, 715170, 7155490.337032207, 45, 45, 0, 273.00200641113514, 45
1, 1669127, 953957, 715170, 7155753.036972151, 39, 39, 0, 262.6999399439383, 39
51, 1669207, 953987, 715220, 7156068.206728395, 80, 30, 50, 315.1697562442441, 31
1, 1669245, 954025, 715220, 7156329.0891080145, 38, 38, 0, 260.88237961983884, 38
1, 1669369, 954079, 715290, 7156685.788504562, 124, 54, 70, 356.6993965481514, 56
1, 1669417, 954127, 715290, 7156963.603307153, 48, 48, 0, 277.8148025904985, 48
51, 1669537, 954167, 715370, 7157315.778399118, 120, 40, 80, 352.1750919646873, 42
1, 1669613, 954203, 715410, 7157627.3375714915, 76, 36, 40, 311.5591723737189, 37
1, 1669678, 954238, 715440, 7157926.378722935, 65, 35, 30, 299.04115144336777, 36
1, 1669725, 954285, 715440, 7158202.6117728045, 47, 47, 0, 276.2330498695885, 47
51, 1669814, 954324, 715490, 7158527.6596383685, 89, 39, 50, 325.0478655640733, 40
1, 1669895, 954365, 715530, 7158844.959638368, 81, 41, 40, 317.3, 42
1, 1669937, 954407, 715530, 7159112.932627871, 42, 42, 0, 267.97298950218305, 42
1, 1669976, 954446, 715530, 7159375.632567815, 39, 39, 0, 262.6999399439383, 39
51, 1670107, 954497, 715610, 7159737.34489603, 131, 51, 80, 361.7123282155055, 53
1, 1670189, 954539, 715650, 7160055.766565873, 82, 42, 40, 318.42166984345636, 43
1, 1670223, 954573, 715650, 7160309.04020615, 34, 34, 0, 253.2736402766418, 34
1, 1670258, 954608, 715650, 7160564.27013406, 35, 35, 0, 255.22992790977875, 35
1, 1670298, 954648, 715650, 7160828.756819996, 40, 40, 0, 264.4866859365871, 40
51, 1670417, 954687, 715730, 7161180.040215198, 119, 39, 80, 351.28339520229764, 41
1, 1670463, 954733, 715730, 7161454.669283912, 46, 46, 0, 274.6290687140218, 46
1, 1670544, 954774, 715770, 7161771.969283911, 81, 41, 40, 317.3, 42
51, 1670666, 954816, 715850, 7162125.914902465, 122, 42, 80, 353.9456185537469, 44
1, 1670706, 954856, 715850, 7162390.401588402, 40, 40, 0, 264.4866859365871, 40
1, 1670822, 954902, 715920, 7162739.983391893, 116, 46, 70, 349.5818034911291, 48
1, 1670866, 954946, 715920, 7163011.334349583, 44, 44, 0, 271.35095769013947, 44
51, 1670958, 954988, 715970, 7163339.538451051, 92, 42, 50, 328.20410146824725, 43
1, 1671028, 955028, 716000, 7163644.889211903, 70, 40, 30, 305.3507608519078, 41
1, 1671065, 955065, 716000, 7163903.92178336, 37, 37, 0, 259.03257145596604, 37
1, 1671104, 955104, 716000, 7164166.621723304, 39, 39, 0, 262.6999399439383, 39
51, 1671228, 955138, 716090, 7164521.321119851, 124, 34, 90, 354.6993965481514, 36
1, 1671267, 955177, 716090, 7164784.021059795, 39, 39, 0, 262.6999399439383, 39
1, 1671297, 955207, 716090, 7165029.055791727, 30, 30, 0, 245.0347319320716, 30
1, 1671370, 955250, 716120, 7165338.057070296, 73, 43, 30, 309.00127856917646, 44
1, 1671455, 955295, 716160, 7165659.794097967, 85, 45, 40, 321.73702767108114, 46
51, 1671548, 955338, 716210, 7165989.036377874, 93, 43, 50, 329.24227990714814, 44
1, 1671592, 955382, 716210, 7166260.387335564, 44, 44, 0, 271.35095769013947, 44
1, 1671619, 955409, 716210, 7166498.738041259, 27, 27, 0, 238.35070569547776, 27
1, 1671732, 955452, 716280, 7166845.577085129, 113, 43, 70, 346.83904386951343, 45
51, 1671810, 955480, 716330, 7167158.459871749, 78, 28, 50, 312.8827866200841, 29
1, 1671842, 955512, 716330, 7167407.70129475, 32, 32, 0, 249.24142300054422, 32
1, 1671887, 955557, 716330, 7167680.7033011615, 45, 45, 0, 273.00200641113514, 45
1, 1671923, 955593, 716330, 7167937.85227544, 36, 36, 0, 257.1489742783178, 36
51, 1672042, 955632, 716410, 7168289.135670641, 119, 39, 80, 351.28339520229764, 41
1, 1672128, 955678, 716450, 7168611.961835289, 86, 46, 40, 322.82616464756694, 47
1, 1672176, 955726, 716450, 7168889.77663788, 48, 48, 0, 277.8148025904985, 48
1, 1672267, 955777, 716490, 7169217.935699819, 91, 51, 40, 328.1590619387661, 52
1, 1672310, 955820, 716490, 7169487.610660022, 43, 43, 0, 269.6749602031015, 43
51, 1672427, 955857, 716570, 7169837.09747682, 117, 37, 80, 349.4868167986058, 39
1, 1672465, 955895, 716570, 7170097.97985644, 38, 38, 0, 260.88237961983884, 38
1, 1672546, 955936, 716610, 7170415.27985644, 81, 41, 40, 317.3, 42
51, 1672674, 955984, 716690, 7170774.438422541, 128, 48, 80, 359.1585661014858, 50
1, 1672752, 956022, 716730, 7171088.321209162, 78, 38, 40, 313.8827866200841, 39
1, 1672794, 956064, 716730, 7171356.294198664, 42, 42, 0, 267.97298950218305, 42
51, 1672916, 956106, 716810, 7171710.239817218, 122, 42, 80, 353.9456185537469, 44
1, 1672954, 956144, 716810, 7171971.122196837, 38, 38, 0, 260.88237961983884, 38
1, 1672989, 956179, 716810, 7172226.352124747, 35, 35, 0, 255.22992790977875, 35
1, 1673019, 956209, 716810, 7172471.386856679, 30, 30, 0, 245.0347319320716, 30
51, 1673152, 956252, 716900, 7172833.78312572, 133, 43, 90, 362.3962690412072, 45
1, 1673193, 956293, 716900, 7173100.027079163, 41, 41, 0, 266.24395344352433, 41
1, 1673273, 956343, 716930, 7173417.196835407, 80, 50, 30, 317.1697562442441, 51
1, 1673309, 956379, 716930, 7173674.345809685, 36, 36, 0, 257.1489742783178, 36
1, 1673425, 956425, 717000, 7174023.927613176, 116, 46, 70, 349.5818034911291, 48
51, 1673513, 956463, 717050, 7174347.909044538, 88, 38, 50, 323.98143136087856, 39
1, 1673548, 956498, 717050, 7174603.138972447, 35, 35, 0, 255.22992790977875, 35
1, 1673578, 956528, 717050, 7174848.173704379, 30, 30, 0, 245.0347319320716, 30
1, 1673646, 956566, 717080, 7175151.035875482, 68, 38, 30, 302.86217110259, 39
51, 1673767, 956597, 717170, 7175503.0983545175, 121, 31, 90, 352.06247903554, 33
1, 1673802, 956632, 717170, 7175758.328282427, 35, 35, 0, 255.22992790977875, 35
1, 1673884, 956684, 717200, 7176077.749952271, 82, 52, 30, 319.42166984345636, 53
1, 1673962, 956722, 717240, 7176391.632738891, 78, 38, 40, 313.8827866200841, 39
51, 1674075, 956755, 717320, 7176737.471782761, 113, 33, 80, 345.83904386951343, 35
1, 1674116, 956796, 717320, 7177003.715736204, 41, 41, 0, 266.24395344352433, 41
1, 1674183, 956833, 717350, 7177305.316291462, 67, 37, 30, 301.6005552576305, 38
1, 1674261, 956871, 717390, 7177619.199078082, 78, 38, 40, 313.8827866200841, 39
51, 1674341, 956901, 717440, 7177934.368834326, 80, 30, 50, 315.1697562442441, 31
1, 1674380, 956940, 717440, 7178197.06877427, 39, 39, 0, 262.6999399439383, 39
1, 1674453, 956983, 717470, 7178506.070052839, 73, 43, 30, 309.00127856917646, 44
1, 1674500, 957030, 717470, 7178782.303102708, 47, 47, 0, 276.2330498695885, 47
1, 1674580, 957070, 717510, 7179098.472858952, 80, 40, 40, 316.1697562442441, 41
51, 1674672, 957112, 717560, 7179426.676960421, 92, 42, 50, 328.20410146824725, 43
1, 1674749, 957159, 717590, 7179740.402624187, 77, 47, 30, 313.72566376652986, 48
1, 1674784, 957194, 717590, 7179995.632552097, 35, 35, 0, 255.22992790977875, 35
1, 1674870, 957240, 717630, 7180318.458716745, 86, 46, 40, 322.82616464756694, 47
51, 1674965, 957285, 717680, 7180649.75728088, 95, 45, 50, 331.2985641352145, 46
1, 1675050, 957330, 717720, 7180971.494308551, 85, 45, 40, 321.73702767108114, 46
1, 1675112, 957362, 717750, 7181266.600934881, 62, 32, 30, 295.1066263296683, 33
1, 1675146, 957396, 717750, 7181519.874575158, 34, 34, 0, 253.2736402766418, 34
51, 1675281, 957441, 717840, 7181883.940385098, 135, 45, 90, 364.06580994024984, 47
1, 1675318, 957478, 717840, 7182142.972956554, 37, 37, 0, 259.03257145596604, 37
1, 1675392, 957522, 717870, 7182453.170165321, 74, 44, 30, 310.1972087668518, 45
1, 1675433, 957563, 717870, 7182719.414118764, 41, 41, 0, 266.24395344352433, 41
51, 1675515, 957595, 717920, 7183036.835788608, 82, 32, 50, 317.42166984345636, 33
1, 1675621, 957631, 717990, 7183377.103832217, 106, 36, 70, 340.2680436096278, 38
1, 1675661, 957671, 717990, 7183641.590518153, 40, 40, 0, 264.4866859365871, 40
1, 1675691, 957701, 717990, 7183886.625250085, 30, 30, 0, 245.0347319320716, 30
1, 1675732, 957742, 717990, 7184152.869203528, 41, 41, 0, 266.24395344352433, 41
51, 1675855, 957785, 718070, 7184507.6937747905, 123, 43, 80, 354.8245712617827, 45
1, 1675944, 957834, 718110, 7184833.7416403545, 89, 49, 40, 326.0478655640733, 50
1, 1675995, 957885, 718110, 7185116.176152132, 51, 51, 0, 282.43451177837886, 51
51, 1676113, 957923, 718190, 7185466.563477301, 118, 38, 80, 350.3873251689181, 40
1, 1676148, 957958, 718190, 7185721.793405211, 35, 35, 0, 255.22992790977875, 35
1, 1676220, 958000, 718220, 7186029.588468235, 72, 42, 30, 307.79506302439404, 43
51, 1676313, 958043, 718270, 7186358.830748142, 93, 43, 50, 329.24227990714814, 44
1, 1676390, 958080, 718310, 7186671.556411908, 77, 37, 40, 312.72566376652986, 38
1, 1676458, 958118, 718340, 7186974.41858301, 68, 38, 30, 302.86217110259, 39
1, 1676510, 958170, 718340, 7187258.353544438, 52, 52, 0, 283.93496142826496, 52
51, 1676595, 958205, 718390, 7187579.090572109, 85, 35, 50, 320.73702767108114, 36
1, 1676671, 958251, 718420, 7187891.649744483, 76, 46, 30, 312.5591723737189, 47
1, 1676710, 958290, 718420, 7188154.349684427, 39, 39, 0, 262.6999399439383, 39
1, 1676796, 958336, 718460, 7188477.1758490745, 86, 46, 40, 322.82616464756694, 47
51, 1676917, 958377, 718540, 7188830.23832811, 121, 41, 80, 353.06247903554, 43
1, 1676959, 958419, 718540, 7189098.211317613, 42, 42, 0, 267.97298950218305, 42
1, 1677033, 958463, 718570, 7189408.40852638, 74, 44, 30, 310.1972087668518, 45
1, 1677063, 958493, 718570, 7189653.443258312, 30, 30, 0, 245.0347319320716, 30
1, 1677106, 958536, 718570, 7189923.118218515, 43, 43, 0, 269.6749602031015, 43
51, 1677242, 958582, 718660, 7190288.01351555, 136, 46, 90, 364.89529703482884, 48
1, 1677277, 958617, 718660, 7190543.243443459, 35, 35, 0, 255.22992790977875, 35
1, 1677351, 958661, 718690, 7190853.440652226, 74, 44, 30, 310.1972087668518, 45
1, 1677390, 958700, 718690, 7191116.14059217, 39, 39, 0, 262.6999399439383, 39
51, 1677521, 958741, 718780, 7191476.852920385, 131, 41, 90, 360.7123282155055, 43
1, 1677592, 958782, 718810, 7191783.4312312035, 71, 41, 30, 306.57831081870995, 42
1, 1677675, 958825, 718850, 7192102.966179132, 83, 43, 40, 319.5349479292333, 44
1, 1677711, 958861, 718850, 7192360.1151534105, 36, 36, 0, 257.1489742783178, 36
51, 1677802, 958902, 718900, 7192687.274215349, 91, 41, 50, 327.1590619387661, 42
1, 1677868, 958938, 718930, 7192987.601203626, 66, 36, 30, 300.32698827717985, 37
1, 1677942, 958972, 718970, 7193296.798412393, 74, 34, 40, 309.1972087668518, 35
1, 1677985, 959015, 718970, 7193566.473372596, 43, 43, 0, 269.6749602031015, 43
51, 1678106, 959056, 719050, 7193919.535851632, 121, 41, 80, 353.06247903554, 43
1, 1678144, 959094, 719050, 7194180.418231252, 38, 38, 0, 260.88237961983884, 38
1, 1678251, 959131, 719120, 7194521.640376521, 107, 37, 70, 341.2221452697031, 39
1, 1678286, 959166, 719120, 7194776.870304431, 35, 35, 0, 255.22992790977875, 35
51, 1678381, 959211, 719170, 7195108.168868566, 95, 45, 50, 331.2985641352145, 46
1, 1678414, 959244, 719170, 7195359.447041259, 33, 33, 0, 251.27817269284301, 33
1, 1678459, 959289, 719170, 7195632.449047671, 45, 45, 0, 273.00200641113514, 45
1, 1678568, 959328, 719240, 7195975.56367917, 109, 39, 70, 343.114631499574, 41
1, 1678604, 959364, 719240, 7196232.712653448, 36, 36, 0, 257.1489742783178, 36
51, 1678699, 959409, 719290, 7196564.011217583, 95, 45, 50, 331.2985641352145, 46
1, 1678762, 959442, 719320, 7196860.442542309, 63, 33, 30, 296.43132472612575, 34
1, 1678798, 959478, 719320, 7197117.591516587, 36, 36, 0, 257.1489742783178, 36
1, 1678878, 959518, 719360, 7197433.761272831, 80, 40, 40, 316.1697562442441, 41
51, 1678958, 959548, 719410, 7197748.931029075, 80, 30, 50, 315.1697562442441, 31
1, 1678998, 959588, 719410, 7198013.417715011, 40, 40, 0, 264.4866859365871, 40
1, 1679033, 959623, 719410, 7198268.647642921, 35, 35, 0, 255.22992790977875, 35
1, 1679094, 959654, 719440, 7198562.415882188, 61, 31, 30, 293.7682392671241, 32
1, 1679136, 959696, 719440, 7198830.38887169, 42, 42, 0, 267.97298950218305, 42
51, 1679257, 959727, 719530, 7199182.451350726, 121, 31, 90, 352.06247903554, 33
1, 1679305, 959775, 719530, 7199460.266153317, 48, 48, 0, 277.8148025904985, 48
1, 1679383, 959823, 719560, 7199775.148939937, 78, 48, 30, 314.8827866200841, 49
1, 1679423, 959863, 719560, 7200039.635625874, 40, 40, 0, 264.4866859365871, 40
51, 1679553, 959903, 719650, 7200399.500463412, 130, 40, 90, 359.86483753851803, 42
1, 1679591, 959941, 719650, 7200660.382843032, 38, 38, 0, 260.88237961983884, 38
1, 1679639, 959989, 719650, 7200938.197645622, 48, 48, 0, 277.8148025904985, 48
51, 1679762, 960032, 719730, 7201293.022216884, 123, 43, 80, 354.8245712617827, 45
1, 1679788, 960058, 719730, 7201529.032303319, 26, 26, 0, 236.01008643532256, 26
1, 1679865, 960095, 719770, 7201841.757967086, 77, 37, 40, 312.72566376652986, 38
1, 1679907, 960137, 719770, 7202109.730956588, 42, 42, 0, 267.97298950218305, 42
51, 1680045, 960185, 719860, 7202476.27488614, 138, 48, 90, 366.54392955194305, 50
1, 1680111, 960221, 719890, 7202776.601874417, 66, 36, 30, 300.32698827717985, 37
1, 1680149, 960259, 719890, 7203037.484254036, 38, 38, 0, 260.88237961983884, 38
1, 1680187, 960297, 719890, 7203298.3666336555, 38, 38, 0, 260.88237961983884, 38
1, 1680228, 960338, 719890, 7203564.610587099, 41, 41, 0, 266.24395344352433, 41
51, 1680318, 960378, 719940, 7203890.717615923, 90, 40, 50, 326.1070288241023, 41
1, 1680424, 960414, 720010, 7204230.985659532, 106, 36, 70, 340.2680436096278, 38
1, 1680451, 960441, 720010, 7204469.336365228, 27, 27, 0, 238.35070569547776, 27
1, 1680495, 960485, 720010, 7204740.687322917, 44, 44, 0, 271.35095769013947, 44
51, 1680606, 960516, 720090, 7205084.674040958, 111, 31, 80, 343.9867180408456, 33
1, 1680636, 960546, 720090, 7205329.70877289, 30, 30, 0, 245.0347319320716, 30
1, 1680754, 960594, 720160, 7205681.096098059, 118, 48, 70, 351.3873251689181, 50
51, 1680849, 960639, 720210, 7206012.394662194, 95, 45, 50, 331.2985641352145, 46
1, 1680889, 960679, 720210, 7206276.88134813, 40, 40, 0, 264.4866859365871, 40
1, 1680929, 960719, 720210, 7206541.368034067, 40, 40, 0, 264.4866859365871, 40
51, 1681058, 960758, 720300, 7206900.381634558, 129, 39, 90, 359.01360049114555, 41
1, 1681093, 960793, 720300, 7207155.611562467, 35, 35, 0, 255.22992790977875, 35
1, 1681169, 960839, 720330, 7207468.17073484, 76, 46, 30, 312.5591723737189, 47
51, 1681263, 960883, 720380, 7207798.444460688, 94, 44, 50, 330.273725847777, 45
1, 1681344, 960924, 720420, 7208115.744460688, 81, 41, 40, 317.3, 42
1, 1681379, 960959, 720420, 7208370.9743885975, 35, 35, 0, 255.22992790977875, 35
51, 1681495, 960995, 720500, 7208719.556192089, 116, 36, 80, 348.5818034911291, 38
1, 1681536, 961036, 720500, 7208985.800145532, 41, 41, 0, 266.24395344352433, 41
1, 1681609, 961069, 720540, 7209293.801424101, 73, 33, 40, 308.00127856917646, 34
51, 1681726, 961106, 720620, 7209643.288240899, 117, 37, 80, 349.4868167986058, 39
1, 1681764, 961144, 720620, 7209904.170620519, 38, 38, 0, 260.88237961983884, 38
1, 1681799, 961179, 720620, 7210159.400548428, 35, 35, 0, 255.22992790977875, 35
51, 1681897, 961227, 720670, 7210493.735176793, 98, 48, 50, 334.33462836457886, 49
1, 1681969, 961259, 720710, 7210800.530239818, 72, 32, 40, 306.79506302439404, 33
1, 1682008, 961298, 720710, 7211063.230179762, 39, 39, 0, 262.6999399439383, 39
51, 1682134, 961344, 720790, 7211420.667075645, 126, 46, 80, 357.43689588345075, 48
1, 1682214, 961384, 720830, 7211736.836831889, 80, 40, 40, 316.1697562442441, 41
1, 1682252, 961422, 720830, 7211997.7192115085, 38, 38, 0, 260.88237961983884, 38
51, 1682339, 961459, 720880, 7212320.626792506, 87, 37, 50, 322.9075809977351, 38
1, 1682369, 961489, 720880, 7212565.661524438, 30, 30, 0, 245.0347319320716, 30
1, 1682452, 961532, 720920, 7212885.196472367, 83, 43, 40, 319.5349479292333, 44
1, 1682519, 961569, 720950, 7213186.797027625, 67, 37, 30, 301.6005552576305, 38
1, 1682563, 961613, 720950, 7213458.147985315, 44, 44, 0, 271.35095769013947, 44
51, 1682684, 961654, 721030, 7213811.210464351, 121, 41, 80, 353.06247903554, 43
1, 1682757, 961687, 721070, 7214119.21174292, 73, 33, 40, 308.00127856917646, 34
1, 1682791, 961721, 721070, 7214372.485383197, 34, 34, 0, 253.2736402766418, 34
1, 1682868, 961768, 721100, 7214686.211046963, 77, 47, 30, 313.72566376652986, 48
1, 1682942, 961802, 721140, 7214995.40825573, 74, 34, 40, 309.1972087668518, 35
51, 1683032, 961842, 721190, 7215321.515284554, 90, 40, 50, 326.1070288241023, 41
1, 1683063, 961873, 721190, 7215568.676390731, 31, 31, 0, 247.1611061770567, 31
1, 1683131, 961911, 721220, 7215871.538561833, 68, 38, 30, 302.86217110259, 39
1, 1683214, 961954, 721260, 7216191.073509762, 83, 43, 40, 319.5349479292333, 44
51, 1683298, 961988, 721310, 7216510.7135201655, 84, 34, 50, 319.64001040350905, 35
1, 1683339, 962029, 721310, 7216776.957473609, 41, 41, 0, 266.24395344352433, 41
1, 1683381, 962071, 721310, 7217044.930463111, 42, 42, 0, 267.97298950218305, 42
1, 1683418, 962108, 721310, 7217303.963034567, 37, 37, 0, 259.03257145596604, 37
1, 1683494, 962154, 721340, 7217616.522206941, 76, 46, 30, 312.5591723737189, 47
51, 1683619, 962189, 721430, 7217972.092359429, 125, 35, 90, 355.57015248821097, 37
1, 1683691, 962231, 721460, 7218279.887422454, 72, 42, 30, 307.79506302439404, 43
1, 1683720, 962260, 721460, 7218522.747001165, 29, 29, 0, 242.8595787106084, 29
1, 1683756, 962296, 721460, 7218779.895975443, 36, 36, 0, 257.1489742783178, 36
51, 1683879, 962339, 721540, 7219134.720546705, 123, 43, 80, 354.8245712617827, 45
1, 1683961, 962381, 721580, 7219453.142216548, 82, 42, 40, 318.42166984345636, 43
1, 1683999, 962419, 721580, 7219714.024596168, 38, 38, 0, 260.88237961983884, 38
1, 1684077, 962467, 721610, 7220028.907382788, 78, 48, 30, 314.8827866200841, 49
51, 1684166, 962506, 721660, 7220353.955248352, 89, 39, 50, 325.0478655640733, 40
1, 1684205, 962545, 721660, 7220616.655188296, 39, 39, 0, 262.6999399439383, 39
1, 1684245, 962585, 721660, 7220881.141874232, 40, 40, 0, 264.4866859365871, 40
51, 1684400, 962620, 721780, 7221258.28602677, 155, 35, 120, 377.14415253747273, 38
1, 1684447, 962667, 721780, 7221534.51907664, 47, 47, 0, 276.2330498695885, 47
1, 1684489, 962709, 721780, 7221802.492066142, 42, 42, 0, 267.97298950218305, 42
1, 1684539, 962759, 721780, 7222083.4068609895, 50, 50, 0, 280.9147948472494, 50
51, 1684628, 962798, 721830, 7222408.4547265535, 89, 39, 50, 325.0478655640733, 40
1, 1684677, 962847, 721830, 7222687.8298576595, 49, 49, 0, 279.3751311064591, 49
1, 1684779, 962879, 721900, 7223024.227040441, 102, 32, 70, 336.39718278112656, 34
51, 1684868, 962918, 721950, 7223349.274906005, 89, 39, 50, 325.0478655640733, 40
1, 1684914, 962964, 721950, 7223623.903974718, 46, 46, 0, 274.6290687140218, 46
1, 1685000, 963010, 721990, 7223946.730139366, 86, 46, 40, 322.82616464756694, 47
1, 1685040, 963050, 721990, 7224211.216825303, 40, 40, 0, 264.4866859365871, 40
51, 1685166, 963096, 722070, 7224568.653721186, 126, 46, 80, 357.43689588345075, 48
1, 1685209, 963139, 722070, 7224838.32868139, 43, 43, 0, 269.6749602031015, 43
1, 1685280, 963180, 722100, 7225144.906992208, 71, 41, 30, 306.57831081870995, 42
1, 1685317, 963217, 722100, 7225403.939563665, 37, 37, 0, 259.03257145596604, 37
51, 1685444, 963254, 722190, 7225761.239245964, 127, 37, 90, 357.2996822992933, 39
1, 1685483, 963293, 722190, 7226023.939185908, 39, 39, 0, 262.6999399439383, 39
1, 1685517, 963327, 722190, 7226277.212826185, 34, 34, 0, 253.2736402766418, 34
1, 1685593, 963373, 722220, 7226589.771998558, 76, 46, 30, 312.5591723737189, 47
51, 1685712, 963402, 722310, 7226940.05539376, 119, 29, 90, 350.28339520229764, 31
1, 1685746, 963436, 722310, 7227193.329034037, 34, 34, 0, 253.2736402766418, 34
1, 1685788, 963478, 722310, 7227461.302023539, 42, 42, 0, 267.97298950218305, 42
1, 1685824, 963514, 722310, 7227718.450997817, 36, 36, 0, 257.1489742783178, 36
51, 1685945, 963555, 722390, 7228071.513476853, 121, 41, 80, 353.06247903554, 43
1, 1686032, 963602, 722430, 7228395.421057851, 87, 47, 40, 323.9075809977351, 48
1, 1686074, 963644, 722430, 7228663.394047353, 42, 42, 0, 267.97298950218305, 42
1, 1686103, 963673, 722430, 7228906.253626064, 29, 29, 0, 242.8595787106084, 29
51, 1686196, 963716, 722480, 7229235.495905971, 93, 43, 50, 329.24227990714814, 44
1, 1686304, 963754, 722550, 7229577.6668855185, 108, 38, 70, 342.1709795470626, 40
1, 1686354, 963804, 722550, 7229858.581680366, 50, 50, 0, 280.9147948472494, 50
51, 1686442, 963842, 722600, 7230182.563111727, 88, 38, 50, 323.98143136087856, 39
1, 1686525, 963885, 722640, 7230502.098059656, 83, 43, 40, 319.5349479292333, 44
1, 1686558, 963918, 722640, 7230753.376232349, 33, 33, 0, 251.27817269284301, 33
1, 1686602, 963962, 722640, 7231024.727190039, 44, 44, 0, 271.35095769013947, 44
1, 1686665, 963995, 722670, 7231321.158514765, 63, 33, 30, 296.43132472612575, 34
51, 1686800, 964040, 722760, 7231685.224324705, 135, 45, 90, 364.06580994024984, 47
1, 1686870, 964080, 722790, 7231990.575085557, 70, 40, 30, 305.3507608519078, 41
1, 1686956, 964126, 722830, 7232313.401250205, 86, 46, 40, 322.82616464756694, 47
1, 1686992, 964162, 722830, 7232570.550224483, 36, 36, 0, 257.1489742783178, 36
51, 1687150, 964200, 722950, 7232949.989433738, 158, 38, 120, 379.43920925585275, 41
1, 1687183, 964233, 722950, 7233201.267606432, 33, 33, 0, 251.27817269284301, 33
1, 1687224, 964274, 722950, 7233467.511559875, 41, 41, 0, 266.24395344352433, 41
51, 1687307, 964307, 723000, 7233786.046507804, 83, 33, 50, 318.5349479292333, 34
1, 1687385, 964355, 723030, 7234100.929294424, 78, 48, 30, 314.8827866200841, 49
1, 1687470, 964400, 723070, 7234422.666322095, 85, 45, 40, 321.73702767108114, 46
1, 1687523, 964453, 723070, 7234708.083109736, 53, 53, 0, 285.4167876408086, 53
1, 1687578, 964508, 723070, 7234996.41009127, 55, 55, 0, 288.32698153315005, 55
51, 1687736, 964546, 723190, 7235375.849300525, 158, 38, 120, 379.43920925585275, 41
1, 1687777, 964587, 723190, 7235642.093253968, 41, 41, 0, 266.24395344352433, 41
1, 1687844, 964624, 723220, 7235943.693809226, 67, 37, 30, 301.6005552576305, 38
51, 1687973, 964663, 723310, 7236302.707409717, 129, 39, 90, 359.01360049114555, 41
1, 1688023, 964713, 723310, 7236583.6222045645, 50, 50, 0, 280.9147948472494, 50
1, 1688069, 964759, 723310, 7236858.251273278, 46, 46, 0, 274.6290687140218, 46
51, 1688171, 964811, 723360, 7237196.548456059, 102, 52, 50, 338.29718278112654, 53
1, 1688249, 964849, 723400, 7237510.431242679, 78, 38, 40, 313.8827866200841, 39
1, 1688333, 964903, 723430, 7237832.071253083, 84, 54, 30, 321.64001040350905, 55
1, 1688375, 964945, 723430, 7238100.044242585, 42, 42, 0, 267.97298950218305, 42
51, 1688470, 964990, 723480, 7238431.34280672, 95, 45, 50, 331.2985641352145, 46
1, 1688532, 965012, 723520, 7238725.44943305, 62, 22, 40, 294.1066263296683, 23
1, 1688603, 965053, 723550, 7239032.0277438685, 71, 41, 30, 306.57831081870995, 42
1, 1688655, 965105, 723550, 7239315.962705296, 52, 52, 0, 283.93496142826496, 52
51, 1688739, 965139, 723600, 7239635.6027157, 84, 34, 50, 319.64001040350905, 35
1, 1688783, 965183, 723600, 7239906.95367339, 44, 44, 0, 271.35095769013947, 44
1, 1688868, 965228, 723640, 7240228.690701061, 85, 45, 40, 321.73702767108114, 46
1, 1688936, 965266, 723670, 7240531.552872163, 68, 38, 30, 302.86217110259, 39
1, 1688972, 965302, 723670, 7240788.701846441, 36, 36, 0, 257.1489742783178, 36
51, 1689099, 965349, 723750, 7241147.001528741, 127, 47, 80, 358.2996822992933, 49
1, 1689133, 965383, 723750, 7241400.275169018, 34, 34, 0, 253.2736402766418, 34
1, 1689170, 965420, 723750, 7241659.307740474, 37, 37, 0, 259.03257145596604, 37
1, 1689247, 965457, 723790, 7241972.03340424, 77, 37, 40, 312.72566376652986, 38
1, 1689279, 965489, 723790, 7242221.274827241, 32, 32, 0, 249.24142300054422, 32
51, 1689367, 965527, 723840, 7242545.256258602, 88, 38, 50, 323.98143136087856, 39
1, 1689448, 965578, 723870, 7242863.556258602, 81, 51, 30, 318.3, 52
1, 1689485, 965615, 723870, 7243122.588830058, 37, 37, 0, 259.03257145596604, 37
1, 1689533, 965663, 723870, 7243400.403632649, 48, 48, 0, 277.8148025904985, 48
51, 1689664, 965704, 723960, 7243761.115960864, 131, 41, 90, 360.7123282155055, 43
1, 1689737, 965747, 723990, 7244070.117239433, 73, 43, 30, 309.00127856917646, 44
1, 1689822, 965792, 724030, 7244391.8542671045, 85, 45, 40, 321.73702767108114, 46
1, 1689865, 965835, 724030, 7244661.529227308, 43, 43, 0, 269.6749602031015, 43
51, 1689954, 965874, 724080, 7244986.577092872, 89, 39, 50, 325.0478655640733, 40
1, 1690032, 965922, 724110, 7245301.459879492, 78, 48, 30, 314.8827866200841, 49
1, 1690124, 965974, 724150, 7245630.663980961, 92, 52, 40, 329.20410146824725, 53
1, 1690195, 966015, 724180, 7245937.242291779, 71, 41, 30, 306.57831081870995, 42
51, 1690285, 966055, 724230, 7246263.349320604, 90, 40, 50, 326.1070288241023, 41
1, 1690330, 966100, 724230, 7246536.351327015, 45, 45, 0, 273.00200641113514, 45
1, 1690366, 966136, 724230, 7246793.500301293, 36, 36, 0, 257.1489742783178, 36
1, 1690453, 966183, 724270, 7247117.407882291, 87, 47, 40, 323.9075809977351, 48
51, 1690535, 966215, 724320, 7247434.8295521345, 82, 32, 50, 317.42166984345636, 33
1, 1690611, 966261, 724350, 7247747.388724508, 76, 46, 30, 312.5591723737189, 47
1, 1690646, 966296, 724350, 7248002.618652417, 35, 35, 0, 255.22992790977875, 35
1, 1690689, 966339, 724350, 7248272.293612621, 43, 43, 0, 269.6749602031015, 43
1, 1690792, 966372, 724420, 7248609.666862676, 103, 33, 70, 337.37325005549695, 35
51, 1690882, 966412, 724470, 7248935.7738915, 90, 40, 50, 326.1070288241023, 41
1, 1690924, 966454, 724470, 7249203.746881003, 42, 42, 0, 267.97298950218305, 42
1, 1690952, 966482, 724470, 7249444.379544382, 28, 28, 0, 240.63266337912057, 28
51, 1691044, 966524, 724520, 7249772.58364585, 92, 42, 50, 328.20410146824725, 43
1, 1691130, 966570, 724560, 7250095.409810498, 86, 46, 40, 322.82616464756694, 47
1, 1691203, 966613, 724590, 7250404.411089067, 73, 43, 30, 309.00127856917646, 44
1, 1691242, 966652, 724590, 7250667.111029011, 39, 39, 0, 262.6999399439383, 39
1, 1691286, 966696, 724590, 7250938.461986701, 44, 44, 0, 271.35095769013947, 44
51, 1691379, 966739, 724640, 7251267.704266608, 93, 43, 50, 329.24227990714814, 44
1, 1691463, 966783, 724680, 7251588.344277011, 84, 44, 40, 320.64001040350905, 45
1, 1691533, 966823, 724710, 7251893.695037863, 70, 40, 30, 305.3507608519078, 41
1, 1691569, 966859, 724710, 7252150.844012141, 36, 36, 0, 257.1489742783178, 36
51, 1691655, 966895, 724760, 7252472.670176789, 86, 36, 50, 321.82616464756694, 37
1, 1691732, 966932, 724800, 7252785.395840555, 77, 37, 40, 312.72566376652986, 38
1, 1691805, 966975, 724830, 7253094.397119124, 73, 43, 30, 309.00127856917646, 44
51, 1691889, 967009, 724880, 7253414.037129528, 84, 34, 50, 319.64001040350905, 35
1, 1691977, 967057, 724920, 7253739.018560889, 88, 48, 40, 324.98143136087856, 49
1, 1692020, 967100, 724920, 7254008.693521093, 43, 43, 0, 269.6749602031015, 43
1, 1692087, 967137, 724950, 7254310.2940763505, 67, 37, 30, 301.6005552576305, 38
51, 1692171, 967171, 725000, 7254629.934086754, 84, 34, 50, 319.64001040350905, 35
1, 1692207, 967207, 725000, 7254887.083061032, 36, 36, 0, 257.1489742783178, 36
1, 1692292, 967252, 725040, 7255208.820088703, 85, 45, 40, 321.73702767108114, 46
1, 1692364, 967294, 725070, 7255516.615151728, 72, 42, 30, 307.79506302439404, 43
51, 1692452, 967332, 725120, 7255840.596583089, 88, 38, 50, 323.98143136087856, 39
1, 1692502, 967382, 725120, 7256121.511377936, 50, 50, 0, 280.9147948472494, 50
1, 1692577, 967417, 725160, 7256431.894473574, 75, 35, 40, 310.38309563827124, 36
1, 1692650, 967460, 725190, 7256740.895752143, 73, 43, 30, 309.00127856917646, 44
51, 1692727, 967487, 725240, 7257052.621415909, 77, 27, 50, 311.72566376652986, 28
1, 1692760, 967520, 725240, 7257303.899588603, 33, 33, 0, 251.27817269284301, 33
1, 1692799, 967559, 725240, 7257566.599528546, 39, 39, 0, 262.6999399439383, 39
1, 1692900, 967590, 725310, 7257902.014916519, 101, 31, 70, 335.41538797227, 33
51, 1692989, 967629, 725360, 7258227.062782083, 89, 39, 50, 325.0478655640733, 40
1, 1693091, 967661, 725430, 7258563.459964864, 102, 32, 70, 336.39718278112656, 34
1, 1693139, 967709, 725430, 7258841.274767455, 48, 48, 0, 277.8148025904985, 48
1, 1693184, 967754, 725430, 7259114.276773866, 45, 45, 0, 273.00200641113514, 45
1, 1693294, 967794, 725500, 7259458.329957913, 110, 40, 70, 344.0531840464366, 42
51, 1693383, 967833, 725550, 7259783.377823477, 89, 39, 50, 325.0478655640733, 40
1, 1693418, 967868, 725550, 7260038.607751386, 35, 35, 0, 255.22992790977875, 35
1, 1693492, 967912, 725580, 7260348.804960153, 74, 44, 30, 310.1972087668518, 45
51, 1693574, 967944, 725630, 7260666.226629997, 82, 32, 50, 317.42166984345636, 33
1, 1693602, 967972, 725630, 7260906.859293376, 28, 28, 0, 240.63266337912057, 28
1, 1693674, 968004, 725670, 7261213.6543564005, 72, 32, 40, 306.79506302439404, 33
51, 1693760, 968040, 725720, 7261535.480521048, 86, 36, 50, 321.82616464756694, 37
1, 1693825, 968075, 725750, 7261834.521672492, 65, 35, 30, 299.04115144336777, 36
1, 1693872, 968122, 725750, 7262110.754722361, 47, 47, 0, 276.2330498695885, 47
1, 1693950, 968160, 725790, 7262424.637508982, 78, 38, 40, 313.8827866200841, 39
51, 1694044, 968204, 725840, 7262754.91123483, 94, 44, 50, 330.273725847777, 45
1, 1694116, 968246, 725870, 7263062.706297854, 72, 42, 30, 307.79506302439404, 43
1, 1694158, 968288, 725870, 7263330.679287356, 42, 42, 0, 267.97298950218305, 42
1, 1694230, 968320, 725910, 7263637.474350381, 72, 32, 40, 306.79506302439404, 33
51, 1694313, 968353, 725960, 7263956.00929831, 83, 33, 50, 318.5349479292333, 34
1, 1694386, 968396, 725990, 7264265.010576879, 73, 43, 30, 309.00127856917646, 44
1, 1694461, 968431, 726030, 7264575.393672517, 75, 35, 40, 310.38309563827124, 36
1, 1694492, 968462, 726030, 7264822.554778693, 31, 31, 0, 247.1611061770567, 31
51, 1694576, 968496, 726080, 7265142.194789097, 84, 34, 50, 319.64001040350905, 35
1, 1694658, 968538, 726120, 7265460.61645894, 82, 42, 40, 318.42166984345636, 43
1, 1694726, 968576, 726150, 7265763.478630043, 68, 38, 30, 302.86217110259, 39
1, 1694764, 968614, 726150, 7266024.361009662, 38, 38, 0, 260.88237961983884, 38
51, 1694855, 968655, 726200, 7266351.520071601, 91, 41, 50, 327.1590619387661, 42
1, 1694936, 968696, 726240, 7266668.8200716, 81, 41, 40, 317.3, 42
1, 1694983, 968743, 726240, 7266945.05312147, 47, 47, 0, 276.2330498695885, 47
1, 1695026, 968786, 726240, 7267214.728081673, 43, 43, 0, 269.6749602031015, 43
51, 1695148, 968828, 726320, 7267568.673700227, 122, 42, 80, 353.9456185537469, 44
1, 1695229, 968869, 726360, 7267885.973700227, 81, 41, 40, 317.3, 42
1, 1695264, 968904, 726360, 7268141.203628137, 35, 35, 0, 255.22992790977875, 35
51, 1695427, 968947, 726480, 7268524.415051615, 163, 43, 120, 383.21142347822723, 46
1, 1695458, 968978, 726480, 7268771.576157792, 31, 31, 0, 247.1611061770567, 31
1, 1695530, 969020, 726510, 7269079.371220816, 72, 42, 30, 307.79506302439404, 43
1, 1695609, 969059, 726550, 7269394.401970946, 79, 39, 40, 315.03075013013313, 40
51, 1695700, 969100, 726600, 7269721.561032885, 91, 41, 50, 327.1590619387661, 42
1, 1695735, 969135, 726600, 7269976.790960794, 35, 35, 0, 255.22992790977875, 35
1, 1695778, 969178, 726600, 7270246.465920998, 43, 43, 0, 269.6749602031015, 43
1, 1695859, 969219, 726640, 7270563.765920998, 81, 41, 40, 317.3, 42
51, 1695973, 969253, 726720, 7270910.52390869, 114, 34, 80, 346.75798769167545, 36
1, 1696017, 969297, 726720, 7271181.874866379, 44, 44, 0, 271.35095769013947, 44
1, 1696058, 969338, 726720, 7271448.118819823, 41, 41, 0, 266.24395344352433, 41
1, 1696135, 969375, 726760, 7271760.844483589, 77, 37, 40, 312.72566376652986, 38
51, 1696222, 969412, 726810, 7272083.752064587, 87, 37, 50, 322.9075809977351, 38
1, 1696290, 969450, 726840, 7272386.614235689, 68, 38, 30, 302.86217110259, 39
1, 1696334, 969494, 726840, 7272657.965193379, 44, 44, 0, 271.35095769013947, 44
51, 1696496, 969536, 726960, 7273040.42732788, 162, 42, 120, 382.4621345008163, 45
1, 1696528, 969568, 726960, 7273289.66875088, 32, 32, 0, 249.24142300054422, 32
1, 1696570, 969610, 726960, 7273557.641740383, 42, 42, 0, 267.97298950218305, 42
51, 1696706, 969656, 727050, 7273922.537037417, 136, 46, 90, 364.89529703482884, 48
1, 1696771, 969691, 727080, 7274221.578188861, 65, 35, 30, 299.04115144336777, 36
1, 1696848, 969728, 727120, 7274534.303852627, 77, 37, 40, 312.72566376652986, 38
51, 1696944, 969774, 727170, 7274866.620768642, 96, 46, 50, 332.31691601465747, 47
1, 1696989, 969819, 727170, 7275139.622775054, 45, 45, 0, 273.00200641113514, 45
1, 1697102, 969862, 727240, 7275486.461818923, 113, 43, 70, 346.83904386951343, 45
1, 1697142, 969902, 727240, 7275750.94850486, 40, 40, 0, 264.4866859365871, 40
51, 1697229, 969939, 727290, 7276073.856085857, 87, 37, 50, 322.9075809977351, 38
1, 1697267, 969977, 727290, 7276334.738465477, 38, 38, 0, 260.88237961983884, 38
1, 1697368, 970008, 727360, 7276670.153853449, 101, 31, 70, 335.41538797227, 33
1, 1697419, 970059, 727360, 7276952.588365227, 51, 51, 0, 282.43451177837886, 51
1, 1697453, 970093, 727360, 7277205.862005504, 34, 34, 0, 253.2736402766418, 34
51, 1697545, 970135, 727410, 7277534.066106972, 92, 42, 50, 328.20410146824725, 43
1, 1697588, 970178, 727410, 7277803.741067176, 43, 43, 0, 269.6749602031015, 43
1, 1697694, 970214, 727480, 7278144.009110785, 106, 36, 70, 340.2680436096278, 38
51, 1697792, 970262, 727530, 7278478.34373915, 98, 48, 50, 334.33462836457886, 49
1, 1697856, 970296, 727560, 7278776.0864516245, 64, 34, 30, 297.742712474619, 35
1, 1697891, 970331, 727560, 7279031.316379534, 35, 35, 0, 255.22992790977875, 35
1, 1697971, 970371, 727600, 7279347.486135778, 80, 40, 40, 316.1697562442441, 41
51, 1698058, 970408, 727650, 7279670.393716776, 87, 37, 50, 322.9075809977351, 38
1, 1698101, 970451, 727650, 7279940.068676979, 43, 43, 0, 269.6749602031015, 43
1, 1698168, 970488, 727680, 7280241.669232237, 67, 37, 30, 301.6005552576305, 38
51, 1698264, 970534, 727730, 7280573.986148252, 96, 46, 50, 332.31691601465747, 47
1, 1698340, 970570, 727770, 7280885.545320625, 76, 36, 40, 311.5591723737189, 37
1, 1698379, 970609, 727770, 7281148.245260569, 39, 39, 0, 262.6999399439383, 39
1, 1698416, 970646, 727770, 7281407.277832026, 37, 37, 0, 259.03257145596604, 37
51, 1698538, 970688, 727850, 7281761.22345058, 122, 42, 80, 353.9456185537469, 44
1, 1698583, 970733, 727850, 7282034.225456991, 45, 45, 0, 273.00200641113514, 45
1, 1698662, 970772, 727890, 7282349.256207122, 79, 39, 40, 315.03075013013313, 40
1, 1698690, 970800, 727890, 7282589.888870501, 28, 28, 0, 240.63266337912057, 28
1, 1698738, 970848, 727890, 7282867.703673092, 48, 48, 0, 277.8148025904985, 48
51, 1698860, 970890, 727970, 7283221.649291646, 122, 42, 80, 353.9456185537469, 44
1, 1698893, 970923, 727970, 7283472.927464339, 33, 33, 0, 251.27817269284301, 33
1, 1698981, 970971, 728010, 7283797.9088957, 88, 48, 40, 324.98143136087856, 49
1, 1699025, 971015, 728010, 7284069.25985339, 44, 44, 0, 271.35095769013947, 44
51, 1699116, 971056, 728060, 7284396.418915329, 91, 41, 50, 327.1590619387661, 42
1, 1699187, 971097, 728090, 7284702.997226147, 71, 41, 30, 306.57831081870995, 42
1, 1699268, 971138, 728130, 7285020.297226147, 81, 41, 40, 317.3, 42
51, 1699358, 971178, 728180, 7285346.404254971, 90, 40, 50, 326.1070288241023, 41
1, 1699446, 971236, 728210, 7285672.385686332, 88, 58, 30, 325.98143136087856, 59
1, 1699481, 971271, 728210, 7285927.615614242, 35, 35, 0, 255.22992790977875, 35
1, 1699521, 971311, 728210, 7286192.102300178, 40, 40, 0, 264.4866859365871, 40
51, 1699658, 971358, 728300, 7286557.823622383, 137, 47, 90, 365.72132220485213, 49
1, 1699700, 971400, 728300, 7286825.796611886, 42, 42, 0, 267.97298950218305, 42
1, 1699740, 971440, 728300, 7287090.283297822, 40, 40, 0, 264.4866859365871, 40
1, 1699847, 971477, 728370, 7287431.5054430915, 107, 37, 70, 341.2221452697031, 39
1, 1699896, 971526, 728370, 7287710.8805741975, 49, 49, 0, 279.3751311064591, 49
51, 1699982, 971562, 728420, 7288032.706738845, 86, 36, 50, 321.82616464756694, 37
1, 1700011, 971591, 728420, 7288275.566317556, 29, 29, 0, 242.8595787106084, 29
1, 1700053, 971633, 728420, 7288543.539307059, 42, 42, 0, 267.97298950218305, 42
1, 1700138, 971678, 728460, 7288865.27633473, 85, 45, 40, 321.73702767108114, 46
51, 1700266, 971726, 728540, 7289224.434900831, 128, 48, 80, 359.1585661014858, 50
1, 1700297, 971757, 728540, 7289471.596007008, 31, 31, 0, 247.1611061770567, 31
1, 1700380, 971800, 728580, 7289791.130954937, 83, 43, 40, 319.5349479292333, 44
1, 1700413, 971833, 728580, 7290042.40912763, 33, 33, 0, 251.27817269284301, 33
1, 1700456, 971876, 728580, 7290312.084087834, 43, 43, 0, 269.6749602031015, 43
51, 1700560, 971900, 728660, 7290649.427774591, 104, 24, 80, 337.343686757474, 26
1, 1700600, 971940, 728660, 7290913.914460528, 40, 40, 0, 264.4866859365871, 40
1, 1700674, 971974, 728700, 7291223.111669295, 74, 34, 40, 309.1972087668518, 35
51, 1700789, 972009, 728780, 7291570.783886356, 115, 35, 80, 347.6722170622053, 37
1, 1700830, 972050, 728780, 7291837.027839799, 41, 41, 0, 266.24395344352433, 41
1, 1700870, 972090, 728780, 7292101.514525736, 40, 40, 0, 264.4866859365871, 40
51, 1700954, 972124, 728830, 7292421.154536139, 84, 34, 50, 319.64001040350905, 35
1, 1701033, 972163, 728870, 7292736.1852862695, 79, 39, 40, 315.03075013013313, 40
1, 1701100, 972200, 728900, 7293037.785841527, 67, 37, 30, 301.6005552576305, 38
1, 1701130, 972230, 728900, 7293282.820573459, 30, 30, 0, 245.0347319320716, 30
51, 1701231, 972281, 728950, 7293620.135961432, 101, 51, 50, 337.31538797227006, 52
1, 1701274, 972324, 728950, 7293889.8109216355, 43, 43, 0, 269.6749602031015, 43
1, 1701387, 972367, 729020, 7294236.649965505, 113, 43, 70, 346.83904386951343, 45
1, 1701428, 972408, 729020, 7294502.893918948, 41, 41, 0, 266.24395344352433, 41
51, 1701554, 972454, 729100, 7294860.330814832, 126, 46, 80, 357.43689588345075, 48
1, 1701596, 972496, 729100, 7295128.303804334, 42, 42, 0, 267.97298950218305, 42
1, 1701672, 972532, 729140, 7295439.8629767075, 76, 36, 40, 311.5591723737189, 37
1, 1701716, 972576, 729140, 7295711.213934397, 44, 44, 0, 271.35095769013947, 44
51, 1701839, 972609, 729230, 7296065.038505659, 123, 33, 90, 353.8245712617827, 35
1, 1701874, 972644, 729230, 7296320.268433569, 35, 35, 0, 255.22992790977875, 35
1, 1701939, 972679, 729260, 7296619.3095850125, 65, 35, 30, 299.04115144336777, 36
1, 1701983, 972723, 729260, 7296890.660542702, 44, 44, 0, 271.35095769013947, 44
51, 1702068, 972758, 729310, 7297211.3975703735, 85, 35, 50, 320.73702767108114, 36
1, 1702108, 972798, 729310, 7297475.88425631, 40, 40, 0, 264.4866859365871, 40
1, 1702186, 972836, 729350, 7297789.76704293, 78, 38, 40, 313.8827866200841, 39
1, 1702253, 972873, 729380, 7298091.367598188, 67, 37, 30, 301.6005552576305, 38
51, 1702340, 972910, 729430, 7298414.275179186, 87, 37, 50, 322.9075809977351, 38
1, 1702424, 972954, 729470, 7298734.915189589, 84, 44, 40, 320.64001040350905, 45
1, 1702461, 972991, 729470, 7298993.947761046, 37, 37, 0, 259.03257145596604, 37
1, 1702499, 973029, 729470, 7299254.830140665, 38, 38, 0, 260.88237961983884, 38
1, 1702614, 973074, 729540, 7299603.502357727, 115, 45, 70, 348.6722170622053, 47
51, 1702707, 973117, 729590, 7299932.744637634, 93, 43, 50, 329.24227990714814, 44
1, 1702785, 973155, 729630, 7300246.627424254, 78, 38, 40, 313.8827866200841, 39
1, 1702828, 973198, 729630, 7300516.302384458, 43, 43, 0, 269.6749602031015, 43
1, 1702898, 973238, 729660, 7300821.65314531, 70, 40, 30, 305.3507608519078, 41
1, 1702982, 973282, 729700, 7301142.293155713, 84, 44, 40, 320.64001040350905, 45
51, 1703098, 973318, 729780, 7301490.874959204, 116, 36, 80, 348.5818034911291, 38
1, 1703137, 973357, 729780, 7301753.574899148, 39, 39, 0, 262.6999399439383, 39
1, 1703173, 973393, 729780, 7302010.723873426, 36, 36, 0, 257.1489742783178, 36
1, 1703214, 973434, 729780, 7302276.967826869, 41, 41, 0, 266.24395344352433, 41
51, 1703347, 973477, 729870, 7302639.36409591, 133, 43, 90, 362.3962690412072, 45
1, 1703424, 973524, 729900, 7302953.089759677, 77, 47, 30, 313.72566376652986, 48
1, 1703467, 973567, 729900, 7303222.76471988, 43, 43, 0, 269.6749602031015, 43
1, 1703512, 973612, 729900, 7303495.766726292, 45, 45, 0, 273.00200641113514, 45
51, 1703595, 973645, 729950, 7303814.301674221, 83, 33, 50, 318.5349479292333, 34
1, 1703712, 973692, 730020, 7304164.788491019, 117, 47, 70, 350.4868167986058, 49
1, 1703744, 973724, 730020, 7304414.02991402, 32, 32, 0, 249.24142300054422, 32
51, 1703826, 973756, 730070, 7304731.451583863, 82, 32, 50, 317.42166984345636, 33
1, 1703866, 973796, 730070, 7304995.9382698, 40, 40, 0, 264.4866859365871, 40
1, 1703948, 973838, 730110, 7305314.359939643, 82, 42, 40, 318.42166984345636, 43
1, 1704017, 973877, 730140, 7305618.472081353, 69, 39, 30, 304.1121417102006, 40
51, 1704139, 973909, 730230, 7305971.417699907, 122, 32, 90, 352.9456185537469, 34
1, 1704185, 973955, 730230, 7306246.046768621, 46, 46, 0, 274.6290687140218, 46
1, 1704261, 973991, 730270, 7306557.605940994, 76, 36, 40, 311.5591723737189, 37
1, 1704299, 974029, 730270, 7306818.488320613, 38, 38, 0, 260.88237961983884, 38
1, 1704370, 974070, 730300, 7307125.066631432, 71, 41, 30, 306.57831081870995, 42
51, 1704465, 974115, 730350, 7307456.365195567, 95, 45, 50, 331.2985641352145, 46
1, 1704496, 974146, 730350, 7307703.526301743, 31, 31, 0, 247.1611061770567, 31
1, 1704562, 974182, 730380, 7308003.8532900205, 66, 36, 30, 300.32698827717985, 37
1, 1704638, 974218, 730420, 7308315.412462394, 76, 36, 40, 311.5591723737189, 37
51, 1704738, 974268, 730470, 7308651.740228411, 100, 50, 50, 336.327766016838, 51
1, 1704775, 974305, 730470, 7308910.772799867, 37, 37, 0, 259.03257145596604, 37
1, 1704859, 974349, 730510, 7309231.412810271, 84, 44, 40, 320.64001040350905, 45
1, 1704899, 974389, 730510, 7309495.899496207, 40, 40, 0, 264.4866859365871, 40
1, 1704966, 974426, 730540, 7309797.500051465, 67, 37, 30, 301.6005552576305, 38
51, 1705060, 974470, 730590, 7310127.773777313, 94, 44, 50, 330.273725847777, 45
1, 1705145, 974515, 730630, 7310449.510804984, 85, 45, 40, 321.73702767108114, 46
1, 1705185, 974555, 730630, 7310713.99749092, 40, 40, 0, 264.4866859365871, 40
1, 1705260, 974600, 730660, 7311025.380586558, 75, 45, 30, 311.38309563827124, 46
51, 1705351, 974641, 730710, 7311352.539648497, 91, 41, 50, 327.1590619387661, 42
1, 1705444, 974694, 730750, 7311682.781928403, 93, 53, 40, 330.24227990714814, 54
1, 1705476, 974726, 730750, 7311932.023351404, 32, 32, 0, 249.24142300054422, 32
1, 1705516, 974766, 730750, 7312196.51003734, 40, 40, 0, 264.4866859365871, 40
51, 1705634, 974804, 730830, 7312546.897362509, 118, 38, 80, 350.3873251689181, 40
1, 1705681, 974851, 730830, 7312823.130412378, 47, 47, 0, 276.2330498695885, 47
1, 1705723, 974893, 730830, 7313091.103401881, 42, 42, 0, 267.97298950218305, 42
51, 1705847, 974927, 730920, 7313445.802798429, 124, 34, 90, 354.6993965481514, 36
1, 1705892, 974972, 730920, 7313718.80480484, 45, 45, 0, 273.00200641113514, 45
1, 1705977, 975017, 730960, 7314040.541832511, 85, 45, 40, 321.73702767108114, 46
1, 1706047, 975057, 730990, 7314345.892593363, 70, 40, 30, 305.3507608519078, 41
51, 1706133, 975093, 731040, 7314667.718758011, 86, 36, 50, 321.82616464756694, 37
1, 1706196, 975126, 731070, 7314964.150082737, 63, 33, 30, 296.43132472612575, 34
1, 1706272, 975162, 731110, 7315275.7092551105, 76, 36, 40, 311.5591723737189, 37
1, 1706307, 975197, 731110, 7315530.93918302, 35, 35, 0, 255.22992790977875, 35
51, 1706428, 975238, 731190, 7315884.001662056, 121, 41, 80, 353.06247903554, 43
1, 1706468, 975278, 731190, 7316148.488347992, 40, 40, 0, 264.4866859365871, 40
1, 1706512, 975322, 731190, 7316419.839305682, 44, 44, 0, 271.35095769013947, 44
1, 1706596, 975366, 731230, 7316740.479316086, 84, 44, 40, 320.64001040350905, 45
51, 1706689, 975409, 731280, 7317069.721595992, 93, 43, 50, 329.24227990714814, 44
1, 1706769, 975449, 731320, 7317385.891352236, 80, 40, 40, 316.1697562442441, 41
1, 1706836, 975486, 731350, 7317687.491907494, 67, 37, 30, 301.6005552576305, 38
1, 1706878, 975528, 731350, 7317955.4648969965, 42, 42, 0, 267.97298950218305, 42
51, 1706970, 975570, 731400, 7318283.668998465, 92, 42, 50, 328.20410146824725, 43
1, 1707010, 975610, 731400, 7318548.155684401, 40, 40, 0, 264.4866859365871, 40
1, 1707091, 975651, 731440, 7318865.455684401, 81, 41, 40, 317.3, 42
1, 1707137, 975697, 731440, 7319140.084753115, 46, 46, 0, 274.6290687140218, 46
51, 1707250, 975730, 731520, 7319485.923796984, 113, 33, 80, 345.83904386951343, 35
1, 1707288, 975768, 731520, 7319746.806176604, 38, 38, 0, 260.88237961983884, 38
1, 1707317, 975797, 731520, 7319989.665755315, 29, 29, 0, 242.8595787106084, 29
1, 1707395, 975835, 731560, 7320303.548541935, 78, 38, 40, 313.8827866200841, 39
51, 1707496, 975886, 731610, 7320640.863929908, 101, 51, 50, 337.31538797227006, 52
1, 1707562, 975922, 731640, 7320941.190918185, 66, 36, 30, 300.32698827717985, 37
1, 1707635, 975955, 731680, 7321249.192196754, 73, 33, 40, 308.00127856917646, 34
1, 1707670, 975990, 731680, 7321504.422124663, 35, 35, 0, 255.22992790977875, 35
1, 1707704, 976024, 731680, 7321757.69576494, 34, 34, 0, 253.2736402766418, 34
51, 1707828, 976068, 731760, 7322113.395161488, 124, 44, 80, 355.6993965481514, 46
1, 1707870, 976110, 731760, 7322381.36815099, 42, 42, 0, 267.97298950218305, 42
1, 1707911, 976151, 731760, 7322647.612104434, 41, 41, 0, 266.24395344352433, 41
1, 1708026, 976196, 731830, 7322996.284321495, 115, 45, 70, 348.6722170622053, 47
51, 1708113, 976233, 731880, 7323319.191902493, 87, 37, 50, 322.9075809977351, 38
1, 1708152, 976272, 731880, 7323581.891842437, 39, 39, 0, 262.6999399439383, 39
1, 1708221, 976311, 731910, 7323886.003984147, 69, 39, 30, 304.1121417102006, 40
1, 1708306, 976356, 731950, 7324207.741011818, 85, 45, 40, 321.73702767108114, 46
51, 1708400, 976400, 732000, 7324538.014737666, 94, 44, 50, 330.273725847777, 45
1, 1708438, 976438, 732000, 7324798.897117285, 38, 38, 0, 260.88237961983884, 38
1, 1708545, 976475, 732070, 7325140.119262555, 107, 37, 70, 341.2221452697031, 39
51, 1708643, 976523, 732120, 7325474.45389092, 98, 48, 50, 334.33462836457886, 49
1, 1708669, 976549, 732120, 7325710.463977355, 26, 26, 0, 236.01008643532256, 26
1, 1708708, 976588, 732120, 7325973.163917298, 39, 39, 0, 262.6999399439383, 39
51, 1708802, 976632, 732170, 7326303.437643146, 94, 44, 50, 330.273725847777, 45
1, 1708861, 976661, 732200, 7326594.486443394, 59, 29, 30, 291.0488002476036, 30
1, 1708942, 976702, 732240, 7326911.786443394, 81, 41, 40, 317.3, 42
1, 1708989, 976749, 732240, 7327188.019493263, 47, 47, 0, 276.2330498695885, 47
51, 1709075, 976785, 732290, 7327509.845657911, 86, 36, 50, 321.82616464756694, 37
1, 1709144, 976824, 732320, 7327813.957799621, 69, 39, 30, 304.1121417102006, 40
1, 1709195, 976875, 732320, 7328096.392311399, 51, 51, 0, 282.43451177837886, 51
1, 1709238, 976918, 732320, 7328366.067271602, 43, 43, 0, 269.6749602031015, 43
51, 1709370, 976960, 732410, 7328727.623394029, 132, 42, 90, 361.55612242701943, 44
1, 1709410, 977000, 732410, 7328992.110079966, 40, 40, 0, 264.4866859365871, 40
1, 1709444, 977034, 732410, 7329245.383720242, 34, 34, 0, 253.2736402766418, 34
51, 1709605, 977075, 732530, 7329627.0940168435, 161, 41, 120, 381.7102966008917, 44
1, 1709641, 977111, 732530, 7329884.2429911215, 36, 36, 0, 257.1489742783178, 36
1, 1709679, 977149, 732530, 7330145.125370741, 38, 38, 0, 260.88237961983884, 38
51, 1709773, 977193, 732580, 7330475.399096589, 94, 44, 50, 330.273725847777, 45
1, 1709845, 977235, 732610, 7330783.194159613, 72, 42, 30, 307.79506302439404, 43
1, 1709888, 977278, 732610, 7331052.869119816, 43, 43, 0, 269.6749602031015, 43
1, 1709965, 977315, 732650, 7331365.594783583, 77, 37, 40, 312.72566376652986, 38
1, 1710037, 977357, 732680, 7331673.389846607, 72, 42, 30, 307.79506302439404, 43
51, 1710128, 977398, 732730, 7332000.548908546, 91, 41, 50, 327.1590619387661, 42
1, 1710196, 977436, 732760, 7332303.411079648, 68, 38, 30, 302.86217110259, 39
1, 1710268, 977468, 732800, 7332610.206142672, 72, 32, 40, 306.79506302439404, 33
51, 1710359, 977509, 732850, 7332937.365204611, 91, 41, 50, 327.1590619387661, 42
1, 1710389, 977539, 732850, 7333182.399936543, 30, 30, 0, 245.0347319320716, 30
1, 1710458, 977578, 732880, 7333486.512078253, 69, 39, 30, 304.1121417102006, 40
1, 1710494, 977614, 732880, 7333743.661052531, 36, 36, 0, 257.1489742783178, 36
1, 1710606, 977656, 732950, 7334089.57636487, 112, 42, 70, 345.91531233955715, 44
51, 1710699, 977699, 733000, 7334418.818644777, 93, 43, 50, 329.24227990714814, 44
1, 1710746, 977746, 733000, 7334695.0516946465, 47, 47, 0, 276.2330498695885, 47
1, 1710786, 977786, 733000, 7334959.538380583, 40, 40, 0, 264.4866859365871, 40
1, 1710859, 977829, 733030, 7335268.539659152, 73, 43, 30, 309.00127856917646, 44
51, 1710993, 977873, 733120, 7335631.77247507, 134, 44, 90, 363.23281591860336, 46
1, 1711070, 977920, 733150, 7335945.498138837, 77, 47, 30, 313.72566376652986, 48
1, 1711108, 977958, 733150, 7336206.380518456, 38, 38, 0, 260.88237961983884, 38
1, 1711137, 977987, 733150, 7336449.240097167, 29, 29, 0, 242.8595787106084, 29
51, 1711253, 978023, 733230, 7336797.821900658, 116, 36, 80, 348.5818034911291, 38
1, 1711335, 978065, 733270, 7337116.243570502, 82, 42, 40, 318.42166984345636, 43
1, 1711378, 978108, 733270, 7337385.918530705, 43, 43, 0, 269.6749602031015, 43
51, 1711473, 978153, 733320, 7337717.2170948405, 95, 45, 50, 331.2985641352145, 46
1, 1711545, 978185, 733360, 7338024.012157865, 72, 32, 40, 306.79506302439404, 33
1, 1711585, 978225, 733360, 7338288.498843801, 40, 40, 0, 264.4866859365871, 40
1, 1711652, 978262, 733390, 7338590.099399059, 67, 37, 30, 301.6005552576305, 38
51, 1711735, 978295, 733440, 7338908.634346988, 83, 33, 50, 318.5349479292333, 34
1, 1711805, 978325, 733480, 7339212.98510784, 70, 30, 40, 304.3507608519078, 31
1, 1711849, 978369, 733480, 7339484.33606553, 44, 44, 0, 271.35095769013947, 44
1, 1711923, 978403, 733520, 7339793.533274297, 74, 34, 40, 309.1972087668518, 35
51, 1712029, 978429, 733600, 7340132.801317906, 106, 26, 80, 339.2680436096278, 28
1, 1712067, 978467, 733600, 7340393.683697525, 38, 38, 0, 260.88237961983884, 38
1, 1712149, 978509, 733640, 7340712.105367369, 82, 42, 40, 318.42166984345636, 43
1, 1712187, 978547, 733640, 7340972.987746988, 38, 38, 0, 260.88237961983884, 38
51, 1712313, 978593, 733720, 7341330.424642872, 126, 46, 80, 357.43689588345075, 48
1, 1712404, 978644, 733760, 7341658.583704811, 91, 51, 40, 328.1590619387661, 52
1, 1712477, 978687, 733790, 7341967.58498338, 73, 43, 30, 309.00127856917646, 44
1, 1712524, 978734, 733790, 7342243.818033249, 47, 47, 0, 276.2330498695885, 47
51, 1712647, 978767, 733880, 7342597.642604511, 123, 33, 90, 353.8245712617827, 35
1, 1712720, 978810, 733910, 7342906.64388308, 73, 43, 30, 309.00127856917646, 44
1, 1712757, 978847, 733910, 7343165.676454537, 37, 37, 0, 259.03257145596604, 37
1, 1712856, 978876, 733980, 7343499.1106690895, 99, 29, 70, 333.43421455299045, 31
1, 1712894, 978914, 733980, 7343759.993048709, 38, 38, 0, 260.88237961983884, 38
51, 1712985, 978955, 734030, 7344087.152110647, 91, 41, 50, 327.1590619387661, 42
1, 1713023, 978993, 734030, 7344348.034490267, 38, 38, 0, 260.88237961983884, 38
1, 1713054, 979024, 734030, 7344595.1955964435, 31, 31, 0, 247.1611061770567, 31
1, 1713093, 979063, 734030, 7344857.895536387, 39, 39, 0, 262.6999399439383, 39
51, 1713248, 979098, 734150, 7345235.039688925, 155, 35, 120, 377.14415253747273, 38
1, 1713287, 979137, 734150, 7345497.739628869, 39, 39, 0, 262.6999399439383, 39
1, 1713371, 979181, 734190, 7345818.379639273, 84, 44, 40, 320.64001040350905, 45
1, 1713399, 979209, 734190, 7346059.012302652, 28, 28, 0, 240.63266337912057, 28
51, 1713522, 979252, 734270, 7346413.836873914, 123, 43, 80, 354.8245712617827, 45
1, 1713609, 979299, 734310, 7346737.744454912, 87, 47, 40, 323.9075809977351, 48
1, 1713649, 979339, 734310, 7347002.231140848, 40, 40, 0, 264.4866859365871, 40
1, 1713691, 979381, 734310, 7347270.204130351, 42, 42, 0, 267.97298950218305, 42
1, 1713729, 979419, 734310, 7347531.08650997, 38, 38, 0, 260.88237961983884, 38
51, 1713895, 979465, 734430, 7347916.530777604, 166, 46, 120, 385.4442676339201, 49
1, 1713932, 979502, 734430, 7348175.563349061, 37, 37, 0, 259.03257145596604, 37
1, 1714015, 979545, 734470, 7348495.09829699, 83, 43, 40, 319.5349479292333, 44
1, 1714056, 979586, 734470, 7348761.342250433, 41, 41, 0, 266.24395344352433, 41
51, 1714148, 979628, 734520, 7349089.546351901, 92, 42, 50, 328.20410146824725, 43
1, 1714199, 979679, 734520, 7349371.980863679, 51, 51, 0, 282.43451177837886, 51
1, 1714313, 979723, 734590, 7349719.738851371, 114, 44, 70, 347.75798769167545, 46
51, 1714397, 979757, 734640, 7350039.378861775, 84, 34, 50, 319.64001040350905, 35
1, 1714465, 979795, 734670, 7350342.241032877, 68, 38, 30, 302.86217110259, 39
1, 1714503, 979833, 734670, 7350603.123412496, 38, 38, 0, 260.88237961983884, 38
1, 1714543, 979873, 734670, 7350867.610098433, 40, 40, 0, 264.4866859365871, 40
51, 1714703, 979913, 734790, 7351248.565980441, 160, 40, 120, 380.95588200778457, 43
1, 1714750, 979960, 734790, 7351524.7990303105, 47, 47, 0, 276.2330498695885, 47
1, 1714788, 979998, 734790, 7351785.68140993, 38, 38, 0, 260.88237961983884, 38
51, 1714910, 980040, 734870, 7352139.627028484, 122, 42, 80, 353.9456185537469, 44
1, 1714989, 980079, 734910, 7352454.657778614, 79, 39, 40, 315.03075013013313, 40
1, 1715024, 980114, 734910, 7352709.887706524, 35, 35, 0, 255.22992790977875, 35
51, 1715151, 980161, 734990, 7353068.187388823, 127, 47, 80, 358.2996822992933, 49
1, 1715191, 980201, 734990, 7353332.67407476, 40, 40, 0, 264.4866859365871, 40
1, 1715280, 980250, 735030, 7353658.721940324, 89, 49, 40, 326.0478655640733, 50
1, 1715322, 980292, 735030, 7353926.694929826, 42, 42, 0, 267.97298950218305, 42
1, 1715392, 980332, 735060, 7354232.045690678, 70, 40, 30, 305.3507608519078, 41
51, 1715484, 980374, 735110, 7354560.2497921465, 92, 42, 50, 328.20410146824725, 43
1, 1715525, 980415, 735110, 7354826.49374559, 41, 41, 0, 266.24395344352433, 41
1, 1715603, 980453, 735150, 7355140.37653221, 78, 38, 40, 313.8827866200841, 39
1, 1715665, 980485, 735180, 7355435.48315854, 62, 32, 30, 295.1066263296683, 33
51, 1715755, 980525, 735230, 7355761.590187364, 90, 40, 50, 326.1070288241023, 41
1, 1715838, 980568, 735270, 7356081.125135293, 83, 43, 40, 319.5349479292333, 44
1, 1715905, 980605, 735300, 7356382.725690551, 67, 37, 30, 301.6005552576305, 38
1, 1715948, 980648, 735300, 7356652.400650755, 43, 43, 0, 269.6749602031015, 43
51, 1716041, 980691, 735350, 7356981.642930661, 93, 43, 50, 329.24227990714814, 44
1, 1716120, 980740, 735380, 7357297.673680792, 79, 49, 30, 316.03075013013313, 50
1, 1716160, 980780, 735380, 7357562.160366728, 40, 40, 0, 264.4866859365871, 40
1, 1716235, 980815, 735420, 7357872.543462366, 75, 35, 40, 310.38309563827124, 36
1, 1716316, 980866, 735450, 7358190.843462366, 81, 51, 30, 318.3, 52
51, 1716399, 980899, 735500, 7358509.378410295, 83, 33, 50, 318.5349479292333, 34
1, 1716441, 980941, 735500, 7358777.351399797, 42, 42, 0, 267.97298950218305, 42
1, 1716554, 980984, 735570, 7359124.190443667, 113, 43, 70, 346.83904386951343, 45
1, 1716592, 981022, 735570, 7359385.072823286, 38, 38, 0, 260.88237961983884, 38
51, 1716688, 981068, 735620, 7359717.389739301, 96, 46, 50, 332.31691601465747, 47
1, 1716757, 981107, 735650, 7360021.501881011, 69, 39, 30, 304.1121417102006, 40
1, 1716791, 981141, 735650, 7360274.775521288, 34, 34, 0, 253.2736402766418, 34
1, 1716873, 981183, 735690, 7360593.197191131, 82, 42, 40, 318.42166984345636, 43
1, 1716907, 981217, 735690, 7360846.470831408, 34, 34, 0, 253.2736402766418, 34
51, 1716993, 981253, 735740, 7361168.296996056, 86, 36, 50, 321.82616464756694, 37
1, 1717056, 981286, 735770, 7361464.728320782, 63, 33, 30, 296.43132472612575, 34
1, 1717135, 981325, 735810, 7361779.759070912, 79, 39, 40, 315.03075013013313, 40
51, 1717218, 981358, 735860, 7362098.294018841, 83, 33, 50, 318.5349479292333, 34
1, 1717298, 981408, 735890, 7362415.463775085, 80, 50, 30, 317.1697562442441, 51
1, 1717343, 981453, 735890, 7362688.465781497, 45, 45, 0, 273.00200641113514, 45
1, 1717391, 981501, 735890, 7362966.280584088, 48, 48, 0, 277.8148025904985, 48
51, 1717491, 981551, 735940, 7363302.608350105, 100, 50, 50, 336.327766016838, 51
1, 1717598, 981588, 736010, 7363643.830495374, 107, 37, 70, 341.2221452697031, 39
1, 1717637, 981627, 736010, 7363906.530435318, 39, 39, 0, 262.6999399439383, 39
51, 1717763, 981673, 736090, 7364263.967331202, 126, 46, 80, 357.43689588345075, 48
1, 1717837, 981707, 736130, 7364573.164539969, 74, 34, 40, 309.1972087668518, 35
1, 1717872, 981742, 736130, 7364828.394467878, 35, 35, 0, 255.22992790977875, 35
1, 1717907, 981777, 736130, 7365083.624395788, 35, 35, 0, 255.22992790977875, 35
1, 1717940, 981810, 736130, 7365334.902568481, 33, 33, 0, 251.27817269284301, 33
51, 1718053, 981843, 736210, 7365680.741612351, 113, 33, 80, 345.83904386951343, 35
1, 1718091, 981881, 736210, 7365941.62399197, 38, 38, 0, 260.88237961983884, 38
1, 1718201, 981921, 736280, 7366285.677176016, 110, 40, 70, 344.0531840464366, 42
1, 1718232, 981952, 736280, 7366532.838282193, 31, 31, 0, 247.1611061770567, 31
1, 1718266, 981986, 736280, 7366786.11192247, 34, 34, 0, 253.2736402766418, 34
51, 1718435, 982035, 736400, 7367173.767050017, 169, 49, 120, 387.65512754639894, 52
1, 1718464, 982064, 736400, 7367416.626628728, 29, 29, 0, 242.8595787106084, 29
1, 1718506, 982106, 736400, 7367684.59961823, 42, 42, 0, 267.97298950218305, 42
1, 1718587, 982147, 736440, 7368001.89961823, 81, 41, 40, 317.3, 42
1, 1718626, 982186, 736440, 7368264.599558174, 39, 39, 0, 262.6999399439383, 39
51, 1718788, 982228, 736560, 7368647.061692675, 162, 42, 120, 382.4621345008163, 45
1, 1718835, 982275, 736560, 7368923.294742544, 47, 47, 0, 276.2330498695885, 47
1, 1718868, 982308, 736560, 7369174.572915237, 33, 33, 0, 251.27817269284301, 33
1, 1718916, 982356, 736560, 7369452.387717828, 48, 48, 0, 277.8148025904985, 48
1, 1718980, 982390, 736590, 7369750.130430303, 64, 34, 30, 297.742712474619, 35
51, 1719074, 982434, 736640, 7370080.40415615, 94, 44, 50, 330.273725847777, 45
1, 1719157, 982477, 736680, 7370399.939104079, 83, 43, 40, 319.5349479292333, 44
1, 1719186, 982506, 736680, 7370642.79868279, 29, 29, 0, 242.8595787106084, 29
1, 1719229, 982549, 736680, 7370912.473642994, 43, 43, 0, 269.6749602031015, 43
1, 1719342, 982592, 736750, 7371259.312686863, 113, 43, 70, 346.83904386951343, 45
51, 1719434, 982634, 736800, 7371587.516788332, 92, 42, 50, 328.20410146824725, 43
1, 1719503, 982673, 736830, 7371891.628930042, 69, 39, 30, 304.1121417102006, 40
1, 1719544, 982714, 736830, 7372157.872883485, 41, 41, 0, 266.24395344352433, 41
1, 1719587, 982757, 736830, 7372427.547843688, 43, 43, 0, 269.6749602031015, 43
51, 1719722, 982802, 736920, 7372791.613653628, 135, 45, 90, 364.06580994024984, 47
1, 1719755, 982835, 736920, 7373042.891826321, 33, 33, 0, 251.27817269284301, 33
1, 1719873, 982883, 736990, 7373394.27915149, 118, 48, 70, 351.3873251689181, 50
51, 1719959, 982919, 737040, 7373716.105316138, 86, 36, 50, 321.82616464756694, 37
1, 1720070, 982960, 737110, 7374061.092034179, 111, 41, 70, 344.9867180408456, 43
1, 1720114, 983004, 737110, 7374332.442991869, 44, 44, 0, 271.35095769013947, 44
1, 1720207, 983057, 737150, 7374662.685271775, 93, 53, 40, 330.24227990714814, 54
51, 1720304, 983104, 737200, 7374996.014171047, 97, 47, 50, 333.3288992714996, 48
1, 1720349, 983149, 737200, 7375269.016177459, 45, 45, 0, 273.00200641113514, 45
1, 1720423, 983183, 737240, 7375578.2133862255, 74, 34, 40, 309.1972087668518, 35
1, 1720494, 983224, 737270, 7375884.791697044, 71, 41, 30, 306.57831081870995, 42
51, 1720586, 983266, 737320, 7376212.995798512, 92, 42, 50, 328.20410146824725, 43
1, 1720638, 983318, 737320, 7376496.93075994, 52, 52, 0, 283.93496142826496, 52
1, 1720706, 983356, 737350, 7376799.792931043, 68, 38, 30, 302.86217110259, 39
1, 1720791, 983401, 737390, 7377121.529958714, 85, 45, 40, 321.73702767108114, 46
51, 1720873, 983433, 737440, 7377438.951628557, 82, 32, 50, 317.42166984345636, 33
1, 1720958, 983478, 737480, 7377760.688656229, 85, 45, 40, 321.73702767108114, 46
1, 1721029, 983519, 737510, 7378067.266967047, 71, 41, 30, 306.57831081870995, 42
1, 1721070, 983560, 737510, 7378333.51092049, 41, 41, 0, 266.24395344352433, 41
51, 1721162, 983602, 737560, 7378661.715021959, 92, 42, 50, 328.20410146824725, 43
1, 1721248, 983648, 737600, 7378984.5411866065, 86, 46, 40, 322.82616464756694, 47
1, 1721288, 983688, 737600, 7379249.027872543, 40, 40, 0, 264.4866859365871, 40
1, 1721322, 983722, 737600, 7379502.30151282, 34, 34, 0, 253.2736402766418, 34
51, 1721449, 983769, 737680, 7379860.601195119, 127, 47, 80, 358.2996822992933, 49
1, 1721527, 983807, 737720, 7380174.48398174, 78, 38, 40, 313.8827866200841, 39
1, 1721559, 983839, 737720, 7380423.72540474, 32, 32, 0, 249.24142300054422, 32
1, 1721605, 983885, 737720, 7380698.354473454, 46, 46, 0, 274.6290687140218, 46
51, 1721695, 983925, 737770, 7381024.461502278, 90, 40, 50, 326.1070288241023, 41
1, 1721769, 983959, 737810, 7381333.658711045, 74, 34, 40, 309.1972087668518, 35
1, 1721840, 984000, 737840, 7381640.237021863, 71, 41, 30, 306.57831081870995, 42
1, 1721877, 984037, 737840, 7381899.26959332, 37, 37, 0, 259.03257145596604, 37
51, 1721988, 984068, 737920, 7382243.256311361, 111, 31, 80, 343.9867180408456, 33
1, 1722028, 984108, 737920, 7382507.742997297, 40, 40, 0, 264.4866859365871, 40
1, 1722105, 984145, 737960, 7382820.468661063, 77, 37, 40, 312.72566376652986, 38
51, 1722204, 984194, 738010, 7383155.802875617, 99, 49, 50, 335.33421455299043, 50
1, 1722241, 984231, 738010, 7383414.835447073, 37, 37, 0, 259.03257145596604, 37
1, 1722274, 984264, 738010, 7383666.113619766, 33, 33, 0, 251.27817269284301, 33
51, 1722389, 984299, 738090, 7384013.785836828, 115, 35, 80, 347.6722170622053, 37
1, 1722419, 984329, 738090, 7384258.82056876, 30, 30, 0, 245.0347319320716, 30
1, 1722503, 984373, 738130, 7384579.460579163, 84, 44, 40, 320.64001040350905, 45
1, 1722541, 984411, 738130, 7384840.342958783, 38, 38, 0, 260.88237961983884, 38
51, 1722665, 984455, 738210, 7385196.042355331, 124, 44, 80, 355.6993965481514, 46
1, 1722750, 984500, 738250, 7385517.779383002, 85, 45, 40, 321.73702767108114, 46
1, 1722784, 984534, 738250, 7385771.053023279, 34, 34, 0, 253.2736402766418, 34
1, 1722823, 984573, 738250, 7386033.752963223, 39, 39, 0, 262.6999399439383, 39
51, 1722949, 984609, 738340, 7386390.189859106, 126, 36, 90, 356.43689588345075, 38
1, 1723016, 984646, 738370, 7386691.790414364, 67, 37, 30, 301.6005552576305, 38
1, 1723054, 984684, 738370, 7386952.6727939835, 38, 38, 0, 260.88237961983884, 38
51, 1723146, 984726, 738420, 7387280.876895452, 92, 42, 50, 328.20410146824725, 43
1, 1723189, 984769, 738420, 7387550.551855655, 43, 43, 0, 269.6749602031015, 43
1, 1723297, 984807, 738490, 7387892.722835203, 108, 38, 70, 342.1709795470626, 40
1, 1723335, 984845, 738490, 7388153.605214822, 38, 38, 0, 260.88237961983884, 38
51, 1723427, 984887, 738540, 7388481.809316291, 92, 42, 50, 328.20410146824725, 43
1, 1723500, 984930, 738570, 7388790.8105948595, 73, 43, 30, 309.00127856917646, 44
1, 1723581, 984971, 738610, 7389108.110594859, 81, 41, 40, 317.3, 42
1, 1723610, 985000, 738610, 7389350.97017357, 29, 29, 0, 242.8595787106084, 29
51, 1723702, 985042, 738660, 7389679.174275039, 92, 42, 50, 328.20410146824725, 43
1, 1723740, 985080, 738660, 7389940.056654658, 38, 38, 0, 260.88237961983884, 38
1, 1723777, 985117, 738660, 7390199.089226115, 37, 37, 0, 259.03257145596604, 37
1, 1723876, 985146, 738730, 7390532.523440667, 99, 29, 70, 333.43421455299045, 31
51, 1723967, 985187, 738780, 7390859.682502606, 91, 41, 50, 327.1590619387661, 42
1, 1724006, 985226, 738780, 7391122.38244255, 39, 39, 0, 262.6999399439383, 39
1, 1724046, 985266, 738780, 7391386.869128486, 40, 40, 0, 264.4866859365871, 40
1, 1724112, 985302, 738810, 7391687.196116763, 66, 36, 30, 300.32698827717985, 37
51, 1724205, 985345, 738860, 7392016.43839667, 93, 43, 50, 329.24227990714814, 44
1, 1724277, 985377, 738900, 7392323.233459694, 72, 32, 40, 306.79506302439404, 33
1, 1724315, 985415, 738900, 7392584.115839314, 38, 38, 0, 260.88237961983884, 38
1, 1724351, 985451, 738900, 7392841.264813592, 36, 36, 0, 257.1489742783178, 36
51, 1724468, 985488, 738980, 7393190.75163039, 117, 37, 80, 349.4868167986058, 39
1, 1724507, 985527, 738980, 7393453.451570334, 39, 39, 0, 262.6999399439383, 39
1, 1724587, 985567, 739020, 7393769.621326578, 80, 40, 40, 316.1697562442441, 41
1, 1724622, 985602, 739020, 7394024.851254487, 35, 35, 0, 255.22992790977875, 35
51, 1724780, 985640, 739140, 7394404.290463743, 158, 38, 120, 379.43920925585275, 41
1, 1724816, 985676, 739140, 7394661.439438021, 36, 36, 0, 257.1489742783178, 36
1, 1724852, 985712, 739140, 7394918.588412299, 36, 36, 0, 257.1489742783178, 36
1, 1724917, 985747, 739170, 7395217.629563742, 65, 35, 30, 299.04115144336777, 36
1, 1724957, 985787, 739170, 7395482.116249679, 40, 40, 0, 264.4866859365871, 40
51, 1725046, 985826, 739220, 7395807.164115243, 89, 39, 50, 325.0478655640733, 40
1, 1725129, 985869, 739260, 7396126.699063172, 83, 43, 40, 319.5349479292333, 44
1, 1725173, 985913, 739260, 7396398.050020861, 44, 44, 0, 271.35095769013947, 44
1, 1725217, 985957, 739260, 7396669.400978551, 44, 44, 0, 271.35095769013947, 44
1, 1725285, 985995, 739290, 7396972.263149654, 68, 38, 30, 302.86217110259, 39
51, 1725379, 986039, 739340, 7397302.536875501, 94, 44, 50, 330.273725847777, 45
1, 1725452, 986082, 739370, 7397611.53815407, 73, 43, 30, 309.00127856917646, 44
1, 1725515, 986105, 739410, 7397906.969478796, 63, 23, 40, 295.43132472612575, 24
51, 1725632, 986142, 739490, 7398256.456295595, 117, 37, 80, 349.4868167986058, 39
1, 1725683, 986193, 739490, 7398538.8908073725, 51, 51, 0, 282.43451177837886, 51
1, 1725717, 986227, 739490, 7398792.164447649, 34, 34, 0, 253.2736402766418, 34
51, 1725808, 986268, 739540, 7399119.323509588, 91, 41, 50, 327.1590619387661, 42
1, 1725844, 986304, 739540, 7399376.472483866, 36, 36, 0, 257.1489742783178, 36
1, 1725916, 986336, 739580, 7399683.26754689, 72, 32, 40, 306.79506302439404, 33
1, 1725988, 986378, 739610, 7399991.062609915, 72, 42, 30, 307.79506302439404, 43
51, 1726083, 986423, 739660, 7400322.36117405, 95, 45, 50, 331.2985641352145, 46
1, 1726127, 986467, 739660, 7400593.71213174, 44, 44, 0, 271.35095769013947, 44
1, 1726165, 986505, 739660, 7400854.594511359, 38, 38, 0, 260.88237961983884, 38
1, 1726251, 986551, 739700, 7401177.420676007, 86, 46, 40, 322.82616464756694, 47
51, 1726370, 986590, 739780, 7401528.704071209, 119, 39, 80, 351.28339520229764, 41
1, 1726411, 986631, 739780, 7401794.948024652, 41, 41, 0, 266.24395344352433, 41
1, 1726462, 986682, 739780, 7402077.38253643, 51, 51, 0, 282.43451177837886, 51
51, 1726629, 986729, 739900, 7402463.566165867, 167, 47, 120, 386.1836294370035, 50
1, 1726668, 986768, 739900, 7402726.266105811, 39, 39, 0, 262.6999399439383, 39
1, 1726703, 986803, 739900, 7402981.496033721, 35, 35, 0, 255.22992790977875, 35
51, 1726826, 986836, 739990, 7403335.320604983, 123, 33, 90, 353.8245712617827, 35
1, 1726906, 986886, 740020, 7403652.490361227, 80, 50, 30, 317.1697562442441, 51
1, 1726946, 986926, 740020, 7403916.977047163, 40, 40, 0, 264.4866859365871, 40
51, 1727038, 986968, 740070, 7404245.1811486315, 92, 42, 50, 328.20410146824725, 43
1, 1727143, 987003, 740140, 7404584.489735926, 105, 35, 70, 339.30858729436795, 37
1, 1727185, 987045, 740140, 7404852.462725428, 42, 42, 0, 267.97298950218305, 42
1, 1727227, 987087, 740140, 7405120.43571493, 42, 42, 0, 267.97298950218305, 42
51, 1727392, 987132, 740260, 7405505.138178352, 165, 45, 120, 384.7024634215721, 48
1, 1727439, 987179, 740260, 7405781.371228222, 47, 47, 0, 276.2330498695885, 47
1, 1727475, 987215, 740260, 7406038.5202025, 36, 36, 0, 257.1489742783178, 36
1, 1727513, 987253, 740260, 7406299.402582119, 38, 38, 0, 260.88237961983884, 38
51, 1727589, 987279, 740310, 7406609.9617544925, 76, 26, 50, 310.5591723737189, 27
1, 1727697, 987317, 740380, 7406952.13273404, 108, 38, 70, 342.1709795470626, 40
1, 1727739, 987359, 740380, 7407220.105723542, 42, 42, 0, 267.97298950218305, 42
1, 1727803, 987393, 740410, 7407517.848436017, 64, 34, 30, 297.742712474619, 35
1, 1727841, 987431, 740410, 7407778.730815636, 38, 38, 0, 260.88237961983884, 38
51, 1727967, 987477, 740490, 7408136.16771152, 126, 46, 80, 357.43689588345075, 48
1, 1728054, 987524, 740530, 7408460.075292517, 87, 47, 40, 323.9075809977351, 48
1, 1728104, 987574, 740530, 7408740.990087365, 50, 50, 0, 280.9147948472494, 50
1, 1728145, 987615, 740530, 7409007.234040808, 41, 41, 0, 266.24395344352433, 41
51, 1728278, 987668, 740610, 7409370.630309849, 133, 53, 80, 363.3962690412072, 55
1, 1728318, 987708, 740610, 7409635.116995785, 40, 40, 0, 264.4866859365871, 40
1, 1728428, 987748, 740680, 7409979.170179832, 110, 40, 70, 344.0531840464366, 42
1, 1728466, 987786, 740680, 7410240.052559451, 38, 38, 0, 260.88237961983884, 38
51, 1728560, 987830, 740730, 7410570.326285299, 94, 44, 50, 330.273725847777, 45
1, 1728601, 987871, 740730, 7410836.570238742, 41, 41, 0, 266.24395344352433, 41
1, 1728639, 987909, 740730, 7411097.452618361, 38, 38, 0, 260.88237961983884, 38
1, 1728688, 987958, 740730, 7411376.827749467, 49, 49, 0, 279.3751311064591, 49
1, 1728794, 987994, 740800, 7411717.095793077, 106, 36, 70, 340.2680436096278, 38
51, 1728883, 988033, 740850, 7412042.143658641, 89, 39, 50, 325.0478655640733, 40
1, 1728936, 988086, 740850, 7412327.560446282, 53, 53, 0, 285.4167876408086, 53
1, 1729013, 988123, 740890, 7412640.286110048, 77, 37, 40, 312.72566376652986, 38
1, 1729054, 988164, 740890, 7412906.530063491, 41, 41, 0, 266.24395344352433, 41
51, 1729179, 988209, 740970, 7413263.10021598, 125, 45, 80, 356.57015248821097, 47
1, 1729259, 988249, 741010, 7413579.269972224, 80, 40, 40, 316.1697562442441, 41
1, 1729307, 988297, 741010, 7413857.084774815, 48, 48, 0, 277.8148025904985, 48
51, 1729406, 988346, 741060, 7414192.418989368, 99, 49, 50, 335.33421455299043, 50
1, 1729454, 988394, 741060, 7414470.233791959, 48, 48, 0, 277.8148025904985, 48
1, 1729529, 988429, 741100, 7414780.616887596, 75, 35, 40, 310.38309563827124, 36
51, 1729646, 988466, 741180, 7415130.103704395, 117, 37, 80, 349.4868167986058, 39
1, 1729689, 988509, 741180, 7415399.778664598, 43, 43, 0, 269.6749602031015, 43
1, 1729724, 988544, 741180, 7415655.008592508, 35, 35, 0, 255.22992790977875, 35
1, 1729803, 988583, 741220, 7415970.039342638, 79, 39, 40, 315.03075013013313, 40
1, 1729844, 988624, 741220, 7416236.283296081, 41, 41, 0, 266.24395344352433, 41
51, 1729971, 988671, 741300, 7416594.582978381, 127, 47, 80, 358.2996822992933, 49
1, 1730047, 988707, 741340, 7416906.142150754, 76, 36, 40, 311.5591723737189, 37
1, 1730083, 988743, 741340, 7417163.291125032, 36, 36, 0, 257.1489742783178, 36
1, 1730129, 988789, 741340, 7417437.920193746, 46, 46, 0, 274.6290687140218, 46
1, 1730202, 988832, 741370, 7417746.921472315, 73, 43, 30, 309.00127856917646, 44
51, 1730291, 988871, 741420, 7418071.969337879, 89, 39, 50, 325.0478655640733, 40
1, 1730372, 988912, 741460, 7418389.269337879, 81, 41, 40, 317.3, 42
1, 1730413, 988953, 741460, 7418655.513291322, 41, 41, 0, 266.24395344352433, 41
51, 1730522, 988982, 741540, 7418997.627922821, 109, 29, 80, 342.114631499574, 31
1, 1730609, 989029, 741580, 7419321.535503819, 87, 47, 40, 323.9075809977351, 48
1, 1730683, 989073, 741610, 7419631.7327125855, 74, 44, 30, 310.1972087668518, 45
51, 1730777, 989117, 741660, 7419962.006438433, 94, 44, 50, 330.273725847777, 45
1, 1730822, 989162, 741660, 7420235.008444845, 45, 45, 0, 273.00200641113514, 45
1, 1730859, 989199, 741660, 7420494.041016301, 37, 37, 0, 259.03257145596604, 37
1, 1730926, 989236, 741690, 7420795.641571559, 67, 37, 30, 301.6005552576305, 38
51, 1731060, 989280, 741780, 7421158.8743874775, 134, 44, 90, 363.23281591860336, 46
1, 1731093, 989313, 741780, 7421410.152560171, 33, 33, 0, 251.27817269284301, 33
1, 1731139, 989359, 741780, 7421684.781628884, 46, 46, 0, 274.6290687140218, 46
1, 1731230, 989410, 741820, 7422012.940690823, 91, 51, 40, 328.1590619387661, 52
1, 1731304, 989454, 741850, 7422323.13789959, 74, 44, 30, 310.1972087668518, 45
51, 1731396, 989496, 741900, 7422651.342001058, 92, 42, 50, 328.20410146824725, 43
1, 1731429, 989529, 741900, 7422902.620173751, 33, 33, 0, 251.27817269284301, 33
1, 1731476, 989576, 741900, 7423178.853223621, 47, 47, 0, 276.2330498695885, 47
1, 1731545, 989615, 741930, 7423482.965365331, 69, 39, 30, 304.1121417102006, 40
1, 1731619, 989649, 741970, 7423792.1625740975, 74, 34, 40, 309.1972087668518, 35
51, 1731713, 989693, 742020, 7424122.436299945, 94, 44, 50, 330.273725847777, 45
1, 1731757, 989737, 742020, 7424393.787257635, 44, 44, 0, 271.35095769013947, 44
1, 1731794, 989774, 742020, 7424652.819829091, 37, 37, 0, 259.03257145596604, 37
1, 1731910, 989820, 742090, 7425002.401632583, 116, 46, 70, 349.5818034911291, 48
51, 1732002, 989862, 742140, 7425330.605734051, 92, 42, 50, 328.20410146824725, 43
1, 1732028, 989888, 742140, 7425566.615820486, 26, 26, 0, 236.01008643532256, 26
1, 1732061, 989921, 742140, 7425817.893993179, 33, 33, 0, 251.27817269284301, 33
1, 1732129, 989959, 742170, 7426120.756164282, 68, 38, 30, 302.86217110259, 39
51, 1732255, 989995, 742260, 7426477.193060165, 126, 36, 90, 356.43689588345075, 38
1, 1732320, 990030, 742290, 7426776.234211609, 65, 35, 30, 299.04115144336777, 36
1, 1732357, 990067, 742290, 7427035.266783065, 37, 37, 0, 259.03257145596604, 37
1, 1732404, 990114, 742290, 7427311.499832935, 47, 47, 0, 276.2330498695885, 47
51, 1732557, 990147, 742410, 7427687.10022925, 153, 33, 120, 375.6003963155711, 36
1, 1732605, 990195, 742410, 7427964.915031841, 48, 48, 0, 277.8148025904985, 48
1, 1732678, 990238, 742440, 7428273.91631041, 73, 43, 30, 309.00127856917646, 44
51, 1732777, 990287, 742490, 7428609.250524963, 99, 49, 50, 335.33421455299043, 50
1, 1732855, 990325, 742530, 7428923.133311584, 78, 38, 40, 313.8827866200841, 39
1, 1732921, 990361, 742560, 7429223.460299861, 66, 36, 30, 300.32698827717985, 37
1, 1732961, 990401, 742560, 7429487.946985797, 40, 40, 0, 264.4866859365871, 40
1, 1733001, 990441, 742560, 7429752.433671733, 40, 40, 0, 264.4866859365871, 40
51, 1733119, 990479, 742640, 7430102.820996902, 118, 38, 80, 350.3873251689181, 40
1, 1733153, 990513, 742640, 7430356.094637179, 34, 34, 0, 253.2736402766418, 34
1, 1733235, 990555, 742680, 7430674.516307022, 82, 42, 40, 318.42166984345636, 43
1, 1733284, 990604, 742680, 7430953.891438128, 49, 49, 0, 279.3751311064591, 49
51, 1733368, 990638, 742730, 7431273.531448532, 84, 34, 50, 319.64001040350905, 35
1, 1733441, 990681, 742760, 7431582.532727101, 73, 43, 30, 309.00127856917646, 44
1, 1733482, 990722, 742760, 7431848.776680544, 41, 41, 0, 266.24395344352433, 41
1, 1733553, 990753, 742800, 7432154.354991362, 71, 31, 40, 305.57831081870995, 32
51, 1733638, 990788, 742850, 7432475.092019034, 85, 35, 50, 320.73702767108114, 36
1, 1733679, 990829, 742850, 7432741.335972477, 41, 41, 0, 266.24395344352433, 41
1, 1733748, 990868, 742880, 7433045.4481141865, 69, 39, 30, 304.1121417102006, 40
1, 1733830, 990910, 742920, 7433363.86978403, 82, 42, 40, 318.42166984345636, 43
51, 1733946, 990946, 743000, 7433712.4515875215, 116, 36, 80, 348.5818034911291, 38
1, 1733994, 990994, 743000, 7433990.266390112, 48, 48, 0, 277.8148025904985, 48
1, 1734073, 991033, 743040, 7434305.2971402425, 79, 39, 40, 315.03075013013313, 40
1, 1734107, 991067, 743040, 7434558.570780519, 34, 34, 0, 253.2736402766418, 34
51, 1734221, 991101, 743120, 7434905.328768211, 114, 34, 80, 346.75798769167545, 36
1, 1734261, 991141, 743120, 7435169.815454148, 40, 40, 0, 264.4866859365871, 40
1, 1734331, 991181, 743150, 7435475.166215, 70, 40, 30, 305.3507608519078, 41
1, 1734407, 991217, 743190, 7435786.725387373, 76, 36, 40, 311.5591723737189, 37
51, 1734497, 991257, 743240, 7436112.832416197, 90, 40, 50, 326.1070288241023, 41
1, 1734535, 991295, 743240, 7436373.714795817, 38, 38, 0, 260.88237961983884, 38
1, 1734594, 991324, 743270, 7436664.763596064, 59, 29, 30, 291.0488002476036, 30
1, 1734624, 991354, 743270, 7436909.798327996, 30, 30, 0, 245.0347319320716, 30
51, 1734744, 991384, 743360, 7437260.9734199615, 120, 30, 90, 351.1750919646873, 32
1, 1734794, 991434, 743360, 7437541.888214809, 50, 50, 0, 280.9147948472494, 50
1, 1734832, 991472, 743360, 7437802.770594428, 38, 38, 0, 260.88237961983884, 38
1, 1734873, 991513, 743360, 7438069.014547871, 41, 41, 0, 266.24395344352433, 41
51, 1735001, 991561, 743440, 7438428.173113973, 128, 48, 80, 359.1585661014858, 50
1, 1735038, 991598, 743440, 7438687.205685429, 37, 37, 0, 259.03257145596604, 37
1, 1735117, 991637, 743480, 7439002.23643556, 79, 39, 40, 315.03075013013313, 40
1, 1735152, 991672, 743480, 7439257.466363469, 35, 35, 0, 255.22992790977875, 35
1, 1735191, 991711, 743480, 7439520.166303413, 39, 39, 0, 262.6999399439383, 39
51, 1735308, 991748, 743560, 7439869.653120211, 117, 37, 80, 349.4868167986058, 39
1, 1735345, 991785, 743560, 7440128.685691668, 37, 37, 0, 259.03257145596604, 37
1, 1735419, 991829, 743590, 7440438.882900435, 74, 44, 30, 310.1972087668518, 45
1, 1735501, 991871, 743630, 7440757.304570278, 82, 42, 40, 318.42166984345636, 43
1, 1735536, 991906, 743630, 7441012.534498188, 35, 35, 0, 255.22992790977875, 35
51, 1735629, 991949, 743680, 7441341.7767780945, 93, 43, 50, 329.24227990714814, 44
1, 1735704, 991984, 743720, 7441652.159873732, 75, 35, 40, 310.38309563827124, 36
1, 1735763, 992013, 743750, 7441943.20867398, 59, 29, 30, 291.0488002476036, 30
51, 1735857, 992057, 743800, 7442273.482399828, 94, 44, 50, 330.273725847777, 45
1, 1735892, 992092, 743800, 7442528.712327737, 35, 35, 0, 255.22992790977875, 35
1, 1735932, 992132, 743800, 7442793.199013674, 40, 40, 0, 264.4866859365871, 40
1, 1735977, 992177, 743800, 7443066.201020085, 45, 45, 0, 273.00200641113514, 45
51, 1736142, 992222, 743920, 7443450.903483507, 165, 45, 120, 384.7024634215721, 48
1, 1736183, 992263, 743920, 7443717.14743695, 41, 41, 0, 266.24395344352433, 41
1, 1736226, 992306, 743920, 7443986.822397154, 43, 43, 0, 269.6749602031015, 43
1, 1736261, 992341, 743920, 7444242.052325063, 35, 35, 0, 255.22992790977875, 35
51, 1736427, 992387, 744040, 7444627.496592698, 166, 46, 120, 385.4442676339201, 49
1, 1736479, 992439, 744040, 7444911.431554126, 52, 52, 0, 283.93496142826496, 52
1, 1736512, 992472, 744040, 7445162.709726819, 33, 33, 0, 251.27817269284301, 33
1, 1736552, 992512, 744040, 7445427.196412755, 40, 40, 0, 264.4866859365871, 40
51, 1736650, 992560, 744090, 7445761.53104112, 98, 48, 50, 334.33462836457886, 49
1, 1736753, 992593, 744160, 7446098.904291175, 103, 33, 70, 337.37325005549695, 35
1, 1736780, 992620, 744160, 7446337.254996871, 27, 27, 0, 238.35070569547776, 27
51, 1736861, 992651, 744210, 7446653.55499687, 81, 31, 50, 316.3, 32
1, 1736895, 992685, 744210, 7446906.828637147, 34, 34, 0, 253.2736402766418, 34
1, 1736964, 992724, 744240, 7447210.940778857, 69, 39, 30, 304.1121417102006, 40
1, 1737042, 992762, 744280, 7447524.8235654775, 78, 38, 40, 313.8827866200841, 39
51, 1737133, 992803, 744330, 7447851.982627416, 91, 41, 50, 327.1590619387661, 42
1, 1737204, 992834, 744370, 7448157.560938234, 71, 31, 40, 305.57831081870995, 32
1, 1737249, 992879, 744370, 7448430.562944646, 45, 45, 0, 273.00200641113514, 45
1, 1737358, 992918, 744440, 7448773.677576145, 109, 39, 70, 343.114631499574, 41
51, 1737441, 992951, 744490, 7449092.212524074, 83, 33, 50, 318.5349479292333, 34
1, 1737512, 992992, 744520, 7449398.790834893, 71, 41, 30, 306.57831081870995, 42
1, 1737553, 993033, 744520, 7449665.034788336, 41, 41, 0, 266.24395344352433, 41
1, 1737639, 993079, 744560, 7449987.860952984, 86, 46, 40, 322.82616464756694, 47
51, 1737732, 993122, 744610, 7450317.10323289, 93, 43, 50, 329.24227990714814, 44
1, 1737767, 993157, 744610, 7450572.3331608, 35, 35, 0, 255.22992790977875, 35
1, 1737842, 993202, 744640, 7450883.716256438, 75, 45, 30, 311.38309563827124, 46
51, 1737927, 993237, 744690, 7451204.453284109, 85, 35, 50, 320.73702767108114, 36
1, 1738016, 993286, 744730, 7451530.501149673, 89, 49, 40, 326.0478655640733, 50
1, 1738062, 993332, 744730, 7451805.130218387, 46, 46, 0, 274.6290687140218, 46
1, 1738132, 993372, 744760, 7452110.480979239, 70, 40, 30, 305.3507608519078, 41
1, 1738178, 993418, 744760, 7452385.110047952, 46, 46, 0, 274.6290687140218, 46
51, 1738267, 993457, 744810, 7452710.157913516, 89, 39, 50, 325.0478655640733, 40
1, 1738346, 993496, 744850, 7453025.188663647, 79, 39, 40, 315.03075013013313, 40
1, 1738415, 993535, 744880, 7453329.300805356, 69, 39, 30, 304.1121417102006, 40
1, 1738505, 993585, 744920, 7453656.407834181, 90, 50, 40, 327.1070288241023, 51
51, 1738596, 993626, 744970, 7453983.566896119, 91, 41, 50, 327.1590619387661, 42
1, 1738639, 993669, 744970, 7454253.241856323, 43, 43, 0, 269.6749602031015, 43
1, 1738714, 993704, 745010, 7454563.6249519605, 75, 35, 40, 310.38309563827124, 36
1, 1738791, 993751, 745040, 7454877.350615727, 77, 47, 30, 313.72566376652986, 48
51, 1738864, 993774, 745090, 7455184.351894296, 73, 23, 50, 307.00127856917646, 24
1, 1738902, 993812, 745090, 7455445.234273915, 38, 38, 0, 260.88237961983884, 38
1, 1738965, 993845, 745120, 7455741.665598641, 63, 33, 30, 296.43132472612575, 34
51, 1739058, 993888, 745170, 7456070.907878548, 93, 43, 50, 329.24227990714814, 44
1, 1739144, 993934, 745210, 7456393.734043196, 86, 46, 40, 322.82616464756694, 47
1, 1739211, 993971, 745240, 7456695.334598454, 67, 37, 30, 301.6005552576305, 38
1, 1739252, 994012, 745240, 7456961.578551897, 41, 41, 0, 266.24395344352433, 41
51, 1739334, 994044, 745290, 7457279.00022174, 82, 32, 50, 317.42166984345636, 33
1, 1739409, 994079, 745330, 7457589.383317378, 75, 35, 40, 310.38309563827124, 36
1, 1739448, 994118, 745330, 7457852.083257322, 39, 39, 0, 262.6999399439383, 39
1, 1739525, 994155, 745370, 7458164.808921088, 77, 37, 40, 312.72566376652986, 38
51, 1739637, 994187, 745450, 7458509.724233428, 112, 32, 80, 344.91531233955715, 34
1, 1739682, 994232, 745450, 7458782.72623984, 45, 45, 0, 273.00200641113514, 45
1, 1739793, 994273, 745520, 7459127.71295788, 111, 41, 70, 344.9867180408456, 43
1, 1739824, 994304, 745520, 7459374.874064057, 31, 31, 0, 247.1611061770567, 31
51, 1739913, 994343, 745570, 7459699.921929621, 89, 39, 50, 325.0478655640733, 40
1, 1739988, 994378, 745610, 7460010.305025259, 75, 35, 40, 310.38309563827124, 36
1, 1740033, 994423, 745610, 7460283.307031671, 45, 45, 0, 273.00200641113514, 45
51, 1740124, 994464, 745660, 7460610.466093609, 91, 41, 50, 327.1590619387661, 42
1, 1740197, 994507, 745690, 7460919.467372178, 73, 43, 30, 309.00127856917646, 44
1, 1740238, 994548, 745690, 7461185.711325621, 41, 41, 0, 266.24395344352433, 41
1, 1740280, 994590, 745690, 7461453.684315124, 42, 42, 0, 267.97298950218305, 42
51, 1740437, 994627, 745810, 7461832.361208241, 157, 37, 120, 378.67689311792185, 40
1, 1740475, 994665, 745810, 7462093.243587861, 38, 38, 0, 260.88237961983884, 38
1, 1740533, 994693, 745840, 7462382.910489968, 58, 28, 30, 289.66690210718946, 29
51, 1740655, 994725, 745930, 7462735.856108522, 122, 32, 90, 352.9456185537469, 34
1, 1740725, 994765, 745960, 7463041.206869374, 70, 40, 30, 305.3507608519078, 41
1, 1740759, 994799, 745960, 7463294.480509651, 34, 34, 0, 253.2736402766418, 34
1, 1740809, 994849, 745960, 7463575.395304498, 50, 50, 0, 280.9147948472494, 50
51, 1740933, 994883, 746050, 7463930.094701046, 124, 34, 90, 354.6993965481514, 36
1, 1740986, 994936, 746050, 7464215.511488687, 53, 53, 0, 285.4167876408086, 53
1, 1741067, 994987, 746080, 7464533.811488687, 81, 51, 30, 318.3, 52
1, 1741100, 995020, 746080, 7464785.08966138, 33, 33, 0, 251.27817269284301, 33
51, 1741202, 995072, 746130, 7465123.386844161, 102, 52, 50, 338.29718278112654, 53
1, 1741238, 995108, 746130, 7465380.535818439, 36, 36, 0, 257.1489742783178, 36
1, 1741354, 995154, 746200, 7465730.11762193, 116, 46, 70, 349.5818034911291, 48
1, 1741392, 995192, 746200, 7465991.00000155, 38, 38, 0, 260.88237961983884, 38
51, 1741483, 995233, 746250, 7466318.159063488, 91, 41, 50, 327.1590619387661, 42
1, 1741527, 995277, 746250, 7466589.510021178, 44, 44, 0, 271.35095769013947, 44
1, 1741604, 995314, 746290, 7466902.235684944, 77, 37, 40, 312.72566376652986, 38
51, 1741695, 995355, 746340, 7467229.394746883, 91, 41, 50, 327.1590619387661, 42
1, 1741755, 995385, 746370, 7467521.810515254, 60, 30, 30, 292.41576837137404, 31
1, 1741792, 995422, 746370, 7467780.84308671, 37, 37, 0, 259.03257145596604, 37
1, 1741871, 995461, 746410, 7468095.8738368405, 79, 39, 40, 315.03075013013313, 40
51, 1741999, 995509, 746490, 7468455.032402942, 128, 48, 80, 359.1585661014858, 50
1, 1742031, 995541, 746490, 7468704.273825943, 32, 32, 0, 249.24142300054422, 32
1, 1742069, 995579, 746490, 7468965.156205562, 38, 38, 0, 260.88237961983884, 38
1, 1742165, 995635, 746530, 7469298.473121577, 96, 56, 40, 333.31691601465747, 57
1, 1742212, 995682, 746530, 7469574.7061714465, 47, 47, 0, 276.2330498695885, 47
51, 1742311, 995731, 746580, 7469910.040386, 99, 49, 50, 335.33421455299043, 50
1, 1742378, 995768, 746610, 7470211.640941258, 67, 37, 30, 301.6005552576305, 38
1, 1742425, 995815, 746610, 7470487.873991127, 47, 47, 0, 276.2330498695885, 47
1, 1742538, 995858, 746680, 7470834.713034997, 113, 43, 70, 346.83904386951343, 45
1, 1742574, 995894, 746680, 7471091.862009275, 36, 36, 0, 257.1489742783178, 36
51, 1742664, 995934, 746730, 7471417.969038099, 90, 40, 50, 326.1070288241023, 41
1, 1742702, 995972, 746730, 7471678.851417718, 38, 38, 0, 260.88237961983884, 38
1, 1742740, 996010, 746730, 7471939.733797338, 38, 38, 0, 260.88237961983884, 38
51, 1742869, 996049, 746820, 7472298.747397829, 129, 39, 90, 359.01360049114555, 41
1, 1742945, 996095, 746850, 7472611.306570202, 76, 46, 30, 312.5591723737189, 47
1, 1742987, 996137, 746850, 7472879.2795597045, 42, 42, 0, 267.97298950218305, 42
51, 1743108, 996178, 746930, 7473232.34203874, 121, 41, 80, 353.06247903554, 43
1, 1743149, 996219, 746930, 7473498.585992184, 41, 41, 0, 266.24395344352433, 41
1, 1743230, 996260, 746970, 7473815.885992183, 81, 41, 40, 317.3, 42
1, 1743268, 996298, 746970, 7474076.768371803, 38, 38, 0, 260.88237961983884, 38
51, 1743401, 996341, 747060, 7474439.164640844, 133, 43, 90, 362.3962690412072, 45
1, 1743465, 996375, 747090, 7474736.907353318, 64, 34, 30, 297.742712474619, 35
1, 1743503, 996413, 747090, 7474997.789732938, 38, 38, 0, 260.88237961983884, 38
1, 1743592, 996462, 747130, 7475323.837598502, 89, 49, 40, 326.0478655640733, 50
51, 1743698, 996518, 747180, 7475666.005642111, 106, 56, 50, 342.16804360962783, 57
1, 1743767, 996557, 747210, 7475970.117783821, 69, 39, 30, 304.1121417102006, 40
1, 1743811, 996601, 747210, 7476241.468741511, 44, 44, 0, 271.35095769013947, 44
1, 1743925, 996645, 747280, 7476589.226729203, 114, 44, 70, 347.75798769167545, 46
51, 1744014, 996684, 747330, 7476914.274594767, 89, 39, 50, 325.0478655640733, 40
1, 1744091, 996721, 747370, 7477227.000258533, 77, 37, 40, 312.72566376652986, 38
1, 1744126, 996756, 747370, 7477482.230186443, 35, 35, 0, 255.22992790977875, 35
1, 1744199, 996799, 747400, 7477791.231465012, 73, 43, 30, 309.00127856917646, 44
1, 1744235, 996835, 747400, 7478048.38043929, 36, 36, 0, 257.1489742783178, 36
51, 1744368, 996878, 747490, 7478410.776708331, 133, 43, 90, 362.3962690412072, 45
1, 1744400, 996910, 747490, 7478660.018131332, 32, 32, 0, 249.24142300054422, 32
1, 1744442, 996952, 747490, 7478927.991120834, 42, 42, 0, 267.97298950218305, 42
51, 1744532, 996992, 747540, 7479254.098149658, 90, 40, 50, 326.1070288241023, 41
1, 1744606, 997036, 747570, 7479564.295358425, 74, 44, 30, 310.1972087668518, 45
1, 1744641, 997071, 747570, 7479819.525286335, 35, 35, 0, 255.22992790977875, 35
1, 1744715, 997105, 747610, 7480128.722495101, 74, 34, 40, 309.1972087668518, 35
51, 1744830, 997140, 747690, 7480476.394712163, 115, 35, 80, 347.6722170622053, 37
1, 1744864, 997174, 747690, 7480729.66835244, 34, 34, 0, 253.2736402766418, 34
1, 1744919, 997229, 747690, 7481017.995333973, 55, 55, 0, 288.32698153315005, 55
1, 1744991, 997261, 747730, 7481324.790396998, 72, 32, 40, 306.79506302439404, 33
51, 1745109, 997299, 747810, 7481675.177722166, 118, 38, 80, 350.3873251689181, 40
1, 1745158, 997348, 747810, 7481954.552853272, 49, 49, 0, 279.3751311064591, 49
1, 1745207, 997397, 747810, 7482233.927984378, 49, 49, 0, 279.3751311064591, 49
1, 1745270, 997430, 747840, 7482530.359309104, 63, 33, 30, 296.43132472612575, 34
51, 1745358, 997468, 747890, 7482854.340740466, 88, 38, 50, 323.98143136087856, 39
1, 1745433, 997503, 747930, 7483164.723836103, 75, 35, 40, 310.38309563827124, 36
1, 1745477, 997547, 747930, 7483436.074793793, 44, 44, 0, 271.35095769013947, 44
1, 1745515, 997585, 747930, 7483696.957173413, 38, 38, 0, 260.88237961983884, 38
51, 1745637, 997627, 748010, 7484050.902791967, 122, 42, 80, 353.9456185537469, 44
1, 1745668, 997658, 748010, 7484298.063898143, 31, 31, 0, 247.1611061770567, 31
1, 1745755, 997705, 748050, 7484621.971479141, 87, 47, 40, 323.9075809977351, 48
1, 1745798, 997748, 748050, 7484891.646439345, 43, 43, 0, 269.6749602031015, 43
51, 1745912, 997782, 748130, 7485238.404427037, 114, 34, 80, 346.75798769167545, 36
1, 1745953, 997823, 748130, 7485504.64838048, 41, 41, 0, 266.24395344352433, 41
1, 1745984, 997854, 748130, 7485751.809486656, 31, 31, 0, 247.1611061770567, 31
1, 1746063, 997893, 748170, 7486066.840236787, 79, 39, 40, 315.03075013013313, 40
51, 1746165, 997945, 748220, 7486405.137419567, 102, 52, 50, 338.29718278112654, 53
1, 1746236, 997986, 748250, 7486711.715730386, 71, 41, 30, 306.57831081870995, 42
1, 1746315, 998025, 748290, 7487026.746480516, 79, 39, 40, 315.03075013013313, 40
1, 1746366, 998076, 748290, 7487309.180992294, 51, 51, 0, 282.43451177837886, 51
51, 1746449, 998109, 748340, 7487627.715940223, 83, 33, 50, 318.5349479292333, 34
1, 1746520, 998140, 748380, 7487933.2942510415, 71, 31, 40, 305.57831081870995, 32
1, 1746559, 998179, 748380, 7488195.994190985, 39, 39, 0, 262.6999399439383, 39
1, 1746622, 998212, 748410, 7488492.425515711, 63, 33, 30, 296.43132472612575, 34
51, 1746744, 998244, 748500, 7488845.371134265, 122, 32, 90, 352.9456185537469, 34
1, 1746783, 998283, 748500, 7489108.071074209, 39, 39, 0, 262.6999399439383, 39
1, 1746845, 998315, 748530, 7489403.177700539, 62, 32, 30, 295.1066263296683, 33
1, 1746888, 998358, 748530, 7489672.852660743, 43, 43, 0, 269.6749602031015, 43
51, 1747014, 998394, 748620, 7490029.289556626, 126, 36, 90, 356.43689588345075, 38
1, 1747048, 998428, 748620, 7490282.563196903, 34, 34, 0, 253.2736402766418, 34
1, 1747086, 998466, 748620, 7490543.4455765225, 38, 38, 0, 260.88237961983884, 38
1, 1747156, 998506, 748650, 7490848.7963373745, 70, 40, 30, 305.3507608519078, 41
1, 1747244, 998554, 748690, 7491173.777768736, 88, 48, 40, 324.98143136087856, 49
51, 1747319, 998579, 748740, 7491483.160864374, 75, 25, 50, 309.38309563827124, 26
1, 1747395, 998625, 748770, 7491795.720036747, 76, 46, 30, 312.5591723737189, 47
1, 1747475, 998665, 748810, 7492111.889792991, 80, 40, 40, 316.1697562442441, 41
1, 1747551, 998711, 748840, 7492424.448965364, 76, 46, 30, 312.5591723737189, 47
51, 1747660, 998770, 748890, 7492769.463596864, 109, 59, 50, 345.01463149957397, 60
1, 1747729, 998809, 748920, 7493073.575738573, 69, 39, 30, 304.1121417102006, 40
1, 1747763, 998843, 748920, 7493326.84937885, 34, 34, 0, 253.2736402766418, 34
1, 1747791, 998871, 748920, 7493567.48204223, 28, 28, 0, 240.63266337912057, 28
1, 1747878, 998918, 748960, 7493891.3896232275, 87, 47, 40, 323.9075809977351, 48
51, 1748006, 998966, 749040, 7494250.548189329, 128, 48, 80, 359.1585661014858, 50
1, 1748091, 999011, 749080, 7494572.285217, 85, 45, 40, 321.73702767108114, 46
1, 1748161, 999051, 749110, 7494877.635977852, 70, 40, 30, 305.3507608519078, 41
1, 1748198, 999088, 749110, 7495136.668549309, 37, 37, 0, 259.03257145596604, 37
51, 1748285, 999125, 749160, 7495459.576130306, 87, 37, 50, 322.9075809977351, 38
1, 1748317, 999157, 749160, 7495708.817553307, 32, 32, 0, 249.24142300054422, 32
1, 1748394, 999194, 749200, 7496021.543217073, 77, 37, 40, 312.72566376652986, 38
1, 1748466, 999236, 749230, 7496329.338280098, 72, 42, 30, 307.79506302439404, 43
51, 1748553, 999273, 749280, 7496652.245861095, 87, 37, 50, 322.9075809977351, 38
1, 1748627, 999317, 749310, 7496962.443069862, 74, 44, 30, 310.1972087668518, 45
1, 1748709, 999359, 749350, 7497280.864739706, 82, 42, 40, 318.42166984345636, 43
51, 1748801, 999401, 749400, 7497609.068841174, 92, 42, 50, 328.20410146824725, 43
1, 1748839, 999439, 749400, 7497869.951220794, 38, 38, 0, 260.88237961983884, 38
1, 1748879, 999479, 749400, 7498134.43790673, 40, 40, 0, 264.4866859365871, 40
1, 1748966, 999526, 749440, 7498458.345487728, 87, 47, 40, 323.9075809977351, 48
1, 1749043, 999573, 749470, 7498772.071151494, 77, 47, 30, 313.72566376652986, 48
51, 1749129, 999609, 749520, 7499093.897316142, 86, 36, 50, 321.82616464756694, 37
1, 1749169, 999649, 749520, 7499358.384002078, 40, 40, 0, 264.4866859365871, 40
1, 1749246, 999686, 749560, 7499671.109665845, 77, 37, 40, 312.72566376652986, 38
1, 1749287, 999727, 749560, 7499937.353619288, 41, 41, 0, 266.24395344352433, 41
51, 1749372, 999762, 749610, 7500258.090646959, 85, 35, 50, 320.73702767108114, 36
1, 1749446, 999806, 749640, 7500568.287855726, 74, 44, 30, 310.1972087668518, 45
1, 1749493, 999853, 749640, 7500844.520905595, 47, 47, 0, 276.2330498695885, 47
1, 1749573, 999893, 749680, 7501160.690661839, 80, 40, 40, 316.1697562442441, 41
51, 1749662, 999932, 749730, 7501485.738527403, 89, 39, 50, 325.0478655640733, 40
1, 1749728, 999968, 749760, 7501786.06551568, 66, 36, 30, 300.32698827717985, 37
1, 1749761, 1000001, 749760, 7502037.343688373, 33, 33, 0, 251.27817269284301, 33
1, 1749801, 1000041, 749760, 7502301.83037431, 40, 40, 0, 264.4866859365871, 40
1, 1749848, 1000088, 749760, 7502578.063424179, 47, 47, 0, 276.2330498695885, 47
51, 1749999, 1000119, 749880, 7502952.108795386, 151, 31, 120, 374.04537120670284, 34
1, 1750047, 1000167, 749880, 7503229.923597977, 48, 48, 0, 277.8148025904985, 48
1, 1750083, 1000203, 749880, 7503487.072572255, 36, 36, 0, 257.1489742783178, 36
1, 1750116, 1000236, 749880, 7503738.350744948, 33, 33, 0, 251.27817269284301, 33
1, 1750149, 1000269, 749880, 7503989.628917641, 33, 33, 0, 251.27817269284301, 33
51, 1750280, 1000310, 749970, 7504350.341245856, 131, 41, 90, 360.7123282155055, 43
1, 1750356, 1000356, 750000, 7504662.900418229, 76, 46, 30, 312.5591723737189, 47
1, 1750396, 1000396, 750000, 7504927.387104166, 40, 40, 0, 264.4866859365871, 40
1, 1750456, 1000426, 750030, 7505219.802872537, 60, 30, 30, 292.41576837137404, 31
51, 1750552, 1000472, 750080, 7505552.119788552, 96, 46, 50, 332.31691601465747, 47
1, 1750669, 1000519, 750150, 7505902.60660535, 117, 47, 70, 350.4868167986058, 49
1, 1750711, 1000561, 750150, 7506170.579594852, 42, 42, 0, 267.97298950218305, 42
51, 1750806, 1000606, 750200, 7506501.8781589875, 95, 45, 50, 331.2985641352145, 46
1, 1750839, 1000639, 750200, 7506753.156331681, 33, 33, 0, 251.27817269284301, 33
1, 1750916, 1000676, 750240, 7507065.881995447, 77, 37, 40, 312.72566376652986, 38
1, 1750954, 1000714, 750240, 7507326.764375066, 38, 38, 0, 260.88237961983884, 38
51, 1751070, 1000750, 750320, 7507675.346178558, 116, 36, 80, 348.5818034911291, 38
1, 1751149, 1000789, 750360, 7507990.376928688, 79, 39, 40, 315.03075013013313, 40
1, 1751193, 1000833, 750360, 7508261.727886378, 44, 44, 0, 271.35095769013947, 44
1, 1751265, 1000865, 750400, 7508568.522949402, 72, 32, 40, 306.79506302439404, 33
1, 1751310, 1000910, 750400, 7508841.524955814, 45, 45, 0, 273.00200641113514, 45
51, 1751436, 1000956, 750480, 7509198.961851697, 126, 46, 80, 357.43689588345075, 48
1, 1751471, 1000991, 750480, 7509454.191779607, 35, 35, 0, 255.22992790977875, 35
1, 1751535, 1001025, 750510, 7509751.934492081, 64, 34, 30, 297.742712474619, 35
51, 1751631, 1001071, 750560, 7510084.251408096, 96, 46, 50, 332.31691601465747, 47
1, 1751709, 1001109, 750600, 7510398.134194717, 78, 38, 40, 313.8827866200841, 39
1, 1751777, 1001147, 750630, 7510700.996365819, 68, 38, 30, 302.86217110259, 39
1, 1751817, 1001187, 750630, 7510965.483051755, 40, 40, 0, 264.4866859365871, 40
51, 1751949, 1001229, 750720, 7511327.039174182, 132, 42, 90, 361.55612242701943, 44
1, 1751995, 1001275, 750720, 7511601.668242896, 46, 46, 0, 274.6290687140218, 46
1, 1752067, 1001317, 750750, 7511909.46330592, 72, 42, 30, 307.79506302439404, 43
1, 1752153, 1001363, 750790, 7512232.289470568, 86, 46, 40, 322.82616464756694, 47
51, 1752271, 1001401, 750870, 7512582.676795737, 118, 38, 80, 350.3873251689181, 40
1, 1752352, 1001442, 750910, 7512899.976795737, 81, 41, 40, 317.3, 42
1, 1752423, 1001483, 750940, 7513206.555106555, 71, 41, 30, 306.57831081870995, 42
1, 1752464, 1001524, 750940, 7513472.799059998, 41, 41, 0, 266.24395344352433, 41
1, 1752501, 1001561, 750940, 7513731.831631455, 37, 37, 0, 259.03257145596604, 37
51, 1752659, 1001599, 751060, 7514111.27084071, 158, 38, 120, 379.43920925585275, 41
1, 1752686, 1001626, 751060, 7514349.621546405, 27, 27, 0, 238.35070569547776, 27
1, 1752723, 1001663, 751060, 7514608.654117862, 37, 37, 0, 259.03257145596604, 37
1, 1752806, 1001706, 751100, 7514928.189065791, 83, 43, 40, 319.5349479292333, 44
51, 1752886, 1001736, 751150, 7515243.358822035, 80, 30, 50, 315.1697562442441, 31
1, 1752929, 1001779, 751150, 7515513.033782238, 43, 43, 0, 269.6749602031015, 43
1, 1752990, 1001810, 751180, 7515806.802021505, 61, 31, 30, 293.7682392671241, 32
1, 1753073, 1001853, 751220, 7516126.336969434, 83, 43, 40, 319.5349479292333, 44
51, 1753160, 1001890, 751270, 7516449.244550432, 87, 37, 50, 322.9075809977351, 38
1, 1753196, 1001926, 751270, 7516706.39352471, 36, 36, 0, 257.1489742783178, 36
1, 1753239, 1001969, 751270, 7516976.068484914, 43, 43, 0, 269.6749602031015, 43
1, 1753279, 1002009, 751270, 7517240.55517085, 40, 40, 0, 264.4866859365871, 40
51, 1753446, 1002056, 751390, 7517626.738800287, 167, 47, 120, 386.1836294370035, 50
1, 1753475, 1002085, 751390, 7517869.598378998, 29, 29, 0, 242.8595787106084, 29
1, 1753526, 1002136, 751390, 7518152.032890776, 51, 51, 0, 282.43451177837886, 51
1, 1753608, 1002178, 751430, 7518470.45456062, 82, 42, 40, 318.42166984345636, 43
51, 1753727, 1002217, 751510, 7518821.737955822, 119, 39, 80, 351.28339520229764, 41
1, 1753764, 1002254, 751510, 7519080.770527278, 37, 37, 0, 259.03257145596604, 37
1, 1753837, 1002287, 751550, 7519388.771805847, 73, 33, 40, 308.00127856917646, 34
1, 1753877, 1002327, 751550, 7519653.258491783, 40, 40, 0, 264.4866859365871, 40
1, 1753916, 1002366, 751550, 7519915.958431727, 39, 39, 0, 262.6999399439383, 39
51, 1754005, 1002405, 751600, 7520241.006297291, 89, 39, 50, 325.0478655640733, 40
1, 1754083, 1002453, 751630, 7520555.889083912, 78, 48, 30, 314.8827866200841, 49
1, 1754128, 1002498, 751630, 7520828.891090323, 45, 45, 0, 273.00200641113514, 45
1, 1754205, 1002535, 751670, 7521141.6167540895, 77, 37, 40, 312.72566376652986, 38
51, 1754330, 1002580, 751750, 7521498.186906578, 125, 45, 80, 356.57015248821097, 47
1, 1754376, 1002626, 751750, 7521772.815975292, 46, 46, 0, 274.6290687140218, 46
1, 1754412, 1002662, 751750, 7522029.96494957, 36, 36, 0, 257.1489742783178, 36
1, 1754473, 1002693, 751780, 7522323.733188837, 61, 31, 30, 293.7682392671241, 32
1, 1754508, 1002728, 751780, 7522578.963116746, 35, 35, 0, 255.22992790977875, 35
51, 1754632, 1002762, 751870, 7522933.662513294, 124, 34, 90, 354.6993965481514, 36
1, 1754678, 1002808, 751870, 7523208.291582008, 46, 46, 0, 274.6290687140218, 46
1, 1754711, 1002841, 751870, 7523459.569754701, 33, 33, 0, 251.27817269284301, 33
1, 1754788, 1002888, 751900, 7523773.295418467, 77, 47, 30, 313.72566376652986, 48
51, 1754877, 1002927, 751950, 7524098.343284031, 89, 39, 50, 325.0478655640733, 40
1, 1754926, 1002976, 751950, 7524377.718415137, 49, 49, 0, 279.3751311064591, 49
1, 1755001, 1003011, 751990, 7524688.101510775, 75, 35, 40, 310.38309563827124, 36
1, 1755048, 1003058, 751990, 7524964.334560645, 47, 47, 0, 276.2330498695885, 47
1, 1755117, 1003097, 752020, 7525268.446702355, 69, 39, 30, 304.1121417102006, 40
51, 1755207, 1003137, 752070, 7525594.553731179, 90, 40, 50, 326.1070288241023, 41
1, 1755237, 1003167, 752070, 7525839.588463111, 30, 30, 0, 245.0347319320716, 30
1, 1755355, 1003215, 752140, 7526190.975788279, 118, 48, 70, 351.3873251689181, 50
1, 1755389, 1003249, 752140, 7526444.249428556, 34, 34, 0, 253.2736402766418, 34
1, 1755431, 1003291, 752140, 7526712.222418059, 42, 42, 0, 267.97298950218305, 42
51, 1755523, 1003333, 752190, 7527040.426519527, 92, 42, 50, 328.20410146824725, 43
1, 1755597, 1003367, 752230, 7527349.623728294, 74, 34, 40, 309.1972087668518, 35
1, 1755638, 1003408, 752230, 7527615.867681737, 41, 41, 0, 266.24395344352433, 41
1, 1755751, 1003451, 752300, 7527962.706725607, 113, 43, 70, 346.83904386951343, 45
51, 1755844, 1003494, 752350, 7528291.949005513, 93, 43, 50, 329.24227990714814, 44
1, 1755879, 1003529, 752350, 7528547.178933423, 35, 35, 0, 255.22992790977875, 35
1, 1755910, 1003560, 752350, 7528794.3400396, 31, 31, 0, 247.1611061770567, 31
51, 1756000, 1003600, 752400, 7529120.447068424, 90, 40, 50, 326.1070288241023, 41
1, 1756081, 1003641, 752440, 7529437.747068424, 81, 41, 40, 317.3, 42
1, 1756155, 1003685, 752470, 7529747.944277191, 74, 44, 30, 310.1972087668518, 45
1, 1756194, 1003724, 752470, 7530010.644217134, 39, 39, 0, 262.6999399439383, 39
1, 1756269, 1003769, 752500, 7530322.027312772, 75, 45, 30, 311.38309563827124, 46
51, 1756397, 1003807, 752590, 7530680.185878874, 128, 38, 90, 358.1585661014858, 40
1, 1756438, 1003848, 752590, 7530946.429832317, 41, 41, 0, 266.24395344352433, 41
1, 1756478, 1003888, 752590, 7531210.916518253, 40, 40, 0, 264.4866859365871, 40
1, 1756547, 1003927, 752620, 7531515.028659963, 69, 39, 30, 304.1121417102006, 40
51, 1756675, 1003965, 752710, 7531873.1872260645, 128, 38, 90, 358.1585661014858, 40
1, 1756714, 1004004, 752710, 7532135.887166008, 39, 39, 0, 262.6999399439383, 39
1, 1756759, 1004049, 752710, 7532408.88917242, 45, 45, 0, 273.00200641113514, 45
1, 1756801, 1004091, 752710, 7532676.862161922, 42, 42, 0, 267.97298950218305, 42
51, 1756957, 1004127, 752830, 7533054.774046227, 156, 36, 120, 377.9118843049396, 39
1, 1757003, 1004173, 752830, 7533329.403114941, 46, 46, 0, 274.6290687140218, 46
1, 1757108, 1004208, 752900, 7533668.711702235, 105, 35, 70, 339.30858729436795, 37
1, 1757146, 1004246, 752900, 7533929.594081854, 38, 38, 0, 260.88237961983884, 38
1, 1757184, 1004284, 752900, 7534190.476461474, 38, 38, 0, 260.88237961983884, 38
51, 1757275, 1004325, 752950, 7534517.635523412, 91, 41, 50, 327.1590619387661, 42
1, 1757364, 1004374, 752990, 7534843.683388976, 89, 49, 40, 326.0478655640733, 50
1, 1757433, 1004413, 753020, 7535147.795530686, 69, 39, 30, 304.1121417102006, 40
1, 1757522, 1004462, 753060, 7535473.84339625, 89, 49, 40, 326.0478655640733, 50
51, 1757614, 1004504, 753110, 7535802.047497719, 92, 42, 50, 328.20410146824725, 43
1, 1757647, 1004537, 753110, 7536053.325670412, 33, 33, 0, 251.27817269284301, 33
1, 1757718, 1004568, 753150, 7536358.90398123, 71, 31, 40, 305.57831081870995, 32
1, 1757799, 1004619, 753180, 7536677.20398123, 81, 51, 30, 318.3, 52
1, 1757844, 1004664, 753180, 7536950.205987642, 45, 45, 0, 273.00200641113514, 45
51, 1757968, 1004708, 753260, 7537305.905384189, 124, 44, 80, 355.6993965481514, 46
1, 1758047, 1004747, 753300, 7537620.93613432, 79, 39, 40, 315.03075013013313, 40
1, 1758127, 1004797, 753330, 7537938.105890564, 80, 50, 30, 317.1697562442441, 51
1, 1758176, 1004846, 753330, 7538217.48102167, 49, 49, 0, 279.3751311064591, 49
51, 1758307, 1004887, 753420, 7538578.193349885, 131, 41, 90, 360.7123282155055, 43
1, 1758345, 1004925, 753420, 7538839.075729504, 38, 38, 0, 260.88237961983884, 38
1, 1758387, 1004967, 753420, 7539107.048719007, 42, 42, 0, 267.97298950218305, 42
1, 1758452, 1005002, 753450, 7539406.08987045, 65, 35, 30, 299.04115144336777, 36
51, 1758529, 1005029, 753500, 7539717.815534216, 77, 27, 50, 311.72566376652986, 28
1, 1758616, 1005076, 753540, 7540041.723115214, 87, 47, 40, 323.9075809977351, 48
1, 1758660, 1005120, 753540, 7540313.074072904, 44, 44, 0, 271.35095769013947, 44
1, 1758702, 1005162, 753540, 7540581.047062406, 42, 42, 0, 267.97298950218305, 42
1, 1758809, 1005199, 753610, 7540922.269207676, 107, 37, 70, 341.2221452697031, 39
51, 1758907, 1005247, 753660, 7541256.603836041, 98, 48, 50, 334.33462836457886, 49
1, 1758959, 1005299, 753660, 7541540.538797469, 52, 52, 0, 283.93496142826496, 52
1, 1759007, 1005347, 753660, 7541818.35360006, 48, 48, 0, 277.8148025904985, 48
1, 1759053, 1005393, 753660, 7542092.982668773, 46, 46, 0, 274.6290687140218, 46
51, 1759217, 1005437, 753780, 7542476.940859609, 164, 44, 120, 383.9581908363381, 47
1, 1759253, 1005473, 753780, 7542734.089833887, 36, 36, 0, 257.1489742783178, 36
1, 1759289, 1005509, 753780, 7542991.238808165, 36, 36, 0, 257.1489742783178, 36
51, 1759384, 1005554, 753830, 7543322.5373723, 95, 45, 50, 331.2985641352145, 46
1, 1759423, 1005593, 753830, 7543585.237312244, 39, 39, 0, 262.6999399439383, 39
1, 1759503, 1005633, 753870, 7543901.407068488, 80, 40, 40, 316.1697562442441, 41
1, 1759573, 1005673, 753900, 7544206.75782934, 70, 40, 30, 305.3507608519078, 41
51, 1759659, 1005709, 753950, 7544528.583993988, 86, 36, 50, 321.82616464756694, 37
1, 1759696, 1005746, 753950, 7544787.6165654445, 37, 37, 0, 259.03257145596604, 37
1, 1759732, 1005782, 753950, 7545044.7655397225, 36, 36, 0, 257.1489742783178, 36
51, 1759869, 1005829, 754040, 7545410.486861927, 137, 47, 90, 365.72132220485213, 49
1, 1759942, 1005872, 754070, 7545719.488140496, 73, 43, 30, 309.00127856917646, 44
1, 1759984, 1005914, 754070, 7545987.461129999, 42, 42, 0, 267.97298950218305, 42
51, 1760109, 1005949, 754160, 7546343.031282487, 125, 35, 90, 355.57015248821097, 37
1, 1760180, 1005990, 754190, 7546649.609593306, 71, 41, 30, 306.57831081870995, 42
1, 1760253, 1006023, 754230, 7546957.610871875, 73, 33, 40, 308.00127856917646, 34
51, 1760327, 1006047, 754280, 7547265.808080642, 74, 24, 50, 308.1972087668518, 25
1, 1760370, 1006090, 754280, 7547535.483040845, 43, 43, 0, 269.6749602031015, 43
1, 1760411, 1006131, 754280, 7547801.726994288, 41, 41, 0, 266.24395344352433, 41
1, 1760525, 1006175, 754350, 7548149.48498198, 114, 44, 70, 347.75798769167545, 46
1, 1760570, 1006220, 754350, 7548422.486988392, 45, 45, 0, 273.00200641113514, 45
51, 1760656, 1006256, 754400, 7548744.31315304, 86, 36, 50, 321.82616464756694, 37
1, 1760698, 1006298, 754400, 7549012.286142542, 42, 42, 0, 267.97298950218305, 42
1, 1760795, 1006325, 754470, 7549343.715041813, 97, 27, 70, 331.42889927149963, 29
1, 1760829, 1006359, 754470, 7549596.98868209, 34, 34, 0, 253.2736402766418, 34
1, 1760866, 1006396, 754470, 7549856.021253547, 37, 37, 0, 259.03257145596604, 37
51, 1760991, 1006441, 754550, 7550212.591406035, 125, 45, 80, 356.57015248821097, 47
1, 1761038, 1006488, 754550, 7550488.824455905, 47, 47, 0, 276.2330498695885, 47
1, 1761075, 1006525, 754550, 7550747.857027361, 37, 37, 0, 259.03257145596604, 37
1, 1761156, 1006566, 754590, 7551065.157027361, 81, 41, 40, 317.3, 42
51, 1761245, 1006605, 754640, 7551390.204892925, 89, 39, 50, 325.0478655640733, 40
1, 1761283, 1006643, 754640, 7551651.087272544, 38, 38, 0, 260.88237961983884, 38
1, 1761359, 1006689, 754670, 7551963.646444918, 76, 46, 30, 312.5591723737189, 47
1, 1761407, 1006737, 754670, 7552241.461247508, 48, 48, 0, 277.8148025904985, 48
51, 1761533, 1006773, 754760, 7552597.898143392, 126, 36, 90, 356.43689588345075, 38
1, 1761604, 1006814, 754790, 7552904.4764542105, 71, 41, 30, 306.57831081870995, 42
1, 1761640, 1006850, 754790, 7553161.6254284885, 36, 36, 0, 257.1489742783178, 36
1, 1761670, 1006880, 754790, 7553406.66016042, 30, 30, 0, 245.0347319320716, 30
51, 1761800, 1006930, 754870, 7553767.524997959, 130, 50, 80, 360.86483753851803, 52
1, 1761839, 1006969, 754870, 7554030.224937903, 39, 39, 0, 262.6999399439383, 39
1, 1761924, 1007014, 754910, 7554351.961965574, 85, 45, 40, 321.73702767108114, 46
1, 1761966, 1007056, 754910, 7554619.934955076, 42, 42, 0, 267.97298950218305, 42
51, 1762077, 1007087, 754990, 7554963.921673117, 111, 31, 80, 343.9867180408456, 33
1, 1762118, 1007128, 754990, 7555230.16562656, 41, 41, 0, 266.24395344352433, 41
1, 1762157, 1007167, 754990, 7555492.865566504, 39, 39, 0, 262.6999399439383, 39
1, 1762244, 1007214, 755030, 7555816.773147502, 87, 47, 40, 323.9075809977351, 48
1, 1762290, 1007260, 755030, 7556091.402216216, 46, 46, 0, 274.6290687140218, 46
51, 1762419, 1007309, 755110, 7556451.415816707, 129, 49, 80, 360.01360049114555, 51
1, 1762451, 1007341, 755110, 7556700.657239707, 32, 32, 0, 249.24142300054422, 32
1, 1762501, 1007391, 755110, 7556981.572034555, 50, 50, 0, 280.9147948472494, 50
1, 1762544, 1007434, 755110, 7557251.246994758, 43, 43, 0, 269.6749602031015, 43
51, 1762685, 1007485, 755200, 7557620.238667424, 141, 51, 90, 368.9916726654594, 53
1, 1762764, 1007534, 755230, 7557936.269417554, 79, 49, 30, 316.03075013013313, 50
1, 1762804, 1007574, 755230, 7558200.7561034905, 40, 40, 0, 264.4866859365871, 40
1, 1762836, 1007606, 755230, 7558449.997526491, 32, 32, 0, 249.24142300054422, 32
51, 1762926, 1007646, 755280, 7558776.104555315, 90, 40, 50, 326.1070288241023, 41
1, 1763037, 1007687, 755350, 7559121.091273356, 111, 41, 70, 344.9867180408456, 43
1, 1763084, 1007734, 755350, 7559397.324323226, 47, 47, 0, 276.2330498695885, 47
1, 1763115, 1007765, 755350, 7559644.485429402, 31, 31, 0, 247.1611061770567, 31
1, 1763158, 1007808, 755350, 7559914.160389606, 43, 43, 0, 269.6749602031015, 43
51, 1763244, 1007844, 755400, 7560235.986554254, 86, 36, 50, 321.82616464756694, 37
1, 1763321, 1007881, 755440, 7560548.71221802, 77, 37, 40, 312.72566376652986, 38
1, 1763392, 1007922, 755470, 7560855.2905288385, 71, 41, 30, 306.57831081870995, 42
51, 1763485, 1007965, 755520, 7561184.532808745, 93, 43, 50, 329.24227990714814, 44
1, 1763523, 1008003, 755520, 7561445.415188365, 38, 38, 0, 260.88237961983884, 38
1, 1763598, 1008038, 755560, 7561755.798284003, 75, 35, 40, 310.38309563827124, 36
1, 1763659, 1008069, 755590, 7562049.56652327, 61, 31, 30, 293.7682392671241, 32
51, 1763753, 1008113, 755640, 7562379.840249117, 94, 44, 50, 330.273725847777, 45
1, 1763799, 1008159, 755640, 7562654.469317831, 46, 46, 0, 274.6290687140218, 46
1, 1763878, 1008198, 755680, 7562969.500067961, 79, 39, 40, 315.03075013013313, 40
1, 1763947, 1008237, 755710, 7563273.612209671, 69, 39, 30, 304.1121417102006, 40
51, 1764039, 1008279, 755760, 7563601.81631114, 92, 42, 50, 328.20410146824725, 43
1, 1764107, 1008317, 755790, 7563904.678482242, 68, 38, 30, 302.86217110259, 39
1, 1764151, 1008361, 755790, 7564176.029439932, 44, 44, 0, 271.35095769013947, 44
1, 1764223, 1008393, 755830, 7564482.824502956, 72, 32, 40, 306.79506302439404, 33
51, 1764347, 1008437, 755910, 7564838.523899504, 124, 44, 80, 355.6993965481514, 46
1, 1764387, 1008477, 755910, 7565103.01058544, 40, 40, 0, 264.4866859365871, 40
1, 1764431, 1008521, 755910, 7565374.36154313, 44, 44, 0, 271.35095769013947, 44
1, 1764540, 1008560, 755980, 7565717.476174629, 109, 39, 70, 343.114631499574, 41
51, 1764635, 1008605, 756030, 7566048.774738764, 95, 45, 50, 331.2985641352145, 46
1, 1764669, 1008639, 756030, 7566302.048379041, 34, 34, 0, 253.2736402766418, 34
1, 1764746, 1008686, 756060, 7566615.7740428075, 77, 47, 30, 313.72566376652986, 48
1, 1764788, 1008728, 756060, 7566883.74703231, 42, 42, 0, 267.97298950218305, 42
1, 1764864, 1008774, 756090, 7567196.306204683, 76, 46, 30, 312.5591723737189, 47
51, 1764989, 1008809, 756180, 7567551.876357172, 125, 35, 90, 355.57015248821097, 37
1, 1765029, 1008849, 756180, 7567816.363043108, 40, 40, 0, 264.4866859365871, 40
1, 1765067, 1008887, 756180, 7568077.245422727, 38, 38, 0, 260.88237961983884, 38
51, 1765180, 1008920, 756260, 7568423.084466597, 113, 33, 80, 345.83904386951343, 35
1, 1765215, 1008955, 756260, 7568678.314394507, 35, 35, 0, 255.22992790977875, 35
1, 1765297, 1008997, 756300, 7568996.73606435, 82, 42, 40, 318.42166984345636, 43
51, 1765412, 1009032, 756380, 7569344.408281412, 115, 35, 80, 347.6722170622053, 37
1, 1765446, 1009066, 756380, 7569597.681921689, 34, 34, 0, 253.2736402766418, 34
1, 1765495, 1009115, 756380, 7569877.057052795, 49, 49, 0, 279.3751311064591, 49
1, 1765562, 1009152, 756410, 7570178.657608053, 67, 37, 30, 301.6005552576305, 38
51, 1765698, 1009198, 756500, 7570543.552905087, 136, 46, 90, 364.89529703482884, 48
1, 1765726, 1009226, 756500, 7570784.185568467, 28, 28, 0, 240.63266337912057, 28
1, 1765772, 1009272, 756500, 7571058.81463718, 46, 46, 0, 274.6290687140218, 46
1, 1765845, 1009315, 756530, 7571367.815915749, 73, 43, 30, 309.00127856917646, 44
51, 1765932, 1009352, 756580, 7571690.723496747, 87, 37, 50, 322.9075809977351, 38
1, 1766014, 1009394, 756620, 7572009.145166591, 82, 42, 40, 318.42166984345636, 43
1, 1766074, 1009424, 756650, 7572301.560934962, 60, 30, 30, 292.41576837137404, 31
1, 1766121, 1009471, 756650, 7572577.793984831, 47, 47, 0, 276.2330498695885, 47
1, 1766207, 1009517, 756690, 7572900.620149479, 86, 46, 40, 322.82616464756694, 47
51, 1766302, 1009562, 756740, 7573231.918713614, 95, 45, 50, 331.2985641352145, 46
1, 1766375, 1009605, 756770, 7573540.919992183, 73, 43, 30, 309.00127856917646, 44
1, 1766420, 1009650, 756770, 7573813.921998595, 45, 45, 0, 273.00200641113514, 45
51, 1766588, 1009698, 756890, 7574200.842572963, 168, 48, 120, 386.9205743678508, 51
1, 1766629, 1009739, 756890, 7574467.086526406, 41, 41, 0, 266.24395344352433, 41
1, 1766670, 1009780, 756890, 7574733.330479849, 41, 41, 0, 266.24395344352433, 41
1, 1766717, 1009827, 756890, 7575009.563529719, 47, 47, 0, 276.2330498695885, 47
1, 1766804, 1009874, 756930, 7575333.471110716, 87, 47, 40, 323.9075809977351, 48
51, 1766921, 1009911, 757010, 7575682.957927515, 117, 37, 80, 349.4868167986058, 39
1, 1766996, 1009946, 757050, 7575993.341023153, 75, 35, 40, 310.38309563827124, 36
1, 1767038, 1009988, 757050, 7576261.314012655, 42, 42, 0, 267.97298950218305, 42
51, 1767126, 1010026, 757100, 7576585.295444016, 88, 38, 50, 323.98143136087856, 39
1, 1767174, 1010074, 757100, 7576863.110246607, 48, 48, 0, 277.8148025904985, 48
1, 1767281, 1010111, 757170, 7577204.332391877, 107, 37, 70, 341.2221452697031, 39
51, 1767366, 1010146, 757220, 7577525.069419548, 85, 35, 50, 320.73702767108114, 36
1, 1767399, 1010179, 757220, 7577776.347592241, 33, 33, 0, 251.27817269284301, 33
1, 1767468, 1010218, 757250, 7578080.459733951, 69, 39, 30, 304.1121417102006, 40
1, 1767549, 1010259, 757290, 7578397.759733951, 81, 41, 40, 317.3, 42
51, 1767634, 1010294, 757340, 7578718.496761622, 85, 35, 50, 320.73702767108114, 36
1, 1767696, 1010326, 757370, 7579013.603387952, 62, 32, 30, 295.1066263296683, 33
1, 1767739, 1010369, 757370, 7579283.278348155, 43, 43, 0, 269.6749602031015, 43
51, 1767892, 1010402, 757490, 7579658.878744471, 153, 33, 120, 375.6003963155711, 36
1, 1767937, 1010447, 757490, 7579931.880750882, 45, 45, 0, 273.00200641113514, 45
1, 1767981, 1010491, 757490, 7580203.231708572, 44, 44, 0, 271.35095769013947, 44
1, 1768024, 1010534, 757490, 7580472.906668776, 43, 43, 0, 269.6749602031015, 43
51, 1768142, 1010572, 757570, 7580823.293993944, 118, 38, 80, 350.3873251689181, 40
1, 1768213, 1010603, 757610, 7581128.872304763, 71, 31, 40, 305.57831081870995, 32
1, 1768264, 1010654, 757610, 7581411.306816541, 51, 51, 0, 282.43451177837886, 51
1, 1768303, 1010693, 757610, 7581674.0067564845, 39, 39, 0, 262.6999399439383, 39
51, 1768413, 1010723, 757690, 7582017.059940531, 110, 30, 80, 343.0531840464366, 32
1, 1768445, 1010755, 757690, 7582266.3013635315, 32, 32, 0, 249.24142300054422, 32
1, 1768526, 1010796, 757730, 7582583.601363531, 81, 41, 40, 317.3, 42
1, 1768577, 1010847, 757730, 7582866.035875309, 51, 51, 0, 282.43451177837886, 51
1, 1768617, 1010887, 757730, 7583130.522561246, 40, 40, 0, 264.4866859365871, 40
51, 1768707, 1010927, 757780, 7583456.62959007, 90, 40, 50, 326.1070288241023, 41
1, 1768777, 1010967, 757810, 7583761.980350922, 70, 40, 30, 305.3507608519078, 41
1, 1768810, 1011000, 757810, 7584013.258523615, 33, 33, 0, 251.27817269284301, 33
1, 1768892, 1011042, 757850, 7584331.680193459, 82, 42, 40, 318.42166984345636, 43
51, 1768987, 1011087, 757900, 7584662.978757594, 95, 45, 50, 331.2985641352145, 46
1, 1769058, 1011128, 757930, 7584969.557068412, 71, 41, 30, 306.57831081870995, 42
1, 1769093, 1011163, 757930, 7585224.786996322, 35, 35, 0, 255.22992790977875, 35
1, 1769141, 1011211, 757930, 7585502.6017989125, 48, 48, 0, 277.8148025904985, 48
1, 1769189, 1011259, 757930, 7585780.416601503, 48, 48, 0, 277.8148025904985, 48
51, 1769319, 1011299, 758020, 7586140.281439042, 130, 40, 90, 359.86483753851803, 42
1, 1769370, 1011350, 758020, 7586422.71595082, 51, 51, 0, 282.43451177837886, 51
1, 1769440, 1011390, 758050, 7586728.066711672, 70, 40, 30, 305.3507608519078, 41
51, 1769531, 1011431, 758100, 7587055.22577361, 91, 41, 50, 327.1590619387661, 42
1, 1769570, 1011470, 758100, 7587317.925713554, 39, 39, 0, 262.6999399439383, 39
1, 1769649, 1011509, 758140, 7587632.956463684, 79, 39, 40, 315.03075013013313, 40
1, 1769686, 1011546, 758140, 7587891.989035141, 37, 37, 0, 259.03257145596604, 37
1, 1769790, 1011580, 758210, 7588230.332721898, 104, 34, 70, 338.343686757474, 36
51, 1769882, 1011622, 758260, 7588558.536823367, 92, 42, 50, 328.20410146824725, 43
1, 1769994, 1011664, 758330, 7588904.452135706, 112, 42, 70, 345.91531233955715, 44
1, 1770038, 1011708, 758330, 7589175.803093396, 44, 44, 0, 271.35095769013947, 44
1, 1770105, 1011745, 758360, 7589477.403648654, 67, 37, 30, 301.6005552576305, 38
51, 1770226, 1011776, 758450, 7589829.46612769, 121, 31, 90, 352.06247903554, 33
1, 1770283, 1011803, 758480, 7590117.735748195, 57, 27, 30, 288.2696205054472, 28
1, 1770325, 1011845, 758480, 7590385.708737697, 42, 42, 0, 267.97298950218305, 42
1, 1770366, 1011886, 758480, 7590651.952691141, 41, 41, 0, 266.24395344352433, 41
1, 1770474, 1011924, 758550, 7590994.123670688, 108, 38, 70, 342.1709795470626, 40
51, 1770563, 1011963, 758600, 7591319.171536252, 89, 39, 50, 325.0478655640733, 40
1, 1770601, 1012001, 758600, 7591580.053915871, 38, 38, 0, 260.88237961983884, 38
1, 1770676, 1012046, 758630, 7591891.437011509, 75, 45, 30, 311.38309563827124, 46
1, 1770730, 1012100, 758630, 7592178.317612592, 54, 54, 0, 286.88060108295343, 54
51, 1770857, 1012137, 758720, 7592535.617294892, 127, 37, 90, 357.2996822992933, 39
1, 1770897, 1012177, 758720, 7592800.103980828, 40, 40, 0, 264.4866859365871, 40
1, 1770933, 1012213, 758720, 7593057.252955106, 36, 36, 0, 257.1489742783178, 36
1, 1771002, 1012252, 758750, 7593361.365096816, 69, 39, 30, 304.1121417102006, 40
51, 1771105, 1012305, 758800, 7593700.638346871, 103, 53, 50, 339.27325005549693, 54
1, 1771219, 1012349, 758870, 7594048.396334563, 114, 44, 70, 347.75798769167545, 46
1, 1771245, 1012375, 758870, 7594284.406420998, 26, 26, 0, 236.01008643532256, 26
1, 1771318, 1012418, 758900, 7594593.407699567, 73, 43, 30, 309.00127856917646, 44
51, 1771408, 1012458, 758950, 7594919.514728392, 90, 40, 50, 326.1070288241023, 41
1, 1771451, 1012501, 758950, 7595189.189688595, 43, 43, 0, 269.6749602031015, 43
1, 1771526, 1012536, 758990, 7595499.572784233, 75, 35, 40, 310.38309563827124, 36
51, 1771618, 1012578, 759040, 7595827.776885701, 92, 42, 50, 328.20410146824725, 43
1, 1771665, 1012625, 759040, 7596104.009935571, 47, 47, 0, 276.2330498695885, 47
1, 1771733, 1012663, 759070, 7596406.872106673, 68, 38, 30, 302.86217110259, 39
51, 1771862, 1012702, 759160, 7596765.885707164, 129, 39, 90, 359.01360049114555, 41
1, 1771892, 1012732, 759160, 7597010.920439096, 30, 30, 0, 245.0347319320716, 30
1, 1771942, 1012782, 759160, 7597291.835233944, 50, 50, 0, 280.9147948472494, 50
1, 1772016, 1012826, 759190, 7597602.03244271, 74, 44, 30, 310.1972087668518, 45
1, 1772061, 1012871, 759190, 7597875.034449122, 45, 45, 0, 273.00200641113514, 45
51, 1772197, 1012917, 759280, 7598239.929746157, 136, 46, 90, 364.89529703482884, 48
1, 1772241, 1012961, 759280, 7598511.280703846, 44, 44, 0, 271.35095769013947, 44
1, 1772278, 1012998, 759280, 7598770.313275303, 37, 37, 0, 259.03257145596604, 37
1, 1772360, 1013040, 759320, 7599088.734945146, 82, 42, 40, 318.42166984345636, 43
51, 1772477, 1013077, 759400, 7599438.221761945, 117, 37, 80, 349.4868167986058, 39
1, 1772512, 1013112, 759400, 7599693.451689854, 35, 35, 0, 255.22992790977875, 35
1, 1772597, 1013157, 759440, 7600015.188717525, 85, 45, 40, 321.73702767108114, 46
1, 1772629, 1013189, 759440, 7600264.430140526, 32, 32, 0, 249.24142300054422, 32
51, 1772719, 1013229, 759490, 7600590.53716935, 90, 40, 50, 326.1070288241023, 41
1, 1772833, 1013273, 759560, 7600938.295157042, 114, 44, 70, 347.75798769167545, 46
1, 1772869, 1013309, 759560, 7601195.44413132, 36, 36, 0, 257.1489742783178, 36
1, 1772905, 1013345, 759560, 7601452.593105598, 36, 36, 0, 257.1489742783178, 36
51, 1772993, 1013383, 759610, 7601776.57453696, 88, 38, 50, 323.98143136087856, 39
1, 1773028, 1013418, 759610, 7602031.804464869, 35, 35, 0, 255.22992790977875, 35
1, 1773100, 1013460, 759640, 7602339.599527894, 72, 42, 30, 307.79506302439404, 43
1, 1773172, 1013492, 759680, 7602646.394590918, 72, 32, 40, 306.79506302439404, 33
1, 1773209, 1013529, 759680, 7602905.427162374, 37, 37, 0, 259.03257145596604, 37
51, 1773310, 1013580, 759730, 7603242.742550347, 101, 51, 50, 337.31538797227006, 52
1, 1773353, 1013623, 759730, 7603512.4175105505, 43, 43, 0, 269.6749602031015, 43
1, 1773422, 1013662, 759760, 7603816.52965226, 69, 39, 30, 304.1121417102006, 40
1, 1773502, 1013702, 759800, 7604132.699408504, 80, 40, 40, 316.1697562442441, 41
51, 1773595, 1013745, 759850, 7604461.941688411, 93, 43, 50, 329.24227990714814, 44
1, 1773634, 1013784, 759850, 7604724.641628355, 39, 39, 0, 262.6999399439383, 39
1, 1773676, 1013826, 759850, 7604992.614617857, 42, 42, 0, 267.97298950218305, 42
1, 1773742, 1013862, 759880, 7605292.941606134, 66, 36, 30, 300.32698827717985, 37
1, 1773815, 1013895, 759920, 7605600.942884703, 73, 33, 40, 308.00127856917646, 34
51, 1773910, 1013940, 759970, 7605932.241448838, 95, 45, 50, 331.2985641352145, 46
1, 1773943, 1013973, 759970, 7606183.5196215315, 33, 33, 0, 251.27817269284301, 33
1, 1774011, 1014011, 760000, 7606486.381792634, 68, 38, 30, 302.86217110259, 39
51, 1774132, 1014042, 760090, 7606838.44427167, 121, 31, 90, 352.06247903554, 33
1, 1774167, 1014077, 760090, 7607093.674199579, 35, 35, 0, 255.22992790977875, 35
1, 1774240, 1014120, 760120, 7607402.675478148, 73, 43, 30, 309.00127856917646, 44
51, 1774331, 1014161, 760170, 7607729.834540087, 91, 41, 50, 327.1590619387661, 42
1, 1774447, 1014207, 760240, 7608079.416343578, 116, 46, 70, 349.5818034911291, 48
1, 1774481, 1014241, 760240, 7608332.689983855, 34, 34, 0, 253.2736402766418, 34
1, 1774520, 1014280, 760240, 7608595.389923799, 39, 39, 0, 262.6999399439383, 39
51, 1774611, 1014321, 760290, 7608922.548985737, 91, 41, 50, 327.1590619387661, 42
1, 1774682, 1014352, 760330, 7609228.127296556, 71, 31, 40, 305.57831081870995, 32
1, 1774726, 1014396, 760330, 7609499.478254246, 44, 44, 0, 271.35095769013947, 44
1, 1774841, 1014441, 760400, 7609848.150471307, 115, 45, 70, 348.6722170622053, 47
51, 1774928, 1014478, 760450, 7610171.058052305, 87, 37, 50, 322.9075809977351, 38
1, 1774977, 1014527, 760450, 7610450.433183411, 49, 49, 0, 279.3751311064591, 49
1, 1775017, 1014567, 760450, 7610714.9198693475, 40, 40, 0, 264.4866859365871, 40
1, 1775094, 1014614, 760480, 7611028.645533114, 77, 47, 30, 313.72566376652986, 48
51, 1775217, 1014647, 760570, 7611382.470104376, 123, 33, 90, 353.8245712617827, 35
1, 1775254, 1014684, 760570, 7611641.502675832, 37, 37, 0, 259.03257145596604, 37
1, 1775328, 1014728, 760600, 7611951.699884599, 74, 44, 30, 310.1972087668518, 45
51, 1775462, 1014772, 760690, 7612314.932700518, 134, 44, 90, 363.23281591860336, 46
1, 1775496, 1014806, 760690, 7612568.206340794, 34, 34, 0, 253.2736402766418, 34
1, 1775533, 1014843, 760690, 7612827.238912251, 37, 37, 0, 259.03257145596604, 37
51, 1775647, 1014877, 760770, 7613173.996899943, 114, 34, 80, 346.75798769167545, 36
1, 1775684, 1014914, 760770, 7613433.029471399, 37, 37, 0, 259.03257145596604, 37
1, 1775770, 1014960, 760810, 7613755.855636047, 86, 46, 40, 322.82616464756694, 47
1, 1775813, 1015003, 760810, 7614025.530596251, 43, 43, 0, 269.6749602031015, 43
51, 1775900, 1015040, 760860, 7614348.438177248, 87, 37, 50, 322.9075809977351, 38
1, 1775940, 1015080, 760860, 7614612.924863185, 40, 40, 0, 264.4866859365871, 40
1, 1776049, 1015119, 760930, 7614956.039494684, 109, 39, 70, 343.114631499574, 41
51, 1776137, 1015157, 760980, 7615280.020926045, 88, 38, 50, 323.98143136087856, 39
1, 1776223, 1015203, 761020, 7615602.847090693, 86, 46, 40, 322.82616464756694, 47
1, 1776264, 1015244, 761020, 7615869.091044136, 41, 41, 0, 266.24395344352433, 41
51, 1776350, 1015280, 761070, 7616190.917208784, 86, 36, 50, 321.82616464756694, 37
1, 1776455, 1015315, 761140, 7616530.225796078, 105, 35, 70, 339.30858729436795, 37
1, 1776499, 1015359, 761140, 7616801.576753768, 44, 44, 0, 271.35095769013947, 44
51, 1776575, 1015385, 761190, 7617112.135926141, 76, 26, 50, 310.5591723737189, 27
1, 1776652, 1015422, 761230, 7617424.861589908, 77, 37, 40, 312.72566376652986, 38
1, 1776725, 1015465, 761260, 7617733.862868477, 73, 43, 30, 309.00127856917646, 44
1, 1776761, 1015501, 761260, 7617991.011842755, 36, 36, 0, 257.1489742783178, 36
51, 1776893, 1015543, 761350, 7618352.567965182, 132, 42, 90, 361.55612242701943, 44
1, 1776935, 1015585, 761350, 7618620.540954684, 42, 42, 0, 267.97298950218305, 42
1, 1777054, 1015634, 761420, 7618972.824349886, 119, 49, 70, 352.28339520229764, 51
1, 1777097, 1015677, 761420, 7619242.499310089, 43, 43, 0, 269.6749602031015, 43
51, 1777177, 1015707, 761470, 7619557.669066333, 80, 30, 50, 315.1697562442441, 31
1, 1777300, 1015760, 761540, 7619913.493637595, 123, 53, 70, 355.8245712617827, 55
1, 1777335, 1015795, 761540, 7620168.723565505, 35, 35, 0, 255.22992790977875, 35
1, 1777377, 1015837, 761540, 7620436.696555007, 42, 42, 0, 267.97298950218305, 42
51, 1777469, 1015879, 761590, 7620764.900656476, 92, 42, 50, 328.20410146824725, 43
1, 1777517, 1015927, 761590, 7621042.715459066, 48, 48, 0, 277.8148025904985, 48
1, 1777592, 1015962, 761630, 7621353.098554704, 75, 35, 40, 310.38309563827124, 36
1, 1777661, 1016001, 761660, 7621657.210696414, 69, 39, 30, 304.1121417102006, 40
51, 1777747, 1016037, 761710, 7621979.036861062, 86, 36, 50, 321.82616464756694, 37
1, 1777863, 1016083, 761780, 7622328.618664553, 116, 46, 70, 349.5818034911291, 48
1, 1777894, 1016114, 761780, 7622575.77977073, 31, 31, 0, 247.1611061770567, 31
1, 1777969, 1016149, 761820, 7622886.162866368, 75, 35, 40, 310.38309563827124, 36
51, 1778060, 1016190, 761870, 7623213.3219283065, 91, 41, 50, 327.1590619387661, 42
1, 1778137, 1016237, 761900, 7623527.047592073, 77, 47, 30, 313.72566376652986, 48
1, 1778183, 1016283, 761900, 7623801.676660786, 46, 46, 0, 274.6290687140218, 46
1, 1778267, 1016327, 761940, 7624122.31667119, 84, 44, 40, 320.64001040350905, 45
1, 1778304, 1016364, 761940, 7624381.349242646, 37, 37, 0, 259.03257145596604, 37
51, 1778377, 1016387, 761990, 7624688.350521215, 73, 23, 50, 307.00127856917646, 24
1, 1778417, 1016427, 761990, 7624952.837207152, 40, 40, 0, 264.4866859365871, 40
1, 1778518, 1016458, 762060, 7625288.252595124, 101, 31, 70, 335.41538797227, 33
1, 1778559, 1016499, 762060, 7625554.496548567, 41, 41, 0, 266.24395344352433, 41
1, 1778605, 1016545, 762060, 7625829.125617281, 46, 46, 0, 274.6290687140218, 46
51, 1778770, 1016590, 762180, 7626213.828080703, 165, 45, 120, 384.7024634215721, 48
1, 1778809, 1016629, 762180, 7626476.528020646, 39, 39, 0, 262.6999399439383, 39
1, 1778850, 1016670, 762180, 7626742.77197409, 41, 41, 0, 266.24395344352433, 41
1, 1778936, 1016716, 762220, 7627065.5981387375, 86, 46, 40, 322.82616464756694, 47
1, 1778972, 1016752, 762220, 7627322.7471130155, 36, 36, 0, 257.1489742783178, 36
51, 1779091, 1016791, 762300, 7627674.030508217, 119, 39, 80, 351.28339520229764, 41
1, 1779140, 1016840, 762300, 7627953.405639323, 49, 49, 0, 279.3751311064591, 49
1, 1779211, 1016881, 762330, 7628259.983950142, 71, 41, 30, 306.57831081870995, 42
51, 1779347, 1016927, 762420, 7628624.879247176, 136, 46, 90, 364.89529703482884, 48
1, 1779412, 1016962, 762450, 7628923.92039862, 65, 35, 30, 299.04115144336777, 36
1, 1779448, 1016998, 762450, 7629181.069372898, 36, 36, 0, 257.1489742783178, 36
1, 1779525, 1017035, 762490, 7629493.795036664, 77, 37, 40, 312.72566376652986, 38
1, 1779588, 1017068, 762520, 7629790.22636139, 63, 33, 30, 296.43132472612575, 34
51, 1779676, 1017106, 762570, 7630114.2077927515, 88, 38, 50, 323.98143136087856, 39
1, 1779717, 1017147, 762570, 7630380.451746195, 41, 41, 0, 266.24395344352433, 41
1, 1779760, 1017190, 762570, 7630650.126706398, 43, 43, 0, 269.6749602031015, 43
1, 1779873, 1017233, 762640, 7630996.965750268, 113, 43, 70, 346.83904386951343, 45
51, 1779955, 1017265, 762690, 7631314.387420111, 82, 32, 50, 317.42166984345636, 33
1, 1780034, 1017314, 762720, 7631630.418170242, 79, 49, 30, 316.03075013013313, 50
1, 1780076, 1017356, 762720, 7631898.391159744, 42, 42, 0, 267.97298950218305, 42
1, 1780150, 1017390, 762760, 7632207.588368511, 74, 34, 40, 309.1972087668518, 35
1, 1780187, 1017427, 762760, 7632466.620939967, 37, 37, 0, 259.03257145596604, 37
51, 1780273, 1017463, 762810, 7632788.447104615, 86, 36, 50, 321.82616464756694, 37
1, 1780341, 1017501, 762840, 7633091.3092757175, 68, 38, 30, 302.86217110259, 39
1, 1780421, 1017541, 762880, 7633407.479031961, 80, 40, 40, 316.1697562442441, 41
1, 1780465, 1017585, 762880, 7633678.829989651, 44, 44, 0, 271.35095769013947, 44
51, 1780559, 1017629, 762930, 7634009.103715499, 94, 44, 50, 330.273725847777, 45
1, 1780596, 1017666, 762930, 7634268.136286955, 37, 37, 0, 259.03257145596604, 37
1, 1780639, 1017709, 762930, 7634537.811247159, 43, 43, 0, 269.6749602031015, 43
1, 1780755, 1017755, 763000, 7634887.39305065, 116, 46, 70, 349.5818034911291, 48
51, 1780843, 1017793, 763050, 7635211.374482011, 88, 38, 50, 323.98143136087856, 39
1, 1780883, 1017833, 763050, 7635475.861167948, 40, 40, 0, 264.4866859365871, 40
1, 1780954, 1017864, 763090, 7635781.439478766, 71, 31, 40, 305.57831081870995, 32
1, 1780999, 1017909, 763090, 7636054.441485178, 45, 45, 0, 273.00200641113514, 45
1, 1781046, 1017956, 763090, 7636330.674535047, 47, 47, 0, 276.2330498695885, 47
51, 1781206, 1017996, 763210, 7636711.630417055, 160, 40, 120, 380.95588200778457, 43
1, 1781243, 1018033, 763210, 7636970.662988512, 37, 37, 0, 259.03257145596604, 37
1, 1781286, 1018076, 763210, 7637240.337948715, 43, 43, 0, 269.6749602031015, 43
1, 1781320, 1018110, 763210, 7637493.611588992, 34, 34, 0, 253.2736402766418, 34
51, 1781446, 1018146, 763300, 7637850.048484876, 126, 36, 90, 356.43689588345075, 38
1, 1781512, 1018182, 763330, 7638150.375473153, 66, 36, 30, 300.32698827717985, 37
1, 1781550, 1018220, 763330, 7638411.257852772, 38, 38, 0, 260.88237961983884, 38
51, 1781624, 1018244, 763380, 7638719.455061539, 74, 24, 50, 308.1972087668518, 25
1, 1781702, 1018282, 763420, 7639033.3378481595, 78, 38, 40, 313.8827866200841, 39
1, 1781744, 1018324, 763420, 7639301.310837662, 42, 42, 0, 267.97298950218305, 42
1, 1781781, 1018361, 763420, 7639560.343409118, 37, 37, 0, 259.03257145596604, 37
51, 1781898, 1018398, 763500, 7639909.830225917, 117, 37, 80, 349.4868167986058, 39
1, 1781965, 1018425, 763540, 7640210.430781174, 67, 27, 40, 300.6005552576305, 28
1, 1782006, 1018466, 763540, 7640476.674734618, 41, 41, 0, 266.24395344352433, 41
1, 1782047, 1018507, 763540, 7640742.918688061, 41, 41, 0, 266.24395344352433, 41
1, 1782125, 1018545, 763580, 7641056.801474681, 78, 38, 40, 313.8827866200841, 39
51, 1782240, 1018580, 763660, 7641404.473691743, 115, 35, 80, 347.6722170622053, 37
1, 1782286, 1018626, 763660, 7641679.1027604565, 46, 46, 0, 274.6290687140218, 46
1, 1782327, 1018667, 763660, 7641945.3467139, 41, 41, 0, 266.24395344352433, 41
1, 1782396, 1018706, 763690, 7642249.458855609, 69, 39, 30, 304.1121417102006, 40
1, 1782476, 1018746, 763730, 7642565.628611853, 80, 40, 40, 316.1697562442441, 41
51, 1782591, 1018781, 763810, 7642913.300828915, 115, 35, 80, 347.6722170622053, 37
1, 1782670, 1018820, 763850, 7643228.331579045, 79, 39, 40, 315.03075013013313, 40
1, 1782708, 1018858, 763850, 7643489.213958665, 38, 38, 0, 260.88237961983884, 38
51, 1782825, 1018895, 763930, 7643838.700775463, 117, 37, 80, 349.4868167986058, 39
1, 1782865, 1018935, 763930, 7644103.1874613995, 40, 40, 0, 264.4866859365871, 40
1, 1782906, 1018976, 763930, 7644369.431414843, 41, 41, 0, 266.24395344352433, 41
1, 1782988, 1019018, 763970, 7644687.853084686, 82, 42, 40, 318.42166984345636, 43
1, 1783071, 1019071, 764000, 7645008.388032615, 83, 53, 30, 320.5349479292333, 54
51, 1783162, 1019112, 764050, 7645335.547094554, 91, 41, 50, 327.1590619387661, 42
1, 1783196, 1019146, 764050, 7645588.820734831, 34, 34, 0, 253.2736402766418, 34
1, 1783231, 1019181, 764050, 7645844.05066274, 35, 35, 0, 255.22992790977875, 35
1, 1783340, 1019220, 764120, 7646187.165294239, 109, 39, 70, 343.114631499574, 41
51, 1783433, 1019263, 764170, 7646516.407574146, 93, 43, 50, 329.24227990714814, 44
1, 1783459, 1019289, 764170, 7646752.417660581, 26, 26, 0, 236.01008643532256, 26
1, 1783501, 1019331, 764170, 7647020.390650083, 42, 42, 0, 267.97298950218305, 42
51, 1783634, 1019374, 764260, 7647382.786919124, 133, 43, 90, 362.3962690412072, 45
1, 1783703, 1019413, 764290, 7647686.899060834, 69, 39, 30, 304.1121417102006, 40
1, 1783747, 1019457, 764290, 7647958.250018524, 44, 44, 0, 271.35095769013947, 44
1, 1783826, 1019496, 764330, 7648273.280768654, 79, 39, 40, 315.03075013013313, 40
51, 1783922, 1019542, 764380, 7648605.597684669, 96, 46, 50, 332.31691601465747, 47
1, 1783969, 1019589, 764380, 7648881.830734539, 47, 47, 0, 276.2330498695885, 47
1, 1784038, 1019628, 764410, 7649185.942876249, 69, 39, 30, 304.1121417102006, 40
51, 1784135, 1019675, 764460, 7649519.27177552, 97, 47, 50, 333.3288992714996, 48
1, 1784216, 1019716, 764500, 7649836.57177552, 81, 41, 40, 317.3, 42
1, 1784282, 1019752, 764530, 7650136.898763797, 66, 36, 30, 300.32698827717985, 37
1, 1784327, 1019797, 764530, 7650409.900770209, 45, 45, 0, 273.00200641113514, 45
1, 1784394, 1019834, 764560, 7650711.501325467, 67, 37, 30, 301.6005552576305, 38
51, 1784485, 1019875, 764610, 7651038.660387405, 91, 41, 50, 327.1590619387661, 42
1, 1784524, 1019914, 764610, 7651301.360327349, 39, 39, 0, 262.6999399439383, 39
1, 1784637, 1019957, 764680, 7651648.199371219, 113, 43, 70, 346.83904386951343, 45
1, 1784683, 1020003, 764680, 7651922.828439932, 46, 46, 0, 274.6290687140218, 46
1, 1784721, 1020041, 764680, 7652183.710819552, 38, 38, 0, 260.88237961983884, 38
51, 1784811, 1020081, 764730, 7652509.817848376, 90, 40, 50, 326.1070288241023, 41
1, 1784913, 1020113, 764800, 7652846.215031157, 102, 32, 70, 336.39718278112656, 34
1, 1784955, 1020155, 764800, 7653114.18802066, 42, 42, 0, 267.97298950218305, 42
51, 1785075, 1020195, 764880, 7653466.363112625, 120, 40, 80, 352.1750919646873, 42
1, 1785119, 1020239, 764880, 7653737.714070315, 44, 44, 0, 271.35095769013947, 44
1, 1785164, 1020284, 764880, 7654010.716076726, 45, 45, 0, 273.00200641113514, 45
1, 1785237, 1020317, 764920, 7654318.717355295, 73, 33, 40, 308.00127856917646, 34
1, 1785267, 1020347, 764920, 7654563.752087227, 30, 30, 0, 245.0347319320716, 30
51, 1785358, 1020388, 764970, 7654890.911149166, 91, 41, 50, 327.1590619387661, 42
1, 1785428, 1020428, 765000, 7655196.261910018, 70, 40, 30, 305.3507608519078, 41
1, 1785466, 1020466, 765000, 7655457.144289637, 38, 38, 0, 260.88237961983884, 38
1, 1785554, 1020514, 765040, 7655782.125720998, 88, 48, 40, 324.98143136087856, 49
51, 1785645, 1020555, 765090, 7656109.284782937, 91, 41, 50, 327.1590619387661, 42
1, 1785707, 1020587, 765120, 7656404.391409267, 62, 32, 30, 295.1066263296683, 33
1, 1785741, 1020621, 765120, 7656657.665049544, 34, 34, 0, 253.2736402766418, 34
1, 1785786, 1020666, 765120, 7656930.667055955, 45, 45, 0, 273.00200641113514, 45
1, 1785895, 1020705, 765190, 7657273.781687454, 109, 39, 70, 343.114631499574, 41
51, 1785990, 1020750, 765240, 7657605.080251589, 95, 45, 50, 331.2985641352145, 46
1, 1786041, 1020801, 765240, 7657887.514763367, 51, 51, 0, 282.43451177837886, 51
1, 1786077, 1020837, 765240, 7658144.663737645, 36, 36, 0, 257.1489742783178, 36
51, 1786166, 1020876, 765290, 7658469.711603209, 89, 39, 50, 325.0478655640733, 40
1, 1786207, 1020917, 765290, 7658735.9555566525, 41, 41, 0, 266.24395344352433, 41
1, 1786308, 1020948, 765360, 7659071.370944625, 101, 31, 70, 335.41538797227, 33
51, 1786392, 1020982, 765410, 7659391.010955028, 84, 34, 50, 319.64001040350905, 35
1, 1786427, 1021017, 765410, 7659646.240882938, 35, 35, 0, 255.22992790977875, 35
1, 1786458, 1021048, 765410, 7659893.4019891145, 31, 31, 0, 247.1611061770567, 31
1, 1786544, 1021094, 765450, 7660216.228153762, 86, 46, 40, 322.82616464756694, 47
51, 1786654, 1021124, 765530, 7660559.281337809, 110, 30, 80, 343.0531840464366, 32
1, 1786684, 1021154, 765530, 7660804.316069741, 30, 30, 0, 245.0347319320716, 30
1, 1786721, 1021191, 765530, 7661063.348641197, 37, 37, 0, 259.03257145596604, 37
1, 1786793, 1021233, 765560, 7661371.143704222, 72, 42, 30, 307.79506302439404, 43
1, 1786843, 1021283, 765560, 7661652.058499069, 50, 50, 0, 280.9147948472494, 50
51, 1786997, 1021317, 765680, 7662028.432166067, 154, 34, 120, 376.37366699756114, 37
1, 1787036, 1021356, 765680, 7662291.132106011, 39, 39, 0, 262.6999399439383, 39
1, 1787068, 1021388, 765680, 7662540.373529011, 32, 32, 0, 249.24142300054422, 32
1, 1787101, 1021421, 765680, 7662791.651701705, 33, 33, 0, 251.27817269284301, 33
51, 1787262, 1021462, 765800, 7663173.361998306, 161, 41, 120, 381.7102966008917, 44
1, 1787305, 1021505, 765800, 7663443.036958509, 43, 43, 0, 269.6749602031015, 43
1, 1787371, 1021541, 765830, 7663743.363946786, 66, 36, 30, 300.32698827717985, 37
1, 1787450, 1021580, 765870, 7664058.394696916, 79, 39, 40, 315.03075013013313, 40
1, 1787490, 1021620, 765870, 7664322.881382853, 40, 40, 0, 264.4866859365871, 40
51, 1787648, 1021658, 765990, 7664702.320592108, 158, 38, 120, 379.43920925585275, 41
1, 1787698, 1021708, 765990, 7664983.235386956, 50, 50, 0, 280.9147948472494, 50
1, 1787771, 1021751, 766020, 7665292.236665525, 73, 43, 30, 309.00127856917646, 44
1, 1787805, 1021785, 766020, 7665545.510305801, 34, 34, 0, 253.2736402766418, 34
51, 1787891, 1021821, 766070, 7665867.336470449, 86, 36, 50, 321.82616464756694, 37
1, 1787937, 1021867, 766070, 7666141.965539163, 46, 46, 0, 274.6290687140218, 46
1, 1788014, 1021904, 766110, 7666454.691202929, 77, 37, 40, 312.72566376652986, 38
1, 1788075, 1021935, 766140, 7666748.459442196, 61, 31, 30, 293.7682392671241, 32
1, 1788119, 1021979, 766140, 7667019.810399886, 44, 44, 0, 271.35095769013947, 44
51, 1788200, 1022010, 766190, 7667336.110399886, 81, 31, 50, 316.3, 32
1, 1788272, 1022042, 766230, 7667642.90546291, 72, 32, 40, 306.79506302439404, 33
1, 1788342, 1022082, 766260, 7667948.256223762, 70, 40, 30, 305.3507608519078, 41
1, 1788383, 1022123, 766260, 7668214.500177206, 41, 41, 0, 266.24395344352433, 41
51, 1788477, 1022167, 766310, 7668544.773903053, 94, 44, 50, 330.273725847777, 45
1, 1788507, 1022197, 766310, 7668789.808634985, 30, 30, 0, 245.0347319320716, 30
1, 1788588, 1022248, 766340, 7669108.108634985, 81, 51, 30, 318.3, 52
1, 1788677, 1022297, 766380, 7669434.156500549, 89, 49, 40, 326.0478655640733, 50
51, 1788794, 1022334, 766460, 7669783.643317347, 117, 37, 80, 349.4868167986058, 39
1, 1788828, 1022368, 766460, 7670036.916957624, 34, 34, 0, 253.2736402766418, 34
1, 1788898, 1022408, 766490, 7670342.267718476, 70, 40, 30, 305.3507608519078, 41
51, 1789026, 1022446, 766580, 7670700.426284578, 128, 38, 90, 358.1585661014858, 40
1, 1789065, 1022485, 766580, 7670963.126224522, 39, 39, 0, 262.6999399439383, 39
1, 1789140, 1022520, 766620, 7671273.509320159, 75, 35, 40, 310.38309563827124, 36
51, 1789270, 1022570, 766700, 7671634.374157698, 130, 50, 80, 360.86483753851803, 52
1, 1789306, 1022606, 766700, 7671891.523131976, 36, 36, 0, 257.1489742783178, 36
1, 1789380, 1022650, 766730, 7672201.720340743, 74, 44, 30, 310.1972087668518, 45
1, 1789464, 1022694, 766770, 7672522.360351146, 84, 44, 40, 320.64001040350905, 45
51, 1789557, 1022737, 766820, 7672851.602631053, 93, 43, 50, 329.24227990714814, 44
1, 1789595, 1022775, 766820, 7673112.485010672, 38, 38, 0, 260.88237961983884, 38
1, 1789674, 1022814, 766860, 7673427.515760803, 79, 39, 40, 315.03075013013313, 40
1, 1789741, 1022851, 766890, 7673729.116316061, 67, 37, 30, 301.6005552576305, 38
51, 1789875, 1022895, 766980, 7674092.349131979, 134, 44, 90, 363.23281591860336, 46
1, 1789917, 1022937, 766980, 7674360.322121481, 42, 42, 0, 267.97298950218305, 42
1, 1789982, 1022972, 767010, 7674659.363272925, 65, 35, 30, 299.04115144336777, 36
1, 1790066, 1023016, 767050, 7674980.003283328, 84, 44, 40, 320.64001040350905, 45
51, 1790183, 1023053, 767130, 7675329.490100127, 117, 37, 80, 349.4868167986058, 39
1, 1790229, 1023099, 767130, 7675604.11916884, 46, 46, 0, 274.6290687140218, 46
1, 1790264, 1023134, 767130, 7675859.34909675, 35, 35, 0, 255.22992790977875, 35
1, 1790308, 1023178, 767130, 7676130.70005444, 44, 44, 0, 271.35095769013947, 44
51, 1790420, 1023210, 767210, 7676475.615366779, 112, 32, 80, 344.91531233955715, 34
1, 1790502, 1023252, 767250, 7676794.037036623, 82, 42, 40, 318.42166984345636, 43
1, 1790544, 1023294, 767250, 7677062.010026125, 42, 42, 0, 267.97298950218305, 42
1, 1790579, 1023329, 767250, 7677317.239954035, 35, 35, 0, 255.22992790977875, 35
51, 1790671, 1023371, 767300, 7677645.444055503, 92, 42, 50, 328.20410146824725, 43
1, 1790739, 1023409, 767330, 7677948.306226606, 68, 38, 30, 302.86217110259, 39
1, 1790780, 1023450, 767330, 7678214.550180049, 41, 41, 0, 266.24395344352433, 41
1, 1790859, 1023489, 767370, 7678529.580930179, 79, 39, 40, 315.03075013013313, 40
1, 1790936, 1023536, 767400, 7678843.306593945, 77, 47, 30, 313.72566376652986, 48
51, 1791030, 1023580, 767450, 7679173.580319793, 94, 44, 50, 330.273725847777, 45
1, 1791106, 1023626, 767480, 7679486.139492166, 76, 46, 30, 312.5591723737189, 47
1, 1791147, 1023667, 767480, 7679752.383445609, 41, 41, 0, 266.24395344352433, 41
1, 1791219, 1023699, 767520, 7680059.178508634, 72, 32, 40, 306.79506302439404, 33
51, 1791314, 1023744, 767570, 7680390.477072769, 95, 45, 50, 331.2985641352145, 46
1, 1791350, 1023780, 767570, 7680647.626047047, 36, 36, 0, 257.1489742783178, 36
1, 1791473, 1023833, 767640, 7681003.450618309, 123, 53, 70, 355.8245712617827, 55
1, 1791513, 1023873, 767640, 7681267.937304245, 40, 40, 0, 264.4866859365871, 40
51, 1791672, 1023912, 767760, 7681648.136166718, 159, 39, 120, 380.1988624723894, 42
1, 1791711, 1023951, 767760, 7681910.836106662, 39, 39, 0, 262.6999399439383, 39
1, 1791786, 1023986, 767800, 7682221.2192023, 75, 35, 40, 310.38309563827124, 36
1, 1791830, 1024030, 767800, 7682492.570159989, 44, 44, 0, 271.35095769013947, 44
51, 1791927, 1024077, 767850, 7682825.899059261, 97, 47, 50, 333.3288992714996, 48
1, 1792009, 1024119, 767890, 7683144.320729105, 82, 42, 40, 318.42166984345636, 43
1, 1792084, 1024164, 767920, 7683455.703824743, 75, 45, 30, 311.38309563827124, 46
1, 1792168, 1024208, 767960, 7683776.343835146, 84, 44, 40, 320.64001040350905, 45
51, 1792256, 1024246, 768010, 7684100.325266507, 88, 38, 50, 323.98143136087856, 39
1, 1792322, 1024282, 768040, 7684400.6522547845, 66, 36, 30, 300.32698827717985, 37
1, 1792358, 1024318, 768040, 7684657.8012290625, 36, 36, 0, 257.1489742783178, 36
1, 1792469, 1024359, 768110, 7685002.787947103, 111, 41, 70, 344.9867180408456, 43
1, 1792511, 1024401, 768110, 7685270.760936606, 42, 42, 0, 267.97298950218305, 42
51, 1792599, 1024439, 768160, 7685594.742367967, 88, 38, 50, 323.98143136087856, 39
1, 1792674, 1024474, 768200, 7685905.125463605, 75, 35, 40, 310.38309563827124, 36
1, 1792712, 1024512, 768200, 7686166.007843224, 38, 38, 0, 260.88237961983884, 38
1, 1792833, 1024563, 768270, 7686520.07032226, 121, 51, 70, 354.06247903554, 53
1, 1792878, 1024608, 768270, 7686793.072328672, 45, 45, 0, 273.00200641113514, 45
51, 1792972, 1024652, 768320, 7687123.3460545195, 94, 44, 50, 330.273725847777, 45
1, 1793016, 1024696, 768320, 7687394.697012209, 44, 44, 0, 271.35095769013947, 44
1, 1793085, 1024735, 768350, 7687698.809153919, 69, 39, 30, 304.1121417102006, 40
1, 1793156, 1024766, 768390, 7688004.3874647375, 71, 31, 40, 305.57831081870995, 32
51, 1793257, 1024817, 768440, 7688341.70285271, 101, 51, 50, 337.31538797227006, 52
1, 1793329, 1024859, 768470, 7688649.497915735, 72, 42, 30, 307.79506302439404, 43
1, 1793373, 1024903, 768470, 7688920.848873424, 44, 44, 0, 271.35095769013947, 44
1, 1793453, 1024943, 768510, 7689237.018629668, 80, 40, 40, 316.1697562442441, 41
51, 1793551, 1024991, 768560, 7689571.353258033, 98, 48, 50, 334.33462836457886, 49
1, 1793594, 1025034, 768560, 7689841.028218237, 43, 43, 0, 269.6749602031015, 43
1, 1793668, 1025068, 768600, 7690150.225427004, 74, 34, 40, 309.1972087668518, 35
1, 1793734, 1025104, 768630, 7690450.552415281, 66, 36, 30, 300.32698827717985, 37
51, 1793817, 1025137, 768680, 7690769.08736321, 83, 33, 50, 318.5349479292333, 34
1, 1793899, 1025179, 768720, 7691087.509033053, 82, 42, 40, 318.42166984345636, 43
1, 1793940, 1025220, 768720, 7691353.752986496, 41, 41, 0, 266.24395344352433, 41
1, 1794011, 1025261, 768750, 7691660.331297315, 71, 41, 30, 306.57831081870995, 42
51, 1794099, 1025299, 768800, 7691984.312728676, 88, 38, 50, 323.98143136087856, 39
1, 1794172, 1025332, 768840, 7692292.314007245, 73, 33, 40, 308.00127856917646, 34
1, 1794219, 1025379, 768840, 7692568.547057115, 47, 47, 0, 276.2330498695885, 47
1, 1794250, 1025410, 768840, 7692815.708163291, 31, 31, 0, 247.1611061770567, 31
51, 1794381, 1025451, 768930, 7693176.420491506, 131, 41, 90, 360.7123282155055, 43
1, 1794454, 1025494, 768960, 7693485.421770075, 73, 43, 30, 309.00127856917646, 44
1, 1794528, 1025528, 769000, 7693794.618978842, 74, 34, 40, 309.1972087668518, 35
1, 1794568, 1025568, 769000, 7694059.1056647785, 40, 40, 0, 264.4866859365871, 40
1, 1794609, 1025609, 769000, 7694325.349618222, 41, 41, 0, 266.24395344352433, 41
51, 1794739, 1025649, 769090, 7694685.21445576, 130, 40, 90, 359.86483753851803, 42
1, 1794785, 1025695, 769090, 7694959.843524474, 46, 46, 0, 274.6290687140218, 46
1, 1794848, 1025728, 769120, 7695256.2748492, 63, 33, 30, 296.43132472612575, 34
1, 1794877, 1025757, 769120, 7695499.134427911, 29, 29, 0, 242.8595787106084, 29
51, 1794974, 1025804, 769170, 7695832.463327182, 97, 47, 50, 333.3288992714996, 48
1, 1795053, 1025843, 769210, 7696147.494077313, 79, 39, 40, 315.03075013013313, 40
1, 1795113, 1025873, 769240, 7696439.909845684, 60, 30, 30, 292.41576837137404, 31
51, 1795204, 1025914, 769290, 7696767.068907622, 91, 41, 50, 327.1590619387661, 42
1, 1795236, 1025946, 769290, 7697016.310330623, 32, 32, 0, 249.24142300054422, 32
1, 1795312, 1025982, 769330, 7697327.869502996, 76, 36, 40, 311.5591723737189, 37
1, 1795384, 1026024, 769360, 7697635.6645660205, 72, 42, 30, 307.79506302439404, 43
51, 1795476, 1026066, 769410, 7697963.868667489, 92, 42, 50, 328.20410146824725, 43
1, 1795507, 1026097, 769410, 7698211.029773666, 31, 31, 0, 247.1611061770567, 31
1, 1795596, 1026146, 769450, 7698537.07763923, 89, 49, 40, 326.0478655640733, 50
1, 1795640, 1026190, 769450, 7698808.428596919, 44, 44, 0, 271.35095769013947, 44
51, 1795753, 1026223, 769530, 7699154.267640789, 113, 33, 80, 345.83904386951343, 35
1, 1795785, 1026255, 769530, 7699403.50906379, 32, 32, 0, 249.24142300054422, 32
1, 1795831, 1026301, 769530, 7699678.138132503, 46, 46, 0, 274.6290687140218, 46
1, 1795907, 1026347, 769560, 7699990.6973048765, 76, 46, 30, 312.5591723737189, 47
51, 1796036, 1026386, 769650, 7700349.7109053675, 129, 39, 90, 359.01360049114555, 41
1, 1796105, 1026425, 769680, 7700653.823047077, 69, 39, 30, 304.1121417102006, 40
1, 1796185, 1026465, 769720, 7700969.992803321, 80, 40, 40, 316.1697562442441, 41
1, 1796219, 1026499, 769720, 7701223.266443598, 34, 34, 0, 253.2736402766418, 34
51, 1796310, 1026540, 769770, 7701550.425505537, 91, 41, 50, 327.1590619387661, 42
1, 1796349, 1026579, 769770, 7701813.12544548, 39, 39, 0, 262.6999399439383, 39
1, 1796431, 1026621, 769810, 7702131.547115324, 82, 42, 40, 318.42166984345636, 43
1, 1796500, 1026660, 769840, 7702435.659257034, 69, 39, 30, 304.1121417102006, 40
51, 1796595, 1026705, 769890, 7702766.957821169, 95, 45, 50, 331.2985641352145, 46
1, 1796639, 1026749, 769890, 7703038.308778859, 44, 44, 0, 271.35095769013947, 44
1, 1796720, 1026790, 769930, 7703355.608778859, 81, 41, 40, 317.3, 42
1, 1796752, 1026822, 769930, 7703604.850201859, 32, 32, 0, 249.24142300054422, 32
51, 1796847, 1026867, 769980, 7703936.148765994, 95, 45, 50, 331.2985641352145, 46
1, 1796911, 1026901, 770010, 7704233.891478469, 64, 34, 30, 297.742712474619, 35
1, 1796949, 1026939, 770010, 7704494.773858088, 38, 38, 0, 260.88237961983884, 38
1, 1797021, 1026971, 770050, 7704801.568921112, 72, 32, 40, 306.79506302439404, 33
51, 1797114, 1027014, 770100, 7705130.811201019, 93, 43, 50, 329.24227990714814, 44
1, 1797152, 1027052, 770100, 7705391.693580639, 38, 38, 0, 260.88237961983884, 38
1, 1797236, 1027096, 770140, 7705712.333591042, 84, 44, 40, 320.64001040350905, 45
1, 1797298, 1027128, 770170, 7706007.440217372, 62, 32, 30, 295.1066263296683, 33
51, 1797385, 1027165, 770220, 7706330.34779837, 87, 37, 50, 322.9075809977351, 38
1, 1797466, 1027206, 770260, 7706647.64779837, 81, 41, 40, 317.3, 42
1, 1797542, 1027252, 770290, 7706960.206970743, 76, 46, 30, 312.5591723737189, 47
1, 1797584, 1027294, 770290, 7707228.179960245, 42, 42, 0, 267.97298950218305, 42
51, 1797677, 1027337, 770340, 7707557.422240152, 93, 43, 50, 329.24227990714814, 44
1, 1797756, 1027376, 770380, 7707872.452990282, 79, 39, 40, 315.03075013013313, 40
1, 1797797, 1027417, 770380, 7708138.696943725, 41, 41, 0, 266.24395344352433, 41
1, 1797837, 1027457, 770380, 7708403.183629662, 40, 40, 0, 264.4866859365871, 40
1, 1797899, 1027489, 770410, 7708698.290255992, 62, 32, 30, 295.1066263296683, 33
51, 1798028, 1027528, 770500, 7709057.303856483, 129, 39, 90, 359.01360049114555, 41
1, 1798061, 1027561, 770500, 7709308.582029176, 33, 33, 0, 251.27817269284301, 33
1, 1798138, 1027608, 770530, 7709622.307692942, 77, 47, 30, 313.72566376652986, 48
1, 1798222, 1027652, 770570, 7709942.947703346, 84, 44, 40, 320.64001040350905, 45
1, 1798261, 1027691, 770570, 7710205.6476432895, 39, 39, 0, 262.6999399439383, 39
51, 1798380, 1027730, 770650, 7710556.931038491, 119, 39, 80, 351.28339520229764, 41
1, 1798423, 1027773, 770650, 7710826.605998695, 43, 43, 0, 269.6749602031015, 43
1, 1798501, 1027811, 770690, 7711140.488785315, 78, 38, 40, 313.8827866200841, 39
51, 1798592, 1027852, 770740, 7711467.647847254, 91, 41, 50, 327.1590619387661, 42
1, 1798676, 1027896, 770780, 7711788.287857657, 84, 44, 40, 320.64001040350905, 45
1, 1798744, 1027934, 770810, 7712091.15002876, 68, 38, 30, 302.86217110259, 39
1, 1798790, 1027980, 770810, 7712365.779097473, 46, 46, 0, 274.6290687140218, 46
1, 1798833, 1028023, 770810, 7712635.454057677, 43, 43, 0, 269.6749602031015, 43
51, 1798992, 1028062, 770930, 7713015.652920149, 159, 39, 120, 380.1988624723894, 42
1, 1799037, 1028107, 770930, 7713288.654926561, 45, 45, 0, 273.00200641113514, 45
1, 1799085, 1028155, 770930, 7713566.469729152, 48, 48, 0, 277.8148025904985, 48
1, 1799203, 1028203, 771000, 7713917.85705432, 118, 48, 70, 351.3873251689181, 50
1, 1799250, 1028250, 771000, 7714194.09010419, 47, 47, 0, 276.2330498695885, 47
51, 1799346, 1028296, 771050, 7714526.407020205, 96, 46, 50, 332.31691601465747, 47
1, 1799384, 1028334, 771050, 7714787.289399824, 38, 38, 0, 260.88237961983884, 38
1, 1799421, 1028371, 771050, 7715046.3219712805, 37, 37, 0, 259.03257145596604, 37
1, 1799458, 1028408, 771050, 7715305.354542737, 37, 37, 0, 259.03257145596604, 37
51, 1799626, 1028456, 771170, 7715692.275117105, 168, 48, 120, 386.9205743678508, 51
1, 1799673, 1028503, 771170, 7715968.508166974, 47, 47, 0, 276.2330498695885, 47
1, 1799748, 1028538, 771210, 7716278.891262612, 75, 35, 40, 310.38309563827124, 36
1, 1799787, 1028577, 771210, 7716541.591202556, 39, 39, 0, 262.6999399439383, 39
51, 1799905, 1028615, 771290, 7716891.978527725, 118, 38, 80, 350.3873251689181, 40
1, 1799985, 1028655, 771330, 7717208.148283969, 80, 40, 40, 316.1697562442441, 41
1, 1800025, 1028695, 771330, 7717472.634969905, 40, 40, 0, 264.4866859365871, 40
1, 1800064, 1028734, 771330, 7717735.334909849, 39, 39, 0, 262.6999399439383, 39
51, 1800221, 1028771, 771450, 7718114.011802967, 157, 37, 120, 378.67689311792185, 40
1, 1800255, 1028805, 771450, 7718367.285443244, 34, 34, 0, 253.2736402766418, 34
1, 1800288, 1028838, 771450, 7718618.563615937, 33, 33, 0, 251.27817269284301, 33
1, 1800330, 1028880, 771450, 7718886.536605439, 42, 42, 0, 267.97298950218305, 42
51, 1800426, 1028926, 771500, 7719218.853521454, 96, 46, 50, 332.31691601465747, 47
1, 1800531, 1028961, 771570, 7719558.162108748, 105, 35, 70, 339.30858729436795, 37
1, 1800578, 1029008, 771570, 7719834.395158618, 47, 47, 0, 276.2330498695885, 47
1, 1800628, 1029058, 771570, 7720115.309953465, 50, 50, 0, 280.9147948472494, 50
51, 1800756, 1029096, 771660, 7720473.468519567, 128, 38, 90, 358.1585661014858, 40
1, 1800825, 1029135, 771690, 7720777.580661276, 69, 39, 30, 304.1121417102006, 40
1, 1800866, 1029176, 771690, 7721043.8246147195, 41, 41, 0, 266.24395344352433, 41
1, 1800970, 1029210, 771760, 7721382.168301477, 104, 34, 70, 338.343686757474, 36
51, 1801058, 1029248, 771810, 7721706.149732838, 88, 38, 50, 323.98143136087856, 39
1, 1801093, 1029283, 771810, 7721961.379660748, 35, 35, 0, 255.22992790977875, 35
1, 1801137, 1029327, 771810, 7722232.730618438, 44, 44, 0, 271.35095769013947, 44
1, 1801218, 1029368, 771850, 7722550.030618438, 81, 41, 40, 317.3, 42
1, 1801288, 1029408, 771880, 7722855.38137929, 70, 40, 30, 305.3507608519078, 41
51, 1801376, 1029446, 771930, 7723179.362810651, 88, 38, 50, 323.98143136087856, 39
1, 1801423, 1029493, 771930, 7723455.59586052, 47, 47, 0, 276.2330498695885, 47
1, 1801534, 1029534, 772000, 7723800.582578561, 111, 41, 70, 344.9867180408456, 43
51, 1801631, 1029581, 772050, 7724133.911477833, 97, 47, 50, 333.3288992714996, 48
1, 1801713, 1029623, 772090, 7724452.333147677, 82, 42, 40, 318.42166984345636, 43
1, 1801749, 1029659, 772090, 7724709.482121955, 36, 36, 0, 257.1489742783178, 36
1, 1801818, 1029698, 772120, 7725013.594263664, 69, 39, 30, 304.1121417102006, 40
51, 1801911, 1029741, 772170, 7725342.836543571, 93, 43, 50, 329.24227990714814, 44
1, 1801978, 1029778, 772200, 7725644.437098829, 67, 37, 30, 301.6005552576305, 38
1, 1802049, 1029809, 772240, 7725950.0154096475, 71, 31, 40, 305.57831081870995, 32
1, 1802086, 1029846, 772240, 7726209.047981104, 37, 37, 0, 259.03257145596604, 37
1, 1802156, 1029886, 772270, 7726514.398741956, 70, 40, 30, 305.3507608519078, 41
51, 1802240, 1029920, 772320, 7726834.038752359, 84, 34, 50, 319.64001040350905, 35
1, 1802309, 1029959, 772350, 7727138.150894069, 69, 39, 30, 304.1121417102006, 40
1, 1802379, 1029989, 772390, 7727442.501654921, 70, 30, 40, 304.3507608519078, 31
51, 1802472, 1030032, 772440, 7727771.743934828, 93, 43, 50, 329.24227990714814, 44
1, 1802508, 1030068, 772440, 7728028.892909106, 36, 36, 0, 257.1489742783178, 36
1, 1802589, 1030109, 772480, 7728346.192909106, 81, 41, 40, 317.3, 42
1, 1802627, 1030147, 772480, 7728607.075288725, 38, 38, 0, 260.88237961983884, 38
1, 1802700, 1030190, 772510, 7728916.076567294, 73, 43, 30, 309.00127856917646, 44
51, 1802784, 1030224, 772560, 7729235.716577698, 84, 34, 50, 319.64001040350905, 35
1, 1802825, 1030265, 772560, 7729501.960531141, 41, 41, 0, 266.24395344352433, 41
1, 1802896, 1030306, 772590, 7729808.538841959, 71, 41, 30, 306.57831081870995, 42
51, 1803027, 1030347, 772680, 7730169.251170174, 131, 41, 90, 360.7123282155055, 43
1, 1803065, 1030385, 772680, 7730430.133549794, 38, 38, 0, 260.88237961983884, 38
1, 1803099, 1030419, 772680, 7730683.4071900705, 34, 34, 0, 253.2736402766418, 34
51, 1803195, 1030465, 772730, 7731015.7241060855, 96, 46, 50, 332.31691601465747, 47
1, 1803257, 1030497, 772760, 7731310.830732415, 62, 32, 30, 295.1066263296683, 33
1, 1803290, 1030530, 772760, 7731562.108905109, 33, 33, 0, 251.27817269284301, 33
1, 1803364, 1030564, 772800, 7731871.3061138755, 74, 34, 40, 309.1972087668518, 35
51, 1803450, 1030600, 772850, 7732193.132278523, 86, 36, 50, 321.82616464756694, 37
1, 1803489, 1030639, 772850, 7732455.832218467, 39, 39, 0, 262.6999399439383, 39
1, 1803536, 1030686, 772850, 7732732.065268337, 47, 47, 0, 276.2330498695885, 47
1, 1803616, 1030736, 772880, 7733049.235024581, 80, 50, 30, 317.1697562442441, 51
51, 1803745, 1030775, 772970, 7733408.248625072, 129, 39, 90, 359.01360049114555, 41
1, 1803784, 1030814, 772970, 7733670.948565016, 39, 39, 0, 262.6999399439383, 39
1, 1803813, 1030843, 772970, 7733913.808143727, 29, 29, 0, 242.8595787106084, 29
1, 1803856, 1030886, 772970, 7734183.48310393, 43, 43, 0, 269.6749602031015, 43
51, 1803977, 1030927, 773050, 7734536.545582966, 121, 41, 80, 353.06247903554, 43
1, 1804014, 1030964, 773050, 7734795.578154422, 37, 37, 0, 259.03257145596604, 37
1, 1804095, 1031005, 773090, 7735112.878154422, 81, 41, 40, 317.3, 42
1, 1804138, 1031048, 773090, 7735382.553114626, 43, 43, 0, 269.6749602031015, 43
51, 1804225, 1031085, 773140, 7735705.460695623, 87, 37, 50, 322.9075809977351, 38
1, 1804302, 1031122, 773180, 7736018.18635939, 77, 37, 40, 312.72566376652986, 38
1, 1804372, 1031162, 773210, 7736323.537120242, 70, 40, 30, 305.3507608519078, 41
1, 1804418, 1031208, 773210, 7736598.166188955, 46, 46, 0, 274.6290687140218, 46
51, 1804516, 1031256, 773260, 7736932.50081732, 98, 48, 50, 334.33462836457886, 49
1, 1804597, 1031297, 773300, 7737249.80081732, 81, 41, 40, 317.3, 42
1, 1804671, 1031341, 773330, 7737559.998026087, 74, 44, 30, 310.1972087668518, 45
1, 1804712, 1031382, 773330, 7737826.24197953, 41, 41, 0, 266.24395344352433, 41
51, 1804798, 1031418, 773380, 7738148.068144178, 86, 36, 50, 321.82616464756694, 37
1, 1804840, 1031460, 773380, 7738416.04113368, 42, 42, 0, 267.97298950218305, 42
1, 1804908, 1031498, 773410, 7738718.903304783, 68, 38, 30, 302.86217110259, 39
1, 1804983, 1031533, 773450, 7739029.286400421, 75, 35, 40, 310.38309563827124, 36
1, 1805038, 1031588, 773450, 7739317.613381954, 55, 55, 0, 288.32698153315005, 55
51, 1805126, 1031626, 773500, 7739641.594813315, 88, 38, 50, 323.98143136087856, 39
1, 1805168, 1031668, 773500, 7739909.567802818, 42, 42, 0, 267.97298950218305, 42
1, 1805219, 1031719, 773500, 7740192.0023145955, 51, 51, 0, 282.43451177837886, 51
1, 1805328, 1031758, 773570, 7740535.116946095, 109, 39, 70, 343.114631499574, 41
1, 1805368, 1031798, 773570, 7740799.603632031, 40, 40, 0, 264.4866859365871, 40
51, 1805451, 1031831, 773620, 7741118.13857996, 83, 33, 50, 318.5349479292333, 34
1, 1805485, 1031865, 773620, 7741371.412220237, 34, 34, 0, 253.2736402766418, 34
1, 1805566, 1031906, 773660, 7741688.712220237, 81, 41, 40, 317.3, 42
51, 1805687, 1031947, 773740, 7742041.774699273, 121, 41, 80, 353.06247903554, 43
1, 1805722, 1031982, 773740, 7742297.004627182, 35, 35, 0, 255.22992790977875, 35
1, 1805767, 1032027, 773740, 7742570.006633594, 45, 45, 0, 273.00200641113514, 45
1, 1805806, 1032066, 773740, 7742832.706573538, 39, 39, 0, 262.6999399439383, 39
51, 1805926, 1032106, 773820, 7743184.881665503, 120, 40, 80, 352.1750919646873, 42
1, 1806008, 1032148, 773860, 7743503.303335346, 82, 42, 40, 318.42166984345636, 43
1, 1806051, 1032191, 773860, 7743772.97829555, 43, 43, 0, 269.6749602031015, 43
1, 1806073, 1032213, 773860, 7743998.951972617, 22, 22, 0, 225.97367706679938, 22
51, 1806186, 1032246, 773940, 7744344.7910164865, 113, 33, 80, 345.83904386951343, 35
1, 1806265, 1032285, 773980, 7744659.821766617, 79, 39, 40, 315.03075013013313, 40
1, 1806307, 1032327, 773980, 7744927.794756119, 42, 42, 0, 267.97298950218305, 42
1, 1806345, 1032365, 773980, 7745188.677135739, 38, 38, 0, 260.88237961983884, 38
51, 1806434, 1032404, 774030, 7745513.725001303, 89, 39, 50, 325.0478655640733, 40
1, 1806510, 1032440, 774070, 7745825.284173676, 76, 36, 40, 311.5591723737189, 37
1, 1806578, 1032478, 774100, 7746128.146344778, 68, 38, 30, 302.86217110259, 39
51, 1806712, 1032522, 774190, 7746491.379160697, 134, 44, 90, 363.23281591860336, 46
1, 1806756, 1032566, 774190, 7746762.730118386, 44, 44, 0, 271.35095769013947, 44
1, 1806789, 1032599, 774190, 7747014.00829108, 33, 33, 0, 251.27817269284301, 33
51, 1806877, 1032637, 774240, 7747337.989722441, 88, 38, 50, 323.98143136087856, 39
1, 1806957, 1032687, 774270, 7747655.159478685, 80, 50, 30, 317.1697562442441, 51
1, 1807038, 1032728, 774310, 7747972.459478685, 81, 41, 40, 317.3, 42
1, 1807088, 1032778, 774310, 7748253.374273532, 50, 50, 0, 280.9147948472494, 50
51, 1807189, 1032829, 774360, 7748590.689661505, 101, 51, 50, 337.31538797227006, 52
1, 1807256, 1032866, 774390, 7748892.290216763, 67, 37, 30, 301.6005552576305, 38
1, 1807293, 1032903, 774390, 7749151.322788219, 37, 37, 0, 259.03257145596604, 37
1, 1807374, 1032944, 774430, 7749468.622788219, 81, 41, 40, 317.3, 42
51, 1807494, 1032984, 774510, 7749820.797880184, 120, 40, 80, 352.1750919646873, 42
1, 1807529, 1033019, 774510, 7750076.0278080935, 35, 35, 0, 255.22992790977875, 35
1, 1807566, 1033056, 774510, 7750335.06037955, 37, 37, 0, 259.03257145596604, 37
1, 1807607, 1033097, 774510, 7750601.304332993, 41, 41, 0, 266.24395344352433, 41
1, 1807717, 1033137, 774580, 7750945.357517039, 110, 40, 70, 344.0531840464366, 42
51, 1807814, 1033184, 774630, 7751278.686416311, 97, 47, 50, 333.3288992714996, 48
1, 1807855, 1033225, 774630, 7751544.930369754, 41, 41, 0, 266.24395344352433, 41
1, 1807903, 1033273, 774630, 7751822.745172345, 48, 48, 0, 277.8148025904985, 48
1, 1807982, 1033312, 774670, 7752137.775922475, 79, 39, 40, 315.03075013013313, 40
51, 1808103, 1033353, 774750, 7752490.838401511, 121, 41, 80, 353.06247903554, 43
1, 1808191, 1033401, 774790, 7752815.819832873, 88, 48, 40, 324.98143136087856, 49
1, 1808239, 1033449, 774790, 7753093.634635463, 48, 48, 0, 277.8148025904985, 48
1, 1808279, 1033489, 774790, 7753358.1213214, 40, 40, 0, 264.4866859365871, 40
1, 1808316, 1033526, 774790, 7753617.153892856, 37, 37, 0, 259.03257145596604, 37
51, 1808406, 1033566, 774840, 7753943.26092168, 90, 40, 50, 326.1070288241023, 41
1, 1808475, 1033605, 774870, 7754247.37306339, 69, 39, 30, 304.1121417102006, 40
1, 1808557, 1033647, 774910, 7754565.794733234, 82, 42, 40, 318.42166984345636, 43
1, 1808596, 1033686, 774910, 7754828.494673178, 39, 39, 0, 262.6999399439383, 39
51, 1808679, 1033719, 774960, 7755147.029621107, 83, 33, 50, 318.5349479292333, 34
1, 1808711, 1033751, 774960, 7755396.271044107, 32, 32, 0, 249.24142300054422, 32
1, 1808775, 1033785, 774990, 7755694.013756582, 64, 34, 30, 297.742712474619, 35
51, 1808910, 1033830, 775080, 7756058.079566522, 135, 45, 90, 364.06580994024984, 47
1, 1808980, 1033870, 775110, 7756363.430327374, 70, 40, 30, 305.3507608519078, 41
1, 1809015, 1033905, 775110, 7756618.660255283, 35, 35, 0, 255.22992790977875, 35
1, 1809055, 1033945, 775110, 7756883.146941219, 40, 40, 0, 264.4866859365871, 40
51, 1809179, 1033989, 775190, 7757238.846337767, 124, 44, 80, 355.6993965481514, 46
1, 1809220, 1034030, 775190, 7757505.09029121, 41, 41, 0, 266.24395344352433, 41
1, 1809322, 1034062, 775260, 7757841.487473992, 102, 32, 70, 336.39718278112656, 34
1, 1809360, 1034100, 775260, 7758102.369853611, 38, 38, 0, 260.88237961983884, 38
1, 1809391, 1034131, 775260, 7758349.530959788, 31, 31, 0, 247.1611061770567, 31
51, 1809480, 1034170, 775310, 7758674.578825352, 89, 39, 50, 325.0478655640733, 40
1, 1809563, 1034213, 775350, 7758994.113773281, 83, 43, 40, 319.5349479292333, 44
1, 1809602, 1034252, 775350, 7759256.813713225, 39, 39, 0, 262.6999399439383, 39
51, 1809716, 1034286, 775430, 7759603.571700917, 114, 34, 80, 346.75798769167545, 36
1, 1809757, 1034327, 775430, 7759869.81565436, 41, 41, 0, 266.24395344352433, 41
1, 1809825, 1034365, 775460, 7760172.677825462, 68, 38, 30, 302.86217110259, 39
51, 1809955, 1034405, 775550, 7760532.5426630005, 130, 40, 90, 359.86483753851803, 42
1, 1810033, 1034453, 775580, 7760847.425449621, 78, 48, 30, 314.8827866200841, 49
1, 1810076, 1034496, 775580, 7761117.100409824, 43, 43, 0, 269.6749602031015, 43
1, 1810111, 1034531, 775580, 7761372.330337734, 35, 35, 0, 255.22992790977875, 35
51, 1810196, 1034566, 775630, 7761693.067365405, 85, 35, 50, 320.73702767108114, 36
1, 1810273, 1034603, 775670, 7762005.793029171, 77, 37, 40, 312.72566376652986, 38
1, 1810340, 1034640, 775700, 7762307.393584429, 67, 37, 30, 301.6005552576305, 38
51, 1810426, 1034676, 775750, 7762629.219749077, 86, 36, 50, 321.82616464756694, 37
1, 1810464, 1034714, 775750, 7762890.102128697, 38, 38, 0, 260.88237961983884, 38
1, 1810561, 1034741, 775820, 7763221.531027968, 97, 27, 70, 331.42889927149963, 29
51, 1810647, 1034777, 775870, 7763543.357192616, 86, 36, 50, 321.82616464756694, 37
1, 1810682, 1034812, 775870, 7763798.587120526, 35, 35, 0, 255.22992790977875, 35
1, 1810722, 1034852, 775870, 7764063.073806462, 40, 40, 0, 264.4866859365871, 40
1, 1810768, 1034898, 775870, 7764337.7028751755, 46, 46, 0, 274.6290687140218, 46
51, 1810888, 1034938, 775950, 7764689.877967141, 120, 40, 80, 352.1750919646873, 42
1, 1810970, 1034980, 775990, 7765008.299636984, 82, 42, 40, 318.42166984345636, 43
1, 1811018, 1035028, 775990, 7765286.114439575, 48, 48, 0, 277.8148025904985, 48
1, 1811051, 1035061, 775990, 7765537.392612268, 33, 33, 0, 251.27817269284301, 33
51, 1811184, 1035104, 776080, 7765899.788881309, 133, 43, 90, 362.3962690412072, 45
1, 1811244, 1035134, 776110, 7766192.20464968, 60, 30, 30, 292.41576837137404, 31
1, 1811327, 1035177, 776150, 7766511.739597609, 83, 43, 40, 319.5349479292333, 44
51, 1811419, 1035219, 776200, 7766839.943699078, 92, 42, 50, 328.20410146824725, 43
1, 1811494, 1035264, 776230, 7767151.326794716, 75, 45, 30, 311.38309563827124, 46
1, 1811531, 1035301, 776230, 7767410.359366172, 37, 37, 0, 259.03257145596604, 37
1, 1811620, 1035350, 776270, 7767736.407231736, 89, 49, 40, 326.0478655640733, 50
51, 1811707, 1035387, 776320, 7768059.314812734, 87, 37, 50, 322.9075809977351, 38
1, 1811749, 1035429, 776320, 7768327.287802236, 42, 42, 0, 267.97298950218305, 42
1, 1811822, 1035472, 776350, 7768636.289080805, 73, 43, 30, 309.00127856917646, 44
51, 1811947, 1035507, 776440, 7768991.859233294, 125, 35, 90, 355.57015248821097, 37
1, 1811989, 1035549, 776440, 7769259.832222796, 42, 42, 0, 267.97298950218305, 42
1, 1812024, 1035584, 776440, 7769515.062150706, 35, 35, 0, 255.22992790977875, 35
1, 1812086, 1035616, 776470, 7769810.168777036, 62, 32, 30, 295.1066263296683, 33
51, 1812183, 1035663, 776520, 7770143.497676307, 97, 47, 50, 333.3288992714996, 48
1, 1812251, 1035701, 776550, 7770446.35984741, 68, 38, 30, 302.86217110259, 39
1, 1812329, 1035739, 776590, 7770760.24263403, 78, 38, 40, 313.8827866200841, 39
1, 1812367, 1035777, 776590, 7771021.125013649, 38, 38, 0, 260.88237961983884, 38
1, 1812404, 1035814, 776590, 7771280.157585106, 37, 37, 0, 259.03257145596604, 37
51, 1812538, 1035858, 776680, 7771643.390401024, 134, 44, 90, 363.23281591860336, 46
1, 1812572, 1035892, 776680, 7771896.664041301, 34, 34, 0, 253.2736402766418, 34
1, 1812630, 1035920, 776710, 7772186.330943408, 58, 28, 30, 289.66690210718946, 29
51, 1812720, 1035960, 776760, 7772512.437972233, 90, 40, 50, 326.1070288241023, 41
1, 1812760, 1036000, 776760, 7772776.924658169, 40, 40, 0, 264.4866859365871, 40
1, 1812839, 1036039, 776800, 7773091.955408299, 79, 39, 40, 315.03075013013313, 40
1, 1812900, 1036070, 776830, 7773385.7236475665, 61, 31, 30, 293.7682392671241, 32
51, 1813029, 1036109, 776920, 7773744.7372480575, 129, 39, 90, 359.01360049114555, 41
1, 1813067, 1036147, 776920, 7774005.619627677, 38, 38, 0, 260.88237961983884, 38
1, 1813095, 1036175, 776920, 7774246.252291056, 28, 28, 0, 240.63266337912057, 28
1, 1813207, 1036217, 776990, 7774592.167603396, 112, 42, 70, 345.91531233955715, 44
51, 1813296, 1036256, 777040, 7774917.21546896, 89, 39, 50, 325.0478655640733, 40
1, 1813332, 1036292, 777040, 7775174.364443238, 36, 36, 0, 257.1489742783178, 36
1, 1813446, 1036336, 777110, 7775522.12243093, 114, 44, 70, 347.75798769167545, 46
51, 1813538, 1036378, 777160, 7775850.326532398, 92, 42, 50, 328.20410146824725, 43
1, 1813600, 1036410, 777190, 7776145.433158728, 62, 32, 30, 295.1066263296683, 33
1, 1813682, 1036452, 777230, 7776463.854828572, 82, 42, 40, 318.42166984345636, 43
1, 1813730, 1036500, 777230, 7776741.669631163, 48, 48, 0, 277.8148025904985, 48
1, 1813809, 1036539, 777270, 7777056.700381293, 79, 39, 40, 315.03075013013313, 40
51, 1813904, 1036584, 777320, 7777387.998945428, 95, 45, 50, 331.2985641352145, 46
1, 1813946, 1036626, 777320, 7777655.97193493, 42, 42, 0, 267.97298950218305, 42
1, 1814022, 1036672, 777350, 7777968.531107304, 76, 46, 30, 312.5591723737189, 47
1, 1814075, 1036725, 777350, 7778253.947894945, 53, 53, 0, 285.4167876408086, 53
51, 1814160, 1036760, 777400, 7778574.684922616, 85, 35, 50, 320.73702767108114, 36
1, 1814266, 1036796, 777470, 7778914.952966225, 106, 36, 70, 340.2680436096278, 38
1, 1814310, 1036840, 777470, 7779186.303923915, 44, 44, 0, 271.35095769013947, 44
51, 1814428, 1036878, 777550, 7779536.691249084, 118, 38, 80, 350.3873251689181, 40
1, 1814511, 1036921, 777590, 7779856.226197013, 83, 43, 40, 319.5349479292333, 44
1, 1814553, 1036963, 777590, 7780124.199186515, 42, 42, 0, 267.97298950218305, 42
1, 1814592, 1037002, 777590, 7780386.899126459, 39, 39, 0, 262.6999399439383, 39
1, 1814680, 1037050, 777630, 7780711.88055782, 88, 48, 40, 324.98143136087856, 49
51, 1814763, 1037083, 777680, 7781030.415505749, 83, 33, 50, 318.5349479292333, 34
1, 1814830, 1037120, 777710, 7781332.016061007, 67, 37, 30, 301.6005552576305, 38
1, 1814916, 1037166, 777750, 7781654.842225655, 86, 46, 40, 322.82616464756694, 47
51, 1815028, 1037198, 777830, 7781999.7575379945, 112, 32, 80, 344.91531233955715, 34
1, 1815066, 1037236, 777830, 7782260.639917614, 38, 38, 0, 260.88237961983884, 38
1, 1815141, 1037281, 777860, 7782572.023013252, 75, 45, 30, 311.38309563827124, 46
51, 1815274, 1037324, 777950, 7782934.419282293, 133, 43, 90, 362.3962690412072, 45
1, 1815320, 1037370, 777950, 7783209.048351007, 46, 46, 0, 274.6290687140218, 46
1, 1815349, 1037399, 777950, 7783451.907929718, 29, 29, 0, 242.8595787106084, 29
1, 1815454, 1037434, 778020, 7783791.216517012, 105, 35, 70, 339.30858729436795, 37
1, 1815501, 1037481, 778020, 7784067.449566881, 47, 47, 0, 276.2330498695885, 47
51, 1815588, 1037518, 778070, 7784390.357147879, 87, 37, 50, 322.9075809977351, 38
1, 1815630, 1037560, 778070, 7784658.330137381, 42, 42, 0, 267.97298950218305, 42
1, 1815708, 1037608, 778100, 7784973.212924002, 78, 48, 30, 314.8827866200841, 49
1, 1815787, 1037647, 778140, 7785288.243674132, 79, 39, 40, 315.03075013013313, 40
51, 1815909, 1037689, 778220, 7785642.189292686, 122, 42, 80, 353.9456185537469, 44
1, 1815947, 1037727, 778220, 7785903.071672305, 38, 38, 0, 260.88237961983884, 38
1, 1816016, 1037766, 778250, 7786207.183814015, 69, 39, 30, 304.1121417102006, 40
1, 1816098, 1037808, 778290, 7786525.605483859, 82, 42, 40, 318.42166984345636, 43
51, 1816228, 1037858, 778370, 7786886.470321397, 130, 50, 80, 360.86483753851803, 52
1, 1816271, 1037901, 778370, 7787156.145281601, 43, 43, 0, 269.6749602031015, 43
1, 1816310, 1037940, 778370, 7787418.845221545, 39, 39, 0, 262.6999399439383, 39
51, 1816440, 1037980, 778460, 7787778.710059083, 130, 40, 90, 359.86483753851803, 42
1, 1816509, 1038019, 778490, 7788082.822200793, 69, 39, 30, 304.1121417102006, 40
1, 1816547, 1038057, 778490, 7788343.704580412, 38, 38, 0, 260.88237961983884, 38
51, 1816666, 1038096, 778570, 7788694.987975614, 119, 39, 80, 351.28339520229764, 41
1, 1816747, 1038137, 778610, 7789012.287975614, 81, 41, 40, 317.3, 42
1, 1816782, 1038172, 778610, 7789267.5179035235, 35, 35, 0, 255.22992790977875, 35
1, 1816850, 1038210, 778640, 7789570.380074626, 68, 38, 30, 302.86217110259, 39
1, 1816898, 1038258, 778640, 7789848.194877217, 48, 48, 0, 277.8148025904985, 48
51, 1816990, 1038300, 778690, 7790176.398978685, 92, 42, 50, 328.20410146824725, 43
1, 1817039, 1038349, 778690, 7790455.774109791, 49, 49, 0, 279.3751311064591, 49
1, 1817121, 1038391, 778730, 7790774.195779635, 82, 42, 40, 318.42166984345636, 43
1, 1817198, 1038438, 778760, 7791087.921443401, 77, 47, 30, 313.72566376652986, 48
51, 1817285, 1038475, 778810, 7791410.829024399, 87, 37, 50, 322.9075809977351, 38
1, 1817396, 1038516, 778880, 7791755.81574244, 111, 41, 70, 344.9867180408456, 43
1, 1817433, 1038553, 778880, 7792014.848313896, 37, 37, 0, 259.03257145596604, 37
1, 1817461, 1038581, 778880, 7792255.480977275, 28, 28, 0, 240.63266337912057, 28
51, 1817554, 1038624, 778930, 7792584.723257182, 93, 43, 50, 329.24227990714814, 44
1, 1817634, 1038664, 778970, 7792900.893013426, 80, 40, 40, 316.1697562442441, 41
1, 1817692, 1038692, 779000, 7793190.559915533, 58, 28, 30, 289.66690210718946, 29
51, 1817777, 1038727, 779050, 7793511.2969432045, 85, 35, 50, 320.73702767108114, 36
1, 1817824, 1038774, 779050, 7793787.529993074, 47, 47, 0, 276.2330498695885, 47
1, 1817857, 1038807, 779050, 7794038.808165767, 33, 33, 0, 251.27817269284301, 33
1, 1817902, 1038852, 779050, 7794311.810172179, 45, 45, 0, 273.00200641113514, 45
51, 1818065, 1038895, 779170, 7794695.021595657, 163, 43, 120, 383.21142347822723, 46
1, 1818114, 1038944, 779170, 7794974.396726763, 49, 49, 0, 279.3751311064591, 49
1, 1818156, 1038986, 779170, 7795242.369716265, 42, 42, 0, 267.97298950218305, 42
1, 1818239, 1039029, 779210, 7795561.904664194, 83, 43, 40, 319.5349479292333, 44
1, 1818281, 1039071, 779210, 7795829.877653697, 42, 42, 0, 267.97298950218305, 42
51, 1818404, 1039114, 779290, 7796184.702224959, 123, 43, 80, 354.8245712617827, 45
1, 1818436, 1039146, 779290, 7796433.943647959, 32, 32, 0, 249.24142300054422, 32
1, 1818480, 1039190, 779290, 7796705.294605649, 44, 44, 0, 271.35095769013947, 44
1, 1818585, 1039225, 779360, 7797044.603192943, 105, 35, 70, 339.30858729436795, 37
51, 1818671, 1039261, 779410, 7797366.429357591, 86, 36, 50, 321.82616464756694, 37
1, 1818717, 1039307, 779410, 7797641.058426305, 46, 46, 0, 274.6290687140218, 46
1, 1818757, 1039347, 779410, 7797905.545112241, 40, 40, 0, 264.4866859365871, 40
1, 1818827, 1039377, 779450, 7798209.895873093, 70, 30, 40, 304.3507608519078, 31
51, 1818912, 1039412, 779500, 7798530.632900764, 85, 35, 50, 320.73702767108114, 36
1, 1818980, 1039450, 779530, 7798833.495071867, 68, 38, 30, 302.86217110259, 39
1, 1819063, 1039493, 779570, 7799153.0300197955, 83, 43, 40, 319.5349479292333, 44
1, 1819108, 1039538, 779570, 7799426.032026207, 45, 45, 0, 273.00200641113514, 45
1, 1819153, 1039583, 779570, 7799699.034032619, 45, 45, 0, 273.00200641113514, 45
51, 1819278, 1039618, 779660, 7800054.604185107, 125, 35, 90, 355.57015248821097, 37
1, 1819348, 1039658, 779690, 7800359.954945959, 70, 40, 30, 305.3507608519078, 41
1, 1819434, 1039704, 779730, 7800682.781110607, 86, 46, 40, 322.82616464756694, 47
51, 1819521, 1039741, 779780, 7801005.688691605, 87, 37, 50, 322.9075809977351, 38
1, 1819562, 1039782, 779780, 7801271.932645048, 41, 41, 0, 266.24395344352433, 41
1, 1819638, 1039828, 779810, 7801584.491817421, 76, 46, 30, 312.5591723737189, 47
1, 1819681, 1039871, 779810, 7801854.166777625, 43, 43, 0, 269.6749602031015, 43
51, 1819811, 1039911, 779900, 7802214.031615163, 130, 40, 90, 359.86483753851803, 42
1, 1819853, 1039953, 779900, 7802482.004604666, 42, 42, 0, 267.97298950218305, 42
1, 1819930, 1040000, 779930, 7802795.730268432, 77, 47, 30, 313.72566376652986, 48
1, 1819971, 1040041, 779930, 7803061.974221875, 41, 41, 0, 266.24395344352433, 41
1, 1820050, 1040080, 779970, 7803377.004972005, 79, 39, 40, 315.03075013013313, 40
51, 1820163, 1040113, 780050, 7803722.844015875, 113, 33, 80, 345.83904386951343, 35
1, 1820212, 1040162, 780050, 7804002.219146981, 49, 49, 0, 279.3751311064591, 49
1, 1820242, 1040192, 780050, 7804247.253878913, 30, 30, 0, 245.0347319320716, 30
1, 1820309, 1040229, 780080, 7804548.854434171, 67, 37, 30, 301.6005552576305, 38
51, 1820392, 1040262, 780130, 7804867.3893821, 83, 33, 50, 318.5349479292333, 34
1, 1820466, 1040296, 780170, 7805176.586590867, 74, 34, 40, 309.1972087668518, 35
1, 1820508, 1040338, 780170, 7805444.559580369, 42, 42, 0, 267.97298950218305, 42
1, 1820588, 1040378, 780210, 7805760.729336613, 80, 40, 40, 316.1697562442441, 41
51, 1820674, 1040414, 780260, 7806082.555501261, 86, 36, 50, 321.82616464756694, 37
1, 1820738, 1040448, 780290, 7806380.298213735, 64, 34, 30, 297.742712474619, 35
1, 1820775, 1040485, 780290, 7806639.330785192, 37, 37, 0, 259.03257145596604, 37
1, 1820813, 1040523, 780290, 7806900.213164811, 38, 38, 0, 260.88237961983884, 38
1, 1820901, 1040571, 780330, 7807225.194596172, 88, 48, 40, 324.98143136087856, 49
51, 1821020, 1040610, 780410, 7807576.477991374, 119, 39, 80, 351.28339520229764, 41
1, 1821059, 1040649, 780410, 7807839.177931318, 39, 39, 0, 262.6999399439383, 39
1, 1821133, 1040683, 780450, 7808148.375140085, 74, 34, 40, 309.1972087668518, 35
51, 1821243, 1040713, 780530, 7808491.428324131, 110, 30, 80, 343.0531840464366, 32
1, 1821281, 1040751, 780530, 7808752.310703751, 38, 38, 0, 260.88237961983884, 38
1, 1821323, 1040793, 780530, 7809020.283693253, 42, 42, 0, 267.97298950218305, 42
1, 1821397, 1040827, 780570, 7809329.48090202, 74, 34, 40, 309.1972087668518, 35
51, 1821514, 1040864, 780650, 7809678.967718818, 117, 37, 80, 349.4868167986058, 39
1, 1821550, 1040900, 780650, 7809936.116693096, 36, 36, 0, 257.1489742783178, 36
1, 1821639, 1040949, 780690, 7810262.16455866, 89, 49, 40, 326.0478655640733, 50
51, 1821725, 1040985, 780740, 7810583.990723308, 86, 36, 50, 321.82616464756694, 37
1, 1821761, 1041021, 780740, 7810841.139697586, 36, 36, 0, 257.1489742783178, 36
1, 1821801, 1041061, 780740, 7811105.6263835225, 40, 40, 0, 264.4866859365871, 40
51, 1821958, 1041098, 780860, 7811484.30327664, 157, 37, 120, 378.67689311792185, 40
1, 1821987, 1041127, 780860, 7811727.162855351, 29, 29, 0, 242.8595787106084, 29
1, 1822024, 1041164, 780860, 7811986.195426808, 37, 37, 0, 259.03257145596604, 37
1, 1822111, 1041211, 780900, 7812310.1030078055, 87, 47, 40, 323.9075809977351, 48
51, 1822239, 1041259, 780980, 7812669.261573907, 128, 48, 80, 359.1585661014858, 50
1, 1822284, 1041304, 780980, 7812942.263580319, 45, 45, 0, 273.00200641113514, 45
1, 1822352, 1041342, 781010, 7813245.125751421, 68, 38, 30, 302.86217110259, 39
1, 1822434, 1041384, 781050, 7813563.547421264, 82, 42, 40, 318.42166984345636, 43
51, 1822528, 1041428, 781100, 7813893.821147112, 94, 44, 50, 330.273725847777, 45
1, 1822596, 1041466, 781130, 7814196.6833182145, 68, 38, 30, 302.86217110259, 39
1, 1822641, 1041511, 781130, 7814469.685324626, 45, 45, 0, 273.00200641113514, 45
1, 1822687, 1041557, 781130, 7814744.31439334, 46, 46, 0, 274.6290687140218, 46
51, 1822805, 1041595, 781210, 7815094.701718508, 118, 38, 80, 350.3873251689181, 40
1, 1822884, 1041634, 781250, 7815409.732468639, 79, 39, 40, 315.03075013013313, 40
1, 1822923, 1041673, 781250, 7815672.432408582, 39, 39, 0, 262.6999399439383, 39
1, 1822957, 1041707, 781250, 7815925.706048859, 34, 34, 0, 253.2736402766418, 34
51, 1823089, 1041749, 781340, 7816287.262171286, 132, 42, 90, 361.55612242701943, 44
1, 1823164, 1041794, 781370, 7816598.645266924, 75, 45, 30, 311.38309563827124, 46
1, 1823208, 1041838, 781370, 7816869.996224614, 44, 44, 0, 271.35095769013947, 44
1, 1823245, 1041875, 781370, 7817129.02879607, 37, 37, 0, 259.03257145596604, 37
51, 1823367, 1041917, 781450, 7817482.974414624, 122, 42, 80, 353.9456185537469, 44
1, 1823440, 1041950, 781490, 7817790.975693193, 73, 33, 40, 308.00127856917646, 34
1, 1823501, 1041981, 781520, 7818084.74393246, 61, 31, 30, 293.7682392671241, 32
1, 1823542, 1042022, 781520, 7818350.987885904, 41, 41, 0, 266.24395344352433, 41
51, 1823634, 1042064, 781570, 7818679.191987372, 92, 42, 50, 328.20410146824725, 43
1, 1823670, 1042100, 781570, 7818936.34096165, 36, 36, 0, 257.1489742783178, 36
1, 1823765, 1042155, 781610, 7819268.639525785, 95, 55, 40, 332.2985641352145, 56
51, 1823850, 1042190, 781660, 7819589.376553456, 85, 35, 50, 320.73702767108114, 36
1, 1823923, 1042233, 781690, 7819898.377832025, 73, 43, 30, 309.00127856917646, 44
1, 1823998, 1042268, 781730, 7820208.760927663, 75, 35, 40, 310.38309563827124, 36
1, 1824055, 1042295, 781760, 7820497.030548168, 57, 27, 30, 288.2696205054472, 28
51, 1824141, 1042331, 781810, 7820818.856712816, 86, 36, 50, 321.82616464756694, 37
1, 1824182, 1042372, 781810, 7821085.100666259, 41, 41, 0, 266.24395344352433, 41
1, 1824210, 1042400, 781810, 7821325.733329639, 28, 28, 0, 240.63266337912057, 28
1, 1824291, 1042441, 781850, 7821643.033329639, 81, 41, 40, 317.3, 42
1, 1824336, 1042486, 781850, 7821916.03533605, 45, 45, 0, 273.00200641113514, 45
51, 1824467, 1042537, 781930, 7822277.747664265, 131, 51, 80, 361.7123282155055, 53
1, 1824557, 1042587, 781970, 7822604.85469309, 90, 50, 40, 327.1070288241023, 51
1, 1824605, 1042635, 781970, 7822882.66949568, 48, 48, 0, 277.8148025904985, 48
1, 1824648, 1042678, 781970, 7823152.344455884, 43, 43, 0, 269.6749602031015, 43
1, 1824673, 1042703, 781970, 7823385.951253634, 25, 25, 0, 233.60679774997897, 25
51, 1824797, 1042737, 782060, 7823740.650650182, 124, 34, 90, 354.6993965481514, 36
1, 1824861, 1042771, 782090, 7824038.393362656, 64, 34, 30, 297.742712474619, 35
1, 1824905, 1042815, 782090, 7824309.744320346, 44, 44, 0, 271.35095769013947, 44
51, 1825040, 1042860, 782180, 7824673.810130286, 135, 45, 90, 364.06580994024984, 47
1, 1825084, 1042904, 782180, 7824945.161087976, 44, 44, 0, 271.35095769013947, 44
1, 1825130, 1042950, 782180, 7825219.7901566895, 46, 46, 0, 274.6290687140218, 46
1, 1825196, 1042986, 782210, 7825520.1171449665, 66, 36, 30, 300.32698827717985, 37
51, 1825329, 1043029, 782300, 7825882.513414008, 133, 43, 90, 362.3962690412072, 45
1, 1825367, 1043067, 782300, 7826143.395793627, 38, 38, 0, 260.88237961983884, 38
1, 1825407, 1043107, 782300, 7826407.882479563, 40, 40, 0, 264.4866859365871, 40
1, 1825449, 1043149, 782300, 7826675.855469066, 42, 42, 0, 267.97298950218305, 42
51, 1825536, 1043186, 782350, 7826998.7630500635, 87, 37, 50, 322.9075809977351, 38
1, 1825647, 1043227, 782420, 7827343.749768104, 111, 41, 70, 344.9867180408456, 43
1, 1825692, 1043272, 782420, 7827616.751774516, 45, 45, 0, 273.00200641113514, 45
1, 1825763, 1043303, 782460, 7827922.330085334, 71, 31, 40, 305.57831081870995, 32
51, 1825846, 1043336, 782510, 7828240.865033263, 83, 33, 50, 318.5349479292333, 34
1, 1825913, 1043373, 782540, 7828542.465588521, 67, 37, 30, 301.6005552576305, 38
1, 1825951, 1043411, 782540, 7828803.347968141, 38, 38, 0, 260.88237961983884, 38
1, 1825991, 1043451, 782540, 7829067.834654077, 40, 40, 0, 264.4866859365871, 40
51, 1826124, 1043494, 782630, 7829430.230923118, 133, 43, 90, 362.3962690412072, 45
1, 1826165, 1043535, 782630, 7829696.474876561, 41, 41, 0, 266.24395344352433, 41
1, 1826235, 1043575, 782660, 7830001.825637413, 70, 40, 30, 305.3507608519078, 41
1, 1826269, 1043609, 782660, 7830255.09927769, 34, 34, 0, 253.2736402766418, 34
51, 1826395, 1043645, 782750, 7830611.536173574, 126, 36, 90, 356.43689588345075, 38
1, 1826439, 1043689, 782750, 7830882.8871312635, 44, 44, 0, 271.35095769013947, 44
1, 1826516, 1043726, 782790, 7831195.61279503, 77, 37, 40, 312.72566376652986, 38
1, 1826595, 1043775, 782820, 7831511.64354516, 79, 49, 30, 316.03075013013313, 50
51, 1826686, 1043816, 782870, 7831838.802607099, 91, 41, 50, 327.1590619387661, 42
1, 1826764, 1043854, 782910, 7832152.685393719, 78, 38, 40, 313.8827866200841, 39
1, 1826799, 1043889, 782910, 7832407.915321629, 35, 35, 0, 255.22992790977875, 35
1, 1826836, 1043926, 782910, 7832666.947893085, 37, 37, 0, 259.03257145596604, 37
51, 1826955, 1043965, 782990, 7833018.231288287, 119, 39, 80, 351.28339520229764, 41
1, 1827033, 1044003, 783030, 7833332.114074907, 78, 38, 40, 313.8827866200841, 39
1, 1827106, 1044046, 783060, 7833641.115353476, 73, 43, 30, 309.00127856917646, 44
51, 1827192, 1044082, 783110, 7833962.941518124, 86, 36, 50, 321.82616464756694, 37
1, 1827240, 1044130, 783110, 7834240.756320715, 48, 48, 0, 277.8148025904985, 48
1, 1827308, 1044168, 783140, 7834543.618491817, 68, 38, 30, 302.86217110259, 39
1, 1827389, 1044209, 783180, 7834860.918491817, 81, 41, 40, 317.3, 42
51, 1827469, 1044239, 783230, 7835176.088248061, 80, 30, 50, 315.1697562442441, 31
1, 1827513, 1044283, 783230, 7835447.439205751, 44, 44, 0, 271.35095769013947, 44
1, 1827596, 1044336, 783260, 7835767.97415368, 83, 53, 30, 320.5349479292333, 54
1, 1827631, 1044371, 783260, 7836023.204081589, 35, 35, 0, 255.22992790977875, 35
1, 1827704, 1044404, 783300, 7836331.205360158, 73, 33, 40, 308.00127856917646, 34
51, 1827794, 1044444, 783350, 7836657.312388983, 90, 40, 50, 326.1070288241023, 41
1, 1827867, 1044487, 783380, 7836966.313667552, 73, 43, 30, 309.00127856917646, 44
1, 1827905, 1044525, 783380, 7837227.196047171, 38, 38, 0, 260.88237961983884, 38
1, 1827938, 1044558, 783380, 7837478.474219864, 33, 33, 0, 251.27817269284301, 33
51, 1828092, 1044592, 783500, 7837854.847886862, 154, 34, 120, 376.37366699756114, 37
1, 1828138, 1044638, 783500, 7838129.476955576, 46, 46, 0, 274.6290687140218, 46
1, 1828223, 1044693, 783530, 7838452.213983247, 85, 55, 30, 322.73702767108114, 56
51, 1828372, 1044752, 783620, 7838827.5927979415, 149, 59, 90, 375.3788146945047, 61
1, 1828408, 1044788, 783620, 7839084.74177222, 36, 36, 0, 257.1489742783178, 36
1, 1828442, 1044822, 783620, 7839338.015412496, 34, 34, 0, 253.2736402766418, 34
1, 1828485, 1044865, 783620, 7839607.6903727, 43, 43, 0, 269.6749602031015, 43
1, 1828568, 1044908, 783660, 7839927.225320629, 83, 43, 40, 319.5349479292333, 44
51, 1828685, 1044945, 783740, 7840276.712137427, 117, 37, 80, 349.4868167986058, 39
1, 1828721, 1044981, 783740, 7840533.861111705, 36, 36, 0, 257.1489742783178, 36
1, 1828791, 1045021, 783770, 7840839.211872557, 70, 40, 30, 305.3507608519078, 41
51, 1828918, 1045058, 783860, 7841196.511554857, 127, 37, 90, 357.2996822992933, 39
1, 1828966, 1045106, 783860, 7841474.326357448, 48, 48, 0, 277.8148025904985, 48
1, 1829036, 1045146, 783890, 7841779.6771182995, 70, 40, 30, 305.3507608519078, 41
1, 1829077, 1045187, 783890, 7842045.921071743, 41, 41, 0, 266.24395344352433, 41
51, 1829199, 1045219, 783980, 7842398.866690297, 122, 32, 90, 352.9456185537469, 34
1, 1829231, 1045251, 783980, 7842648.108113297, 32, 32, 0, 249.24142300054422, 32
1, 1829290, 1045280, 784010, 7842939.156913545, 59, 29, 30, 291.0488002476036, 30
1, 1829334, 1045324, 784010, 7843210.507871235, 44, 44, 0, 271.35095769013947, 44
51, 1829460, 1045370, 784090, 7843567.944767118, 126, 46, 80, 357.43689588345075, 48
1, 1829508, 1045418, 784090, 7843845.759569709, 48, 48, 0, 277.8148025904985, 48
1, 1829583, 1045453, 784130, 7844156.142665347, 75, 35, 40, 310.38309563827124, 36
1, 1829616, 1045486, 784130, 7844407.42083804, 33, 33, 0, 251.27817269284301, 33
51, 1829708, 1045528, 784180, 7844735.624939509, 92, 42, 50, 328.20410146824725, 43
1, 1829786, 1045576, 784210, 7845050.507726129, 78, 48, 30, 314.8827866200841, 49
1, 1829822, 1045612, 784210, 7845307.656700407, 36, 36, 0, 257.1489742783178, 36
51, 1829957, 1045657, 784300, 7845671.722510347, 135, 45, 90, 364.06580994024984, 47
1, 1829998, 1045698, 784300, 7845937.96646379, 41, 41, 0, 266.24395344352433, 41
1, 1830039, 1045739, 784300, 7846204.210417233, 41, 41, 0, 266.24395344352433, 41
1, 1830108, 1045778, 784330, 7846508.322558943, 69, 39, 30, 304.1121417102006, 40
51, 1830202, 1045822, 784380, 7846838.596284791, 94, 44, 50, 330.273725847777, 45
1, 1830241, 1045861, 784380, 7847101.296224735, 39, 39, 0, 262.6999399439383, 39
1, 1830312, 1045892, 784420, 7847406.874535553, 71, 31, 40, 305.57831081870995, 32
1, 1830359, 1045939, 784420, 7847683.107585423, 47, 47, 0, 276.2330498695885, 47
51, 1830441, 1045971, 784470, 7848000.529255266, 82, 32, 50, 317.42166984345636, 33
1, 1830509, 1046009, 784500, 7848303.391426369, 68, 38, 30, 302.86217110259, 39
1, 1830579, 1046039, 784540, 7848607.742187221, 70, 30, 40, 304.3507608519078, 31
1, 1830612, 1046072, 784540, 7848859.020359914, 33, 33, 0, 251.27817269284301, 33
1, 1830723, 1046113, 784610, 7849204.007077955, 111, 41, 70, 344.9867180408456, 43
51, 1830814, 1046154, 784660, 7849531.166139893, 91, 41, 50, 327.1590619387661, 42
1, 1830858, 1046198, 784660, 7849802.517097583, 44, 44, 0, 271.35095769013947, 44
1, 1830977, 1046247, 784730, 7850154.800492785, 119, 49, 70, 352.28339520229764, 51
1, 1831025, 1046295, 784730, 7850432.615295376, 48, 48, 0, 277.8148025904985, 48
51, 1831119, 1046339, 784780, 7850762.889021223, 94, 44, 50, 330.273725847777, 45
1, 1831165, 1046385, 784780, 7851037.518089937, 46, 46, 0, 274.6290687140218, 46
1, 1831202, 1046422, 784780, 7851296.550661393, 37, 37, 0, 259.03257145596604, 37
1, 1831264, 1046454, 784810, 7851591.657287723, 62, 32, 30, 295.1066263296683, 33
51, 1831390, 1046490, 784900, 7851948.094183607, 126, 36, 90, 356.43689588345075, 38
1, 1831457, 1046527, 784930, 7852249.694738865, 67, 37, 30, 301.6005552576305, 38
1, 1831502, 1046572, 784930, 7852522.696745276, 45, 45, 0, 273.00200641113514, 45
1, 1831552, 1046622, 784930, 7852803.611540124, 50, 50, 0, 280.9147948472494, 50
51, 1831672, 1046652, 785020, 7853154.786632089, 120, 30, 90, 351.1750919646873, 32
1, 1831712, 1046692, 785020, 7853419.273318025, 40, 40, 0, 264.4866859365871, 40
1, 1831754, 1046734, 785020, 7853687.246307528, 42, 42, 0, 267.97298950218305, 42
1, 1831861, 1046771, 785090, 7854028.468452797, 107, 37, 70, 341.2221452697031, 39
51, 1831962, 1046822, 785140, 7854365.78384077, 101, 51, 50, 337.31538797227006, 52
1, 1831991, 1046851, 785140, 7854608.643419481, 29, 29, 0, 242.8595787106084, 29
1, 1832067, 1046887, 785180, 7854920.202591854, 76, 36, 40, 311.5591723737189, 37
51, 1832164, 1046934, 785230, 7855253.531491126, 97, 47, 50, 333.3288992714996, 48
1, 1832238, 1046978, 785260, 7855563.728699893, 74, 44, 30, 310.1972087668518, 45
1, 1832282, 1047022, 785260, 7855835.079657583, 44, 44, 0, 271.35095769013947, 44
1, 1832366, 1047066, 785300, 7856155.719667986, 84, 44, 40, 320.64001040350905, 45
51, 1832460, 1047110, 785350, 7856485.993393834, 94, 44, 50, 330.273725847777, 45
1, 1832497, 1047147, 785350, 7856745.02596529, 37, 37, 0, 259.03257145596604, 37
1, 1832577, 1047187, 785390, 7857061.195721534, 80, 40, 40, 316.1697562442441, 41
1, 1832650, 1047230, 785420, 7857370.197000103, 73, 43, 30, 309.00127856917646, 44
1, 1832732, 1047272, 785460, 7857688.618669947, 82, 42, 40, 318.42166984345636, 43
51, 1832824, 1047314, 785510, 7858016.822771415, 92, 42, 50, 328.20410146824725, 43
1, 1832887, 1047347, 785540, 7858313.254096141, 63, 33, 30, 296.43132472612575, 34
1, 1832929, 1047389, 785540, 7858581.227085643, 42, 42, 0, 267.97298950218305, 42
1, 1832961, 1047421, 785540, 7858830.468508644, 32, 32, 0, 249.24142300054422, 32
51, 1833090, 1047460, 785630, 7859189.482109135, 129, 39, 90, 359.01360049114555, 41
1, 1833176, 1047516, 785660, 7859513.308273783, 86, 56, 30, 323.82616464756694, 57
1, 1833203, 1047543, 785660, 7859751.658979478, 27, 27, 0, 238.35070569547776, 27
1, 1833253, 1047593, 785660, 7860032.573774326, 50, 50, 0, 280.9147948472494, 50
51, 1833374, 1047634, 785740, 7860385.636253362, 121, 41, 80, 353.06247903554, 43
1, 1833451, 1047671, 785780, 7860698.361917128, 77, 37, 40, 312.72566376652986, 38
1, 1833485, 1047705, 785780, 7860951.635557405, 34, 34, 0, 253.2736402766418, 34
51, 1833615, 1047745, 785870, 7861311.500394943, 130, 40, 90, 359.86483753851803, 42
1, 1833679, 1047779, 785900, 7861609.243107418, 64, 34, 30, 297.742712474619, 35
1, 1833715, 1047815, 785900, 7861866.392081696, 36, 36, 0, 257.1489742783178, 36
1, 1833781, 1047851, 785930, 7862166.719069973, 66, 36, 30, 300.32698827717985, 37
51, 1833864, 1047884, 785980, 7862485.254017902, 83, 33, 50, 318.5349479292333, 34
1, 1833933, 1047923, 786010, 7862789.366159611, 69, 39, 30, 304.1121417102006, 40
1, 1834018, 1047968, 786050, 7863111.103187283, 85, 45, 40, 321.73702767108114, 46
1, 1834063, 1048013, 786050, 7863384.105193694, 45, 45, 0, 273.00200641113514, 45
51, 1834192, 1048052, 786140, 7863743.118794185, 129, 39, 90, 359.01360049114555, 41
1, 1834234, 1048094, 786140, 7864011.0917836875, 42, 42, 0, 267.97298950218305, 42
1, 1834301, 1048131, 786170, 7864312.692338945, 67, 37, 30, 301.6005552576305, 38
1, 1834383, 1048173, 786210, 7864631.114008789, 82, 42, 40, 318.42166984345636, 43
51, 1834500, 1048210, 786290, 7864980.600825587, 117, 37, 80, 349.4868167986058, 39
1, 1834540, 1048250, 786290, 7865245.087511524, 40, 40, 0, 264.4866859365871, 40
1, 1834577, 1048287, 786290, 7865504.12008298, 37, 37, 0, 259.03257145596604, 37
51, 1834667, 1048327, 786340, 7865830.227111804, 90, 40, 50, 326.1070288241023, 41
1, 1834745, 1048365, 786380, 7866144.109898425, 78, 38, 40, 313.8827866200841, 39
1, 1834820, 1048410, 786410, 7866455.492994063, 75, 45, 30, 311.38309563827124, 46
1, 1834861, 1048451, 786410, 7866721.736947506, 41, 41, 0, 266.24395344352433, 41
51, 1834952, 1048492, 786460, 7867048.896009444, 91, 41, 50, 327.1590619387661, 42
1, 1835026, 1048536, 786490, 7867359.093218211, 74, 44, 30, 310.1972087668518, 45
1, 1835063, 1048573, 786490, 7867618.1257896675, 37, 37, 0, 259.03257145596604, 37
1, 1835145, 1048615, 786530, 7867936.547459511, 82, 42, 40, 318.42166984345636, 43
51, 1835237, 1048657, 786580, 7868264.7515609795, 92, 42, 50, 328.20410146824725, 43
1, 1835266, 1048686, 786580, 7868507.6111396905, 29, 29, 0, 242.8595787106084, 29
1, 1835314, 1048734, 786580, 7868785.425942281, 48, 48, 0, 277.8148025904985, 48
1, 1835427, 1048777, 786650, 7869132.264986151, 113, 43, 70, 346.83904386951343, 45
51, 1835515, 1048815, 786700, 7869456.246417512, 88, 38, 50, 323.98143136087856, 39
1, 1835589, 1048859, 786730, 7869766.443626279, 74, 44, 30, 310.1972087668518, 45
1, 1835626, 1048896, 786730, 7870025.476197735, 37, 37, 0, 259.03257145596604, 37
1, 1835693, 1048933, 786760, 7870327.076752993, 67, 37, 30, 301.6005552576305, 38
51, 1835821, 1048971, 786850, 7870685.235319095, 128, 38, 90, 358.1585661014858, 40
1, 1835869, 1049019, 786850, 7870963.0501216855, 48, 48, 0, 277.8148025904985, 48
1, 1835905, 1049055, 786850, 7871220.1990959635, 36, 36, 0, 257.1489742783178, 36
1, 1835952, 1049102, 786850, 7871496.432145833, 47, 47, 0, 276.2330498695885, 47
51, 1836072, 1049132, 786940, 7871847.607237798, 120, 30, 90, 351.1750919646873, 32
1, 1836150, 1049180, 786970, 7872162.490024419, 78, 48, 30, 314.8827866200841, 49
1, 1836233, 1049223, 787010, 7872482.024972348, 83, 43, 40, 319.5349479292333, 44
1, 1836278, 1049268, 787010, 7872755.026978759, 45, 45, 0, 273.00200641113514, 45
1, 1836327, 1049317, 787010, 7873034.402109865, 49, 49, 0, 279.3751311064591, 49
51, 1836420, 1049360, 787060, 7873363.644389772, 93, 43, 50, 329.24227990714814, 44
1, 1836456, 1049396, 787060, 7873620.79336405, 36, 36, 0, 257.1489742783178, 36
1, 1836569, 1049439, 787130, 7873967.6324079195, 113, 43, 70, 346.83904386951343, 45
51, 1836652, 1049472, 787180, 7874286.1673558485, 83, 33, 50, 318.5349479292333, 34
1, 1836729, 1049509, 787220, 7874598.893019615, 77, 37, 40, 312.72566376652986, 38
1, 1836771, 1049551, 787220, 7874866.866009117, 42, 42, 0, 267.97298950218305, 42
51, 1836862, 1049592, 787270, 7875194.025071056, 91, 41, 50, 327.1590619387661, 42
1, 1836941, 1049631, 787310, 7875509.055821186, 79, 39, 40, 315.03075013013313, 40
1, 1837008, 1049668, 787340, 7875810.656376444, 67, 37, 30, 301.6005552576305, 38
1, 1837050, 1049710, 787340, 7876078.629365946, 42, 42, 0, 267.97298950218305, 42
51, 1837215, 1049755, 787460, 7876463.331829368, 165, 45, 120, 384.7024634215721, 48
1, 1837251, 1049791, 787460, 7876720.480803646, 36, 36, 0, 257.1489742783178, 36
1, 1837322, 1049832, 787490, 7877027.059114465, 71, 41, 30, 306.57831081870995, 42
51, 1837411, 1049871, 787540, 7877352.106980029, 89, 39, 50, 325.0478655640733, 40
1, 1837449, 1049909, 787540, 7877612.989359648, 38, 38, 0, 260.88237961983884, 38
1, 1837530, 1049950, 787580, 7877930.289359648, 81, 41, 40, 317.3, 42
1, 1837572, 1049992, 787580, 7878198.26234915, 42, 42, 0, 267.97298950218305, 42
51, 1837662, 1050032, 787630, 7878524.369377974, 90, 40, 50, 326.1070288241023, 41
1, 1837780, 1050080, 787700, 7878875.756703143, 118, 48, 70, 351.3873251689181, 50
1, 1837823, 1050123, 787700, 7879145.4316633465, 43, 43, 0, 269.6749602031015, 43
1, 1837859, 1050159, 787700, 7879402.5806376245, 36, 36, 0, 257.1489742783178, 36
1, 1837929, 1050199, 787730, 7879707.9313984765, 70, 40, 30, 305.3507608519078, 41
51, 1838027, 1050247, 787780, 7880042.2660268415, 98, 48, 50, 334.33462836457886, 49
1, 1838068, 1050288, 787780, 7880308.509980285, 41, 41, 0, 266.24395344352433, 41
1, 1838155, 1050335, 787820, 7880632.417561282, 87, 47, 40, 323.9075809977351, 48
1, 1838222, 1050372, 787850, 7880934.01811654, 67, 37, 30, 301.6005552576305, 38
51, 1838319, 1050419, 787900, 7881267.347015812, 97, 47, 50, 333.3288992714996, 48
1, 1838388, 1050458, 787930, 7881571.459157522, 69, 39, 30, 304.1121417102006, 40
1, 1838423, 1050493, 787930, 7881826.689085431, 35, 35, 0, 255.22992790977875, 35
1, 1838508, 1050538, 787970, 7882148.426113103, 85, 45, 40, 321.73702767108114, 46
51, 1838598, 1050578, 788020, 7882474.533141927, 90, 40, 50, 326.1070288241023, 41
1, 1838635, 1050615, 788020, 7882733.565713383, 37, 37, 0, 259.03257145596604, 37
1, 1838666, 1050646, 788020, 7882980.72681956, 31, 31, 0, 247.1611061770567, 31
1, 1838731, 1050681, 788050, 7883279.767971003, 65, 35, 30, 299.04115144336777, 36
1, 1838785, 1050735, 788050, 7883566.648572086, 54, 54, 0, 286.88060108295343, 54
51, 1838922, 1050782, 788140, 7883932.369894291, 137, 47, 90, 365.72132220485213, 49
1, 1838965, 1050825, 788140, 7884202.044854495, 43, 43, 0, 269.6749602031015, 43
1, 1839007, 1050867, 788140, 7884470.017843997, 42, 42, 0, 267.97298950218305, 42
51, 1839097, 1050907, 788190, 7884796.124872821, 90, 40, 50, 326.1070288241023, 41
1, 1839162, 1050942, 788220, 7885095.166024265, 65, 35, 30, 299.04115144336777, 36
1, 1839249, 1050989, 788260, 7885419.073605263, 87, 47, 40, 323.9075809977351, 48
51, 1839342, 1051032, 788310, 7885748.315885169, 93, 43, 50, 329.24227990714814, 44
1, 1839410, 1051070, 788340, 7886051.178056272, 68, 38, 30, 302.86217110259, 39
1, 1839494, 1051114, 788380, 7886371.818066675, 84, 44, 40, 320.64001040350905, 45
1, 1839529, 1051149, 788380, 7886627.047994585, 35, 35, 0, 255.22992790977875, 35
51, 1839650, 1051190, 788460, 7886980.110473621, 121, 41, 80, 353.06247903554, 43
1, 1839681, 1051221, 788460, 7887227.271579797, 31, 31, 0, 247.1611061770567, 31
1, 1839719, 1051259, 788460, 7887488.153959417, 38, 38, 0, 260.88237961983884, 38
1, 1839800, 1051300, 788500, 7887805.453959417, 81, 41, 40, 317.3, 42
51, 1839926, 1051346, 788580, 7888162.8908553, 126, 46, 80, 357.43689588345075, 48
1, 1839965, 1051385, 788580, 7888425.590795244, 39, 39, 0, 262.6999399439383, 39
1, 1840048, 1051428, 788620, 7888745.125743173, 83, 43, 40, 319.5349479292333, 44
1, 1840090, 1051470, 788620, 7889013.098732675, 42, 42, 0, 267.97298950218305, 42
51, 1840208, 1051508, 788700, 7889363.486057844, 118, 38, 80, 350.3873251689181, 40
1, 1840243, 1051543, 788700, 7889618.715985754, 35, 35, 0, 255.22992790977875, 35
1, 1840323, 1051583, 788740, 7889934.8857419975, 80, 40, 40, 316.1697562442441, 41
1, 1840361, 1051621, 788740, 7890195.768121617, 38, 38, 0, 260.88237961983884, 38
51, 1840478, 1051658, 788820, 7890545.254938415, 117, 37, 80, 349.4868167986058, 39
1, 1840523, 1051703, 788820, 7890818.256944827, 45, 45, 0, 273.00200641113514, 45
1, 1840558, 1051738, 788820, 7891073.486872736, 35, 35, 0, 255.22992790977875, 35
1, 1840642, 1051782, 788860, 7891394.12688314, 84, 44, 40, 320.64001040350905, 45
1, 1840690, 1051830, 788860, 7891671.941685731, 48, 48, 0, 277.8148025904985, 48
51, 1840809, 1051869, 788940, 7892023.2250809325, 119, 39, 80, 351.28339520229764, 41
1, 1840890, 1051910, 788980, 7892340.525080932, 81, 41, 40, 317.3, 42
1, 1840923, 1051943, 788980, 7892591.8032536255, 33, 33, 0, 251.27817269284301, 33
51, 1841005, 1051975, 789030, 7892909.224923469, 82, 32, 50, 317.42166984345636, 33
1, 1841042, 1052012, 789030, 7893168.2574949255, 37, 37, 0, 259.03257145596604, 37
1, 1841115, 1052055, 789060, 7893477.2587734945, 73, 43, 30, 309.00127856917646, 44
1, 1841143, 1052083, 789060, 7893717.891436874, 28, 28, 0, 240.63266337912057, 28
1, 1841223, 1052123, 789100, 7894034.061193118, 80, 40, 40, 316.1697562442441, 41
51, 1841323, 1052173, 789150, 7894370.388959135, 100, 50, 50, 336.327766016838, 51
1, 1841386, 1052206, 789180, 7894666.820283861, 63, 33, 30, 296.43132472612575, 34
1, 1841421, 1052241, 789180, 7894922.05021177, 35, 35, 0, 255.22992790977875, 35
51, 1841549, 1052279, 789270, 7895280.208777872, 128, 38, 90, 358.1585661014858, 40
1, 1841589, 1052319, 789270, 7895544.695463808, 40, 40, 0, 264.4866859365871, 40
1, 1841625, 1052355, 789270, 7895801.844438086, 36, 36, 0, 257.1489742783178, 36
1, 1841668, 1052398, 789270, 7896071.51939829, 43, 43, 0, 269.6749602031015, 43
51, 1841819, 1052429, 789390, 7896445.564769496, 151, 31, 120, 374.04537120670284, 34
1, 1841863, 1052473, 789390, 7896716.915727186, 44, 44, 0, 271.35095769013947, 44
1, 1841909, 1052519, 789390, 7896991.5447959, 46, 46, 0, 274.6290687140218, 46
1, 1841946, 1052556, 789390, 7897250.577367356, 37, 37, 0, 259.03257145596604, 37
51, 1842080, 1052600, 789480, 7897613.810183275, 134, 44, 90, 363.23281591860336, 46
1, 1842142, 1052632, 789510, 7897908.9168096045, 62, 32, 30, 295.1066263296683, 33
1, 1842183, 1052673, 789510, 7898175.160763048, 41, 41, 0, 266.24395344352433, 41
1, 1842261, 1052711, 789550, 7898489.043549668, 78, 38, 40, 313.8827866200841, 39
51, 1842387, 1052757, 789630, 7898846.480445552, 126, 46, 80, 357.43689588345075, 48
1, 1842432, 1052802, 789630, 7899119.482451963, 45, 45, 0, 273.00200641113514, 45
1, 1842501, 1052841, 789660, 7899423.594593673, 69, 39, 30, 304.1121417102006, 40
1, 1842552, 1052892, 789660, 7899706.029105451, 51, 51, 0, 282.43451177837886, 51
51, 1842677, 1052927, 789750, 7900061.5992579395, 125, 35, 90, 355.57015248821097, 37
1, 1842753, 1052973, 789780, 7900374.158430313, 76, 46, 30, 312.5591723737189, 47
1, 1842784, 1053004, 789780, 7900621.319536489, 31, 31, 0, 247.1611061770567, 31
1, 1842823, 1053043, 789780, 7900884.019476433, 39, 39, 0, 262.6999399439383, 39
1, 1842867, 1053087, 789780, 7901155.370434123, 44, 44, 0, 271.35095769013947, 44
51, 1842991, 1053131, 789860, 7901511.069830671, 124, 44, 80, 355.6993965481514, 46
1, 1843057, 1053157, 789900, 7901810.396818948, 66, 26, 40, 299.32698827717985, 27
1, 1843094, 1053194, 789900, 7902069.429390404, 37, 37, 0, 259.03257145596604, 37
1, 1843135, 1053235, 789900, 7902335.6733438475, 41, 41, 0, 266.24395344352433, 41
1, 1843203, 1053273, 789930, 7902638.53551495, 68, 38, 30, 302.86217110259, 39
51, 1843329, 1053309, 790020, 7902994.972410833, 126, 36, 90, 356.43689588345075, 38
1, 1843359, 1053339, 790020, 7903240.007142765, 30, 30, 0, 245.0347319320716, 30
1, 1843397, 1053377, 790020, 7903500.889522385, 38, 38, 0, 260.88237961983884, 38
1, 1843434, 1053414, 790020, 7903759.922093841, 37, 37, 0, 259.03257145596604, 37
51, 1843557, 1053457, 790100, 7904114.746665103, 123, 43, 80, 354.8245712617827, 45
1, 1843636, 1053496, 790140, 7904429.777415234, 79, 39, 40, 315.03075013013313, 40
1, 1843703, 1053533, 790170, 7904731.377970492, 67, 37, 30, 301.6005552576305, 38
1, 1843744, 1053574, 790170, 7904997.621923935, 41, 41, 0, 266.24395344352433, 41
1, 1843820, 1053610, 790210, 7905309.181096308, 76, 36, 40, 311.5591723737189, 37
51, 1843913, 1053653, 790260, 7905638.423376215, 93, 43, 50, 329.24227990714814, 44
1, 1843957, 1053697, 790260, 7905909.7743339045, 44, 44, 0, 271.35095769013947, 44
1, 1844070, 1053740, 790330, 7906256.613377774, 113, 43, 70, 346.83904386951343, 45
51, 1844164, 1053784, 790380, 7906586.887103622, 94, 44, 50, 330.273725847777, 45
1, 1844205, 1053825, 790380, 7906853.131057065, 41, 41, 0, 266.24395344352433, 41
1, 1844246, 1053866, 790380, 7907119.375010508, 41, 41, 0, 266.24395344352433, 41
1, 1844283, 1053903, 790380, 7907378.4075819645, 37, 37, 0, 259.03257145596604, 37
51, 1844443, 1053943, 790500, 7907759.363463973, 160, 40, 120, 380.95588200778457, 43
1, 1844484, 1053984, 790500, 7908025.607417416, 41, 41, 0, 266.24395344352433, 41
1, 1844527, 1054027, 790500, 7908295.282377619, 43, 43, 0, 269.6749602031015, 43
1, 1844568, 1054068, 790500, 7908561.526331062, 41, 41, 0, 266.24395344352433, 41
51, 1844657, 1054107, 790550, 7908886.574196626, 89, 39, 50, 325.0478655640733, 40
1, 1844699, 1054149, 790550, 7909154.547186129, 42, 42, 0, 267.97298950218305, 42
1, 1844811, 1054191, 790620, 7909500.462498468, 112, 42, 70, 345.91531233955715, 44
1, 1844849, 1054229, 790620, 7909761.344878088, 38, 38, 0, 260.88237961983884, 38
51, 1844968, 1054268, 790700, 7910112.62827329, 119, 39, 80, 351.28339520229764, 41
1, 1845012, 1054312, 790700, 7910383.979230979, 44, 44, 0, 271.35095769013947, 44
1, 1845093, 1054353, 790740, 7910701.279230979, 81, 41, 40, 317.3, 42
1, 1845135, 1054395, 790740, 7910969.252220482, 42, 42, 0, 267.97298950218305, 42
51, 1845254, 1054434, 790820, 7911320.5356156835, 119, 39, 80, 351.28339520229764, 41
1, 1845294, 1054474, 790820, 7911585.02230162, 40, 40, 0, 264.4866859365871, 40
1, 1845341, 1054521, 790820, 7911861.255351489, 47, 47, 0, 276.2330498695885, 47
1, 1845446, 1054556, 790890, 7912200.5639387835, 105, 35, 70, 339.30858729436795, 37
51, 1845531, 1054591, 790940, 7912521.300966455, 85, 35, 50, 320.73702767108114, 36
1, 1845573, 1054633, 790940, 7912789.273955957, 42, 42, 0, 267.97298950218305, 42
1, 1845618, 1054678, 790940, 7913062.275962369, 45, 45, 0, 273.00200641113514, 45
51, 1845701, 1054711, 790990, 7913380.810910298, 83, 33, 50, 318.5349479292333, 34
1, 1845787, 1054757, 791030, 7913703.6370749455, 86, 46, 40, 322.82616464756694, 47
1, 1845854, 1054794, 791060, 7914005.237630203, 67, 37, 30, 301.6005552576305, 38
51, 1845939, 1054829, 791110, 7914325.974657875, 85, 35, 50, 320.73702767108114, 36
1, 1845973, 1054863, 791110, 7914579.248298151, 34, 34, 0, 253.2736402766418, 34
1, 1846006, 1054896, 791110, 7914830.526470845, 33, 33, 0, 251.27817269284301, 33
1, 1846076, 1054936, 791140, 7915135.877231697, 70, 40, 30, 305.3507608519078, 41
51, 1846212, 1054982, 791230, 7915500.772528731, 136, 46, 90, 364.89529703482884, 48
1, 1846258, 1055028, 791230, 7915775.401597445, 46, 46, 0, 274.6290687140218, 46
1, 1846329, 1055069, 791260, 7916081.979908263, 71, 41, 30, 306.57831081870995, 42
1, 1846409, 1055109, 791300, 7916398.149664507, 80, 40, 40, 316.1697562442441, 41
1, 1846478, 1055148, 791330, 7916702.261806217, 69, 39, 30, 304.1121417102006, 40
51, 1846572, 1055192, 791380, 7917032.535532065, 94, 44, 50, 330.273725847777, 45
1, 1846616, 1055236, 791380, 7917303.886489755, 44, 44, 0, 271.35095769013947, 44
1, 1846657, 1055277, 791380, 7917570.130443198, 41, 41, 0, 266.24395344352433, 41
51, 1846787, 1055317, 791470, 7917929.995280736, 130, 40, 90, 359.86483753851803, 42
1, 1846826, 1055356, 791470, 7918192.69522068, 39, 39, 0, 262.6999399439383, 39
1, 1846896, 1055396, 791500, 7918498.045981532, 70, 40, 30, 305.3507608519078, 41
1, 1846935, 1055435, 791500, 7918760.745921476, 39, 39, 0, 262.6999399439383, 39
51, 1847024, 1055474, 791550, 7919085.79378704, 89, 39, 50, 325.0478655640733, 40
1, 1847059, 1055509, 791550, 7919341.023714949, 35, 35, 0, 255.22992790977875, 35
1, 1847139, 1055549, 791590, 7919657.193471193, 80, 40, 40, 316.1697562442441, 41
1, 1847213, 1055593, 791620, 7919967.39067996, 74, 44, 30, 310.1972087668518, 45
1, 1847250, 1055630, 791620, 7920226.4232514165, 37, 37, 0, 259.03257145596604, 37
51, 1847340, 1055670, 791670, 7920552.530280241, 90, 40, 50, 326.1070288241023, 41
1, 1847418, 1055708, 791710, 7920866.413066861, 78, 38, 40, 313.8827866200841, 39
1, 1847492, 1055752, 791740, 7921176.610275628, 74, 44, 30, 310.1972087668518, 45
51, 1847589, 1055799, 791790, 7921509.9391749, 97, 47, 50, 333.3288992714996, 48
1, 1847711, 1055851, 791860, 7921864.884793454, 122, 52, 70, 354.9456185537469, 54
1, 1847756, 1055896, 791860, 7922137.886799865, 45, 45, 0, 273.00200641113514, 45
1, 1847787, 1055927, 791860, 7922385.047906042, 31, 31, 0, 247.1611061770567, 31
1, 1847830, 1055970, 791860, 7922654.722866246, 43, 43, 0, 269.6749602031015, 43
51, 1847955, 1056015, 791940, 7923011.293018734, 125, 45, 80, 356.57015248821097, 47
1, 1847992, 1056052, 791940, 7923270.3255901905, 37, 37, 0, 259.03257145596604, 37
1, 1848078, 1056098, 791980, 7923593.151754838, 86, 46, 40, 322.82616464756694, 47
1, 1848120, 1056140, 791980, 7923861.124744341, 42, 42, 0, 267.97298950218305, 42
51, 1848214, 1056184, 792030, 7924191.3984701885, 94, 44, 50, 330.273725847777, 45
1, 1848320, 1056220, 792100, 7924531.666513798, 106, 36, 70, 340.2680436096278, 38
1, 1848357, 1056257, 792100, 7924790.699085254, 37, 37, 0, 259.03257145596604, 37
1, 1848422, 1056292, 792130, 7925089.740236698, 65, 35, 30, 299.04115144336777, 36
51, 1848554, 1056334, 792220, 7925451.296359125, 132, 42, 90, 361.55612242701943, 44
1, 1848590, 1056370, 792220, 7925708.445333403, 36, 36, 0, 257.1489742783178, 36
1, 1848667, 1056407, 792260, 7926021.170997169, 77, 37, 40, 312.72566376652986, 38
1, 1848703, 1056443, 792260, 7926278.319971447, 36, 36, 0, 257.1489742783178, 36
51, 1848828, 1056488, 792340, 7926634.890123935, 125, 45, 80, 356.57015248821097, 47
1, 1848870, 1056530, 792340, 7926902.863113438, 42, 42, 0, 267.97298950218305, 42
1, 1848961, 1056581, 792380, 7927231.022175376, 91, 51, 40, 328.1590619387661, 52
51, 1849046, 1056616, 792430, 7927551.7592030475, 85, 35, 50, 320.73702767108114, 36
1, 1849085, 1056655, 792430, 7927814.459142991, 39, 39, 0, 262.6999399439383, 39
1, 1849162, 1056692, 792470, 7928127.184806758, 77, 37, 40, 312.72566376652986, 38
1, 1849236, 1056736, 792500, 7928437.382015524, 74, 44, 30, 310.1972087668518, 45
51, 1849331, 1056781, 792550, 7928768.6805796595, 95, 45, 50, 331.2985641352145, 46
1, 1849409, 1056829, 792580, 7929083.56336628, 78, 48, 30, 314.8827866200841, 49
1, 1849450, 1056870, 792580, 7929349.807319723, 41, 41, 0, 266.24395344352433, 41
1, 1849480, 1056900, 792580, 7929594.842051655, 30, 30, 0, 245.0347319320716, 30
1, 1849561, 1056941, 792620, 7929912.142051655, 81, 41, 40, 317.3, 42
51, 1849654, 1056984, 792670, 7930241.384331562, 93, 43, 50, 329.24227990714814, 44
1, 1849740, 1057030, 792710, 7930564.21049621, 86, 46, 40, 322.82616464756694, 47
1, 1849808, 1057068, 792740, 7930867.072667312, 68, 38, 30, 302.86217110259, 39
1, 1849848, 1057108, 792740, 7931131.559353248, 40, 40, 0, 264.4866859365871, 40
51, 1849943, 1057153, 792790, 7931462.857917383, 95, 45, 50, 331.2985641352145, 46
1, 1849982, 1057192, 792790, 7931725.557857327, 39, 39, 0, 262.6999399439383, 39
1, 1850047, 1057227, 792820, 7932024.599008771, 65, 35, 30, 299.04115144336777, 36
51, 1850178, 1057268, 792910, 7932385.311336986, 131, 41, 90, 360.7123282155055, 43
1, 1850245, 1057305, 792940, 7932686.911892244, 67, 37, 30, 301.6005552576305, 38
1, 1850276, 1057336, 792940, 7932934.07299842, 31, 31, 0, 247.1611061770567, 31
1, 1850356, 1057376, 792980, 7933250.242754664, 80, 40, 40, 316.1697562442441, 41
1, 1850397, 1057417, 792980, 7933516.486708107, 41, 41, 0, 266.24395344352433, 41
51, 1850490, 1057460, 793030, 7933845.728988014, 93, 43, 50, 329.24227990714814, 44
1, 1850528, 1057498, 793030, 7934106.611367634, 38, 38, 0, 260.88237961983884, 38
1, 1850611, 1057551, 793060, 7934427.146315563, 83, 53, 30, 320.5349479292333, 54
1, 1850697, 1057597, 793100, 7934749.9724802105, 86, 46, 40, 322.82616464756694, 47
51, 1850810, 1057630, 793180, 7935095.81152408, 113, 33, 80, 345.83904386951343, 35
1, 1850846, 1057666, 793180, 7935352.960498358, 36, 36, 0, 257.1489742783178, 36
1, 1850919, 1057699, 793220, 7935660.961776927, 73, 33, 40, 308.00127856917646, 34
1, 1850949, 1057729, 793220, 7935905.996508859, 30, 30, 0, 245.0347319320716, 30
51, 1851077, 1057767, 793310, 7936264.155074961, 128, 38, 90, 358.1585661014858, 40
1, 1851149, 1057809, 793340, 7936571.950137985, 72, 42, 30, 307.79506302439404, 43
1, 1851191, 1057851, 793340, 7936839.923127487, 42, 42, 0, 267.97298950218305, 42
1, 1851226, 1057886, 793340, 7937095.153055397, 35, 35, 0, 255.22992790977875, 35
51, 1851346, 1057926, 793420, 7937447.328147362, 120, 40, 80, 352.1750919646873, 42
1, 1851419, 1057959, 793460, 7937755.329425931, 73, 33, 40, 308.00127856917646, 34
1, 1851453, 1057993, 793460, 7938008.603066208, 34, 34, 0, 253.2736402766418, 34
51, 1851578, 1058028, 793550, 7938364.173218696, 125, 35, 90, 355.57015248821097, 37
1, 1851622, 1058072, 793550, 7938635.524176386, 44, 44, 0, 271.35095769013947, 44
1, 1851693, 1058113, 793580, 7938942.102487205, 71, 41, 30, 306.57831081870995, 42
1, 1851782, 1058162, 793620, 7939268.150352769, 89, 49, 40, 326.0478655640733, 50
51, 1851887, 1058217, 793670, 7939609.358940063, 105, 55, 50, 341.208587294368, 56
1, 1851922, 1058252, 793670, 7939864.588867973, 35, 35, 0, 255.22992790977875, 35
1, 1851956, 1058286, 793670, 7940117.8625082495, 34, 34, 0, 253.2736402766418, 34
1, 1851993, 1058323, 793670, 7940376.895079706, 37, 37, 0, 259.03257145596604, 37
51, 1852113, 1058363, 793750, 7940729.070171671, 120, 40, 80, 352.1750919646873, 42
1, 1852198, 1058408, 793790, 7941050.807199342, 85, 45, 40, 321.73702767108114, 46
1, 1852241, 1058451, 793790, 7941320.482159546, 43, 43, 0, 269.6749602031015, 43
1, 1852311, 1058491, 793820, 7941625.832920398, 70, 40, 30, 305.3507608519078, 41
1, 1852349, 1058529, 793820, 7941886.715300017, 38, 38, 0, 260.88237961983884, 38
51, 1852500, 1058560, 793940, 7942260.7606712235, 151, 31, 120, 374.04537120670284, 34
1, 1852545, 1058605, 793940, 7942533.762677635, 45, 45, 0, 273.00200641113514, 45
1, 1852612, 1058642, 793970, 7942835.363232893, 67, 37, 30, 301.6005552576305, 38
1, 1852661, 1058691, 793970, 7943114.738363999, 49, 49, 0, 279.3751311064591, 49
51, 1852829, 1058739, 794090, 7943501.658938367, 168, 48, 120, 386.9205743678508, 51
1, 1852868, 1058778, 794090, 7943764.358878311, 39, 39, 0, 262.6999399439383, 39
1, 1852916, 1058826, 794090, 7944042.1736809015, 48, 48, 0, 277.8148025904985, 48
1, 1852960, 1058870, 794090, 7944313.524638591, 44, 44, 0, 271.35095769013947, 44
1, 1852998, 1058908, 794090, 7944574.407018211, 38, 38, 0, 260.88237961983884, 38
51, 1853154, 1058944, 794210, 7944952.318902516, 156, 36, 120, 377.9118843049396, 39
1, 1853191, 1058981, 794210, 7945211.351473972, 37, 37, 0, 259.03257145596604, 37
1, 1853257, 1059017, 794240, 7945511.678462249, 66, 36, 30, 300.32698827717985, 37
1, 1853301, 1059061, 794240, 7945783.029419939, 44, 44, 0, 271.35095769013947, 44
1, 1853339, 1059099, 794240, 7946043.911799558, 38, 38, 0, 260.88237961983884, 38
51, 1853469, 1059139, 794330, 7946403.776637097, 130, 40, 90, 359.86483753851803, 42
1, 1853505, 1059175, 794330, 7946660.925611375, 36, 36, 0, 257.1489742783178, 36
1, 1853566, 1059206, 794360, 7946954.693850642, 61, 31, 30, 293.7682392671241, 32
51, 1853658, 1059248, 794410, 7947282.8979521105, 92, 42, 50, 328.20410146824725, 43
1, 1853731, 1059281, 794450, 7947590.8992306795, 73, 33, 40, 308.00127856917646, 34
1, 1853800, 1059320, 794480, 7947895.011372389, 69, 39, 30, 304.1121417102006, 40
1, 1853844, 1059364, 794480, 7948166.362330079, 44, 44, 0, 271.35095769013947, 44
1, 1853883, 1059403, 794480, 7948429.062270023, 39, 39, 0, 262.6999399439383, 39
51, 1854009, 1059439, 794570, 7948785.499165907, 126, 36, 90, 356.43689588345075, 38
1, 1854046, 1059476, 794570, 7949044.531737363, 37, 37, 0, 259.03257145596604, 37
1, 1854120, 1059520, 794600, 7949354.72894613, 74, 44, 30, 310.1972087668518, 45
1, 1854153, 1059553, 794600, 7949606.007118823, 33, 33, 0, 251.27817269284301, 33
1, 1854193, 1059593, 794600, 7949870.493804759, 40, 40, 0, 264.4866859365871, 40
51, 1854320, 1059640, 794680, 7950228.793487059, 127, 47, 80, 358.2996822992933, 49
1, 1854407, 1059687, 794720, 7950552.701068057, 87, 47, 40, 323.9075809977351, 48
1, 1854450, 1059730, 794720, 7950822.37602826, 43, 43, 0, 269.6749602031015, 43
1, 1854490, 1059770, 794720, 7951086.862714197, 40, 40, 0, 264.4866859365871, 40
51, 1854580, 1059810, 794770, 7951412.969743021, 90, 40, 50, 326.1070288241023, 41
1, 1854653, 1059853, 794800, 7951721.97102159, 73, 43, 30, 309.00127856917646, 44
1, 1854728, 1059888, 794840, 7952032.354117228, 75, 35, 40, 310.38309563827124, 36
51, 1854812, 1059922, 794890, 7952351.994127631, 84, 34, 50, 319.64001040350905, 35
1, 1854863, 1059973, 794890, 7952634.428639409, 51, 51, 0, 282.43451177837886, 51
1, 1854911, 1060021, 794890, 7952912.243442, 48, 48, 0, 277.8148025904985, 48
51, 1855069, 1060059, 795010, 7953291.682651255, 158, 38, 120, 379.43920925585275, 41
1, 1855101, 1060091, 795010, 7953540.924074256, 32, 32, 0, 249.24142300054422, 32
1, 1855174, 1060124, 795050, 7953848.925352825, 73, 33, 40, 308.00127856917646, 34
1, 1855214, 1060164, 795050, 7954113.412038761, 40, 40, 0, 264.4866859365871, 40
51, 1855342, 1060202, 795140, 7954471.570604863, 128, 38, 90, 358.1585661014858, 40
1, 1855426, 1060256, 795170, 7954793.210615266, 84, 54, 30, 321.64001040350905, 55
1, 1855498, 1060288, 795210, 7955100.0056782905, 72, 32, 40, 306.79506302439404, 33
51, 1855595, 1060335, 795260, 7955433.334577562, 97, 47, 50, 333.3288992714996, 48
1, 1855632, 1060372, 795260, 7955692.367149019, 37, 37, 0, 259.03257145596604, 37
1, 1855678, 1060418, 795260, 7955966.996217732, 46, 46, 0, 274.6290687140218, 46
1, 1855757, 1060457, 795300, 7956282.026967863, 79, 39, 40, 315.03075013013313, 40
51, 1855872, 1060492, 795380, 7956629.699184924, 115, 35, 80, 347.6722170622053, 37
1, 1855912, 1060532, 795380, 7956894.185870861, 40, 40, 0, 264.4866859365871, 40
1, 1856015, 1060565, 795450, 7957231.559120916, 103, 33, 70, 337.37325005549695, 35
1, 1856055, 1060605, 795450, 7957496.045806852, 40, 40, 0, 264.4866859365871, 40
1, 1856097, 1060647, 795450, 7957764.0187963545, 42, 42, 0, 267.97298950218305, 42
51, 1856228, 1060688, 795540, 7958124.73112457, 131, 41, 90, 360.7123282155055, 43
1, 1856270, 1060730, 795540, 7958392.704114072, 42, 42, 0, 267.97298950218305, 42
1, 1856333, 1060763, 795570, 7958689.135438798, 63, 33, 30, 296.43132472612575, 34
1, 1856378, 1060808, 795570, 7958962.13744521, 45, 45, 0, 273.00200641113514, 45
51, 1856501, 1060841, 795660, 7959315.962016472, 123, 33, 90, 353.8245712617827, 35
1, 1856541, 1060881, 795660, 7959580.448702408, 40, 40, 0, 264.4866859365871, 40
1, 1856652, 1060922, 795730, 7959925.435420449, 111, 41, 70, 344.9867180408456, 43
1, 1856693, 1060963, 795730, 7960191.679373892, 41, 41, 0, 266.24395344352433, 41
51, 1856785, 1061005, 795780, 7960519.88347536, 92, 42, 50, 328.20410146824725, 43
1, 1856828, 1061048, 795780, 7960789.558435564, 43, 43, 0, 269.6749602031015, 43
1, 1856910, 1061090, 795820, 7961107.980105408, 82, 42, 40, 318.42166984345636, 43
1, 1856976, 1061126, 795850, 7961408.307093685, 66, 36, 30, 300.32698827717985, 37
1, 1857057, 1061167, 795890, 7961725.607093684, 81, 41, 40, 317.3, 42
51, 1857145, 1061205, 795940, 7962049.588525046, 88, 38, 50, 323.98143136087856, 39
1, 1857194, 1061254, 795940, 7962328.963656152, 49, 49, 0, 279.3751311064591, 49
1, 1857263, 1061293, 795970, 7962633.075797861, 69, 39, 30, 304.1121417102006, 40
51, 1857358, 1061338, 796020, 7962964.374361997, 95, 45, 50, 331.2985641352145, 46
1, 1857432, 1061382, 796050, 7963274.571570763, 74, 44, 30, 310.1972087668518, 45
1, 1857502, 1061412, 796090, 7963578.922331615, 70, 30, 40, 304.3507608519078, 31
1, 1857541, 1061451, 796090, 7963841.622271559, 39, 39, 0, 262.6999399439383, 39
1, 1857610, 1061490, 796120, 7964145.734413269, 69, 39, 30, 304.1121417102006, 40
51, 1857686, 1061516, 796170, 7964456.293585642, 76, 26, 50, 310.5591723737189, 27
1, 1857789, 1061549, 796240, 7964793.666835697, 103, 33, 70, 337.37325005549695, 35
1, 1857829, 1061589, 796240, 7965058.153521634, 40, 40, 0, 264.4866859365871, 40
1, 1857897, 1061627, 796270, 7965361.015692736, 68, 38, 30, 302.86217110259, 39
51, 1857982, 1061662, 796320, 7965681.752720407, 85, 35, 50, 320.73702767108114, 36
1, 1858062, 1061702, 796360, 7965997.922476651, 80, 40, 40, 316.1697562442441, 41
1, 1858105, 1061745, 796360, 7966267.597436855, 43, 43, 0, 269.6749602031015, 43
1, 1858144, 1061784, 796360, 7966530.2973767985, 39, 39, 0, 262.6999399439383, 39
51, 1858230, 1061820, 796410, 7966852.123541446, 86, 36, 50, 321.82616464756694, 37
1, 1858303, 1061863, 796440, 7967161.124820015, 73, 43, 30, 309.00127856917646, 44
1, 1858385, 1061905, 796480, 7967479.546489859, 82, 42, 40, 318.42166984345636, 43
1, 1858425, 1061945, 796480, 7967744.033175795, 40, 40, 0, 264.4866859365871, 40
1, 1858463, 1061983, 796480, 7968004.915555415, 38, 38, 0, 260.88237961983884, 38
51, 1858551, 1062021, 796530, 7968328.896986776, 88, 38, 50, 323.98143136087856, 39
1, 1858658, 1062058, 796600, 7968670.119132046, 107, 37, 70, 341.2221452697031, 39
1, 1858703, 1062103, 796600, 7968943.121138457, 45, 45, 0, 273.00200641113514, 45
1, 1858748, 1062148, 796600, 7969216.123144869, 45, 45, 0, 273.00200641113514, 45
51, 1858835, 1062185, 796650, 7969539.030725867, 87, 37, 50, 322.9075809977351, 38
1, 1858924, 1062234, 796690, 7969865.078591431, 89, 49, 40, 326.0478655640733, 50
1, 1858960, 1062270, 796690, 7970122.227565709, 36, 36, 0, 257.1489742783178, 36
1, 1859030, 1062310, 796720, 7970427.578326561, 70, 40, 30, 305.3507608519078, 41
51, 1859113, 1062343, 796770, 7970746.1132744895, 83, 33, 50, 318.5349479292333, 34
1, 1859186, 1062386, 796800, 7971055.1145530585, 73, 43, 30, 309.00127856917646, 44
1, 1859235, 1062435, 796800, 7971334.4896841645, 49, 49, 0, 279.3751311064591, 49
1, 1859304, 1062464, 796840, 7971637.601825874, 69, 29, 40, 303.1121417102006, 30
51, 1859384, 1062494, 796890, 7971952.771582118, 80, 30, 50, 315.1697562442441, 31
1, 1859457, 1062537, 796920, 7972261.772860687, 73, 43, 30, 309.00127856917646, 44
1, 1859541, 1062581, 796960, 7972582.412871091, 84, 44, 40, 320.64001040350905, 45
1, 1859586, 1062626, 796960, 7972855.414877502, 45, 45, 0, 273.00200641113514, 45
51, 1859698, 1062658, 797040, 7973200.330189842, 112, 32, 80, 344.91531233955715, 34
1, 1859731, 1062691, 797040, 7973451.608362535, 33, 33, 0, 251.27817269284301, 33
1, 1859812, 1062732, 797080, 7973768.908362535, 81, 41, 40, 317.3, 42
1, 1859849, 1062769, 797080, 7974027.940933991, 37, 37, 0, 259.03257145596604, 37
51, 1859937, 1062807, 797130, 7974351.9223653525, 88, 38, 50, 323.98143136087856, 39
1, 1859975, 1062845, 797130, 7974612.804744972, 38, 38, 0, 260.88237961983884, 38
1, 1860087, 1062887, 797200, 7974958.7200573115, 112, 42, 70, 345.91531233955715, 44
1, 1860127, 1062927, 797200, 7975223.206743248, 40, 40, 0, 264.4866859365871, 40
1, 1860159, 1062959, 797200, 7975472.448166248, 32, 32, 0, 249.24142300054422, 32
51, 1860288, 1062998, 797290, 7975831.461766739, 129, 39, 90, 359.01360049114555, 41
1, 1860360, 1063040, 797320, 7976139.256829764, 72, 42, 30, 307.79506302439404, 43
1, 1860394, 1063074, 797320, 7976392.530470041, 34, 34, 0, 253.2736402766418, 34
1, 1860439, 1063119, 797320, 7976665.532476452, 45, 45, 0, 273.00200641113514, 45
51, 1860572, 1063162, 797410, 7977027.928745493, 133, 43, 90, 362.3962690412072, 45
1, 1860643, 1063203, 797440, 7977334.507056312, 71, 41, 30, 306.57831081870995, 42
1, 1860682, 1063242, 797440, 7977597.206996256, 39, 39, 0, 262.6999399439383, 39
51, 1860764, 1063274, 797490, 7977914.628666099, 82, 32, 50, 317.42166984345636, 33
1, 1860840, 1063310, 797530, 7978226.187838472, 76, 36, 40, 311.5591723737189, 37
1, 1860914, 1063354, 797560, 7978536.385047239, 74, 44, 30, 310.1972087668518, 45
1, 1860963, 1063403, 797560, 7978815.760178345, 49, 49, 0, 279.3751311064591, 49
1, 1861050, 1063450, 797600, 7979139.667759343, 87, 47, 40, 323.9075809977351, 48
51, 1861131, 1063481, 797650, 7979455.967759343, 81, 31, 50, 316.3, 32
1, 1861172, 1063522, 797650, 7979722.211712786, 41, 41, 0, 266.24395344352433, 41
1, 1861218, 1063568, 797650, 7979996.8407815, 46, 46, 0, 274.6290687140218, 46
51, 1861333, 1063603, 797730, 7980344.512998561, 115, 35, 80, 347.6722170622053, 37
1, 1861407, 1063637, 797770, 7980653.710207328, 74, 34, 40, 309.1972087668518, 35
1, 1861453, 1063683, 797770, 7980928.339276042, 46, 46, 0, 274.6290687140218, 46
1, 1861522, 1063722, 797800, 7981232.451417752, 69, 39, 30, 304.1121417102006, 40
1, 1861607, 1063767, 797840, 7981554.188445423, 85, 45, 40, 321.73702767108114, 46
51, 1861723, 1063803, 797920, 7981902.770248914, 116, 36, 80, 348.5818034911291, 38
1, 1861750, 1063830, 797920, 7982141.1209546095, 27, 27, 0, 238.35070569547776, 27
1, 1861778, 1063858, 797920, 7982381.753617989, 28, 28, 0, 240.63266337912057, 28
51, 1861869, 1063899, 797970, 7982708.912679927, 91, 41, 50, 327.1590619387661, 42
1, 1861947, 1063937, 798010, 7983022.795466548, 78, 38, 40, 313.8827866200841, 39
1, 1862018, 1063978, 798040, 7983329.373777366, 71, 41, 30, 306.57831081870995, 42
1, 1862101, 1064021, 798080, 7983648.908725295, 83, 43, 40, 319.5349479292333, 44
51, 1862189, 1064059, 798130, 7983972.8901566565, 88, 38, 50, 323.98143136087856, 39
1, 1862240, 1064110, 798130, 7984255.324668434, 51, 51, 0, 282.43451177837886, 51
1, 1862322, 1064152, 798170, 7984573.746338278, 82, 42, 40, 318.42166984345636, 43
1, 1862397, 1064197, 798200, 7984885.129433916, 75, 45, 30, 311.38309563827124, 46
51, 1862482, 1064232, 798250, 7985205.866461587, 85, 35, 50, 320.73702767108114, 36
1, 1862571, 1064281, 798290, 7985531.914327151, 89, 49, 40, 326.0478655640733, 50
1, 1862611, 1064321, 798290, 7985796.4010130875, 40, 40, 0, 264.4866859365871, 40
1, 1862648, 1064358, 798290, 7986055.433584544, 37, 37, 0, 259.03257145596604, 37
51, 1862746, 1064406, 798340, 7986389.768212909, 98, 48, 50, 334.33462836457886, 49
1, 1862817, 1064447, 798370, 7986696.346523727, 71, 41, 30, 306.57831081870995, 42
1, 1862900, 1064490, 798410, 7987015.881471656, 83, 43, 40, 319.5349479292333, 44
51, 1862987, 1064527, 798460, 7987338.789052654, 87, 37, 50, 322.9075809977351, 38
1, 1863033, 1064573, 798460, 7987613.418121368, 46, 46, 0, 274.6290687140218, 46
1, 1863148, 1064618, 798530, 7987962.090338429, 115, 45, 70, 348.6722170622053, 47
51, 1863237, 1064657, 798580, 7988287.138203993, 89, 39, 50, 325.0478655640733, 40
1, 1863274, 1064694, 798580, 7988546.17077545, 37, 37, 0, 259.03257145596604, 37
1, 1863315, 1064735, 798580, 7988812.414728893, 41, 41, 0, 266.24395344352433, 41
51, 1863410, 1064780, 798630, 7989143.713293028, 95, 45, 50, 331.2985641352145, 46
1, 1863492, 1064822, 798670, 7989462.134962872, 82, 42, 40, 318.42166984345636, 43
1, 1863551, 1064851, 798700, 7989753.183763119, 59, 29, 30, 291.0488002476036, 30
1, 1863584, 1064884, 798700, 7990004.461935813, 33, 33, 0, 251.27817269284301, 33
51, 1863718, 1064928, 798790, 7990367.694751731, 134, 44, 90, 363.23281591860336, 46
1, 1863747, 1064957, 798790, 7990610.554330442, 29, 29, 0, 242.8595787106084, 29
1, 1863790, 1065000, 798790, 7990880.229290646, 43, 43, 0, 269.6749602031015, 43
1, 1863873, 1065043, 798830, 7991199.764238575, 83, 43, 40, 319.5349479292333, 44
1, 1863945, 1065085, 798860, 7991507.559301599, 72, 42, 30, 307.79506302439404, 43
51, 1864041, 1065131, 798910, 7991839.876217614, 96, 46, 50, 332.31691601465747, 47
1, 1864116, 1065166, 798950, 7992150.259313252, 75, 35, 40, 310.38309563827124, 36
1, 1864149, 1065199, 798950, 7992401.537485945, 33, 33, 0, 251.27817269284301, 33
1, 1864193, 1065243, 798950, 7992672.888443635, 44, 44, 0, 271.35095769013947, 44
51, 1864282, 1065282, 799000, 7992997.936309199, 89, 39, 50, 325.0478655640733, 40
1, 1864393, 1065323, 799070, 7993342.92302724, 111, 41, 70, 344.9867180408456, 43
1, 1864429, 1065359, 799070, 7993600.072001518, 36, 36, 0, 257.1489742783178, 36
51, 1864557, 1065397, 799160, 7993958.230567619, 128, 38, 90, 358.1585661014858, 40
1, 1864596, 1065436, 799160, 7994220.930507563, 39, 39, 0, 262.6999399439383, 39
1, 1864637, 1065477, 799160, 7994487.174461006, 41, 41, 0, 266.24395344352433, 41
1, 1864746, 1065516, 799230, 7994830.289092505, 109, 39, 70, 343.114631499574, 41
51, 1864826, 1065546, 799280, 7995145.458848749, 80, 30, 50, 315.1697562442441, 31
1, 1864893, 1065583, 799310, 7995447.059404007, 67, 37, 30, 301.6005552576305, 38
1, 1864930, 1065620, 799310, 7995706.091975464, 37, 37, 0, 259.03257145596604, 37
1, 1864973, 1065663, 799310, 7995975.766935667, 43, 43, 0, 269.6749602031015, 43
1, 1865038, 1065688, 799350, 7996273.8080871105, 65, 25, 40, 298.04115144336777, 26
51, 1865136, 1065736, 799400, 7996608.1427154755, 98, 48, 50, 334.33462836457886, 49
1, 1865213, 1065783, 799430, 7996921.868379242, 77, 47, 30, 313.72566376652986, 48
1, 1865247, 1065817, 799430, 7997175.142019519, 34, 34, 0, 253.2736402766418, 34
1, 1865290, 1065860, 799430, 7997444.816979722, 43, 43, 0, 269.6749602031015, 43
51, 1865411, 1065891, 799520, 7997796.879458758, 121, 31, 90, 352.06247903554, 33
1, 1865460, 1065940, 799520, 7998076.254589864, 49, 49, 0, 279.3751311064591, 49
1, 1865507, 1065987, 799520, 7998352.487639734, 47, 47, 0, 276.2330498695885, 47
1, 1865615, 1066025, 799590, 7998694.658619281, 108, 38, 70, 342.1709795470626, 40
51, 1865705, 1066065, 799640, 7999020.765648105, 90, 40, 50, 326.1070288241023, 41
1, 1865791, 1066111, 799680, 7999343.591812753, 86, 46, 40, 322.82616464756694, 47
1, 1865830, 1066150, 799680, 7999606.291752697, 39, 39, 0, 262.6999399439383, 39
1, 1865874, 1066194, 799680, 7999877.642710387, 44, 44, 0, 271.35095769013947, 44
1, 1865946, 1066236, 799710, 8000185.437773411, 72, 42, 30, 307.79506302439404, 43
51, 1866065, 1066265, 799800, 8000535.721168613, 119, 29, 90, 350.28339520229764, 31
1, 1866099, 1066299, 799800, 8000788.99480889, 34, 34, 0, 253.2736402766418, 34
1, 1866132, 1066332, 799800, 8001040.272981583, 33, 33, 0, 251.27817269284301, 33
51, 1866268, 1066378, 799890, 8001405.168278618, 136, 46, 90, 364.89529703482884, 48
1, 1866343, 1066423, 799920, 8001716.551374256, 75, 45, 30, 311.38309563827124, 46
1, 1866392, 1066472, 799920, 8001995.926505362, 49, 49, 0, 279.3751311064591, 49
51, 1866487, 1066517, 799970, 8002327.225069497, 95, 45, 50, 331.2985641352145, 46
1, 1866598, 1066558, 800040, 8002672.211787538, 111, 41, 70, 344.9867180408456, 43
1, 1866637, 1066597, 800040, 8002934.9117274815, 39, 39, 0, 262.6999399439383, 39
51, 1866730, 1066640, 800090, 8003264.154007388, 93, 43, 50, 329.24227990714814, 44
1, 1866807, 1066677, 800130, 8003576.879671155, 77, 37, 40, 312.72566376652986, 38
1, 1866849, 1066719, 800130, 8003844.852660657, 42, 42, 0, 267.97298950218305, 42
1, 1866885, 1066755, 800130, 8004102.001634935, 36, 36, 0, 257.1489742783178, 36
1, 1866987, 1066787, 800200, 8004438.398817716, 102, 32, 70, 336.39718278112656, 34
51, 1867084, 1066834, 800250, 8004771.727716988, 97, 47, 50, 333.3288992714996, 48
1, 1867120, 1066870, 800250, 8005028.876691266, 36, 36, 0, 257.1489742783178, 36
1, 1867151, 1066901, 800250, 8005276.037797443, 31, 31, 0, 247.1611061770567, 31
1, 1867265, 1066945, 800320, 8005623.795785135, 114, 44, 70, 347.75798769167545, 46
1, 1867310, 1066990, 800320, 8005896.797791546, 45, 45, 0, 273.00200641113514, 45
51, 1867399, 1067029, 800370, 8006221.84565711, 89, 39, 50, 325.0478655640733, 40
1, 1867443, 1067073, 800370, 8006493.1966148, 44, 44, 0, 271.35095769013947, 44
1, 1867514, 1067114, 800400, 8006799.774925618, 71, 41, 30, 306.57831081870995, 42
1, 1867589, 1067149, 800440, 8007110.158021256, 75, 35, 40, 310.38309563827124, 36
51, 1867707, 1067187, 800520, 8007460.545346425, 118, 38, 80, 350.3873251689181, 40
1, 1867745, 1067225, 800520, 8007721.427726044, 38, 38, 0, 260.88237961983884, 38
1, 1867786, 1067266, 800520, 8007987.671679487, 41, 41, 0, 266.24395344352433, 41
1, 1867899, 1067309, 800590, 8008334.510723357, 113, 43, 70, 346.83904386951343, 45
51, 1867992, 1067352, 800640, 8008663.753003264, 93, 43, 50, 329.24227990714814, 44
1, 1868025, 1067385, 800640, 8008915.031175957, 33, 33, 0, 251.27817269284301, 33
1, 1868052, 1067412, 800640, 8009153.381881652, 27, 27, 0, 238.35070569547776, 27
1, 1868082, 1067442, 800640, 8009398.416613584, 30, 30, 0, 245.0347319320716, 30
51, 1868242, 1067482, 800760, 8009779.372495593, 160, 40, 120, 380.95588200778457, 43
1, 1868292, 1067532, 800760, 8010060.28729044, 50, 50, 0, 280.9147948472494, 50
1, 1868330, 1067570, 800760, 8010321.169670059, 38, 38, 0, 260.88237961983884, 38
51, 1868491, 1067611, 800880, 8010702.87996666, 161, 41, 120, 381.7102966008917, 44
1, 1868526, 1067646, 800880, 8010958.10989457, 35, 35, 0, 255.22992790977875, 35
1, 1868603, 1067683, 800920, 8011270.835558336, 77, 37, 40, 312.72566376652986, 38
51, 1868694, 1067724, 800970, 8011597.994620275, 91, 41, 50, 327.1590619387661, 42
1, 1868773, 1067773, 801000, 8011914.025370405, 79, 49, 30, 316.03075013013313, 50
1, 1868808, 1067808, 801000, 8012169.255298315, 35, 35, 0, 255.22992790977875, 35
1, 1868885, 1067845, 801040, 8012481.980962081, 77, 37, 40, 312.72566376652986, 38
1, 1868922, 1067882, 801040, 8012741.013533537, 37, 37, 0, 259.03257145596604, 37
51, 1869016, 1067926, 801090, 8013071.287259385, 94, 44, 50, 330.273725847777, 45
1, 1869060, 1067970, 801090, 8013342.638217075, 44, 44, 0, 271.35095769013947, 44
1, 1869179, 1068019, 801160, 8013694.921612277, 119, 49, 70, 352.28339520229764, 51
1, 1869225, 1068065, 801160, 8013969.55068099, 46, 46, 0, 274.6290687140218, 46
51, 1869353, 1068103, 801250, 8014327.709247092, 128, 38, 90, 358.1585661014858, 40
1, 1869391, 1068141, 801250, 8014588.591626711, 38, 38, 0, 260.88237961983884, 38
1, 1869456, 1068176, 801280, 8014887.632778155, 65, 35, 30, 299.04115144336777, 36
1, 1869497, 1068217, 801280, 8015153.876731598, 41, 41, 0, 266.24395344352433, 41
51, 1869623, 1068263, 801360, 8015511.313627481, 126, 46, 80, 357.43689588345075, 48
1, 1869705, 1068305, 801400, 8015829.735297325, 82, 42, 40, 318.42166984345636, 43
1, 1869745, 1068345, 801400, 8016094.221983261, 40, 40, 0, 264.4866859365871, 40
1, 1869809, 1068379, 801430, 8016391.964695736, 64, 34, 30, 297.742712474619, 35
1, 1869886, 1068416, 801470, 8016704.690359502, 77, 37, 40, 312.72566376652986, 38
51, 1869982, 1068462, 801520, 8017037.007275517, 96, 46, 50, 332.31691601465747, 47
1, 1870049, 1068499, 801550, 8017338.607830775, 67, 37, 30, 301.6005552576305, 38
1, 1870091, 1068541, 801550, 8017606.580820277, 42, 42, 0, 267.97298950218305, 42
1, 1870163, 1068573, 801590, 8017913.375883302, 72, 32, 40, 306.79506302439404, 33
51, 1870255, 1068615, 801640, 8018241.57998477, 92, 42, 50, 328.20410146824725, 43
1, 1870324, 1068654, 801670, 8018545.69212648, 69, 39, 30, 304.1121417102006, 40
1, 1870364, 1068694, 801670, 8018810.178812416, 40, 40, 0, 264.4866859365871, 40
1, 1870435, 1068725, 801710, 8019115.757123235, 71, 31, 40, 305.57831081870995, 32
51, 1870519, 1068759, 801760, 8019435.397133638, 84, 34, 50, 319.64001040350905, 35
1, 1870603, 1068803, 801800, 8019756.037144042, 84, 44, 40, 320.64001040350905, 45
1, 1870647, 1068847, 801800, 8020027.388101731, 44, 44, 0, 271.35095769013947, 44
1, 1870719, 1068889, 801830, 8020335.183164756, 72, 42, 30, 307.79506302439404, 43
1, 1870761, 1068931, 801830, 8020603.156154258, 42, 42, 0, 267.97298950218305, 42
51, 1870846, 1068966, 801880, 8020923.893181929, 85, 35, 50, 320.73702767108114, 36
1, 1870960, 1069010, 801950, 8021271.651169621, 114, 44, 70, 347.75798769167545, 46
1, 1871004, 1069054, 801950, 8021543.002127311, 44, 44, 0, 271.35095769013947, 44
1, 1871074, 1069084, 801990, 8021847.352888163, 70, 30, 40, 304.3507608519078, 31
51, 1871165, 1069125, 802040, 8022174.511950102, 91, 41, 50, 327.1590619387661, 42
1, 1871236, 1069166, 802070, 8022481.09026092, 71, 41, 30, 306.57831081870995, 42
1, 1871278, 1069208, 802070, 8022749.0632504225, 42, 42, 0, 267.97298950218305, 42
1, 1871361, 1069251, 802110, 8023068.598198351, 83, 43, 40, 319.5349479292333, 44
51, 1871457, 1069297, 802160, 8023400.915114366, 96, 46, 50, 332.31691601465747, 47
1, 1871498, 1069338, 802160, 8023667.15906781, 41, 41, 0, 266.24395344352433, 41
1, 1871536, 1069376, 802160, 8023928.041447429, 38, 38, 0, 260.88237961983884, 38
1, 1871604, 1069414, 802190, 8024230.903618531, 68, 38, 30, 302.86217110259, 39
51, 1871697, 1069457, 802240, 8024560.145898438, 93, 43, 50, 329.24227990714814, 44
1, 1871775, 1069495, 802280, 8024874.0286850585, 78, 38, 40, 313.8827866200841, 39
1, 1871821, 1069541, 802280, 8025148.657753772, 46, 46, 0, 274.6290687140218, 46
1, 1871859, 1069579, 802280, 8025409.5401333915, 38, 38, 0, 260.88237961983884, 38
51, 1871948, 1069618, 802330, 8025734.5879989555, 89, 39, 50, 325.0478655640733, 40
1, 1872055, 1069655, 802400, 8026075.810144225, 107, 37, 70, 341.2221452697031, 39
1, 1872082, 1069682, 802400, 8026314.1608499205, 27, 27, 0, 238.35070569547776, 27
1, 1872114, 1069714, 802400, 8026563.402272921, 32, 32, 0, 249.24142300054422, 32
51, 1872228, 1069748, 802480, 8026910.160260613, 114, 34, 80, 346.75798769167545, 36
1, 1872306, 1069786, 802520, 8027224.0430472335, 78, 38, 40, 313.8827866200841, 39
1, 1872345, 1069825, 802520, 8027486.742987177, 39, 39, 0, 262.6999399439383, 39
1, 1872385, 1069865, 802520, 8027751.229673114, 40, 40, 0, 264.4866859365871, 40
51, 1872511, 1069901, 802610, 8028107.666568997, 126, 36, 90, 356.43689588345075, 38
1, 1872552, 1069942, 802610, 8028373.91052244, 41, 41, 0, 266.24395344352433, 41
1, 1872631, 1069991, 802640, 8028689.941272571, 79, 49, 30, 316.03075013013313, 50
1, 1872708, 1070028, 802680, 8029002.666936337, 77, 37, 40, 312.72566376652986, 38
51, 1872831, 1070071, 802760, 8029357.491507599, 123, 43, 80, 354.8245712617827, 45
1, 1872878, 1070118, 802760, 8029633.724557469, 47, 47, 0, 276.2330498695885, 47
1, 1872917, 1070157, 802760, 8029896.4244974125, 39, 39, 0, 262.6999399439383, 39
1, 1872953, 1070193, 802760, 8030153.5734716905, 36, 36, 0, 257.1489742783178, 36
51, 1873117, 1070237, 802880, 8030537.531662527, 164, 44, 120, 383.9581908363381, 47
1, 1873157, 1070277, 802880, 8030802.018348463, 40, 40, 0, 264.4866859365871, 40
1, 1873198, 1070318, 802880, 8031068.262301906, 41, 41, 0, 266.24395344352433, 41
1, 1873250, 1070370, 802880, 8031352.197263334, 52, 52, 0, 283.93496142826496, 52
51, 1873340, 1070410, 802930, 8031678.304292158, 90, 40, 50, 326.1070288241023, 41
1, 1873450, 1070450, 803000, 8032022.357476205, 110, 40, 70, 344.0531840464366, 42
1, 1873490, 1070490, 803000, 8032286.844162141, 40, 40, 0, 264.4866859365871, 40
1, 1873569, 1070539, 803030, 8032602.874912271, 79, 49, 30, 316.03075013013313, 50
51, 1873658, 1070578, 803080, 8032927.922777835, 89, 39, 50, 325.0478655640733, 40
1, 1873740, 1070620, 803120, 8033246.344447679, 82, 42, 40, 318.42166984345636, 43
1, 1873790, 1070670, 803120, 8033527.259242526, 50, 50, 0, 280.9147948472494, 50
51, 1873876, 1070706, 803170, 8033849.085407174, 86, 36, 50, 321.82616464756694, 37
1, 1873941, 1070741, 803200, 8034148.126558618, 65, 35, 30, 299.04115144336777, 36
1, 1873982, 1070782, 803200, 8034414.370512061, 41, 41, 0, 266.24395344352433, 41
1, 1874023, 1070823, 803200, 8034680.614465504, 41, 41, 0, 266.24395344352433, 41
1, 1874125, 1070855, 803270, 8035017.011648285, 102, 32, 70, 336.39718278112656, 34
51, 1874217, 1070897, 803320, 8035345.215749754, 92, 42, 50, 328.20410146824725, 43
1, 1874287, 1070937, 803350, 8035650.566510606, 70, 40, 30, 305.3507608519078, 41
1, 1874368, 1070978, 803390, 8035967.866510605, 81, 41, 40, 317.3, 42
1, 1874435, 1071015, 803420, 8036269.467065863, 67, 37, 30, 301.6005552576305, 38
51, 1874566, 1071056, 803510, 8036630.179394078, 131, 41, 90, 360.7123282155055, 43
1, 1874605, 1071095, 803510, 8036892.879334022, 39, 39, 0, 262.6999399439383, 39
1, 1874714, 1071134, 803580, 8037235.993965521, 109, 39, 70, 343.114631499574, 41
51, 1874800, 1071170, 803630, 8037557.820130169, 86, 36, 50, 321.82616464756694, 37
1, 1874868, 1071208, 803660, 8037860.682301272, 68, 38, 30, 302.86217110259, 39
1, 1874912, 1071252, 803660, 8038132.0332589615, 44, 44, 0, 271.35095769013947, 44
1, 1874985, 1071295, 803690, 8038441.0345375305, 73, 43, 30, 309.00127856917646, 44
51, 1875112, 1071332, 803780, 8038798.33421983, 127, 37, 90, 357.2996822992933, 39
1, 1875182, 1071372, 803810, 8039103.684980682, 70, 40, 30, 305.3507608519078, 41
1, 1875218, 1071408, 803810, 8039360.83395496, 36, 36, 0, 257.1489742783178, 36
1, 1875307, 1071457, 803850, 8039686.881820524, 89, 49, 40, 326.0478655640733, 50
1, 1875338, 1071488, 803850, 8039934.042926701, 31, 31, 0, 247.1611061770567, 31
51, 1875460, 1071530, 803930, 8040287.988545255, 122, 42, 80, 353.9456185537469, 44
1, 1875546, 1071576, 803970, 8040610.814709903, 86, 46, 40, 322.82616464756694, 47
1, 1875583, 1071613, 803970, 8040869.847281359, 37, 37, 0, 259.03257145596604, 37
1, 1875623, 1071653, 803970, 8041134.3339672955, 40, 40, 0, 264.4866859365871, 40
51, 1875734, 1071684, 804050, 8041478.320685336, 111, 31, 80, 343.9867180408456, 33
1, 1875761, 1071711, 804050, 8041716.671391032, 27, 27, 0, 238.35070569547776, 27
1, 1875838, 1071748, 804090, 8042029.397054798, 77, 37, 40, 312.72566376652986, 38
1, 1875905, 1071785, 804120, 8042330.997610056, 67, 37, 30, 301.6005552576305, 38
1, 1875933, 1071813, 804120, 8042571.630273435, 28, 28, 0, 240.63266337912057, 28
51, 1876009, 1071839, 804170, 8042882.1894458085, 76, 26, 50, 310.5591723737189, 27
1, 1876074, 1071874, 804200, 8043181.230597252, 65, 35, 30, 299.04115144336777, 36
1, 1876115, 1071915, 804200, 8043447.474550695, 41, 41, 0, 266.24395344352433, 41
1, 1876213, 1071943, 804270, 8043779.90917906, 98, 28, 70, 332.4346283645789, 30
51, 1876301, 1071981, 804320, 8044103.890610421, 88, 38, 50, 323.98143136087856, 39
1, 1876337, 1072017, 804320, 8044361.039584699, 36, 36, 0, 257.1489742783178, 36
1, 1876379, 1072059, 804320, 8044629.012574201, 42, 42, 0, 267.97298950218305, 42
1, 1876415, 1072095, 804320, 8044886.161548479, 36, 36, 0, 257.1489742783178, 36
1, 1876492, 1072132, 804360, 8045198.887212246, 77, 37, 40, 312.72566376652986, 38
51, 1876607, 1072167, 804440, 8045546.5594293075, 115, 35, 80, 347.6722170622053, 37
1, 1876661, 1072221, 804440, 8045833.44003039, 54, 54, 0, 286.88060108295343, 54
1, 1876697, 1072257, 804440, 8046090.589004668, 36, 36, 0, 257.1489742783178, 36
1, 1876809, 1072299, 804510, 8046436.504317008, 112, 42, 70, 345.91531233955715, 44
51, 1876903, 1072343, 804560, 8046766.778042856, 94, 44, 50, 330.273725847777, 45
1, 1876940, 1072380, 804560, 8047025.810614312, 37, 37, 0, 259.03257145596604, 37
1, 1876982, 1072422, 804560, 8047293.783603814, 42, 42, 0, 267.97298950218305, 42
1, 1877021, 1072461, 804560, 8047556.483543758, 39, 39, 0, 262.6999399439383, 39
51, 1877159, 1072509, 804650, 8047923.02747331, 138, 48, 90, 366.54392955194305, 50
1, 1877234, 1072554, 804680, 8048234.410568948, 75, 45, 30, 311.38309563827124, 46
1, 1877260, 1072580, 804680, 8048470.420655383, 26, 26, 0, 236.01008643532256, 26
1, 1877301, 1072621, 804680, 8048736.664608826, 41, 41, 0, 266.24395344352433, 41
1, 1877337, 1072657, 804680, 8048993.813583104, 36, 36, 0, 257.1489742783178, 36
51, 1877468, 1072698, 804770, 8049354.525911319, 131, 41, 90, 360.7123282155055, 43
1, 1877536, 1072736, 804800, 8049657.388082421, 68, 38, 30, 302.86217110259, 39
1, 1877581, 1072781, 804800, 8049930.390088833, 45, 45, 0, 273.00200641113514, 45
1, 1877622, 1072822, 804800, 8050196.634042276, 41, 41, 0, 266.24395344352433, 41
1, 1877670, 1072870, 804800, 8050474.448844867, 48, 48, 0, 277.8148025904985, 48
51, 1877791, 1072901, 804890, 8050826.511323903, 121, 31, 90, 352.06247903554, 33
1, 1877836, 1072946, 804890, 8051099.513330314, 45, 45, 0, 273.00200641113514, 45
1, 1877906, 1072986, 804920, 8051404.864091166, 70, 40, 30, 305.3507608519078, 41
51, 1878000, 1073030, 804970, 8051735.137817014, 94, 44, 50, 330.273725847777, 45
1, 1878033, 1073063, 804970, 8051986.415989707, 33, 33, 0, 251.27817269284301, 33
1, 1878080, 1073110, 804970, 8052262.649039577, 47, 47, 0, 276.2330498695885, 47
51, 1878209, 1073149, 805060, 8052621.662640068, 129, 39, 90, 359.01360049114555, 41
1, 1878276, 1073186, 805090, 8052923.263195326, 67, 37, 30, 301.6005552576305, 38
1, 1878310, 1073220, 805090, 8053176.5368356025, 34, 34, 0, 253.2736402766418, 34
1, 1878391, 1073261, 805130, 8053493.836835602, 81, 41, 40, 317.3, 42
51, 1878484, 1073304, 805180, 8053823.079115509, 93, 43, 50, 329.24227990714814, 44
1, 1878517, 1073337, 805180, 8054074.357288202, 33, 33, 0, 251.27817269284301, 33
1, 1878586, 1073376, 805210, 8054378.469429912, 69, 39, 30, 304.1121417102006, 40
1, 1878623, 1073413, 805210, 8054637.502001368, 37, 37, 0, 259.03257145596604, 37
1, 1878656, 1073446, 805210, 8054888.780174062, 33, 33, 0, 251.27817269284301, 33
51, 1878814, 1073484, 805330, 8055268.219383317, 158, 38, 120, 379.43920925585275, 41
1, 1878854, 1073524, 805330, 8055532.706069253, 40, 40, 0, 264.4866859365871, 40
1, 1878904, 1073574, 805330, 8055813.620864101, 50, 50, 0, 280.9147948472494, 50
1, 1878978, 1073618, 805360, 8056123.818072868, 74, 44, 30, 310.1972087668518, 45
51, 1879069, 1073659, 805410, 8056450.977134806, 91, 41, 50, 327.1590619387661, 42
1, 1879145, 1073695, 805450, 8056762.536307179, 76, 36, 40, 311.5591723737189, 37
1, 1879189, 1073739, 805450, 8057033.887264869, 44, 44, 0, 271.35095769013947, 44
1, 1879259, 1073779, 805480, 8057339.238025721, 70, 40, 30, 305.3507608519078, 41
51, 1879341, 1073811, 805530, 8057656.659695565, 82, 32, 50, 317.42166984345636, 33
1, 1879420, 1073860, 805560, 8057972.690445695, 79, 49, 30, 316.03075013013313, 50
1, 1879500, 1073900, 805600, 8058288.860201939, 80, 40, 40, 316.1697562442441, 41
1, 1879550, 1073950, 805600, 8058569.774996786, 50, 50, 0, 280.9147948472494, 50
51, 1879716, 1073996, 805720, 8058955.219264421, 166, 46, 120, 385.4442676339201, 49
1, 1879753, 1074033, 805720, 8059214.251835877, 37, 37, 0, 259.03257145596604, 37
1, 1879814, 1074064, 805750, 8059508.020075144, 61, 31, 30, 293.7682392671241, 32
51, 1879944, 1074104, 805840, 8059867.884912683, 130, 40, 90, 359.86483753851803, 42
1, 1880020, 1074150, 805870, 8060180.444085056, 76, 46, 30, 312.5591723737189, 47
1, 1880058, 1074188, 805870, 8060441.326464675, 38, 38, 0, 260.88237961983884, 38
1, 1880098, 1074228, 805870, 8060705.813150612, 40, 40, 0, 264.4866859365871, 40
1, 1880160, 1074260, 805900, 8061000.919776942, 62, 32, 30, 295.1066263296683, 33
51, 1880281, 1074291, 805990, 8061352.982255978, 121, 31, 90, 352.06247903554, 33
1, 1880323, 1074333, 805990, 8061620.95524548, 42, 42, 0, 267.97298950218305, 42
1, 1880359, 1074369, 805990, 8061878.104219758, 36, 36, 0, 257.1489742783178, 36
1, 1880403, 1074413, 805990, 8062149.455177448, 44, 44, 0, 271.35095769013947, 44
51, 1880523, 1074453, 806070, 8062501.630269413, 120, 40, 80, 352.1750919646873, 42
1, 1880603, 1074493, 806110, 8062817.800025657, 80, 40, 40, 316.1697562442441, 41
1, 1880642, 1074532, 806110, 8063080.499965601, 39, 39, 0, 262.6999399439383, 39
1, 1880688, 1074578, 806110, 8063355.129034314, 46, 46, 0, 274.6290687140218, 46
51, 1880812, 1074612, 806200, 8063709.828430862, 124, 34, 90, 354.6993965481514, 36
1, 1880858, 1074658, 806200, 8063984.457499576, 46, 46, 0, 274.6290687140218, 46
1, 1880932, 1074702, 806230, 8064294.654708343, 74, 44, 30, 310.1972087668518, 45
51, 1881022, 1074742, 806280, 8064620.761737167, 90, 40, 50, 326.1070288241023, 41
1, 1881112, 1074792, 806320, 8064947.868765991, 90, 50, 40, 327.1070288241023, 51
1, 1881150, 1074830, 806320, 8065208.751145611, 38, 38, 0, 260.88237961983884, 38
51, 1881227, 1074857, 806370, 8065520.476809377, 77, 27, 50, 311.72566376652986, 28
1, 1881262, 1074892, 806370, 8065775.706737286, 35, 35, 0, 255.22992790977875, 35
1, 1881335, 1074935, 806400, 8066084.708015855, 73, 43, 30, 309.00127856917646, 44
51, 1881462, 1074972, 806490, 8066442.007698155, 127, 37, 90, 357.2996822992933, 39
1, 1881532, 1075012, 806520, 8066747.358459007, 70, 40, 30, 305.3507608519078, 41
1, 1881555, 1075035, 806520, 8066975.952329316, 23, 23, 0, 228.5938703094842, 23
1, 1881642, 1075082, 806560, 8067299.859910314, 87, 47, 40, 323.9075809977351, 48
1, 1881671, 1075111, 806560, 8067542.719489025, 29, 29, 0, 242.8595787106084, 29
51, 1881798, 1075148, 806650, 8067900.019171325, 127, 37, 90, 357.2996822992933, 39
1, 1881874, 1075194, 806680, 8068212.578343698, 76, 46, 30, 312.5591723737189, 47
1, 1881901, 1075221, 806680, 8068450.929049393, 27, 27, 0, 238.35070569547776, 27
51, 1881982, 1075252, 806730, 8068767.229049393, 81, 31, 50, 316.3, 32
1, 1882026, 1075296, 806730, 8069038.580007083, 44, 44, 0, 271.35095769013947, 44
1, 1882151, 1075351, 806800, 8069396.150159571, 125, 55, 70, 357.57015248821097, 57
1, 1882186, 1075386, 806800, 8069651.380087481, 35, 35, 0, 255.22992790977875, 35
51, 1882323, 1075433, 806890, 8070017.101409686, 137, 47, 90, 365.72132220485213, 49
1, 1882356, 1075466, 806890, 8070268.379582379, 33, 33, 0, 251.27817269284301, 33
1, 1882406, 1075516, 806890, 8070549.294377226, 50, 50, 0, 280.9147948472494, 50
1, 1882473, 1075553, 806920, 8070850.894932484, 67, 37, 30, 301.6005552576305, 38
1, 1882519, 1075599, 806920, 8071125.524001198, 46, 46, 0, 274.6290687140218, 46
51, 1882647, 1075637, 807010, 8071483.682567299, 128, 38, 90, 358.1585661014858, 40
1, 1882698, 1075688, 807010, 8071766.117079077, 51, 51, 0, 282.43451177837886, 51
1, 1882764, 1075724, 807040, 8072066.444067354, 66, 36, 30, 300.32698827717985, 37
1, 1882833, 1075753, 807080, 8072369.556209064, 69, 29, 40, 303.1121417102006, 30
51, 1882957, 1075797, 807160, 8072725.255605612, 124, 44, 80, 355.6993965481514, 46
1, 1883003, 1075843, 807160, 8072999.884674326, 46, 46, 0, 274.6290687140218, 46
1, 1883083, 1075883, 807200, 8073316.0544305695, 80, 40, 40, 316.1697562442441, 41
1, 1883150, 1075920, 807230, 8073617.654985827, 67, 37, 30, 301.6005552576305, 38
1, 1883183, 1075953, 807230, 8073868.933158521, 33, 33, 0, 251.27817269284301, 33
51, 1883277, 1075997, 807280, 8074199.206884368, 94, 44, 50, 330.273725847777, 45
1, 1883324, 1076044, 807280, 8074475.439934238, 47, 47, 0, 276.2330498695885, 47
1, 1883365, 1076085, 807280, 8074741.683887681, 41, 41, 0, 266.24395344352433, 41
1, 1883481, 1076131, 807350, 8075091.265691172, 116, 46, 70, 349.5818034911291, 48
51, 1883566, 1076166, 807400, 8075412.0027188435, 85, 35, 50, 320.73702767108114, 36
1, 1883605, 1076205, 807400, 8075674.702658787, 39, 39, 0, 262.6999399439383, 39
1, 1883640, 1076240, 807400, 8075929.932586697, 35, 35, 0, 255.22992790977875, 35
51, 1883770, 1076280, 807490, 8076289.797424235, 130, 40, 90, 359.86483753851803, 42
1, 1883840, 1076320, 807520, 8076595.148185087, 70, 40, 30, 305.3507608519078, 41
1, 1883911, 1076351, 807560, 8076900.726495906, 71, 31, 40, 305.57831081870995, 32
1, 1883963, 1076403, 807560, 8077184.661457334, 52, 52, 0, 283.93496142826496, 52
51, 1884049, 1076439, 807610, 8077506.487621982, 86, 36, 50, 321.82616464756694, 37
1, 1884101, 1076491, 807610, 8077790.42258341, 52, 52, 0, 283.93496142826496, 52
1, 1884215, 1076535, 807680, 8078138.180571102, 114, 44, 70, 347.75798769167545, 46
1, 1884252, 1076572, 807680, 8078397.213142558, 37, 37, 0, 259.03257145596604, 37
51, 1884334, 1076604, 807730, 8078714.634812402, 82, 32, 50, 317.42166984345636, 33
1, 1884377, 1076647, 807730, 8078984.309772605, 43, 43, 0, 269.6749602031015, 43
1, 1884492, 1076692, 807800, 8079332.981989667, 115, 45, 70, 348.6722170622053, 47
51, 1884578, 1076728, 807850, 8079654.808154315, 86, 36, 50, 321.82616464756694, 37
1, 1884667, 1076787, 807880, 8079981.856019879, 89, 59, 30, 327.0478655640733, 60
1, 1884704, 1076824, 807880, 8080240.888591335, 37, 37, 0, 259.03257145596604, 37
1, 1884813, 1076863, 807950, 8080584.003222834, 109, 39, 70, 343.114631499574, 41
51, 1884916, 1076916, 808000, 8080923.27647289, 103, 53, 50, 339.27325005549693, 54
1, 1884952, 1076952, 808000, 8081180.425447168, 36, 36, 0, 257.1489742783178, 36
1, 1885036, 1076996, 808040, 8081501.065457571, 84, 44, 40, 320.64001040350905, 45
1, 1885079, 1077039, 808040, 8081770.740417775, 43, 43, 0, 269.6749602031015, 43
51, 1885206, 1077086, 808120, 8082129.040100074, 127, 47, 80, 358.2996822992933, 49
1, 1885239, 1077119, 808120, 8082380.318272768, 33, 33, 0, 251.27817269284301, 33
1, 1885271, 1077151, 808120, 8082629.559695768, 32, 32, 0, 249.24142300054422, 32
1, 1885352, 1077192, 808160, 8082946.859695768, 81, 41, 40, 317.3, 42
51, 1885439, 1077229, 808210, 8083269.767276766, 87, 37, 50, 322.9075809977351, 38
1, 1885511, 1077271, 808240, 8083577.56233979, 72, 42, 30, 307.79506302439404, 43
1, 1885549, 1077309, 808240, 8083838.44471941, 38, 38, 0, 260.88237961983884, 38
51, 1885643, 1077353, 808290, 8084168.718445257, 94, 44, 50, 330.273725847777, 45
1, 1885723, 1077393, 808330, 8084484.888201501, 80, 40, 40, 316.1697562442441, 41
1, 1885765, 1077435, 808330, 8084752.861191004, 42, 42, 0, 267.97298950218305, 42
1, 1885840, 1077480, 808360, 8085064.2442866415, 75, 45, 30, 311.38309563827124, 46
51, 1885933, 1077523, 808410, 8085393.486566548, 93, 43, 50, 329.24227990714814, 44
1, 1885994, 1077554, 808440, 8085687.254805815, 61, 31, 30, 293.7682392671241, 32
1, 1886080, 1077600, 808480, 8086010.080970463, 86, 46, 40, 322.82616464756694, 47
1, 1886121, 1077641, 808480, 8086276.3249239065, 41, 41, 0, 266.24395344352433, 41
1, 1886169, 1077689, 808480, 8086554.139726497, 48, 48, 0, 277.8148025904985, 48
51, 1886264, 1077734, 808530, 8086885.438290632, 95, 45, 50, 331.2985641352145, 46
1, 1886299, 1077769, 808530, 8087140.668218542, 35, 35, 0, 255.22992790977875, 35
1, 1886404, 1077804, 808600, 8087479.976805836, 105, 35, 70, 339.30858729436795, 37
1, 1886448, 1077848, 808600, 8087751.327763526, 44, 44, 0, 271.35095769013947, 44
51, 1886569, 1077889, 808680, 8088104.390242562, 121, 41, 80, 353.06247903554, 43
1, 1886614, 1077934, 808680, 8088377.392248973, 45, 45, 0, 273.00200641113514, 45
1, 1886688, 1077968, 808720, 8088686.58945774, 74, 34, 40, 309.1972087668518, 35
1, 1886732, 1078012, 808720, 8088957.94041543, 44, 44, 0, 271.35095769013947, 44
51, 1886825, 1078055, 808770, 8089287.182695337, 93, 43, 50, 329.24227990714814, 44
1, 1886869, 1078099, 808770, 8089558.533653026, 44, 44, 0, 271.35095769013947, 44
1, 1886975, 1078135, 808840, 8089898.801696636, 106, 36, 70, 340.2680436096278, 38
1, 1887011, 1078171, 808840, 8090155.950670914, 36, 36, 0, 257.1489742783178, 36
51, 1887107, 1078217, 808890, 8090488.267586929, 96, 46, 50, 332.31691601465747, 47
1, 1887184, 1078264, 808920, 8090801.993250695, 77, 47, 30, 313.72566376652986, 48
1, 1887264, 1078304, 808960, 8091118.163006939, 80, 40, 40, 316.1697562442441, 41
1, 1887304, 1078344, 808960, 8091382.649692875, 40, 40, 0, 264.4866859365871, 40
51, 1887397, 1078387, 809010, 8091711.891972782, 93, 43, 50, 329.24227990714814, 44
1, 1887472, 1078422, 809050, 8092022.27506842, 75, 35, 40, 310.38309563827124, 36
1, 1887508, 1078458, 809050, 8092279.424042698, 36, 36, 0, 257.1489742783178, 36
1, 1887581, 1078501, 809080, 8092588.425321267, 73, 43, 30, 309.00127856917646, 44
51, 1887667, 1078537, 809130, 8092910.251485915, 86, 36, 50, 321.82616464756694, 37
1, 1887716, 1078586, 809130, 8093189.626617021, 49, 49, 0, 279.3751311064591, 49
1, 1887753, 1078623, 809130, 8093448.659188477, 37, 37, 0, 259.03257145596604, 37
1, 1887834, 1078664, 809170, 8093765.959188477, 81, 41, 40, 317.3, 42
51, 1887928, 1078708, 809220, 8094096.232914325, 94, 44, 50, 330.273725847777, 45
1, 1888002, 1078752, 809250, 8094406.430123092, 74, 44, 30, 310.1972087668518, 45
1, 1888049, 1078799, 809250, 8094682.663172961, 47, 47, 0, 276.2330498695885, 47
1, 1888093, 1078843, 809250, 8094954.014130651, 44, 44, 0, 271.35095769013947, 44
1, 1888177, 1078887, 809290, 8095274.6541410545, 84, 44, 40, 320.64001040350905, 45
51, 1888272, 1078932, 809340, 8095605.95270519, 95, 45, 50, 331.2985641352145, 46
1, 1888374, 1078964, 809410, 8095942.349887971, 102, 32, 70, 336.39718278112656, 34
1, 1888417, 1079007, 809410, 8096212.024848174, 43, 43, 0, 269.6749602031015, 43
51, 1888514, 1079054, 809460, 8096545.353747446, 97, 47, 50, 333.3288992714996, 48
1, 1888544, 1079084, 809460, 8096790.388479378, 30, 30, 0, 245.0347319320716, 30
1, 1888605, 1079115, 809490, 8097084.156718645, 61, 31, 30, 293.7682392671241, 32
1, 1888679, 1079149, 809530, 8097393.353927412, 74, 34, 40, 309.1972087668518, 35
51, 1888769, 1079189, 809580, 8097719.460956236, 90, 40, 50, 326.1070288241023, 41
1, 1888802, 1079222, 809580, 8097970.73912893, 33, 33, 0, 251.27817269284301, 33
1, 1888875, 1079265, 809610, 8098279.740407499, 73, 43, 30, 309.00127856917646, 44
1, 1888912, 1079302, 809610, 8098538.772978955, 37, 37, 0, 259.03257145596604, 37
51, 1889002, 1079342, 809660, 8098864.880007779, 90, 40, 50, 326.1070288241023, 41
1, 1889087, 1079387, 809700, 8099186.61703545, 85, 45, 40, 321.73702767108114, 46
1, 1889127, 1079427, 809700, 8099451.103721387, 40, 40, 0, 264.4866859365871, 40
1, 1889202, 1079472, 809730, 8099762.486817025, 75, 45, 30, 311.38309563827124, 46
51, 1889340, 1079520, 809820, 8100129.030746576, 138, 48, 90, 366.54392955194305, 50
1, 1889386, 1079566, 809820, 8100403.65981529, 46, 46, 0, 274.6290687140218, 46
1, 1889470, 1079610, 809860, 8100724.2998256935, 84, 44, 40, 320.64001040350905, 45
51, 1889559, 1079649, 809910, 8101049.3476912575, 89, 39, 50, 325.0478655640733, 40
1, 1889605, 1079695, 809910, 8101323.976759971, 46, 46, 0, 274.6290687140218, 46
1, 1889716, 1079736, 809980, 8101668.963478012, 111, 41, 70, 344.9867180408456, 43
1, 1889757, 1079777, 809980, 8101935.207431455, 41, 41, 0, 266.24395344352433, 41
51, 1889847, 1079817, 810030, 8102261.314460279, 90, 40, 50, 326.1070288241023, 41
1, 1889912, 1079852, 810060, 8102560.355611723, 65, 35, 30, 299.04115144336777, 36
1, 1889984, 1079884, 810100, 8102867.150674747, 72, 32, 40, 306.79506302439404, 33
1, 1890029, 1079929, 810100, 8103140.152681159, 45, 45, 0, 273.00200641113514, 45
51, 1890115, 1079965, 810150, 8103461.978845807, 86, 36, 50, 321.82616464756694, 37
1, 1890214, 1080024, 810190, 8103798.31306036, 99, 59, 40, 336.33421455299043, 60
1, 1890250, 1080060, 810190, 8104055.462034638, 36, 36, 0, 257.1489742783178, 36
51, 1890371, 1080101, 810270, 8104408.524513674, 121, 41, 80, 353.06247903554, 43
1, 1890408, 1080138, 810270, 8104667.55708513, 37, 37, 0, 259.03257145596604, 37
1, 1890446, 1080176, 810270, 8104928.43946475, 38, 38, 0, 260.88237961983884, 38
1, 1890523, 1080213, 810310, 8105241.165128516, 77, 37, 40, 312.72566376652986, 38
51, 1890641, 1080251, 810390, 8105591.552453685, 118, 38, 80, 350.3873251689181, 40
1, 1890685, 1080295, 810390, 8105862.903411374, 44, 44, 0, 271.35095769013947, 44
1, 1890770, 1080340, 810430, 8106184.640439046, 85, 45, 40, 321.73702767108114, 46
1, 1890838, 1080378, 810460, 8106487.502610148, 68, 38, 30, 302.86217110259, 39
51, 1890934, 1080424, 810510, 8106819.819526163, 96, 46, 50, 332.31691601465747, 47
1, 1891019, 1080469, 810550, 8107141.556553834, 85, 45, 40, 321.73702767108114, 46
1, 1891093, 1080513, 810580, 8107451.753762601, 74, 44, 30, 310.1972087668518, 45
51, 1891177, 1080547, 810630, 8107771.393773004, 84, 34, 50, 319.64001040350905, 35
1, 1891241, 1080581, 810660, 8108069.136485479, 64, 34, 30, 297.742712474619, 35
1, 1891289, 1080629, 810660, 8108346.95128807, 48, 48, 0, 277.8148025904985, 48
1, 1891401, 1080671, 810730, 8108692.866600409, 112, 42, 70, 345.91531233955715, 44
1, 1891438, 1080708, 810730, 8108951.899171866, 37, 37, 0, 259.03257145596604, 37
51, 1891524, 1080744, 810780, 8109273.7253365135, 86, 36, 50, 321.82616464756694, 37
1, 1891567, 1080787, 810780, 8109543.400296717, 43, 43, 0, 269.6749602031015, 43
1, 1891682, 1080832, 810850, 8109892.072513779, 115, 45, 70, 348.6722170622053, 47
1, 1891729, 1080879, 810850, 8110168.305563648, 47, 47, 0, 276.2330498695885, 47
51, 1891849, 1080919, 810930, 8110520.480655613, 120, 40, 80, 352.1750919646873, 42
1, 1891882, 1080952, 810930, 8110771.758828307, 33, 33, 0, 251.27817269284301, 33
1, 1891929, 1080999, 810930, 8111047.991878176, 47, 47, 0, 276.2330498695885, 47
1, 1892001, 1081031, 810970, 8111354.7869412005, 72, 32, 40, 306.79506302439404, 33
51, 1892120, 1081070, 811050, 8111706.070336402, 119, 39, 80, 351.28339520229764, 41
1, 1892194, 1081104, 811090, 8112015.267545169, 74, 34, 40, 309.1972087668518, 35
1, 1892230, 1081140, 811090, 8112272.416519447, 36, 36, 0, 257.1489742783178, 36
51, 1892320, 1081180, 811140, 8112598.5235482715, 90, 40, 50, 326.1070288241023, 41
1, 1892403, 1081223, 811180, 8112918.0584962005, 83, 43, 40, 319.5349479292333, 44
1, 1892472, 1081262, 811210, 8113222.17063791, 69, 39, 30, 304.1121417102006, 40
51, 1892568, 1081308, 811260, 8113554.487553925, 96, 46, 50, 332.31691601465747, 47
1, 1892645, 1081345, 811300, 8113867.2132176915, 77, 37, 40, 312.72566376652986, 38
1, 1892679, 1081379, 811300, 8114120.486857968, 34, 34, 0, 253.2736402766418, 34
51, 1892795, 1081415, 811380, 8114469.06866146, 116, 36, 80, 348.5818034911291, 38
1, 1892826, 1081446, 811380, 8114716.229767636, 31, 31, 0, 247.1611061770567, 31
1, 1892860, 1081480, 811380, 8114969.503407913, 34, 34, 0, 253.2736402766418, 34
1, 1892897, 1081517, 811380, 8115228.53597937, 37, 37, 0, 259.03257145596604, 37
51, 1893054, 1081554, 811500, 8115607.2128724875, 157, 37, 120, 378.67689311792185, 40
1, 1893094, 1081594, 811500, 8115871.699558424, 40, 40, 0, 264.4866859365871, 40
1, 1893126, 1081626, 811500, 8116120.940981424, 32, 32, 0, 249.24142300054422, 32
1, 1893235, 1081665, 811570, 8116464.055612924, 109, 39, 70, 343.114631499574, 41
1, 1893282, 1081712, 811570, 8116740.288662793, 47, 47, 0, 276.2330498695885, 47
51, 1893381, 1081761, 811620, 8117075.622877346, 99, 49, 50, 335.33421455299043, 50
1, 1893463, 1081803, 811660, 8117394.04454719, 82, 42, 40, 318.42166984345636, 43
1, 1893497, 1081837, 811660, 8117647.318187467, 34, 34, 0, 253.2736402766418, 34
51, 1893618, 1081878, 811740, 8118000.380666503, 121, 41, 80, 353.06247903554, 43
1, 1893649, 1081909, 811740, 8118247.541772679, 31, 31, 0, 247.1611061770567, 31
1, 1893692, 1081952, 811740, 8118517.216732883, 43, 43, 0, 269.6749602031015, 43
1, 1893767, 1081997, 811770, 8118828.599828521, 75, 45, 30, 311.38309563827124, 46
1, 1893845, 1082035, 811810, 8119142.482615141, 78, 38, 40, 313.8827866200841, 39
51, 1893944, 1082084, 811860, 8119477.816829694, 99, 49, 50, 335.33421455299043, 50
1, 1893976, 1082116, 811860, 8119727.058252695, 32, 32, 0, 249.24142300054422, 32
1, 1894067, 1082167, 811900, 8120055.217314634, 91, 51, 40, 328.1590619387661, 52
51, 1894193, 1082213, 811980, 8120412.654210517, 126, 46, 80, 357.43689588345075, 48
1, 1894229, 1082249, 811980, 8120669.803184795, 36, 36, 0, 257.1489742783178, 36
1, 1894263, 1082283, 811980, 8120923.076825072, 34, 34, 0, 253.2736402766418, 34
1, 1894313, 1082333, 811980, 8121203.991619919, 50, 50, 0, 280.9147948472494, 50
1, 1894387, 1082367, 812020, 8121513.188828686, 74, 34, 40, 309.1972087668518, 35
51, 1894497, 1082397, 812100, 8121856.242012733, 110, 30, 80, 343.0531840464366, 32
1, 1894530, 1082430, 812100, 8122107.520185426, 33, 33, 0, 251.27817269284301, 33
1, 1894570, 1082470, 812100, 8122372.006871362, 40, 40, 0, 264.4866859365871, 40
1, 1894618, 1082518, 812100, 8122649.821673953, 48, 48, 0, 277.8148025904985, 48
1, 1894709, 1082569, 812140, 8122977.9807358915, 91, 51, 40, 328.1590619387661, 52
51, 1894823, 1082603, 812220, 8123324.7387235835, 114, 34, 80, 346.75798769167545, 36
1, 1894871, 1082651, 812220, 8123602.553526174, 48, 48, 0, 277.8148025904985, 48
1, 1894905, 1082685, 812220, 8123855.827166451, 34, 34, 0, 253.2736402766418, 34
1, 1894982, 1082722, 812260, 8124168.552830217, 77, 37, 40, 312.72566376652986, 38
51, 1895069, 1082759, 812310, 8124491.460411215, 87, 37, 50, 322.9075809977351, 38
1, 1895104, 1082794, 812310, 8124746.690339125, 35, 35, 0, 255.22992790977875, 35
1, 1895218, 1082838, 812380, 8125094.448326817, 114, 44, 70, 347.75798769167545, 46
51, 1895300, 1082870, 812430, 8125411.86999666, 82, 32, 50, 317.42166984345636, 33
1, 1895343, 1082913, 812430, 8125681.544956864, 43, 43, 0, 269.6749602031015, 43
1, 1895414, 1082954, 812460, 8125988.123267682, 71, 41, 30, 306.57831081870995, 42
1, 1895460, 1083000, 812460, 8126262.752336396, 46, 46, 0, 274.6290687140218, 46
1, 1895533, 1083043, 812490, 8126571.753614965, 73, 43, 30, 309.00127856917646, 44
51, 1895656, 1083076, 812580, 8126925.578186227, 123, 33, 90, 353.8245712617827, 35
1, 1895695, 1083115, 812580, 8127188.278126171, 39, 39, 0, 262.6999399439383, 39
1, 1895765, 1083155, 812610, 8127493.628887023, 70, 40, 30, 305.3507608519078, 41
1, 1895800, 1083190, 812610, 8127748.858814932, 35, 35, 0, 255.22992790977875, 35
51, 1895934, 1083234, 812700, 8128112.091630851, 134, 44, 90, 363.23281591860336, 46
1, 1896003, 1083273, 812730, 8128416.203772561, 69, 39, 30, 304.1121417102006, 40
1, 1896034, 1083304, 812730, 8128663.364878737, 31, 31, 0, 247.1611061770567, 31
1, 1896063, 1083333, 812730, 8128906.224457448, 29, 29, 0, 242.8595787106084, 29
1, 1896142, 1083372, 812770, 8129221.255207579, 79, 39, 40, 315.03075013013313, 40
51, 1896262, 1083412, 812850, 8129573.430299544, 120, 40, 80, 352.1750919646873, 42
1, 1896295, 1083445, 812850, 8129824.708472237, 33, 33, 0, 251.27817269284301, 33
1, 1896339, 1083489, 812850, 8130096.059429927, 44, 44, 0, 271.35095769013947, 44
1, 1896372, 1083522, 812850, 8130347.33760262, 33, 33, 0, 251.27817269284301, 33
1, 1896416, 1083566, 812850, 8130618.68856031, 44, 44, 0, 271.35095769013947, 44
51, 1896562, 1083622, 812940, 8130991.695320508, 146, 56, 90, 373.006760198857, 58
1, 1896643, 1083673, 812970, 8131309.995320508, 81, 51, 30, 318.3, 52
1, 1896685, 1083715, 812970, 8131577.968310011, 42, 42, 0, 267.97298950218305, 42
51, 1896812, 1083752, 813060, 8131935.26799231, 127, 37, 90, 357.2996822992933, 39
1, 1896851, 1083791, 813060, 8132197.967932254, 39, 39, 0, 262.6999399439383, 39
1, 1896888, 1083828, 813060, 8132457.0005037105, 37, 37, 0, 259.03257145596604, 37
1, 1896944, 1083854, 813090, 8132743.856983684, 56, 26, 30, 286.8564799734761, 27
51, 1897034, 1083894, 813140, 8133069.964012508, 90, 40, 50, 326.1070288241023, 41
1, 1897071, 1083931, 813140, 8133328.996583965, 37, 37, 0, 259.03257145596604, 37
1, 1897146, 1083966, 813180, 8133639.379679603, 75, 35, 40, 310.38309563827124, 36
1, 1897218, 1084008, 813210, 8133947.174742627, 72, 42, 30, 307.79506302439404, 43
51, 1897302, 1084042, 813260, 8134266.81475303, 84, 34, 50, 319.64001040350905, 35
1, 1897333, 1084073, 813260, 8134513.975859207, 31, 31, 0, 247.1611061770567, 31
1, 1897412, 1084112, 813300, 8134829.006609337, 79, 39, 40, 315.03075013013313, 40
1, 1897489, 1084159, 813330, 8135142.732273104, 77, 47, 30, 313.72566376652986, 48
51, 1897583, 1084203, 813380, 8135473.005998951, 94, 44, 50, 330.273725847777, 45
1, 1897624, 1084244, 813380, 8135739.2499523945, 41, 41, 0, 266.24395344352433, 41
1, 1897702, 1084282, 813420, 8136053.132739015, 78, 38, 40, 313.8827866200841, 39
1, 1897743, 1084323, 813420, 8136319.376692458, 41, 41, 0, 266.24395344352433, 41
51, 1897887, 1084377, 813510, 8136690.786853972, 144, 54, 90, 371.41016151377545, 56
1, 1897954, 1084414, 813540, 8136992.38740923, 67, 37, 30, 301.6005552576305, 38
1, 1897986, 1084446, 813540, 8137241.62883223, 32, 32, 0, 249.24142300054422, 32
51, 1898077, 1084487, 813590, 8137568.787894169, 91, 41, 50, 327.1590619387661, 42
1, 1898144, 1084524, 813620, 8137870.388449427, 67, 37, 30, 301.6005552576305, 38
1, 1898219, 1084559, 813660, 8138180.771545065, 75, 35, 40, 310.38309563827124, 36
51, 1898300, 1084590, 813710, 8138497.071545064, 81, 31, 50, 316.3, 32
1, 1898343, 1084633, 813710, 8138766.746505268, 43, 43, 0, 269.6749602031015, 43
1, 1898460, 1084680, 813780, 8139117.233322066, 117, 47, 70, 350.4868167986058, 49
1, 1898502, 1084722, 813780, 8139385.206311569, 42, 42, 0, 267.97298950218305, 42
51, 1898590, 1084760, 813830, 8139709.18774293, 88, 38, 50, 323.98143136087856, 39
1, 1898636, 1084806, 813830, 8139983.816811644, 46, 46, 0, 274.6290687140218, 46
1, 1898671, 1084841, 813830, 8140239.046739553, 35, 35, 0, 255.22992790977875, 35
1, 1898772, 1084872, 813900, 8140574.462127525, 101, 31, 70, 335.41538797227, 33
51, 1898866, 1084916, 813950, 8140904.735853373, 94, 44, 50, 330.273725847777, 45
1, 1898906, 1084956, 813950, 8141169.222539309, 40, 40, 0, 264.4866859365871, 40
1, 1898976, 1084996, 813980, 8141474.573300161, 70, 40, 30, 305.3507608519078, 41
1, 1899058, 1085038, 814020, 8141792.994970005, 82, 42, 40, 318.42166984345636, 43
51, 1899183, 1085083, 814100, 8142149.565122494, 125, 45, 80, 356.57015248821097, 47
1, 1899214, 1085114, 814100, 8142396.72622867, 31, 31, 0, 247.1611061770567, 31
1, 1899245, 1085145, 814100, 8142643.887334847, 31, 31, 0, 247.1611061770567, 31
51, 1899373, 1085193, 814180, 8143003.045900948, 128, 48, 80, 359.1585661014858, 50
1, 1899458, 1085238, 814220, 8143324.7829286195, 85, 45, 40, 321.73702767108114, 46
1, 1899502, 1085282, 814220, 8143596.133886309, 44, 44, 0, 271.35095769013947, 44
51, 1899621, 1085321, 814300, 8143947.417281511, 119, 39, 80, 351.28339520229764, 41
1, 1899661, 1085361, 814300, 8144211.903967448, 40, 40, 0, 264.4866859365871, 40
1, 1899737, 1085397, 814340, 8144523.463139821, 76, 36, 40, 311.5591723737189, 37
51, 1899865, 1085445, 814420, 8144882.621705922, 128, 48, 80, 359.1585661014858, 50
1, 1899899, 1085479, 814420, 8145135.895346199, 34, 34, 0, 253.2736402766418, 34
1, 1899929, 1085509, 814420, 8145380.930078131, 30, 30, 0, 245.0347319320716, 30
1, 1899967, 1085547, 814420, 8145641.812457751, 38, 38, 0, 260.88237961983884, 38
51, 1900123, 1085583, 814540, 8146019.724342056, 156, 36, 120, 377.9118843049396, 39
1, 1900170, 1085630, 814540, 8146295.957391925, 47, 47, 0, 276.2330498695885, 47
1, 1900211, 1085671, 814540, 8146562.201345368, 41, 41, 0, 266.24395344352433, 41
1, 1900293, 1085713, 814580, 8146880.623015212, 82, 42, 40, 318.42166984345636, 43
51, 1900386, 1085756, 814630, 8147209.865295119, 93, 43, 50, 329.24227990714814, 44
1, 1900425, 1085795, 814630, 8147472.5652350625, 39, 39, 0, 262.6999399439383, 39
1, 1900500, 1085840, 814660, 8147783.9483307, 75, 45, 30, 311.38309563827124, 46
1, 1900530, 1085870, 814660, 8148028.983062632, 30, 30, 0, 245.0347319320716, 30
51, 1900665, 1085915, 814750, 8148393.048872572, 135, 45, 90, 364.06580994024984, 47
1, 1900696, 1085946, 814750, 8148640.209978749, 31, 31, 0, 247.1611061770567, 31
1, 1900735, 1085985, 814750, 8148902.909918693, 39, 39, 0, 262.6999399439383, 39
1, 1900843, 1086023, 814820, 8149245.08089824, 108, 38, 70, 342.1709795470626, 40
51, 1900929, 1086059, 814870, 8149566.907062888, 86, 36, 50, 321.82616464756694, 37
1, 1901001, 1086101, 814900, 8149874.7021259125, 72, 42, 30, 307.79506302439404, 43
1, 1901040, 1086140, 814900, 8150137.402065856, 39, 39, 0, 262.6999399439383, 39
1, 1901070, 1086170, 814900, 8150382.436797788, 30, 30, 0, 245.0347319320716, 30
51, 1901204, 1086214, 814990, 8150745.669613707, 134, 44, 90, 363.23281591860336, 46
1, 1901243, 1086253, 814990, 8151008.369553651, 39, 39, 0, 262.6999399439383, 39
1, 1901314, 1086294, 815020, 8151314.947864469, 71, 41, 30, 306.57831081870995, 42
1, 1901339, 1086319, 815020, 8151548.554662219, 25, 25, 0, 233.60679774997897, 25
1, 1901376, 1086356, 815020, 8151807.587233676, 37, 37, 0, 259.03257145596604, 37
51, 1901467, 1086397, 815070, 8152134.746295614, 91, 41, 50, 327.1590619387661, 42
1, 1901551, 1086441, 815110, 8152455.386306018, 84, 44, 40, 320.64001040350905, 45
1, 1901618, 1086478, 815140, 8152756.9868612755, 67, 37, 30, 301.6005552576305, 38
1, 1901655, 1086515, 815140, 8153016.019432732, 37, 37, 0, 259.03257145596604, 37
1, 1901766, 1086556, 815210, 8153361.006150773, 111, 41, 70, 344.9867180408456, 43
51, 1901859, 1086599, 815260, 8153690.24843068, 93, 43, 50, 329.24227990714814, 44
1, 1901937, 1086647, 815290, 8154005.1312173, 78, 48, 30, 314.8827866200841, 49
1, 1901984, 1086694, 815290, 8154281.3642671695, 47, 47, 0, 276.2330498695885, 47
1, 1902056, 1086736, 815320, 8154589.159330194, 72, 42, 30, 307.79506302439404, 43
51, 1902155, 1086785, 815370, 8154924.493544747, 99, 49, 50, 335.33421455299043, 50
1, 1902227, 1086817, 815410, 8155231.2886077715, 72, 32, 40, 306.79506302439404, 33
1, 1902297, 1086857, 815440, 8155536.6393686235, 70, 40, 30, 305.3507608519078, 41
1, 1902345, 1086905, 815440, 8155814.454171214, 48, 48, 0, 277.8148025904985, 48
51, 1902503, 1086943, 815560, 8156193.89338047, 158, 38, 120, 379.43920925585275, 41
1, 1902541, 1086981, 815560, 8156454.775760089, 38, 38, 0, 260.88237961983884, 38
1, 1902603, 1087013, 815590, 8156749.882386419, 62, 32, 30, 295.1066263296683, 33
51, 1902732, 1087052, 815680, 8157108.89598691, 129, 39, 90, 359.01360049114555, 41
1, 1902772, 1087092, 815680, 8157373.382672846, 40, 40, 0, 264.4866859365871, 40
1, 1902816, 1087136, 815680, 8157644.733630536, 44, 44, 0, 271.35095769013947, 44
1, 1902853, 1087173, 815680, 8157903.7662019925, 37, 37, 0, 259.03257145596604, 37
51, 1902985, 1087225, 815760, 8158266.322324419, 132, 52, 80, 362.55612242701943, 54
1, 1903062, 1087262, 815800, 8158579.047988186, 77, 37, 40, 312.72566376652986, 38
1, 1903107, 1087307, 815800, 8158852.049994597, 45, 45, 0, 273.00200641113514, 45
1, 1903148, 1087348, 815800, 8159118.29394804, 41, 41, 0, 266.24395344352433, 41
1, 1903261, 1087391, 815870, 8159465.13299191, 113, 43, 70, 346.83904386951343, 45
51, 1903357, 1087437, 815920, 8159797.449907925, 96, 46, 50, 332.31691601465747, 47
1, 1903396, 1087476, 815920, 8160060.149847869, 39, 39, 0, 262.6999399439383, 39
1, 1903490, 1087500, 815990, 8160388.523573716, 94, 24, 70, 328.373725847777, 26
1, 1903521, 1087531, 815990, 8160635.684679893, 31, 31, 0, 247.1611061770567, 31
1, 1903563, 1087573, 815990, 8160903.657669395, 42, 42, 0, 267.97298950218305, 42
51, 1903662, 1087622, 816040, 8161238.991883948, 99, 49, 50, 335.33421455299043, 50
1, 1903740, 1087660, 816080, 8161552.874670569, 78, 38, 40, 313.8827866200841, 39
1, 1903797, 1087687, 816110, 8161841.144291074, 57, 27, 30, 288.2696205054472, 28
1, 1903874, 1087724, 816150, 8162153.86995484, 77, 37, 40, 312.72566376652986, 38
51, 1904003, 1087773, 816230, 8162513.883555331, 129, 49, 80, 360.01360049114555, 51
1, 1904049, 1087819, 816230, 8162788.512624045, 46, 46, 0, 274.6290687140218, 46
1, 1904124, 1087864, 816260, 8163099.895719683, 75, 45, 30, 311.38309563827124, 46
1, 1904165, 1087905, 816260, 8163366.139673126, 41, 41, 0, 266.24395344352433, 41
1, 1904273, 1087943, 816330, 8163708.310652673, 108, 38, 70, 342.1709795470626, 40
51, 1904357, 1087977, 816380, 8164027.950663077, 84, 34, 50, 319.64001040350905, 35
1, 1904399, 1088019, 816380, 8164295.923652579, 42, 42, 0, 267.97298950218305, 42
1, 1904473, 1088063, 816410, 8164606.120861346, 74, 44, 30, 310.1972087668518, 45
1, 1904517, 1088107, 816410, 8164877.471819036, 44, 44, 0, 271.35095769013947, 44
51, 1904608, 1088148, 816460, 8165204.630880974, 91, 41, 50, 327.1590619387661, 42
1, 1904697, 1088197, 816500, 8165530.678746538, 89, 49, 40, 326.0478655640733, 50
1, 1904737, 1088237, 816500, 8165795.165432475, 40, 40, 0, 264.4866859365871, 40
51, 1904851, 1088271, 816580, 8166141.923420167, 114, 34, 80, 346.75798769167545, 36
1, 1904892, 1088312, 816580, 8166408.16737361, 41, 41, 0, 266.24395344352433, 41
1, 1904968, 1088348, 816620, 8166719.726545983, 76, 36, 40, 311.5591723737189, 37
51, 1905051, 1088381, 816670, 8167038.261493912, 83, 33, 50, 318.5349479292333, 34
1, 1905102, 1088432, 816670, 8167320.69600569, 51, 51, 0, 282.43451177837886, 51
1, 1905141, 1088471, 816670, 8167583.395945634, 39, 39, 0, 262.6999399439383, 39
1, 1905207, 1088507, 816700, 8167883.722933911, 66, 36, 30, 300.32698827717985, 37
51, 1905336, 1088546, 816790, 8168242.736534402, 129, 39, 90, 359.01360049114555, 41
1, 1905377, 1088587, 816790, 8168508.980487845, 41, 41, 0, 266.24395344352433, 41
1, 1905411, 1088621, 816790, 8168762.254128122, 34, 34, 0, 253.2736402766418, 34
1, 1905443, 1088653, 816790, 8169011.495551122, 32, 32, 0, 249.24142300054422, 32
1, 1905484, 1088694, 816790, 8169277.7395045655, 41, 41, 0, 266.24395344352433, 41
51, 1905604, 1088734, 816870, 8169629.914596531, 120, 40, 80, 352.1750919646873, 42
1, 1905676, 1088766, 816910, 8169936.709659555, 72, 32, 40, 306.79506302439404, 33
1, 1905724, 1088814, 816910, 8170214.524462146, 48, 48, 0, 277.8148025904985, 48
51, 1905809, 1088849, 816960, 8170535.261489817, 85, 35, 50, 320.73702767108114, 36
1, 1905880, 1088890, 816990, 8170841.839800635, 71, 41, 30, 306.57831081870995, 42
1, 1905954, 1088924, 817030, 8171151.037009402, 74, 34, 40, 309.1972087668518, 35
1, 1905996, 1088966, 817030, 8171419.009998905, 42, 42, 0, 267.97298950218305, 42
1, 1906080, 1089010, 817070, 8171739.650009308, 84, 44, 40, 320.64001040350905, 45
51, 1906188, 1089038, 817150, 8172080.820988855, 108, 28, 80, 341.1709795470626, 30
1, 1906235, 1089085, 817150, 8172357.054038725, 47, 47, 0, 276.2330498695885, 47
1, 1906326, 1089136, 817190, 8172685.213100663, 91, 51, 40, 328.1590619387661, 52
1, 1906398, 1089178, 817220, 8172993.008163688, 72, 42, 30, 307.79506302439404, 43
51, 1906485, 1089215, 817270, 8173315.915744686, 87, 37, 50, 322.9075809977351, 38
1, 1906559, 1089249, 817310, 8173625.112953452, 74, 34, 40, 309.1972087668518, 35
1, 1906604, 1089294, 817310, 8173898.114959864, 45, 45, 0, 273.00200641113514, 45
51, 1906708, 1089348, 817360, 8174238.358646621, 104, 54, 50, 340.243686757474, 55
1, 1906777, 1089387, 817390, 8174542.470788331, 69, 39, 30, 304.1121417102006, 40
1, 1906812, 1089422, 817390, 8174797.70071624, 35, 35, 0, 255.22992790977875, 35
1, 1906914, 1089454, 817460, 8175134.097899022, 102, 32, 70, 336.39718278112656, 34
51, 1906998, 1089488, 817510, 8175453.737909425, 84, 34, 50, 319.64001040350905, 35
1, 1907077, 1089537, 817540, 8175769.768659555, 79, 49, 30, 316.03075013013313, 50
1, 1907148, 1089568, 817580, 8176075.346970374, 71, 31, 40, 305.57831081870995, 32
1, 1907195, 1089615, 817580, 8176351.580020243, 47, 47, 0, 276.2330498695885, 47
51, 1907310, 1089650, 817660, 8176699.252237305, 115, 35, 80, 347.6722170622053, 37
1, 1907339, 1089679, 817660, 8176942.111816016, 29, 29, 0, 242.8595787106084, 29
1, 1907377, 1089717, 817660, 8177202.994195635, 38, 38, 0, 260.88237961983884, 38
1, 1907459, 1089759, 817700, 8177521.415865479, 82, 42, 40, 318.42166984345636, 43
51, 1907546, 1089796, 817750, 8177844.323446477, 87, 37, 50, 322.9075809977351, 38
1, 1907617, 1089837, 817780, 8178150.901757295, 71, 41, 30, 306.57831081870995, 42
1, 1907653, 1089873, 817780, 8178408.050731573, 36, 36, 0, 257.1489742783178, 36
51, 1907753, 1089923, 817830, 8178744.37849759, 100, 50, 50, 336.327766016838, 51
1, 1907821, 1089951, 817870, 8179046.240668693, 68, 28, 40, 301.86217110259, 29
1, 1907853, 1089983, 817870, 8179295.482091693, 32, 32, 0, 249.24142300054422, 32
51, 1907938, 1090018, 817920, 8179616.219119364, 85, 35, 50, 320.73702767108114, 36
1, 1908052, 1090062, 817990, 8179963.977107056, 114, 44, 70, 347.75798769167545, 46
1, 1908092, 1090102, 817990, 8180228.463792993, 40, 40, 0, 264.4866859365871, 40
1, 1908162, 1090142, 818020, 8180533.814553845, 70, 40, 30, 305.3507608519078, 41
51, 1908292, 1090182, 818110, 8180893.679391383, 130, 40, 90, 359.86483753851803, 42
1, 1908338, 1090228, 818110, 8181168.308460097, 46, 46, 0, 274.6290687140218, 46
1, 1908376, 1090266, 818110, 8181429.190839716, 38, 38, 0, 260.88237961983884, 38
51, 1908515, 1090315, 818200, 8181796.554002018, 139, 49, 90, 367.36316230125203, 51
1, 1908544, 1090344, 818200, 8182039.413580729, 29, 29, 0, 242.8595787106084, 29
1, 1908614, 1090384, 818230, 8182344.764341581, 70, 40, 30, 305.3507608519078, 41
1, 1908648, 1090418, 818230, 8182598.037981858, 34, 34, 0, 253.2736402766418, 34
1, 1908694, 1090464, 818230, 8182872.667050571, 46, 46, 0, 274.6290687140218, 46
51, 1908784, 1090504, 818280, 8183198.774079395, 90, 40, 50, 326.1070288241023, 41
1, 1908857, 1090537, 818320, 8183506.775357964, 73, 33, 40, 308.00127856917646, 34
1, 1908926, 1090576, 818350, 8183810.887499674, 69, 39, 30, 304.1121417102006, 40
1, 1908974, 1090624, 818350, 8184088.702302265, 48, 48, 0, 277.8148025904985, 48
51, 1909061, 1090661, 818400, 8184411.609883263, 87, 37, 50, 322.9075809977351, 38
1, 1909170, 1090700, 818470, 8184754.724514762, 109, 39, 70, 343.114631499574, 41
1, 1909207, 1090737, 818470, 8185013.757086218, 37, 37, 0, 259.03257145596604, 37
51, 1909293, 1090773, 818520, 8185335.583250866, 86, 36, 50, 321.82616464756694, 37
1, 1909376, 1090816, 818560, 8185655.118198795, 83, 43, 40, 319.5349479292333, 44
1, 1909422, 1090862, 818560, 8185929.747267509, 46, 46, 0, 274.6290687140218, 46
51, 1909536, 1090896, 818640, 8186276.505255201, 114, 34, 80, 346.75798769167545, 36
1, 1909618, 1090938, 818680, 8186594.9269250445, 82, 42, 40, 318.42166984345636, 43
1, 1909691, 1090981, 818710, 8186903.9282036135, 73, 43, 30, 309.00127856917646, 44
1, 1909724, 1091014, 818710, 8187155.206376307, 33, 33, 0, 251.27817269284301, 33
51, 1909852, 1091052, 818800, 8187513.364942408, 128, 38, 90, 358.1585661014858, 40
1, 1909922, 1091092, 818830, 8187818.71570326, 70, 40, 30, 305.3507608519078, 41
1, 1909962, 1091132, 818830, 8188083.2023891965, 40, 40, 0, 264.4866859365871, 40
51, 1910049, 1091169, 818880, 8188406.109970194, 87, 37, 50, 322.9075809977351, 38
1, 1910130, 1091210, 818920, 8188723.409970194, 81, 41, 40, 317.3, 42
1, 1910198, 1091248, 818950, 8189026.272141296, 68, 38, 30, 302.86217110259, 39
1, 1910274, 1091284, 818990, 8189337.83131367, 76, 36, 40, 311.5591723737189, 37
1, 1910333, 1091313, 819020, 8189628.880113917, 59, 29, 30, 291.0488002476036, 30
51, 1910416, 1091346, 819070, 8189947.415061846, 83, 33, 50, 318.5349479292333, 34
1, 1910491, 1091381, 819110, 8190257.798157484, 75, 35, 40, 310.38309563827124, 36
1, 1910540, 1091430, 819110, 8190537.17328859, 49, 49, 0, 279.3751311064591, 49
1, 1910574, 1091464, 819110, 8190790.446928867, 34, 34, 0, 253.2736402766418, 34
1, 1910636, 1091496, 819140, 8191085.553555197, 62, 32, 30, 295.1066263296683, 33
51, 1910770, 1091540, 819230, 8191448.786371116, 134, 44, 90, 363.23281591860336, 46
1, 1910817, 1091587, 819230, 8191725.019420985, 47, 47, 0, 276.2330498695885, 47
1, 1910853, 1091623, 819230, 8191982.168395263, 36, 36, 0, 257.1489742783178, 36
51, 1910941, 1091661, 819280, 8192306.149826624, 88, 38, 50, 323.98143136087856, 39
1, 1911007, 1091697, 819310, 8192606.476814901, 66, 36, 30, 300.32698827717985, 37
1, 1911050, 1091740, 819310, 8192876.151775105, 43, 43, 0, 269.6749602031015, 43
51, 1911184, 1091784, 819400, 8193239.384591023, 134, 44, 90, 363.23281591860336, 46
1, 1911223, 1091823, 819400, 8193502.084530967, 39, 39, 0, 262.6999399439383, 39
1, 1911257, 1091857, 819400, 8193755.358171244, 34, 34, 0, 253.2736402766418, 34
51, 1911344, 1091894, 819450, 8194078.265752242, 87, 37, 50, 322.9075809977351, 38
1, 1911421, 1091941, 819480, 8194391.991416008, 77, 47, 30, 313.72566376652986, 48
1, 1911499, 1091979, 819520, 8194705.874202629, 78, 38, 40, 313.8827866200841, 39
1, 1911546, 1092026, 819520, 8194982.107252498, 47, 47, 0, 276.2330498695885, 47
1, 1911616, 1092066, 819550, 8195287.45801335, 70, 40, 30, 305.3507608519078, 41
51, 1911698, 1092098, 819600, 8195604.879683194, 82, 32, 50, 317.42166984345636, 33
1, 1911737, 1092137, 819600, 8195867.579623138, 39, 39, 0, 262.6999399439383, 39
1, 1911844, 1092174, 819670, 8196208.801768407, 107, 37, 70, 341.2221452697031, 39
1, 1911883, 1092213, 819670, 8196471.501708351, 39, 39, 0, 262.6999399439383, 39
1, 1911920, 1092250, 819670, 8196730.5342798075, 37, 37, 0, 259.03257145596604, 37
51, 1912013, 1092293, 819720, 8197059.776559714, 93, 43, 50, 329.24227990714814, 44
1, 1912050, 1092330, 819720, 8197318.809131171, 37, 37, 0, 259.03257145596604, 37
1, 1912126, 1092366, 819760, 8197630.368303544, 76, 36, 40, 311.5591723737189, 37
1, 1912199, 1092409, 819790, 8197939.369582113, 73, 43, 30, 309.00127856917646, 44
51, 1912286, 1092446, 819840, 8198262.277163111, 87, 37, 50, 322.9075809977351, 38
1, 1912350, 1092480, 819870, 8198560.019875585, 64, 34, 30, 297.742712474619, 35
1, 1912381, 1092511, 819870, 8198807.180981762, 31, 31, 0, 247.1611061770567, 31
1, 1912447, 1092537, 819910, 8199106.507970039, 66, 26, 40, 299.32698827717985, 27
1, 1912494, 1092584, 819910, 8199382.741019908, 47, 47, 0, 276.2330498695885, 47
51, 1912594, 1092634, 819960, 8199719.068785925, 100, 50, 50, 336.327766016838, 51
1, 1912663, 1092673, 819990, 8200023.180927635, 69, 39, 30, 304.1121417102006, 40
1, 1912750, 1092720, 820030, 8200347.088508633, 87, 47, 40, 323.9075809977351, 48
51, 1912835, 1092755, 820080, 8200667.825536304, 85, 35, 50, 320.73702767108114, 36
1, 1912881, 1092801, 820080, 8200942.454605018, 46, 46, 0, 274.6290687140218, 46
1, 1912985, 1092835, 820150, 8201280.798291775, 104, 34, 70, 338.343686757474, 36
51, 1913073, 1092873, 820200, 8201604.779723137, 88, 38, 50, 323.98143136087856, 39
1, 1913113, 1092913, 820200, 8201869.266409073, 40, 40, 0, 264.4866859365871, 40
1, 1913157, 1092957, 820200, 8202140.617366763, 44, 44, 0, 271.35095769013947, 44
1, 1913202, 1093002, 820200, 8202413.619373174, 45, 45, 0, 273.00200641113514, 45
51, 1913366, 1093046, 820320, 8202797.57756401, 164, 44, 120, 383.9581908363381, 47
1, 1913413, 1093093, 820320, 8203073.81061388, 47, 47, 0, 276.2330498695885, 47
1, 1913449, 1093129, 820320, 8203330.959588158, 36, 36, 0, 257.1489742783178, 36
1, 1913491, 1093171, 820320, 8203598.93257766, 42, 42, 0, 267.97298950218305, 42
51, 1913601, 1093201, 820400, 8203941.985761707, 110, 30, 80, 343.0531840464366, 32
1, 1913641, 1093241, 820400, 8204206.472447643, 40, 40, 0, 264.4866859365871, 40
1, 1913714, 1093274, 820440, 8204514.473726212, 73, 33, 40, 308.00127856917646, 34
1, 1913763, 1093323, 820440, 8204793.848857318, 49, 49, 0, 279.3751311064591, 49
51, 1913854, 1093364, 820490, 8205121.007919257, 91, 41, 50, 327.1590619387661, 42
1, 1913898, 1093408, 820490, 8205392.358876946, 44, 44, 0, 271.35095769013947, 44
1, 1913997, 1093437, 820560, 8205725.793091499, 99, 29, 70, 333.43421455299045, 31
51, 1914085, 1093475, 820610, 8206049.774522861, 88, 38, 50, 323.98143136087856, 39
1, 1914121, 1093511, 820610, 8206306.923497139, 36, 36, 0, 257.1489742783178, 36
1, 1914202, 1093552, 820650, 8206624.223497138, 81, 41, 40, 317.3, 42
51, 1914286, 1093586, 820700, 8206943.863507542, 84, 34, 50, 319.64001040350905, 35
1, 1914359, 1093629, 820730, 8207252.864786111, 73, 43, 30, 309.00127856917646, 44
1, 1914396, 1093666, 820730, 8207511.897357567, 37, 37, 0, 259.03257145596604, 37
1, 1914467, 1093707, 820760, 8207818.475668386, 71, 41, 30, 306.57831081870995, 42
51, 1914606, 1093756, 820850, 8208185.838830687, 139, 49, 90, 367.36316230125203, 51
1, 1914635, 1093785, 820850, 8208428.698409398, 29, 29, 0, 242.8595787106084, 29
1, 1914678, 1093828, 820850, 8208698.373369602, 43, 43, 0, 269.6749602031015, 43
51, 1914807, 1093877, 820930, 8209058.386970093, 129, 49, 80, 360.01360049114555, 51
1, 1914887, 1093917, 820970, 8209374.5567263365, 80, 40, 40, 316.1697562442441, 41
1, 1914930, 1093960, 820970, 8209644.23168654, 43, 43, 0, 269.6749602031015, 43
1, 1914962, 1093992, 820970, 8209893.4731095405, 32, 32, 0, 249.24142300054422, 32
51, 1915053, 1094033, 821020, 8210220.632171479, 91, 41, 50, 327.1590619387661, 42
1, 1915097, 1094077, 821020, 8210491.983129169, 44, 44, 0, 271.35095769013947, 44
1, 1915174, 1094124, 821050, 8210805.708792935, 77, 47, 30, 313.72566376652986, 48
51, 1915310, 1094170, 821140, 8211170.60408997, 136, 46, 90, 364.89529703482884, 48
1, 1915351, 1094211, 821140, 8211436.848043413, 41, 41, 0, 266.24395344352433, 41
1, 1915420, 1094250, 821170, 8211740.960185123, 69, 39, 30, 304.1121417102006, 40
51, 1915510, 1094290, 821220, 8212067.067213947, 90, 40, 50, 326.1070288241023, 41
1, 1915589, 1094329, 821260, 8212382.097964077, 79, 39, 40, 315.03075013013313, 40
1, 1915655, 1094365, 821290, 8212682.424952354, 66, 36, 30, 300.32698827717985, 37
51, 1915745, 1094405, 821340, 8213008.531981179, 90, 40, 50, 326.1070288241023, 41
1, 1915789, 1094449, 821340, 8213279.882938868, 44, 44, 0, 271.35095769013947, 44
1, 1915869, 1094489, 821380, 8213596.052695112, 80, 40, 40, 316.1697562442441, 41
51, 1915989, 1094529, 821460, 8213948.227787077, 120, 40, 80, 352.1750919646873, 42
1, 1916025, 1094565, 821460, 8214205.376761355, 36, 36, 0, 257.1489742783178, 36
1, 1916068, 1094608, 821460, 8214475.051721559, 43, 43, 0, 269.6749602031015, 43
1, 1916112, 1094652, 821460, 8214746.402679249, 44, 44, 0, 271.35095769013947, 44
51, 1916244, 1094694, 821550, 8215107.958801676, 132, 42, 90, 361.55612242701943, 44
1, 1916311, 1094731, 821580, 8215409.559356933, 67, 37, 30, 301.6005552576305, 38
1, 1916353, 1094773, 821580, 8215677.532346436, 42, 42, 0, 267.97298950218305, 42
1, 1916472, 1094822, 821650, 8216029.815741638, 119, 49, 70, 352.28339520229764, 51
1, 1916509, 1094859, 821650, 8216288.848313094, 37, 37, 0, 259.03257145596604, 37
51, 1916600, 1094900, 821700, 8216616.007375033, 91, 41, 50, 327.1590619387661, 42
1, 1916641, 1094941, 821700, 8216882.251328476, 41, 41, 0, 266.24395344352433, 41
1, 1916705, 1094975, 821730, 8217179.99404095, 64, 34, 30, 297.742712474619, 35
1, 1916756, 1095026, 821730, 8217462.428552728, 51, 51, 0, 282.43451177837886, 51
51, 1916889, 1095069, 821820, 8217824.824821769, 133, 43, 90, 362.3962690412072, 45
1, 1916956, 1095106, 821850, 8218126.425377027, 67, 37, 30, 301.6005552576305, 38
1, 1916998, 1095148, 821850, 8218394.3983665295, 42, 42, 0, 267.97298950218305, 42
51, 1917085, 1095185, 821900, 8218717.305947527, 87, 37, 50, 322.9075809977351, 38
1, 1917152, 1095212, 821940, 8219017.906502785, 67, 27, 40, 300.6005552576305, 28
1, 1917194, 1095254, 821940, 8219285.8794922875, 42, 42, 0, 267.97298950218305, 42
51, 1917282, 1095292, 821990, 8219609.860923649, 88, 38, 50, 323.98143136087856, 39
1, 1917398, 1095338, 822060, 8219959.44272714, 116, 46, 70, 349.5818034911291, 48
1, 1917433, 1095373, 822060, 8220214.67265505, 35, 35, 0, 255.22992790977875, 35
51, 1917520, 1095410, 822110, 8220537.5802360475, 87, 37, 50, 322.9075809977351, 38
1, 1917553, 1095443, 822110, 8220788.858408741, 33, 33, 0, 251.27817269284301, 33
1, 1917639, 1095489, 822150, 8221111.684573389, 86, 46, 40, 322.82616464756694, 47
1, 1917716, 1095536, 822180, 8221425.410237155, 77, 47, 30, 313.72566376652986, 48
51, 1917809, 1095579, 822230, 8221754.652517062, 93, 43, 50, 329.24227990714814, 44
1, 1917842, 1095612, 822230, 8222005.930689755, 33, 33, 0, 251.27817269284301, 33
1, 1917954, 1095654, 822300, 8222351.846002094, 112, 42, 70, 345.91531233955715, 44
1, 1917992, 1095692, 822300, 8222612.728381714, 38, 38, 0, 260.88237961983884, 38
1, 1918041, 1095741, 822300, 8222892.10351282, 49, 49, 0, 279.3751311064591, 49
51, 1918137, 1095787, 822350, 8223224.420428835, 96, 46, 50, 332.31691601465747, 47
1, 1918168, 1095818, 822350, 8223471.5815350115, 31, 31, 0, 247.1611061770567, 31
1, 1918239, 1095859, 822380, 8223778.15984583, 71, 41, 30, 306.57831081870995, 42
1, 1918327, 1095907, 822420, 8224103.141277191, 88, 48, 40, 324.98143136087856, 49
51, 1918423, 1095953, 822470, 8224435.458193206, 96, 46, 50, 332.31691601465747, 47
1, 1918456, 1095986, 822470, 8224686.736365899, 33, 33, 0, 251.27817269284301, 33
1, 1918493, 1096023, 822470, 8224945.768937356, 37, 37, 0, 259.03257145596604, 37
1, 1918600, 1096060, 822540, 8225286.991082625, 107, 37, 70, 341.2221452697031, 39
51, 1918685, 1096095, 822590, 8225607.728110297, 85, 35, 50, 320.73702767108114, 36
1, 1918717, 1096127, 822590, 8225856.969533297, 32, 32, 0, 249.24142300054422, 32
1, 1918775, 1096155, 822620, 8226146.636435404, 58, 28, 30, 289.66690210718946, 29
51, 1918867, 1096197, 822670, 8226474.840536873, 92, 42, 50, 328.20410146824725, 43
1, 1918949, 1096239, 822710, 8226793.262206716, 82, 42, 40, 318.42166984345636, 43
1, 1918993, 1096283, 822710, 8227064.613164406, 44, 44, 0, 271.35095769013947, 44
51, 1919106, 1096316, 822790, 8227410.452208276, 113, 33, 80, 345.83904386951343, 35
1, 1919184, 1096354, 822830, 8227724.334994896, 78, 38, 40, 313.8827866200841, 39
1, 1919225, 1096395, 822830, 8227990.578948339, 41, 41, 0, 266.24395344352433, 41
1, 1919264, 1096434, 822830, 8228253.278888283, 39, 39, 0, 262.6999399439383, 39
1, 1919345, 1096475, 822870, 8228570.578888283, 81, 41, 40, 317.3, 42
51, 1919471, 1096521, 822950, 8228928.015784167, 126, 46, 80, 357.43689588345075, 48
1, 1919507, 1096557, 822950, 8229185.164758445, 36, 36, 0, 257.1489742783178, 36
1, 1919540, 1096590, 822950, 8229436.442931138, 33, 33, 0, 251.27817269284301, 33
1, 1919616, 1096626, 822990, 8229748.002103511, 76, 36, 40, 311.5591723737189, 37
1, 1919681, 1096661, 823020, 8230047.043254955, 65, 35, 30, 299.04115144336777, 36
51, 1919766, 1096696, 823070, 8230367.780282626, 85, 35, 50, 320.73702767108114, 36
1, 1919847, 1096737, 823110, 8230685.080282626, 81, 41, 40, 317.3, 42
1, 1919880, 1096770, 823110, 8230936.358455319, 33, 33, 0, 251.27817269284301, 33
51, 1920046, 1096816, 823230, 8231321.802722953, 166, 46, 120, 385.4442676339201, 49
1, 1920088, 1096858, 823230, 8231589.775712456, 42, 42, 0, 267.97298950218305, 42
1, 1920132, 1096902, 823230, 8231861.126670145, 44, 44, 0, 271.35095769013947, 44
1, 1920211, 1096941, 823270, 8232176.157420276, 79, 39, 40, 315.03075013013313, 40
51, 1920305, 1096985, 823320, 8232506.431146123, 94, 44, 50, 330.273725847777, 45
1, 1920373, 1097013, 823360, 8232808.293317226, 68, 28, 40, 301.86217110259, 29
1, 1920443, 1097053, 823390, 8233113.644078078, 70, 40, 30, 305.3507608519078, 41
1, 1920491, 1097101, 823390, 8233391.4588806685, 48, 48, 0, 277.8148025904985, 48
51, 1920578, 1097138, 823440, 8233714.366461666, 87, 37, 50, 322.9075809977351, 38
1, 1920615, 1097175, 823440, 8233973.399033123, 37, 37, 0, 259.03257145596604, 37
1, 1920690, 1097220, 823470, 8234284.782128761, 75, 45, 30, 311.38309563827124, 46
1, 1920758, 1097248, 823510, 8234586.644299863, 68, 28, 40, 301.86217110259, 29
51, 1920849, 1097289, 823560, 8234913.803361801, 91, 41, 50, 327.1590619387661, 42
1, 1920884, 1097324, 823560, 8235169.033289711, 35, 35, 0, 255.22992790977875, 35
1, 1920997, 1097367, 823630, 8235515.872333581, 113, 43, 70, 346.83904386951343, 45
1, 1921044, 1097414, 823630, 8235792.10538345, 47, 47, 0, 276.2330498695885, 47
51, 1921133, 1097453, 823680, 8236117.153249014, 89, 39, 50, 325.0478655640733, 40
1, 1921206, 1097496, 823710, 8236426.154527583, 73, 43, 30, 309.00127856917646, 44
1, 1921253, 1097543, 823710, 8236702.387577453, 47, 47, 0, 276.2330498695885, 47
1, 1921331, 1097581, 823750, 8237016.270364073, 78, 38, 40, 313.8827866200841, 39
51, 1921448, 1097618, 823830, 8237365.757180871, 117, 37, 80, 349.4868167986058, 39
1, 1921481, 1097651, 823830, 8237617.035353565, 33, 33, 0, 251.27817269284301, 33
1, 1921548, 1097688, 823860, 8237918.6359088225, 67, 37, 30, 301.6005552576305, 38
1, 1921623, 1097723, 823900, 8238229.01900446, 75, 35, 40, 310.38309563827124, 36
51, 1921711, 1097761, 823950, 8238553.000435822, 88, 38, 50, 323.98143136087856, 39
1, 1921747, 1097797, 823950, 8238810.1494101, 36, 36, 0, 257.1489742783178, 36
1, 1921816, 1097836, 823980, 8239114.2615518095, 69, 39, 30, 304.1121417102006, 40
1, 1921895, 1097875, 824020, 8239429.29230194, 79, 39, 40, 315.03075013013313, 40
51, 1921976, 1097906, 824070, 8239745.59230194, 81, 31, 50, 316.3, 32
1, 1922060, 1097950, 824110, 8240066.232312343, 84, 44, 40, 320.64001040350905, 45
1, 1922133, 1097993, 824140, 8240375.233590912, 73, 43, 30, 309.00127856917646, 44
1, 1922177, 1098037, 824140, 8240646.584548602, 44, 44, 0, 271.35095769013947, 44
51, 1922268, 1098078, 824190, 8240973.74361054, 91, 41, 50, 327.1590619387661, 42
1, 1922370, 1098110, 824260, 8241310.140793322, 102, 32, 70, 336.39718278112656, 34
1, 1922416, 1098156, 824260, 8241584.769862035, 46, 46, 0, 274.6290687140218, 46
1, 1922474, 1098214, 824260, 8241877.336764143, 58, 58, 0, 292.5669021071895, 58
1, 1922554, 1098254, 824300, 8242193.506520387, 80, 40, 40, 316.1697562442441, 41
51, 1922689, 1098309, 824380, 8242558.572330327, 135, 55, 80, 365.06580994024984, 57
1, 1922720, 1098340, 824380, 8242805.733436503, 31, 31, 0, 247.1611061770567, 31
1, 1922789, 1098379, 824410, 8243109.845578213, 69, 39, 30, 304.1121417102006, 40
1, 1922830, 1098420, 824410, 8243376.089531656, 41, 41, 0, 266.24395344352433, 41
1, 1922906, 1098456, 824450, 8243687.64870403, 76, 36, 40, 311.5591723737189, 37
51, 1922991, 1098491, 824500, 8244008.385731701, 85, 35, 50, 320.73702767108114, 36
1, 1923051, 1098521, 824530, 8244300.801500072, 60, 30, 30, 292.41576837137404, 31
1, 1923098, 1098568, 824530, 8244577.034549941, 47, 47, 0, 276.2330498695885, 47
51, 1923196, 1098616, 824580, 8244911.369178306, 98, 48, 50, 334.33462836457886, 49
1, 1923276, 1098656, 824620, 8245227.53893455, 80, 40, 40, 316.1697562442441, 41
1, 1923348, 1098698, 824650, 8245535.333997575, 72, 42, 30, 307.79506302439404, 43
1, 1923389, 1098739, 824650, 8245801.577951018, 41, 41, 0, 266.24395344352433, 41
1, 1923457, 1098777, 824680, 8246104.44012212, 68, 38, 30, 302.86217110259, 39
51, 1923577, 1098807, 824770, 8246455.615214085, 120, 30, 90, 351.1750919646873, 32
1, 1923610, 1098840, 824770, 8246706.893386778, 33, 33, 0, 251.27817269284301, 33
1, 1923651, 1098881, 824770, 8246973.137340222, 41, 41, 0, 266.24395344352433, 41
1, 1923715, 1098915, 824800, 8247270.880052696, 64, 34, 30, 297.742712474619, 35
1, 1923754, 1098954, 824800, 8247533.57999264, 39, 39, 0, 262.6999399439383, 39
51, 1923881, 1098991, 824890, 8247890.879674939, 127, 37, 90, 357.2996822992933, 39
1, 1923916, 1099026, 824890, 8248146.109602849, 35, 35, 0, 255.22992790977875, 35
1, 1923958, 1099068, 824890, 8248414.082592351, 42, 42, 0, 267.97298950218305, 42
51, 1924079, 1099109, 824970, 8248767.145071387, 121, 41, 80, 353.06247903554, 43
1, 1924119, 1099149, 824970, 8249031.631757324, 40, 40, 0, 264.4866859365871, 40
1, 1924200, 1099190, 825010, 8249348.931757323, 81, 41, 40, 317.3, 42
51, 1924284, 1099224, 825060, 8249668.571767727, 84, 34, 50, 319.64001040350905, 35
1, 1924323, 1099263, 825060, 8249931.271707671, 39, 39, 0, 262.6999399439383, 39
1, 1924395, 1099305, 825090, 8250239.066770695, 72, 42, 30, 307.79506302439404, 43
1, 1924473, 1099343, 825130, 8250552.949557316, 78, 38, 40, 313.8827866200841, 39
51, 1924578, 1099398, 825180, 8250894.15814461, 105, 55, 50, 341.208587294368, 56
1, 1924624, 1099444, 825180, 8251168.787213324, 46, 46, 0, 274.6290687140218, 46
1, 1924667, 1099487, 825180, 8251438.462173527, 43, 43, 0, 269.6749602031015, 43
51, 1924787, 1099527, 825260, 8251790.637265492, 120, 40, 80, 352.1750919646873, 42
1, 1924829, 1099569, 825260, 8252058.610254995, 42, 42, 0, 267.97298950218305, 42
1, 1924908, 1099608, 825300, 8252373.641005125, 79, 39, 40, 315.03075013013313, 40
1, 1924979, 1099649, 825330, 8252680.219315943, 71, 41, 30, 306.57831081870995, 42
1, 1925019, 1099689, 825330, 8252944.70600188, 40, 40, 0, 264.4866859365871, 40
51, 1925101, 1099721, 825380, 8253262.127671723, 82, 32, 50, 317.42166984345636, 33
1, 1925183, 1099763, 825420, 8253580.549341567, 82, 42, 40, 318.42166984345636, 43
1, 1925254, 1099804, 825450, 8253887.127652385, 71, 41, 30, 306.57831081870995, 42
1, 1925293, 1099843, 825450, 8254149.827592329, 39, 39, 0, 262.6999399439383, 39
51, 1925386, 1099886, 825500, 8254479.069872236, 93, 43, 50, 329.24227990714814, 44
1, 1925420, 1099920, 825500, 8254732.343512513, 34, 34, 0, 253.2736402766418, 34
1, 1925499, 1099959, 825540, 8255047.374262643, 79, 39, 40, 315.03075013013313, 40
51, 1925625, 1100005, 825620, 8255404.811158527, 126, 46, 80, 357.43689588345075, 48
1, 1925665, 1100045, 825620, 8255669.297844463, 40, 40, 0, 264.4866859365871, 40
1, 1925740, 1100090, 825650, 8255980.680940101, 75, 45, 30, 311.38309563827124, 46
1, 1925777, 1100127, 825650, 8256239.713511557, 37, 37, 0, 259.03257145596604, 37
51, 1925899, 1100159, 825740, 8256592.659130111, 122, 32, 90, 352.9456185537469, 34
1, 1925939, 1100199, 825740, 8256857.145816048, 40, 40, 0, 264.4866859365871, 40
1, 1926004, 1100234, 825770, 8257156.186967491, 65, 35, 30, 299.04115144336777, 36
51, 1926096, 1100276, 825820, 8257484.39106896, 92, 42, 50, 328.20410146824725, 43
1, 1926134, 1100314, 825820, 8257745.273448579, 38, 38, 0, 260.88237961983884, 38
1, 1926214, 1100354, 825860, 8258061.443204823, 80, 40, 40, 316.1697562442441, 41
1, 1926283, 1100393, 825890, 8258365.555346533, 69, 39, 30, 304.1121417102006, 40
51, 1926369, 1100429, 825940, 8258687.381511181, 86, 36, 50, 321.82616464756694, 37
1, 1926440, 1100470, 825970, 8258993.959821999, 71, 41, 30, 306.57831081870995, 42
1, 1926512, 1100502, 826010, 8259300.754885023, 72, 32, 40, 306.79506302439404, 33
1, 1926551, 1100541, 826010, 8259563.454824967, 39, 39, 0, 262.6999399439383, 39
51, 1926636, 1100576, 826060, 8259884.1918526385, 85, 35, 50, 320.73702767108114, 36
1, 1926681, 1100621, 826060, 8260157.19385905, 45, 45, 0, 273.00200641113514, 45
1, 1926724, 1100664, 826060, 8260426.8688192535, 43, 43, 0, 269.6749602031015, 43
1, 1926798, 1100708, 826090, 8260737.06602802, 74, 44, 30, 310.1972087668518, 45
1, 1926883, 1100753, 826130, 8261058.8030556915, 85, 45, 40, 321.73702767108114, 46
51, 1926983, 1100803, 826180, 8261395.130821709, 100, 50, 50, 336.327766016838, 51
1, 1927036, 1100856, 826180, 8261680.54760935, 53, 53, 0, 285.4167876408086, 53
1, 1927108, 1100898, 826210, 8261988.342672374, 72, 42, 30, 307.79506302439404, 43
51, 1927189, 1100929, 826260, 8262304.642672374, 81, 31, 50, 316.3, 32
1, 1927268, 1100968, 826300, 8262619.673422504, 79, 39, 40, 315.03075013013313, 40
1, 1927339, 1101009, 826330, 8262926.251733323, 71, 41, 30, 306.57831081870995, 42
1, 1927376, 1101046, 826330, 8263185.284304779, 37, 37, 0, 259.03257145596604, 37
51, 1927516, 1101096, 826420, 8263553.463367604, 140, 50, 90, 368.1790628250393, 52
1, 1927550, 1101130, 826420, 8263806.737007881, 34, 34, 0, 253.2736402766418, 34
1, 1927592, 1101172, 826420, 8264074.709997383, 42, 42, 0, 267.97298950218305, 42
1, 1927684, 1101194, 826490, 8264401.014098851, 92, 22, 70, 326.30410146824727, 24
51, 1927776, 1101236, 826540, 8264729.218200319, 92, 42, 50, 328.20410146824725, 43
1, 1927812, 1101272, 826540, 8264986.367174597, 36, 36, 0, 257.1489742783178, 36
1, 1927887, 1101317, 826570, 8265297.750270235, 75, 45, 30, 311.38309563827124, 46
1, 1927926, 1101356, 826570, 8265560.450210179, 39, 39, 0, 262.6999399439383, 39
51, 1928081, 1101391, 826690, 8265937.594362717, 155, 35, 120, 377.14415253747273, 38
1, 1928120, 1101430, 826690, 8266200.294302661, 39, 39, 0, 262.6999399439383, 39
1, 1928157, 1101467, 826690, 8266459.326874117, 37, 37, 0, 259.03257145596604, 37
1, 1928194, 1101504, 826690, 8266718.359445574, 37, 37, 0, 259.03257145596604, 37
51, 1928316, 1101546, 826770, 8267072.305064128, 122, 42, 80, 353.9456185537469, 44
1, 1928401, 1101591, 826810, 8267394.042091799, 85, 45, 40, 321.73702767108114, 46
1, 1928444, 1101634, 826810, 8267663.717052002, 43, 43, 0, 269.6749602031015, 43
1, 1928486, 1101676, 826810, 8267931.690041505, 42, 42, 0, 267.97298950218305, 42
51, 1928617, 1101717, 826900, 8268292.40236972, 131, 41, 90, 360.7123282155055, 43
1, 1928659, 1101759, 826900, 8268560.375359222, 42, 42, 0, 267.97298950218305, 42
1, 1928725, 1101795, 826930, 8268860.702347499, 66, 36, 30, 300.32698827717985, 37
1, 1928758, 1101828, 826930, 8269111.9805201925, 33, 33, 0, 251.27817269284301, 33
51, 1928889, 1101869, 827020, 8269472.692848408, 131, 41, 90, 360.7123282155055, 43
1, 1928958, 1101908, 827050, 8269776.804990117, 69, 39, 30, 304.1121417102006, 40
1, 1928996, 1101946, 827050, 8270037.687369737, 38, 38, 0, 260.88237961983884, 38
51, 1929092, 1101992, 827100, 8270370.004285752, 96, 46, 50, 332.31691601465747, 47
1, 1929184, 1102044, 827140, 8270699.20838722, 92, 52, 40, 329.20410146824725, 53
1, 1929263, 1102093, 827170, 8271015.239137351, 79, 49, 30, 316.03075013013313, 50
1, 1929305, 1102135, 827170, 8271283.212126853, 42, 42, 0, 267.97298950218305, 42
51, 1929440, 1102180, 827260, 8271647.277936793, 135, 45, 90, 364.06580994024984, 47
1, 1929485, 1102225, 827260, 8271920.2799432045, 45, 45, 0, 273.00200641113514, 45
1, 1929527, 1102267, 827260, 8272188.252932707, 42, 42, 0, 267.97298950218305, 42
51, 1929655, 1102305, 827350, 8272546.411498808, 128, 38, 90, 358.1585661014858, 40
1, 1929721, 1102341, 827380, 8272846.738487085, 66, 36, 30, 300.32698827717985, 37
1, 1929810, 1102390, 827420, 8273172.786352649, 89, 49, 40, 326.0478655640733, 50
1, 1929843, 1102423, 827420, 8273424.064525343, 33, 33, 0, 251.27817269284301, 33
1, 1929874, 1102454, 827420, 8273671.225631519, 31, 31, 0, 247.1611061770567, 31
51, 1930002, 1102492, 827510, 8274029.384197621, 128, 38, 90, 358.1585661014858, 40
1, 1930075, 1102535, 827540, 8274338.38547619, 73, 43, 30, 309.00127856917646, 44
1, 1930124, 1102584, 827540, 8274617.760607296, 49, 49, 0, 279.3751311064591, 49
1, 1930191, 1102621, 827570, 8274919.361162554, 67, 37, 30, 301.6005552576305, 38
51, 1930286, 1102666, 827620, 8275250.659726689, 95, 45, 50, 331.2985641352145, 46
1, 1930361, 1102701, 827660, 8275561.0428223265, 75, 35, 40, 310.38309563827124, 36
1, 1930431, 1102741, 827690, 8275866.3935831785, 70, 40, 30, 305.3507608519078, 41
1, 1930466, 1102776, 827690, 8276121.623511088, 35, 35, 0, 255.22992790977875, 35
51, 1930561, 1102821, 827740, 8276452.922075223, 95, 45, 50, 331.2985641352145, 46
1, 1930660, 1102850, 827810, 8276786.356289776, 99, 29, 70, 333.43421455299045, 31
1, 1930706, 1102896, 827810, 8277060.98535849, 46, 46, 0, 274.6290687140218, 46
1, 1930754, 1102944, 827810, 8277338.80016108, 48, 48, 0, 277.8148025904985, 48
51, 1930839, 1102979, 827860, 8277659.537188752, 85, 35, 50, 320.73702767108114, 36
1, 1930906, 1103016, 827890, 8277961.1377440095, 67, 37, 30, 301.6005552576305, 38
1, 1930955, 1103065, 827890, 8278240.5128751155, 49, 49, 0, 279.3751311064591, 49
1, 1931035, 1103105, 827930, 8278556.682631359, 80, 40, 40, 316.1697562442441, 41
51, 1931124, 1103144, 827980, 8278881.730496923, 89, 39, 50, 325.0478655640733, 40
1, 1931160, 1103180, 827980, 8279138.879471201, 36, 36, 0, 257.1489742783178, 36
1, 1931201, 1103221, 827980, 8279405.123424645, 41, 41, 0, 266.24395344352433, 41
1, 1931305, 1103255, 828050, 8279743.467111402, 104, 34, 70, 338.343686757474, 36
1, 1931350, 1103300, 828050, 8280016.469117814, 45, 45, 0, 273.00200641113514, 45
51, 1931436, 1103336, 828100, 8280338.295282462, 86, 36, 50, 321.82616464756694, 37
1, 1931506, 1103376, 828130, 8280643.646043314, 70, 40, 30, 305.3507608519078, 41
1, 1931587, 1103417, 828170, 8280960.9460433135, 81, 41, 40, 317.3, 42
1, 1931630, 1103460, 828170, 8281230.621003517, 43, 43, 0, 269.6749602031015, 43
51, 1931716, 1103496, 828220, 8281552.447168165, 86, 36, 50, 321.82616464756694, 37
1, 1931780, 1103530, 828250, 8281850.189880639, 64, 34, 30, 297.742712474619, 35
1, 1931831, 1103581, 828250, 8282132.624392417, 51, 51, 0, 282.43451177837886, 51
1, 1931911, 1103621, 828290, 8282448.794148661, 80, 40, 40, 316.1697562442441, 41
1, 1931956, 1103666, 828290, 8282721.796155073, 45, 45, 0, 273.00200641113514, 45
51, 1932074, 1103704, 828370, 8283072.183480241, 118, 38, 80, 350.3873251689181, 40
1, 1932156, 1103746, 828410, 8283390.605150085, 82, 42, 40, 318.42166984345636, 43
1, 1932204, 1103794, 828410, 8283668.419952676, 48, 48, 0, 277.8148025904985, 48
1, 1932249, 1103839, 828410, 8283941.421959087, 45, 45, 0, 273.00200641113514, 45
51, 1932348, 1103888, 828460, 8284276.7561736405, 99, 49, 50, 335.33421455299043, 50
1, 1932457, 1103927, 828530, 8284619.87080514, 109, 39, 70, 343.114631499574, 41
1, 1932501, 1103971, 828530, 8284891.221762829, 44, 44, 0, 271.35095769013947, 44
1, 1932544, 1104014, 828530, 8285160.896723033, 43, 43, 0, 269.6749602031015, 43
51, 1932661, 1104051, 828610, 8285510.383539831, 117, 37, 80, 349.4868167986058, 39
1, 1932702, 1104092, 828610, 8285776.627493274, 41, 41, 0, 266.24395344352433, 41
1, 1932776, 1104126, 828650, 8286085.824702041, 74, 34, 40, 309.1972087668518, 35
1, 1932818, 1104168, 828650, 8286353.797691544, 42, 42, 0, 267.97298950218305, 42
51, 1932935, 1104205, 828730, 8286703.284508342, 117, 37, 80, 349.4868167986058, 39
1, 1932971, 1104241, 828730, 8286960.43348262, 36, 36, 0, 257.1489742783178, 36
1, 1933010, 1104280, 828730, 8287223.133422564, 39, 39, 0, 262.6999399439383, 39
1, 1933088, 1104328, 828760, 8287538.016209184, 78, 48, 30, 314.8827866200841, 49
51, 1933219, 1104369, 828850, 8287898.728537399, 131, 41, 90, 360.7123282155055, 43
1, 1933260, 1104410, 828850, 8288164.972490842, 41, 41, 0, 266.24395344352433, 41
1, 1933305, 1104455, 828850, 8288437.974497254, 45, 45, 0, 273.00200641113514, 45
1, 1933342, 1104492, 828850, 8288697.00706871, 37, 37, 0, 259.03257145596604, 37
1, 1933402, 1104522, 828880, 8288989.422837081, 60, 30, 30, 292.41576837137404, 31
51, 1933533, 1104563, 828970, 8289350.1351652965, 131, 41, 90, 360.7123282155055, 43
1, 1933599, 1104599, 829000, 8289650.4621535735, 66, 36, 30, 300.32698827717985, 37
1, 1933637, 1104637, 829000, 8289911.344533193, 38, 38, 0, 260.88237961983884, 38
1, 1933710, 1104680, 829030, 8290220.345811762, 73, 43, 30, 309.00127856917646, 44
51, 1933842, 1104722, 829120, 8290581.901934189, 132, 42, 90, 361.55612242701943, 44
1, 1933887, 1104767, 829120, 8290854.9039406, 45, 45, 0, 273.00200641113514, 45
1, 1933973, 1104813, 829160, 8291177.730105248, 86, 46, 40, 322.82616464756694, 47
1, 1934006, 1104846, 829160, 8291429.0082779415, 33, 33, 0, 251.27817269284301, 33
51, 1934126, 1104886, 829240, 8291781.183369907, 120, 40, 80, 352.1750919646873, 42
1, 1934161, 1104921, 829240, 8292036.413297816, 35, 35, 0, 255.22992790977875, 35
1, 1934249, 1104969, 829280, 8292361.3947291775, 88, 48, 40, 324.98143136087856, 49
1, 1934295, 1105015, 829280, 8292636.023797891, 46, 46, 0, 274.6290687140218, 46
51, 1934389, 1105059, 829330, 8292966.297523739, 94, 44, 50, 330.273725847777, 45
1, 1934455, 1105095, 829360, 8293266.624512016, 66, 36, 30, 300.32698827717985, 37
1, 1934532, 1105132, 829400, 8293579.350175782, 77, 37, 40, 312.72566376652986, 38
51, 1934648, 1105168, 829480, 8293927.931979273, 116, 36, 80, 348.5818034911291, 38
1, 1934687, 1105207, 829480, 8294190.631919217, 39, 39, 0, 262.6999399439383, 39
1, 1934724, 1105244, 829480, 8294449.664490674, 37, 37, 0, 259.03257145596604, 37
1, 1934809, 1105299, 829510, 8294772.401518345, 85, 55, 30, 322.73702767108114, 56
1, 1934890, 1105340, 829550, 8295089.701518345, 81, 41, 40, 317.3, 42
51, 1934987, 1105387, 829600, 8295423.0304176165, 97, 47, 50, 333.3288992714996, 48
1, 1935029, 1105429, 829600, 8295691.003407119, 42, 42, 0, 267.97298950218305, 42
1, 1935109, 1105469, 829640, 8296007.173163363, 80, 40, 40, 316.1697562442441, 41
1, 1935156, 1105516, 829640, 8296283.406213232, 47, 47, 0, 276.2330498695885, 47
51, 1935273, 1105553, 829720, 8296632.893030031, 117, 37, 80, 349.4868167986058, 39
1, 1935349, 1105589, 829760, 8296944.452202404, 76, 36, 40, 311.5591723737189, 37
1, 1935420, 1105630, 829790, 8297251.030513222, 71, 41, 30, 306.57831081870995, 42
1, 1935456, 1105666, 829790, 8297508.1794875, 36, 36, 0, 257.1489742783178, 36
51, 1935582, 1105702, 829880, 8297864.616383384, 126, 36, 90, 356.43689588345075, 38
1, 1935629, 1105749, 829880, 8298140.8494332535, 47, 47, 0, 276.2330498695885, 47
1, 1935681, 1105801, 829880, 8298424.784394681, 52, 52, 0, 283.93496142826496, 52
51, 1935768, 1105838, 829930, 8298747.691975679, 87, 37, 50, 322.9075809977351, 38
1, 1935874, 1105874, 830000, 8299087.960019289, 106, 36, 70, 340.2680436096278, 38
1, 1935917, 1105917, 830000, 8299357.634979492, 43, 43, 0, 269.6749602031015, 43
1, 1935958, 1105958, 830000, 8299623.878932935, 41, 41, 0, 266.24395344352433, 41
51, 1936045, 1105995, 830050, 8299946.786513933, 87, 37, 50, 322.9075809977351, 38
1, 1936154, 1106034, 830120, 8300289.901145432, 109, 39, 70, 343.114631499574, 41
1, 1936194, 1106074, 830120, 8300554.3878313685, 40, 40, 0, 264.4866859365871, 40
1, 1936232, 1106112, 830120, 8300815.270210988, 38, 38, 0, 260.88237961983884, 38
51, 1936332, 1106162, 830170, 8301151.597977005, 100, 50, 50, 336.327766016838, 51
1, 1936435, 1106195, 830240, 8301488.97122706, 103, 33, 70, 337.37325005549695, 35
1, 1936473, 1106233, 830240, 8301749.8536066795, 38, 38, 0, 260.88237961983884, 38
1, 1936510, 1106270, 830240, 8302008.886178136, 37, 37, 0, 259.03257145596604, 37
51, 1936605, 1106315, 830290, 8302340.184742271, 95, 45, 50, 331.2985641352145, 46
1, 1936711, 1106351, 830360, 8302680.45278588, 106, 36, 70, 340.2680436096278, 38
1, 1936749, 1106389, 830360, 8302941.3351655, 38, 38, 0, 260.88237961983884, 38
1, 1936789, 1106429, 830360, 8303205.821851436, 40, 40, 0, 264.4866859365871, 40
51, 1936880, 1106470, 830410, 8303532.980913375, 91, 41, 50, 327.1590619387661, 42
1, 1936944, 1106504, 830440, 8303830.723625849, 64, 34, 30, 297.742712474619, 35
1, 1936988, 1106548, 830440, 8304102.074583539, 44, 44, 0, 271.35095769013947, 44
51, 1937110, 1106580, 830530, 8304455.020202093, 122, 32, 90, 352.9456185537469, 34
1, 1937145, 1106615, 830530, 8304710.250130002, 35, 35, 0, 255.22992790977875, 35
1, 1937215, 1106655, 830560, 8305015.600890854, 70, 40, 30, 305.3507608519078, 41
1, 1937293, 1106693, 830600, 8305329.483677475, 78, 38, 40, 313.8827866200841, 39
51, 1937384, 1106734, 830650, 8305656.642739413, 91, 41, 50, 327.1590619387661, 42
1, 1937455, 1106775, 830680, 8305963.221050232, 71, 41, 30, 306.57831081870995, 42
1, 1937493, 1106813, 830680, 8306224.103429851, 38, 38, 0, 260.88237961983884, 38
51, 1937590, 1106860, 830730, 8306557.432329123, 97, 47, 50, 333.3288992714996, 48
1, 1937695, 1106895, 830800, 8306896.740916417, 105, 35, 70, 339.30858729436795, 37
1, 1937737, 1106937, 830800, 8307164.713905919, 42, 42, 0, 267.97298950218305, 42
1, 1937822, 1106992, 830830, 8307487.4509335905, 85, 55, 30, 322.73702767108114, 56
51, 1937910, 1107030, 830880, 8307811.432364952, 88, 38, 50, 323.98143136087856, 39
1, 1937982, 1107072, 830910, 8308119.227427976, 72, 42, 30, 307.79506302439404, 43
1, 1938061, 1107111, 830950, 8308434.2581781065, 79, 39, 40, 315.03075013013313, 40
1, 1938100, 1107150, 830950, 8308696.95811805, 39, 39, 0, 262.6999399439383, 39
51, 1938190, 1107190, 831000, 8309023.065146875, 90, 40, 50, 326.1070288241023, 41
1, 1938277, 1107237, 831040, 8309346.972727872, 87, 47, 40, 323.9075809977351, 48
1, 1938351, 1107281, 831070, 8309657.169936639, 74, 44, 30, 310.1972087668518, 45
1, 1938391, 1107321, 831070, 8309921.656622576, 40, 40, 0, 264.4866859365871, 40
51, 1938481, 1107361, 831120, 8310247.7636514, 90, 40, 50, 326.1070288241023, 41
1, 1938559, 1107409, 831150, 8310562.64643802, 78, 48, 30, 314.8827866200841, 49
1, 1938612, 1107462, 831150, 8310848.063225661, 53, 53, 0, 285.4167876408086, 53
51, 1938739, 1107499, 831240, 8311205.362907961, 127, 37, 90, 357.2996822992933, 39
1, 1938782, 1107542, 831240, 8311475.0378681645, 43, 43, 0, 269.6749602031015, 43
1, 1938835, 1107565, 831270, 8311757.554655805, 53, 23, 30, 282.51678764080856, 24
1, 1938877, 1107607, 831270, 8312025.527645308, 42, 42, 0, 267.97298950218305, 42
51, 1938997, 1107647, 831350, 8312377.702737273, 120, 40, 80, 352.1750919646873, 42
1, 1939082, 1107692, 831390, 8312699.439764944, 85, 45, 40, 321.73702767108114, 46
1, 1939159, 1107739, 831420, 8313013.16542871, 77, 47, 30, 313.72566376652986, 48
1, 1939235, 1107775, 831460, 8313324.724601083, 76, 36, 40, 311.5591723737189, 37
51, 1939323, 1107813, 831510, 8313648.706032445, 88, 38, 50, 323.98143136087856, 39
1, 1939367, 1107857, 831510, 8313920.0569901345, 44, 44, 0, 271.35095769013947, 44
1, 1939401, 1107891, 831510, 8314173.330630411, 34, 34, 0, 253.2736402766418, 34
1, 1939449, 1107939, 831510, 8314451.145433002, 48, 48, 0, 277.8148025904985, 48
51, 1939619, 1107989, 831630, 8314839.532746687, 170, 50, 120, 388.38731368472776, 53
1, 1939664, 1108034, 831630, 8315112.534753098, 45, 45, 0, 273.00200641113514, 45
1, 1939701, 1108071, 831630, 8315371.567324555, 37, 37, 0, 259.03257145596604, 37
1, 1939742, 1108112, 831630, 8315637.811277998, 41, 41, 0, 266.24395344352433, 41
1, 1939826, 1108156, 831670, 8315958.451288401, 84, 44, 40, 320.64001040350905, 45
51, 1939942, 1108192, 831750, 8316307.0330918925, 116, 36, 80, 348.5818034911291, 38
1, 1939979, 1108229, 831750, 8316566.065663349, 37, 37, 0, 259.03257145596604, 37
1, 1940025, 1108275, 831750, 8316840.6947320625, 46, 46, 0, 274.6290687140218, 46
1, 1940118, 1108298, 831820, 8317168.03701197, 93, 23, 70, 327.34227990714817, 25
1, 1940153, 1108333, 831820, 8317423.266939879, 35, 35, 0, 255.22992790977875, 35
51, 1940231, 1108361, 831870, 8317736.1497265, 78, 28, 50, 312.8827866200841, 29
1, 1940303, 1108393, 831910, 8318042.944789524, 72, 32, 40, 306.79506302439404, 33
1, 1940384, 1108444, 831940, 8318361.244789524, 81, 51, 30, 318.3, 52
51, 1940464, 1108474, 831990, 8318676.414545768, 80, 30, 50, 315.1697562442441, 31
1, 1940539, 1108519, 832020, 8318987.797641406, 75, 45, 30, 311.38309563827124, 46
1, 1940573, 1108553, 832020, 8319241.071281683, 34, 34, 0, 253.2736402766418, 34
1, 1940659, 1108599, 832060, 8319563.897446331, 86, 46, 40, 322.82616464756694, 47
51, 1940743, 1108633, 832110, 8319883.537456734, 84, 34, 50, 319.64001040350905, 35
1, 1940846, 1108666, 832180, 8320220.910706789, 103, 33, 70, 337.37325005549695, 35
1, 1940889, 1108709, 832180, 8320490.585666993, 43, 43, 0, 269.6749602031015, 43
1, 1940922, 1108742, 832180, 8320741.863839686, 33, 33, 0, 251.27817269284301, 33
51, 1941010, 1108780, 832230, 8321065.845271047, 88, 38, 50, 323.98143136087856, 39
1, 1941075, 1108815, 832260, 8321364.886422491, 65, 35, 30, 299.04115144336777, 36
1, 1941149, 1108849, 832300, 8321674.0836312575, 74, 34, 40, 309.1972087668518, 35
51, 1941235, 1108885, 832350, 8321995.909795905, 86, 36, 50, 321.82616464756694, 37
1, 1941316, 1108936, 832380, 8322314.209795905, 81, 51, 30, 318.3, 52
1, 1941400, 1108980, 832420, 8322634.849806309, 84, 44, 40, 320.64001040350905, 45
1, 1941446, 1109026, 832420, 8322909.478875022, 46, 46, 0, 274.6290687140218, 46
51, 1941540, 1109070, 832470, 8323239.75260087, 94, 44, 50, 330.273725847777, 45
1, 1941614, 1109114, 832500, 8323549.949809637, 74, 44, 30, 310.1972087668518, 45
1, 1941659, 1109159, 832500, 8323822.9518160485, 45, 45, 0, 273.00200641113514, 45
1, 1941735, 1109195, 832540, 8324134.510988422, 76, 36, 40, 311.5591723737189, 37
51, 1941827, 1109237, 832590, 8324462.71508989, 92, 42, 50, 328.20410146824725, 43
1, 1941869, 1109279, 832590, 8324730.688079393, 42, 42, 0, 267.97298950218305, 42
1, 1941912, 1109322, 832590, 8325000.363039596, 43, 43, 0, 269.6749602031015, 43
1, 1941983, 1109363, 832620, 8325306.941350414, 71, 41, 30, 306.57831081870995, 42
1, 1942024, 1109404, 832620, 8325573.185303858, 41, 41, 0, 266.24395344352433, 41
51, 1942152, 1109442, 832710, 8325931.343869959, 128, 38, 90, 358.1585661014858, 40
1, 1942227, 1109487, 832740, 8326242.726965597, 75, 45, 30, 311.38309563827124, 46
1, 1942272, 1109532, 832740, 8326515.728972008, 45, 45, 0, 273.00200641113514, 45
1, 1942306, 1109566, 832740, 8326769.002612285, 34, 34, 0, 253.2736402766418, 34
1, 1942426, 1109616, 832810, 8327122.17770425, 120, 50, 70, 353.1750919646873, 52
51, 1942513, 1109653, 832860, 8327445.085285248, 87, 37, 50, 322.9075809977351, 38
1, 1942552, 1109692, 832860, 8327707.785225192, 39, 39, 0, 262.6999399439383, 39
1, 1942628, 1109738, 832890, 8328020.344397565, 76, 46, 30, 312.5591723737189, 47
1, 1942709, 1109779, 832930, 8328337.644397565, 81, 41, 40, 317.3, 42
1, 1942756, 1109826, 832930, 8328613.877447435, 47, 47, 0, 276.2330498695885, 47
51, 1942847, 1109867, 832980, 8328941.036509373, 91, 41, 50, 327.1590619387661, 42
1, 1942920, 1109910, 833010, 8329250.037787942, 73, 43, 30, 309.00127856917646, 44
1, 1943005, 1109955, 833050, 8329571.774815613, 85, 45, 40, 321.73702767108114, 46
51, 1943089, 1109989, 833100, 8329891.414826017, 84, 34, 50, 319.64001040350905, 35
1, 1943127, 1110027, 833100, 8330152.297205636, 38, 38, 0, 260.88237961983884, 38
1, 1943202, 1110072, 833130, 8330463.680301274, 75, 45, 30, 311.38309563827124, 46
1, 1943248, 1110118, 833130, 8330738.309369988, 46, 46, 0, 274.6290687140218, 46
51, 1943374, 1110154, 833220, 8331094.746265871, 126, 36, 90, 356.43689588345075, 38
1, 1943449, 1110199, 833250, 8331406.129361509, 75, 45, 30, 311.38309563827124, 46
1, 1943497, 1110247, 833250, 8331683.9441641, 48, 48, 0, 277.8148025904985, 48
1, 1943535, 1110285, 833250, 8331944.8265437195, 38, 38, 0, 260.88237961983884, 38
51, 1943662, 1110322, 833340, 8332302.126226019, 127, 37, 90, 357.2996822992933, 39
1, 1943704, 1110364, 833340, 8332570.0992155215, 42, 42, 0, 267.97298950218305, 42
1, 1943771, 1110401, 833370, 8332871.699770779, 67, 37, 30, 301.6005552576305, 38
51, 1943865, 1110445, 833420, 8333201.973496627, 94, 44, 50, 330.273725847777, 45
1, 1943902, 1110482, 833420, 8333461.006068083, 37, 37, 0, 259.03257145596604, 37
1, 1944013, 1110523, 833490, 8333805.992786124, 111, 41, 70, 344.9867180408456, 43
1, 1944051, 1110561, 833490, 8334066.875165744, 38, 38, 0, 260.88237961983884, 38
51, 1944153, 1110613, 833540, 8334405.172348524, 102, 52, 50, 338.29718278112654, 53
1, 1944230, 1110660, 833570, 8334718.898012291, 77, 47, 30, 313.72566376652986, 48
1, 1944318, 1110708, 833610, 8335043.879443652, 88, 48, 40, 324.98143136087856, 49
1, 1944346, 1110736, 833610, 8335284.512107031, 28, 28, 0, 240.63266337912057, 28
1, 1944376, 1110766, 833610, 8335529.546838963, 30, 30, 0, 245.0347319320716, 30
51, 1944521, 1110821, 833700, 8335901.756847159, 145, 55, 90, 372.2100081956181, 57
1, 1944594, 1110864, 833730, 8336210.758125728, 73, 43, 30, 309.00127856917646, 44
1, 1944627, 1110897, 833730, 8336462.036298421, 33, 33, 0, 251.27817269284301, 33
1, 1944660, 1110930, 833730, 8336713.314471114, 33, 33, 0, 251.27817269284301, 33
51, 1944789, 1110969, 833820, 8337072.328071605, 129, 39, 90, 359.01360049114555, 41
1, 1944860, 1111010, 833850, 8337378.906382424, 71, 41, 30, 306.57831081870995, 42
1, 1944891, 1111041, 833850, 8337626.0674886005, 31, 31, 0, 247.1611061770567, 31
1, 1944933, 1111083, 833850, 8337894.040478103, 42, 42, 0, 267.97298950218305, 42
1, 1945014, 1111124, 833890, 8338211.340478103, 81, 41, 40, 317.3, 42
51, 1945101, 1111161, 833940, 8338534.2480591005, 87, 37, 50, 322.9075809977351, 38
1, 1945204, 1111194, 834010, 8338871.621309156, 103, 33, 70, 337.37325005549695, 35
1, 1945255, 1111245, 834010, 8339154.055820934, 51, 51, 0, 282.43451177837886, 51
1, 1945300, 1111290, 834010, 8339427.057827345, 45, 45, 0, 273.00200641113514, 45
51, 1945385, 1111325, 834060, 8339747.794855016, 85, 35, 50, 320.73702767108114, 36
1, 1945468, 1111368, 834100, 8340067.329802945, 83, 43, 40, 319.5349479292333, 44
1, 1945502, 1111402, 834100, 8340320.603443222, 34, 34, 0, 253.2736402766418, 34
1, 1945565, 1111435, 834130, 8340617.034767948, 63, 33, 30, 296.43132472612575, 34
51, 1945663, 1111483, 834180, 8340951.369396313, 98, 48, 50, 334.33462836457886, 49
1, 1945745, 1111525, 834220, 8341269.791066157, 82, 42, 40, 318.42166984345636, 43
1, 1945788, 1111568, 834220, 8341539.46602636, 43, 43, 0, 269.6749602031015, 43
1, 1945828, 1111608, 834220, 8341803.9527122965, 40, 40, 0, 264.4866859365871, 40
51, 1945943, 1111643, 834300, 8342151.624929358, 115, 35, 80, 347.6722170622053, 37
1, 1945978, 1111678, 834300, 8342406.854857268, 35, 35, 0, 255.22992790977875, 35
1, 1946063, 1111723, 834340, 8342728.591884939, 85, 45, 40, 321.73702767108114, 46
1, 1946131, 1111761, 834370, 8343031.454056041, 68, 38, 30, 302.86217110259, 39
51, 1946221, 1111801, 834420, 8343357.561084866, 90, 40, 50, 326.1070288241023, 41
1, 1946310, 1111850, 834460, 8343683.60895043, 89, 49, 40, 326.0478655640733, 50
1, 1946353, 1111893, 834460, 8343953.283910633, 43, 43, 0, 269.6749602031015, 43
1, 1946389, 1111929, 834460, 8344210.432884911, 36, 36, 0, 257.1489742783178, 36
51, 1946550, 1111970, 834580, 8344592.143181512, 161, 41, 120, 381.7102966008917, 44
1, 1946590, 1112010, 834580, 8344856.6298674485, 40, 40, 0, 264.4866859365871, 40
1, 1946632, 1112052, 834580, 8345124.602856951, 42, 42, 0, 267.97298950218305, 42
51, 1946767, 1112097, 834670, 8345488.668666891, 135, 45, 90, 364.06580994024984, 47
1, 1946805, 1112135, 834670, 8345749.55104651, 38, 38, 0, 260.88237961983884, 38
1, 1946869, 1112169, 834700, 8346047.293758985, 64, 34, 30, 297.742712474619, 35
51, 1947000, 1112210, 834790, 8346408.0060872, 131, 41, 90, 360.7123282155055, 43
1, 1947029, 1112239, 834790, 8346650.865665911, 29, 29, 0, 242.8595787106084, 29
1, 1947062, 1112272, 834790, 8346902.143838604, 33, 33, 0, 251.27817269284301, 33
1, 1947136, 1112316, 834820, 8347212.341047371, 74, 44, 30, 310.1972087668518, 45
51, 1947219, 1112349, 834870, 8347530.8759953, 83, 33, 50, 318.5349479292333, 34
1, 1947287, 1112377, 834910, 8347832.738166402, 68, 28, 40, 301.86217110259, 29
1, 1947327, 1112417, 834910, 8348097.224852338, 40, 40, 0, 264.4866859365871, 40
1, 1947361, 1112451, 834910, 8348350.498492615, 34, 34, 0, 253.2736402766418, 34
51, 1947449, 1112489, 834960, 8348674.479923977, 88, 38, 50, 323.98143136087856, 39
1, 1947555, 1112525, 835030, 8349014.747967586, 106, 36, 70, 340.2680436096278, 38
1, 1947589, 1112559, 835030, 8349268.021607863, 34, 34, 0, 253.2736402766418, 34
1, 1947660, 1112600, 835060, 8349574.599918681, 71, 41, 30, 306.57831081870995, 42
1, 1947703, 1112643, 835060, 8349844.274878885, 43, 43, 0, 269.6749602031015, 43
51, 1947833, 1112683, 835150, 8350204.139716423, 130, 40, 90, 359.86483753851803, 42
1, 1947899, 1112719, 835180, 8350504.4667047, 66, 36, 30, 300.32698827717985, 37
1, 1947936, 1112756, 835180, 8350763.499276157, 37, 37, 0, 259.03257145596604, 37
1, 1947972, 1112792, 835180, 8351020.648250435, 36, 36, 0, 257.1489742783178, 36
51, 1948090, 1112830, 835260, 8351371.035575603, 118, 38, 80, 350.3873251689181, 40
1, 1948133, 1112873, 835260, 8351640.710535807, 43, 43, 0, 269.6749602031015, 43
1, 1948243, 1112913, 835330, 8351984.763719853, 110, 40, 70, 344.0531840464366, 42
1, 1948287, 1112957, 835330, 8352256.114677543, 44, 44, 0, 271.35095769013947, 44
51, 1948372, 1112992, 835380, 8352576.851705214, 85, 35, 50, 320.73702767108114, 36
1, 1948414, 1113034, 835380, 8352844.824694716, 42, 42, 0, 267.97298950218305, 42
1, 1948493, 1113073, 835420, 8353159.855444847, 79, 39, 40, 315.03075013013313, 40
1, 1948566, 1113116, 835450, 8353468.856723416, 73, 43, 30, 309.00127856917646, 44
51, 1948664, 1113164, 835500, 8353803.191351781, 98, 48, 50, 334.33462836457886, 49
1, 1948703, 1113203, 835500, 8354065.8912917245, 39, 39, 0, 262.6999399439383, 39
1, 1948772, 1113242, 835530, 8354370.003433434, 69, 39, 30, 304.1121417102006, 40
1, 1948844, 1113274, 835570, 8354676.798496459, 72, 32, 40, 306.79506302439404, 33
51, 1948936, 1113316, 835620, 8355005.002597927, 92, 42, 50, 328.20410146824725, 43
1, 1948974, 1113354, 835620, 8355265.8849775465, 38, 38, 0, 260.88237961983884, 38
1, 1949043, 1113393, 835650, 8355569.997119256, 69, 39, 30, 304.1121417102006, 40
51, 1949142, 1113442, 835700, 8355905.3313338095, 99, 49, 50, 335.33421455299043, 50
1, 1949241, 1113471, 835770, 8356238.765548362, 99, 29, 70, 333.43421455299045, 31
1, 1949273, 1113503, 835770, 8356488.006971363, 32, 32, 0, 249.24142300054422, 32
1, 1949354, 1113544, 835810, 8356805.306971363, 81, 41, 40, 317.3, 42
1, 1949401, 1113591, 835810, 8357081.540021232, 47, 47, 0, 276.2330498695885, 47
51, 1949520, 1113630, 835890, 8357432.823416434, 119, 39, 80, 351.28339520229764, 41
1, 1949556, 1113666, 835890, 8357689.972390712, 36, 36, 0, 257.1489742783178, 36
1, 1949638, 1113708, 835930, 8358008.394060556, 82, 42, 40, 318.42166984345636, 43
1, 1949706, 1113746, 835960, 8358311.256231658, 68, 38, 30, 302.86217110259, 39
51, 1949797, 1113787, 836010, 8358638.415293597, 91, 41, 50, 327.1590619387661, 42
1, 1949838, 1113828, 836010, 8358904.65924704, 41, 41, 0, 266.24395344352433, 41
1, 1949948, 1113868, 836080, 8359248.712431086, 110, 40, 70, 344.0531840464366, 42
1, 1949988, 1113908, 836080, 8359513.199117023, 40, 40, 0, 264.4866859365871, 40
51, 1950112, 1113952, 836160, 8359868.89851357, 124, 44, 80, 355.6993965481514, 46
1, 1950155, 1113995, 836160, 8360138.573473774, 43, 43, 0, 269.6749602031015, 43
1, 1950234, 1114034, 836200, 8360453.604223904, 79, 39, 40, 315.03075013013313, 40
1, 1950294, 1114064, 836230, 8360746.019992275, 60, 30, 30, 292.41576837137404, 31
51, 1950384, 1114104, 836280, 8361072.127021099, 90, 40, 50, 326.1070288241023, 41
1, 1950421, 1114141, 836280, 8361331.159592556, 37, 37, 0, 259.03257145596604, 37
1, 1950491, 1114171, 836320, 8361635.510353408, 70, 30, 40, 304.3507608519078, 31
1, 1950556, 1114206, 836350, 8361934.551504851, 65, 35, 30, 299.04115144336777, 36
51, 1950643, 1114243, 836400, 8362257.459085849, 87, 37, 50, 322.9075809977351, 38
1, 1950706, 1114276, 836430, 8362553.890410575, 63, 33, 30, 296.43132472612575, 34
1, 1950791, 1114321, 836470, 8362875.627438246, 85, 45, 40, 321.73702767108114, 46
1, 1950834, 1114364, 836470, 8363145.30239845, 43, 43, 0, 269.6749602031015, 43
1, 1950914, 1114414, 836500, 8363462.472154694, 80, 50, 30, 317.1697562442441, 51
51, 1951005, 1114455, 836550, 8363789.631216632, 91, 41, 50, 327.1590619387661, 42
1, 1951045, 1114495, 836550, 8364054.117902569, 40, 40, 0, 264.4866859365871, 40
1, 1951133, 1114543, 836590, 8364379.09933393, 88, 48, 40, 324.98143136087856, 49
1, 1951177, 1114587, 836590, 8364650.45029162, 44, 44, 0, 271.35095769013947, 44
51, 1951295, 1114625, 836670, 8365000.837616788, 118, 38, 80, 350.3873251689181, 40
1, 1951385, 1114675, 836710, 8365327.9446456125, 90, 50, 40, 327.1070288241023, 51
1, 1951434, 1114724, 836710, 8365607.3197767185, 49, 49, 0, 279.3751311064591, 49
1, 1951498, 1114788, 836710, 8365907.962489193, 64, 64, 0, 300.64271247461903, 64
1, 1951561, 1114821, 836740, 8366204.393813919, 63, 33, 30, 296.43132472612575, 34
51, 1951652, 1114862, 836790, 8366531.552875858, 91, 41, 50, 327.1590619387661, 42
1, 1951732, 1114902, 836830, 8366847.722632102, 80, 40, 40, 316.1697562442441, 41
1, 1951803, 1114943, 836860, 8367154.30094292, 71, 41, 30, 306.57831081870995, 42
1, 1951883, 1114983, 836900, 8367470.470699164, 80, 40, 40, 316.1697562442441, 41
1, 1951922, 1115022, 836900, 8367733.170639108, 39, 39, 0, 262.6999399439383, 39
51, 1952044, 1115064, 836980, 8368087.116257662, 122, 42, 80, 353.9456185537469, 44
1, 1952086, 1115106, 836980, 8368355.089247164, 42, 42, 0, 267.97298950218305, 42
1, 1952139, 1115159, 836980, 8368640.506034805, 53, 53, 0, 285.4167876408086, 53
1, 1952225, 1115205, 837020, 8368963.332199453, 86, 46, 40, 322.82616464756694, 47
51, 1952319, 1115249, 837070, 8369293.605925301, 94, 44, 50, 330.273725847777, 45
1, 1952355, 1115285, 837070, 8369550.754899579, 36, 36, 0, 257.1489742783178, 36
1, 1952421, 1115321, 837100, 8369851.081887856, 66, 36, 30, 300.32698827717985, 37
1, 1952507, 1115367, 837140, 8370173.908052504, 86, 46, 40, 322.82616464756694, 47
1, 1952580, 1115410, 837170, 8370482.909331073, 73, 43, 30, 309.00127856917646, 44
51, 1952678, 1115458, 837220, 8370817.243959438, 98, 48, 50, 334.33462836457886, 49
1, 1952719, 1115499, 837220, 8371083.487912881, 41, 41, 0, 266.24395344352433, 41
1, 1952763, 1115543, 837220, 8371354.838870571, 44, 44, 0, 271.35095769013947, 44
51, 1952893, 1115583, 837310, 8371714.703708109, 130, 40, 90, 359.86483753851803, 42
1, 1952957, 1115617, 837340, 8372012.446420584, 64, 34, 30, 297.742712474619, 35
1, 1952997, 1115657, 837340, 8372276.93310652, 40, 40, 0, 264.4866859365871, 40
51, 1953160, 1115700, 837460, 8372660.144529998, 163, 43, 120, 383.21142347822723, 46
1, 1953202, 1115742, 837460, 8372928.117519501, 42, 42, 0, 267.97298950218305, 42
1, 1953240, 1115780, 837460, 8373188.99989912, 38, 38, 0, 260.88237961983884, 38
1, 1953275, 1115815, 837460, 8373444.22982703, 35, 35, 0, 255.22992790977875, 35
1, 1953337, 1115847, 837490, 8373739.33645336, 62, 32, 30, 295.1066263296683, 33
51, 1953470, 1115890, 837580, 8374101.732722401, 133, 43, 90, 362.3962690412072, 45
1, 1953512, 1115932, 837580, 8374369.705711903, 42, 42, 0, 267.97298950218305, 42
1, 1953546, 1115966, 837580, 8374622.97935218, 34, 34, 0, 253.2736402766418, 34
1, 1953587, 1116007, 837580, 8374889.223305623, 41, 41, 0, 266.24395344352433, 41
51, 1953702, 1116042, 837660, 8375236.895522685, 115, 35, 80, 347.6722170622053, 37
1, 1953771, 1116071, 837700, 8375540.007664395, 69, 29, 40, 303.1121417102006, 30
1, 1953811, 1116111, 837700, 8375804.494350331, 40, 40, 0, 264.4866859365871, 40
1, 1953856, 1116156, 837700, 8376077.496356742, 45, 45, 0, 273.00200641113514, 45
51, 1953936, 1116186, 837750, 8376392.666112986, 80, 30, 50, 315.1697562442441, 31
1, 1954007, 1116217, 837790, 8376698.244423805, 71, 31, 40, 305.57831081870995, 32
1, 1954079, 1116259, 837820, 8377006.039486829, 72, 42, 30, 307.79506302439404, 43
51, 1954162, 1116292, 837870, 8377324.574434758, 83, 33, 50, 318.5349479292333, 34
1, 1954243, 1116333, 837910, 8377641.874434758, 81, 41, 40, 317.3, 42
1, 1954283, 1116373, 837910, 8377906.361120694, 40, 40, 0, 264.4866859365871, 40
51, 1954405, 1116415, 837990, 8378260.306739248, 122, 42, 80, 353.9456185537469, 44
1, 1954488, 1116458, 838030, 8378579.841687177, 83, 43, 40, 319.5349479292333, 44
1, 1954546, 1116516, 838030, 8378872.408589285, 58, 58, 0, 292.5669021071895, 58
51, 1954673, 1116563, 838110, 8379230.7082715845, 127, 47, 80, 358.2996822992933, 49
1, 1954711, 1116601, 838110, 8379491.590651204, 38, 38, 0, 260.88237961983884, 38
1, 1954827, 1116647, 838180, 8379841.172454695, 116, 46, 70, 349.5818034911291, 48
1, 1954878, 1116698, 838180, 8380123.606966473, 51, 51, 0, 282.43451177837886, 51
1, 1954915, 1116735, 838180, 8380382.63953793, 37, 37, 0, 259.03257145596604, 37
51, 1955039, 1116779, 838260, 8380738.338934477, 124, 44, 80, 355.6993965481514, 46
1, 1955110, 1116810, 838300, 8381043.917245296, 71, 31, 40, 305.57831081870995, 32
1, 1955178, 1116848, 838330, 8381346.779416398, 68, 38, 30, 302.86217110259, 39
1, 1955217, 1116887, 838330, 8381609.479356342, 39, 39, 0, 262.6999399439383, 39
51, 1955334, 1116924, 838410, 8381958.96617314, 117, 37, 80, 349.4868167986058, 39
1, 1955406, 1116956, 838450, 8382265.761236165, 72, 32, 40, 306.79506302439404, 33
1, 1955444, 1116994, 838450, 8382526.643615784, 38, 38, 0, 260.88237961983884, 38
51, 1955541, 1117041, 838500, 8382859.972515056, 97, 47, 50, 333.3288992714996, 48
1, 1955658, 1117088, 838570, 8383210.459331854, 117, 47, 70, 350.4868167986058, 49
1, 1955693, 1117123, 838570, 8383465.689259764, 35, 35, 0, 255.22992790977875, 35
1, 1955736, 1117166, 838570, 8383735.364219967, 43, 43, 0, 269.6749602031015, 43
51, 1955825, 1117205, 838620, 8384060.412085531, 89, 39, 50, 325.0478655640733, 40
1, 1955902, 1117242, 838660, 8384373.137749298, 77, 37, 40, 312.72566376652986, 38
1, 1955974, 1117284, 838690, 8384680.932812322, 72, 42, 30, 307.79506302439404, 43
1, 1956052, 1117322, 838730, 8384994.815598942, 78, 38, 40, 313.8827866200841, 39
51, 1956167, 1117357, 838810, 8385342.487816004, 115, 35, 80, 347.6722170622053, 37
1, 1956206, 1117396, 838810, 8385605.187755948, 39, 39, 0, 262.6999399439383, 39
1, 1956288, 1117438, 838850, 8385923.609425792, 82, 42, 40, 318.42166984345636, 43
1, 1956327, 1117477, 838850, 8386186.309365735, 39, 39, 0, 262.6999399439383, 39
1, 1956360, 1117510, 838850, 8386437.587538429, 33, 33, 0, 251.27817269284301, 33
51, 1956485, 1117555, 838930, 8386794.157690917, 125, 45, 80, 356.57015248821097, 47
1, 1956525, 1117595, 838930, 8387058.6443768535, 40, 40, 0, 264.4866859365871, 40
1, 1956562, 1117632, 838930, 8387317.67694831, 37, 37, 0, 259.03257145596604, 37
1, 1956648, 1117678, 838970, 8387640.503112958, 86, 46, 40, 322.82616464756694, 47
51, 1956739, 1117719, 839020, 8387967.662174896, 91, 41, 50, 327.1590619387661, 42
1, 1956778, 1117758, 839020, 8388230.36211484, 39, 39, 0, 262.6999399439383, 39
1, 1956847, 1117797, 839050, 8388534.47425655, 69, 39, 30, 304.1121417102006, 40
1, 1956922, 1117832, 839090, 8388844.857352188, 75, 35, 40, 310.38309563827124, 36
51, 1957008, 1117868, 839140, 8389166.683516836, 86, 36, 50, 321.82616464756694, 37
1, 1957115, 1117905, 839210, 8389507.905662106, 107, 37, 70, 341.2221452697031, 39
1, 1957162, 1117952, 839210, 8389784.138711976, 47, 47, 0, 276.2330498695885, 47
51, 1957252, 1117992, 839260, 8390110.2457408, 90, 40, 50, 326.1070288241023, 41
1, 1957317, 1118027, 839290, 8390409.286892243, 65, 35, 30, 299.04115144336777, 36
1, 1957394, 1118064, 839330, 8390722.012556009, 77, 37, 40, 312.72566376652986, 38
1, 1957434, 1118104, 839330, 8390986.499241946, 40, 40, 0, 264.4866859365871, 40
1, 1957463, 1118133, 839330, 8391229.358820656, 29, 29, 0, 242.8595787106084, 29
51, 1957549, 1118169, 839380, 8391551.184985304, 86, 36, 50, 321.82616464756694, 37
1, 1957614, 1118204, 839410, 8391850.226136748, 65, 35, 30, 299.04115144336777, 36
1, 1957696, 1118246, 839450, 8392168.64780659, 82, 42, 40, 318.42166984345636, 43
1, 1957737, 1118287, 839450, 8392434.891760034, 41, 41, 0, 266.24395344352433, 41
1, 1957769, 1118319, 839450, 8392684.133183034, 32, 32, 0, 249.24142300054422, 32
51, 1957865, 1118365, 839500, 8393016.45009905, 96, 46, 50, 332.31691601465747, 47
1, 1957949, 1118409, 839540, 8393337.090109453, 84, 44, 40, 320.64001040350905, 45
1, 1958015, 1118445, 839570, 8393637.41709773, 66, 36, 30, 300.32698827717985, 37
51, 1958096, 1118476, 839620, 8393953.717097731, 81, 31, 50, 316.3, 32
1, 1958171, 1118511, 839660, 8394264.10019337, 75, 35, 40, 310.38309563827124, 36
1, 1958221, 1118561, 839660, 8394545.014988218, 50, 50, 0, 280.9147948472494, 50
1, 1958264, 1118604, 839660, 8394814.689948421, 43, 43, 0, 269.6749602031015, 43
1, 1958340, 1118640, 839700, 8395126.249120794, 76, 36, 40, 311.5591723737189, 37
51, 1958454, 1118674, 839780, 8395473.007108485, 114, 34, 80, 346.75798769167545, 36
1, 1958493, 1118713, 839780, 8395735.70704843, 39, 39, 0, 262.6999399439383, 39
1, 1958574, 1118754, 839820, 8396053.00704843, 81, 41, 40, 317.3, 42
1, 1958638, 1118788, 839850, 8396350.749760905, 64, 34, 30, 297.742712474619, 35
51, 1958733, 1118833, 839900, 8396682.048325041, 95, 45, 50, 331.2985641352145, 46
1, 1958776, 1118876, 839900, 8396951.723285245, 43, 43, 0, 269.6749602031015, 43
1, 1958839, 1118909, 839930, 8397248.15460997, 63, 33, 30, 296.43132472612575, 34
1, 1958885, 1118955, 839930, 8397522.783678684, 46, 46, 0, 274.6290687140218, 46
51, 1959010, 1118990, 840020, 8397878.353831172, 125, 35, 90, 355.57015248821097, 37
1, 1959087, 1119037, 840050, 8398192.079494938, 77, 47, 30, 313.72566376652986, 48
1, 1959123, 1119073, 840050, 8398449.228469217, 36, 36, 0, 257.1489742783178, 36
1, 1959237, 1119117, 840120, 8398796.986456908, 114, 44, 70, 347.75798769167545, 46
1, 1959276, 1119156, 840120, 8399059.686396852, 39, 39, 0, 262.6999399439383, 39
51, 1959360, 1119190, 840170, 8399379.326407256, 84, 34, 50, 319.64001040350905, 35
1, 1959407, 1119237, 840170, 8399655.559457125, 47, 47, 0, 276.2330498695885, 47
1, 1959481, 1119271, 840210, 8399964.756665893, 74, 34, 40, 309.1972087668518, 35
1, 1959556, 1119316, 840240, 8400276.139761532, 75, 45, 30, 311.38309563827124, 46
51, 1959651, 1119361, 840290, 8400607.438325668, 95, 45, 50, 331.2985641352145, 46
1, 1959697, 1119407, 840290, 8400882.067394381, 46, 46, 0, 274.6290687140218, 46
1, 1959741, 1119451, 840290, 8401153.418352071, 44, 44, 0, 271.35095769013947, 44
51, 1959870, 1119490, 840380, 8401512.431952562, 129, 39, 90, 359.01360049114555, 41
1, 1959937, 1119527, 840410, 8401814.03250782, 67, 37, 30, 301.6005552576305, 38
1, 1959976, 1119566, 840410, 8402076.732447764, 39, 39, 0, 262.6999399439383, 39
1, 1960054, 1119604, 840450, 8402390.615234384, 78, 38, 40, 313.8827866200841, 39
51, 1960138, 1119638, 840500, 8402710.255244788, 84, 34, 50, 319.64001040350905, 35
1, 1960180, 1119680, 840500, 8402978.22823429, 42, 42, 0, 267.97298950218305, 42
1, 1960219, 1119719, 840500, 8403240.928174233, 39, 39, 0, 262.6999399439383, 39
1, 1960293, 1119763, 840530, 8403551.125383, 74, 44, 30, 310.1972087668518, 45
51, 1960377, 1119797, 840580, 8403870.765393404, 84, 34, 50, 319.64001040350905, 35
1, 1960463, 1119843, 840620, 8404193.591558052, 86, 46, 40, 322.82616464756694, 47
1, 1960502, 1119882, 840620, 8404456.291497996, 39, 39, 0, 262.6999399439383, 39
1, 1960617, 1119927, 840690, 8404804.963715058, 115, 45, 70, 348.6722170622053, 47
51, 1960702, 1119962, 840740, 8405125.700742729, 85, 35, 50, 320.73702767108114, 36
1, 1960740, 1120000, 840740, 8405386.583122348, 38, 38, 0, 260.88237961983884, 38
1, 1960764, 1120024, 840740, 8405617.719506288, 24, 24, 0, 231.13638394006432, 24
51, 1960888, 1120058, 840830, 8405972.418902837, 124, 34, 90, 354.6993965481514, 36
1, 1960957, 1120097, 840860, 8406276.531044547, 69, 39, 30, 304.1121417102006, 40
1, 1961000, 1120140, 840860, 8406546.20600475, 43, 43, 0, 269.6749602031015, 43
1, 1961081, 1120181, 840900, 8406863.50600475, 81, 41, 40, 317.3, 42
51, 1961172, 1120222, 840950, 8407190.66506669, 91, 41, 50, 327.1590619387661, 42
1, 1961212, 1120262, 840950, 8407455.151752627, 40, 40, 0, 264.4866859365871, 40
1, 1961250, 1120300, 840950, 8407716.034132246, 38, 38, 0, 260.88237961983884, 38
1, 1961322, 1120342, 840980, 8408023.82919527, 72, 42, 30, 307.79506302439404, 43
51, 1961450, 1120380, 841070, 8408381.987761373, 128, 38, 90, 358.1585661014858, 40
1, 1961484, 1120414, 841070, 8408635.26140165, 34, 34, 0, 253.2736402766418, 34
1, 1961526, 1120456, 841070, 8408903.234391151, 42, 42, 0, 267.97298950218305, 42
1, 1961597, 1120497, 841100, 8409209.81270197, 71, 41, 30, 306.57831081870995, 42
1, 1961639, 1120539, 841100, 8409477.785691472, 42, 42, 0, 267.97298950218305, 42
51, 1961767, 1120577, 841190, 8409835.944257574, 128, 38, 90, 358.1585661014858, 40
1, 1961811, 1120621, 841190, 8410107.295215264, 44, 44, 0, 271.35095769013947, 44
1, 1961849, 1120659, 841190, 8410368.177594883, 38, 38, 0, 260.88237961983884, 38
51, 1961937, 1120697, 841240, 8410692.159026245, 88, 38, 50, 323.98143136087856, 39
1, 1962042, 1120732, 841310, 8411031.467613539, 105, 35, 70, 339.30858729436795, 37
1, 1962094, 1120784, 841310, 8411315.402574968, 52, 52, 0, 283.93496142826496, 52
51, 1962210, 1120820, 841390, 8411663.984378459, 116, 36, 80, 348.5818034911291, 38
1, 1962280, 1120850, 841430, 8411968.33513931, 70, 30, 40, 304.3507608519078, 31
1, 1962317, 1120887, 841430, 8412227.367710765, 37, 37, 0, 259.03257145596604, 37
1, 1962391, 1120931, 841460, 8412537.564919533, 74, 44, 30, 310.1972087668518, 45
1, 1962473, 1120973, 841500, 8412855.986589376, 82, 42, 40, 318.42166984345636, 43
51, 1962563, 1121013, 841550, 8413182.0936182, 90, 40, 50, 326.1070288241023, 41
1, 1962616, 1121066, 841550, 8413467.51040584, 53, 53, 0, 285.4167876408086, 53
1, 1962724, 1121104, 841620, 8413809.681385387, 108, 38, 70, 342.1709795470626, 40
1, 1962757, 1121137, 841620, 8414060.959558079, 33, 33, 0, 251.27817269284301, 33
51, 1962882, 1121182, 841700, 8414417.529710567, 125, 45, 80, 356.57015248821097, 47
1, 1962927, 1121227, 841700, 8414690.531716978, 45, 45, 0, 273.00200641113514, 45
1, 1962992, 1121262, 841730, 8414989.572868422, 65, 35, 30, 299.04115144336777, 36
1, 1963067, 1121297, 841770, 8415299.95596406, 75, 35, 40, 310.38309563827124, 36
51, 1963154, 1121334, 841820, 8415622.863545058, 87, 37, 50, 322.9075809977351, 38
1, 1963185, 1121365, 841820, 8415870.024651235, 31, 31, 0, 247.1611061770567, 31
1, 1963288, 1121398, 841890, 8416207.397901291, 103, 33, 70, 337.37325005549695, 35
51, 1963382, 1121442, 841940, 8416537.67162714, 94, 44, 50, 330.273725847777, 45
1, 1963413, 1121473, 841940, 8416784.832733316, 31, 31, 0, 247.1611061770567, 31
1, 1963462, 1121522, 841940, 8417064.207864422, 49, 49, 0, 279.3751311064591, 49
1, 1963536, 1121556, 841980, 8417373.40507319, 74, 34, 40, 309.1972087668518, 35
1, 1963608, 1121598, 842010, 8417681.200136214, 72, 42, 30, 307.79506302439404, 43
51, 1963737, 1121637, 842100, 8418040.213736705, 129, 39, 90, 359.01360049114555, 41
1, 1963764, 1121664, 842100, 8418278.564442402, 27, 27, 0, 238.35070569547776, 27
1, 1963802, 1121702, 842100, 8418539.446822021, 38, 38, 0, 260.88237961983884, 38
1, 1963869, 1121739, 842130, 8418841.047377279, 67, 37, 30, 301.6005552576305, 38
51, 1963958, 1121778, 842180, 8419166.095242843, 89, 39, 50, 325.0478655640733, 40
1, 1964034, 1121814, 842220, 8419477.654415216, 76, 36, 40, 311.5591723737189, 37
1, 1964108, 1121858, 842250, 8419787.851623984, 74, 44, 30, 310.1972087668518, 45
1, 1964148, 1121898, 842250, 8420052.338309921, 40, 40, 0, 264.4866859365871, 40
51, 1964307, 1121937, 842370, 8420432.537172394, 159, 39, 120, 380.1988624723894, 42
1, 1964354, 1121984, 842370, 8420708.770222263, 47, 47, 0, 276.2330498695885, 47
1, 1964397, 1122027, 842370, 8420978.445182467, 43, 43, 0, 269.6749602031015, 43
1, 1964462, 1122062, 842400, 8421277.48633391, 65, 35, 30, 299.04115144336777, 36
51, 1964590, 1122100, 842490, 8421635.644900013, 128, 38, 90, 358.1585661014858, 40
1, 1964619, 1122129, 842490, 8421878.504478723, 29, 29, 0, 242.8595787106084, 29
1, 1964683, 1122163, 842520, 8422176.247191198, 64, 34, 30, 297.742712474619, 35
1, 1964717, 1122197, 842520, 8422429.520831475, 34, 34, 0, 253.2736402766418, 34
51, 1964813, 1122243, 842570, 8422761.83774749, 96, 46, 50, 332.31691601465747, 47
1, 1964891, 1122281, 842610, 8423075.72053411, 78, 38, 40, 313.8827866200841, 39
1, 1964924, 1122314, 842610, 8423326.998706803, 33, 33, 0, 251.27817269284301, 33
1, 1965035, 1122355, 842680, 8423671.985424843, 111, 41, 70, 344.9867180408456, 43
51, 1965117, 1122387, 842730, 8423989.407094685, 82, 32, 50, 317.42166984345636, 33
1, 1965160, 1122430, 842730, 8424259.082054889, 43, 43, 0, 269.6749602031015, 43
1, 1965192, 1122462, 842730, 8424508.323477888, 32, 32, 0, 249.24142300054422, 32
1, 1965244, 1122514, 842730, 8424792.258439317, 52, 52, 0, 283.93496142826496, 52
1, 1965346, 1122546, 842800, 8425128.655622099, 102, 32, 70, 336.39718278112656, 34
51, 1965440, 1122590, 842850, 8425458.929347947, 94, 44, 50, 330.273725847777, 45
1, 1965477, 1122627, 842850, 8425717.961919403, 37, 37, 0, 259.03257145596604, 37
1, 1965560, 1122680, 842880, 8426038.496867333, 83, 53, 30, 320.5349479292333, 54
1, 1965646, 1122726, 842920, 8426361.32303198, 86, 46, 40, 322.82616464756694, 47
51, 1965730, 1122760, 842970, 8426680.963042384, 84, 34, 50, 319.64001040350905, 35
1, 1965797, 1122797, 843000, 8426982.563597642, 67, 37, 30, 301.6005552576305, 38
1, 1965838, 1122838, 843000, 8427248.807551086, 41, 41, 0, 266.24395344352433, 41
1, 1965911, 1122881, 843030, 8427557.808829656, 73, 43, 30, 309.00127856917646, 44
51, 1965996, 1122916, 843080, 8427878.545857327, 85, 35, 50, 320.73702767108114, 36
1, 1966074, 1122954, 843120, 8428192.428643947, 78, 38, 40, 313.8827866200841, 39
1, 1966111, 1122991, 843120, 8428451.461215403, 37, 37, 0, 259.03257145596604, 37
1, 1966191, 1123041, 843150, 8428768.630971648, 80, 50, 30, 317.1697562442441, 51
51, 1966272, 1123072, 843200, 8429084.930971649, 81, 31, 50, 316.3, 32
1, 1966309, 1123109, 843200, 8429343.963543104, 37, 37, 0, 259.03257145596604, 37
1, 1966384, 1123144, 843240, 8429654.346638743, 75, 35, 40, 310.38309563827124, 36
1, 1966431, 1123191, 843240, 8429930.579688612, 47, 47, 0, 276.2330498695885, 47
51, 1966587, 1123227, 843360, 8430308.491572917, 156, 36, 120, 377.9118843049396, 39
1, 1966626, 1123266, 843360, 8430571.19151286, 39, 39, 0, 262.6999399439383, 39
1, 1966677, 1123317, 843360, 8430853.62602464, 51, 51, 0, 282.43451177837886, 51
1, 1966715, 1123355, 843360, 8431114.508404259, 38, 38, 0, 260.88237961983884, 38
51, 1966840, 1123390, 843450, 8431470.078556746, 125, 35, 90, 355.57015248821097, 37
1, 1966911, 1123431, 843480, 8431776.656867566, 71, 41, 30, 306.57831081870995, 42
1, 1966955, 1123475, 843480, 8432048.007825255, 44, 44, 0, 271.35095769013947, 44
1, 1966993, 1123513, 843480, 8432308.890204875, 38, 38, 0, 260.88237961983884, 38
51, 1967088, 1123558, 843530, 8432640.18876901, 95, 45, 50, 331.2985641352145, 46
1, 1967129, 1123599, 843530, 8432906.432722455, 41, 41, 0, 266.24395344352433, 41
1, 1967206, 1123636, 843570, 8433219.158386221, 77, 37, 40, 312.72566376652986, 38
1, 1967272, 1123672, 843600, 8433519.4853745, 66, 36, 30, 300.32698827717985, 37
51, 1967358, 1123708, 843650, 8433841.311539147, 86, 36, 50, 321.82616464756694, 37
1, 1967434, 1123744, 843690, 8434152.87071152, 76, 36, 40, 311.5591723737189, 37
1, 1967477, 1123787, 843690, 8434422.545671724, 43, 43, 0, 269.6749602031015, 43
51, 1967611, 1123831, 843780, 8434785.778487643, 134, 44, 90, 363.23281591860336, 46
1, 1967692, 1123882, 843810, 8435104.078487644, 81, 51, 30, 318.3, 52
1, 1967739, 1123929, 843810, 8435380.311537514, 47, 47, 0, 276.2330498695885, 47
1, 1967777, 1123967, 843810, 8435641.193917133, 38, 38, 0, 260.88237961983884, 38
51, 1967910, 1124010, 843900, 8436003.590186175, 133, 43, 90, 362.3962690412072, 45
1, 1967946, 1124046, 843900, 8436260.739160454, 36, 36, 0, 257.1489742783178, 36
1, 1967988, 1124088, 843900, 8436528.712149955, 42, 42, 0, 267.97298950218305, 42
1, 1968069, 1124139, 843930, 8436847.012149956, 81, 51, 30, 318.3, 52
51, 1968171, 1124191, 843980, 8437185.309332738, 102, 52, 50, 338.29718278112654, 53
1, 1968216, 1124236, 843980, 8437458.31133915, 45, 45, 0, 273.00200641113514, 45
1, 1968300, 1124280, 844020, 8437778.951349553, 84, 44, 40, 320.64001040350905, 45
1, 1968381, 1124331, 844050, 8438097.251349553, 81, 51, 30, 318.3, 52
51, 1968484, 1124384, 844100, 8438436.524599608, 103, 53, 50, 339.27325005549693, 54
1, 1968594, 1124424, 844170, 8438780.577783655, 110, 40, 70, 344.0531840464366, 42
1, 1968626, 1124456, 844170, 8439029.819206655, 32, 32, 0, 249.24142300054422, 32
51, 1968715, 1124495, 844220, 8439354.867072219, 89, 39, 50, 325.0478655640733, 40
1, 1968754, 1124534, 844220, 8439617.567012163, 39, 39, 0, 262.6999399439383, 39
1, 1968791, 1124571, 844220, 8439876.599583618, 37, 37, 0, 259.03257145596604, 37
1, 1968821, 1124601, 844220, 8440121.63431555, 30, 30, 0, 245.0347319320716, 30
1, 1968920, 1124630, 844290, 8440455.068530103, 99, 29, 70, 333.43421455299045, 31
51, 1969009, 1124669, 844340, 8440780.116395667, 89, 39, 50, 325.0478655640733, 40
1, 1969040, 1124700, 844340, 8441027.277501844, 31, 31, 0, 247.1611061770567, 31
1, 1969112, 1124732, 844380, 8441334.072564868, 72, 32, 40, 306.79506302439404, 33
1, 1969180, 1124770, 844410, 8441636.93473597, 68, 38, 30, 302.86217110259, 39
51, 1969274, 1124814, 844460, 8441967.20846182, 94, 44, 50, 330.273725847777, 45
1, 1969311, 1124851, 844460, 8442226.241033275, 37, 37, 0, 259.03257145596604, 37
1, 1969393, 1124893, 844500, 8442544.662703117, 82, 42, 40, 318.42166984345636, 43
51, 1969484, 1124934, 844550, 8442871.821765056, 91, 41, 50, 327.1590619387661, 42
1, 1969554, 1124974, 844580, 8443177.172525907, 70, 40, 30, 305.3507608519078, 41
1, 1969637, 1125017, 844620, 8443496.707473837, 83, 43, 40, 319.5349479292333, 44
51, 1969723, 1125053, 844670, 8443818.533638485, 86, 36, 50, 321.82616464756694, 37
1, 1969762, 1125092, 844670, 8444081.233578429, 39, 39, 0, 262.6999399439383, 39
1, 1969809, 1125139, 844670, 8444357.466628298, 47, 47, 0, 276.2330498695885, 47
1, 1969887, 1125177, 844710, 8444671.349414919, 78, 38, 40, 313.8827866200841, 39
51, 1970004, 1125214, 844790, 8445020.836231718, 117, 37, 80, 349.4868167986058, 39
1, 1970089, 1125259, 844830, 8445342.573259389, 85, 45, 40, 321.73702767108114, 46
1, 1970149, 1125289, 844860, 8445634.98902776, 60, 30, 30, 292.41576837137404, 31
1, 1970192, 1125332, 844860, 8445904.663987964, 43, 43, 0, 269.6749602031015, 43
51, 1970278, 1125368, 844910, 8446226.490152612, 86, 36, 50, 321.82616464756694, 37
1, 1970348, 1125408, 844940, 8446531.840913463, 70, 40, 30, 305.3507608519078, 41
1, 1970429, 1125449, 844980, 8446849.140913464, 81, 41, 40, 317.3, 42
51, 1970529, 1125499, 845030, 8447185.46867948, 100, 50, 50, 336.327766016838, 51
1, 1970616, 1125546, 845070, 8447509.376260478, 87, 47, 40, 323.9075809977351, 48
1, 1970652, 1125582, 845070, 8447766.525234757, 36, 36, 0, 257.1489742783178, 36
1, 1970717, 1125617, 845100, 8448065.5663862, 65, 35, 30, 299.04115144336777, 36
1, 1970796, 1125656, 845140, 8448380.59713633, 79, 39, 40, 315.03075013013313, 40
51, 1970884, 1125694, 845190, 8448704.578567691, 88, 38, 50, 323.98143136087856, 39
1, 1970970, 1125740, 845230, 8449027.40473234, 86, 46, 40, 322.82616464756694, 47
1, 1971014, 1125784, 845230, 8449298.755690029, 44, 44, 0, 271.35095769013947, 44
1, 1971126, 1125826, 845300, 8449644.67100237, 112, 42, 70, 345.91531233955715, 44
51, 1971220, 1125870, 845350, 8449974.944728218, 94, 44, 50, 330.273725847777, 45
1, 1971326, 1125906, 845420, 8450315.212771827, 106, 36, 70, 340.2680436096278, 38
1, 1971370, 1125950, 845420, 8450586.563729517, 44, 44, 0, 271.35095769013947, 44
1, 1971451, 1125991, 845460, 8450903.863729518, 81, 41, 40, 317.3, 42
51, 1971539, 1126029, 845510, 8451227.84516088, 88, 38, 50, 323.98143136087856, 39
1, 1971611, 1126061, 845550, 8451534.640223904, 72, 32, 40, 306.79506302439404, 33
1, 1971649, 1126099, 845550, 8451795.522603523, 38, 38, 0, 260.88237961983884, 38
1, 1971740, 1126160, 845580, 8452124.681665462, 91, 61, 30, 329.1590619387661, 62
1, 1971812, 1126192, 845620, 8452431.476728486, 72, 32, 40, 306.79506302439404, 33
51, 1971901, 1126231, 845670, 8452756.52459405, 89, 39, 50, 325.0478655640733, 40
1, 1971943, 1126273, 845670, 8453024.497583551, 42, 42, 0, 267.97298950218305, 42
1, 1972023, 1126313, 845710, 8453340.667339796, 80, 40, 40, 316.1697562442441, 41
1, 1972102, 1126362, 845740, 8453656.698089926, 79, 49, 30, 316.03075013013313, 50
51, 1972196, 1126406, 845790, 8453986.971815774, 94, 44, 50, 330.273725847777, 45
1, 1972276, 1126446, 845830, 8454303.14157202, 80, 40, 40, 316.1697562442441, 41
1, 1972320, 1126490, 845830, 8454574.492529709, 44, 44, 0, 271.35095769013947, 44
1, 1972396, 1126526, 845870, 8454886.051702082, 76, 36, 40, 311.5591723737189, 37
51, 1972487, 1126567, 845920, 8455213.21076402, 91, 41, 50, 327.1590619387661, 42
1, 1972550, 1126600, 845950, 8455509.642088747, 63, 33, 30, 296.43132472612575, 34
1, 1972595, 1126645, 845950, 8455782.644095158, 45, 45, 0, 273.00200641113514, 45
51, 1972711, 1126681, 846030, 8456131.22589865, 116, 36, 80, 348.5818034911291, 38
1, 1972788, 1126718, 846070, 8456443.951562416, 77, 37, 40, 312.72566376652986, 38
1, 1972835, 1126765, 846070, 8456720.184612285, 47, 47, 0, 276.2330498695885, 47
51, 1972922, 1126802, 846120, 8457043.092193283, 87, 37, 50, 322.9075809977351, 38
1, 1972953, 1126833, 846120, 8457290.25329946, 31, 31, 0, 247.1611061770567, 31
1, 1973024, 1126874, 846150, 8457596.83161028, 71, 41, 30, 306.57831081870995, 42
1, 1973107, 1126917, 846190, 8457916.366558209, 83, 43, 40, 319.5349479292333, 44
51, 1973201, 1126961, 846240, 8458246.640284058, 94, 44, 50, 330.273725847777, 45
1, 1973236, 1126996, 846240, 8458501.870211968, 35, 35, 0, 255.22992790977875, 35
1, 1973347, 1127037, 846310, 8458846.856930008, 111, 41, 70, 344.9867180408456, 43
1, 1973392, 1127082, 846310, 8459119.85893642, 45, 45, 0, 273.00200641113514, 45
51, 1973507, 1127117, 846390, 8459467.531153481, 115, 35, 80, 347.6722170622053, 37
1, 1973592, 1127162, 846430, 8459789.268181153, 85, 45, 40, 321.73702767108114, 46
1, 1973640, 1127210, 846430, 8460067.082983743, 48, 48, 0, 277.8148025904985, 48
1, 1973668, 1127238, 846430, 8460307.715647122, 28, 28, 0, 240.63266337912057, 28
51, 1973760, 1127280, 846480, 8460635.91974859, 92, 42, 50, 328.20410146824725, 43
1, 1973801, 1127321, 846480, 8460902.163702033, 41, 41, 0, 266.24395344352433, 41
1, 1973910, 1127360, 846550, 8461245.278333534, 109, 39, 70, 343.114631499574, 41
1, 1973950, 1127400, 846550, 8461509.76501947, 40, 40, 0, 264.4866859365871, 40
1, 1973986, 1127436, 846550, 8461766.91399375, 36, 36, 0, 257.1489742783178, 36
51, 1974104, 1127474, 846630, 8462117.30131892, 118, 38, 80, 350.3873251689181, 40
1, 1974150, 1127520, 846630, 8462391.930387633, 46, 46, 0, 274.6290687140218, 46
1, 1974216, 1127556, 846660, 8462692.25737591, 66, 36, 30, 300.32698827717985, 37
1, 1974295, 1127595, 846700, 8463007.28812604, 79, 39, 40, 315.03075013013313, 40
51, 1974386, 1127636, 846750, 8463334.447187979, 91, 41, 50, 327.1590619387661, 42
1, 1974434, 1127684, 846750, 8463612.26199057, 48, 48, 0, 277.8148025904985, 48
1, 1974472, 1127722, 846750, 8463873.144370189, 38, 38, 0, 260.88237961983884, 38
1, 1974558, 1127768, 846790, 8464195.970534837, 86, 46, 40, 322.82616464756694, 47
51, 1974674, 1127804, 846870, 8464544.552338328, 116, 36, 80, 348.5818034911291, 38
1, 1974708, 1127838, 846870, 8464797.825978605, 34, 34, 0, 253.2736402766418, 34
1, 1974751, 1127881, 846870, 8465067.500938809, 43, 43, 0, 269.6749602031015, 43
1, 1974776, 1127906, 846870, 8465301.107736558, 25, 25, 0, 233.60679774997897, 25
51, 1974861, 1127941, 846920, 8465621.844764229, 85, 35, 50, 320.73702767108114, 36
1, 1974939, 1127979, 846960, 8465935.72755085, 78, 38, 40, 313.8827866200841, 39
1, 1975001, 1128011, 846990, 8466230.83417718, 62, 32, 30, 295.1066263296683, 33
1, 1975038, 1128048, 846990, 8466489.866748635, 37, 37, 0, 259.03257145596604, 37
51, 1975130, 1128090, 847040, 8466818.070850102, 92, 42, 50, 328.20410146824725, 43
1, 1975166, 1128126, 847040, 8467075.219824381, 36, 36, 0, 257.1489742783178, 36
1, 1975240, 1128160, 847080, 8467384.417033149, 74, 34, 40, 309.1972087668518, 35
51, 1975366, 1128206, 847160, 8467741.853929032, 126, 46, 80, 357.43689588345075, 48
1, 1975406, 1128246, 847160, 8468006.340614969, 40, 40, 0, 264.4866859365871, 40
1, 1975491, 1128291, 847200, 8468328.07764264, 85, 45, 40, 321.73702767108114, 46
1, 1975536, 1128336, 847200, 8468601.079649052, 45, 45, 0, 273.00200641113514, 45
51, 1975622, 1128372, 847250, 8468922.9058137, 86, 36, 50, 321.82616464756694, 37
1, 1975656, 1128406, 847250, 8469176.179453976, 34, 34, 0, 253.2736402766418, 34
1, 1975727, 1128447, 847280, 8469482.757764796, 71, 41, 30, 306.57831081870995, 42
51, 1975853, 1128483, 847370, 8469839.194660679, 126, 36, 90, 356.43689588345075, 38
1, 1975903, 1128533, 847370, 8470120.109455526, 50, 50, 0, 280.9147948472494, 50
1, 1975983, 1128573, 847410, 8470436.27921177, 80, 40, 40, 316.1697562442441, 41
1, 1976021, 1128611, 847410, 8470697.16159139, 38, 38, 0, 260.88237961983884, 38
51, 1976106, 1128646, 847460, 8471017.898619061, 85, 35, 50, 320.73702767108114, 36
1, 1976175, 1128685, 847490, 8471322.010760771, 69, 39, 30, 304.1121417102006, 40
1, 1976215, 1128725, 847490, 8471586.497446708, 40, 40, 0, 264.4866859365871, 40
1, 1976293, 1128763, 847530, 8471900.380233329, 78, 38, 40, 313.8827866200841, 39
51, 1976385, 1128805, 847580, 8472228.584334796, 92, 42, 50, 328.20410146824725, 43
1, 1976429, 1128849, 847580, 8472499.935292486, 44, 44, 0, 271.35095769013947, 44
1, 1976462, 1128882, 847580, 8472751.213465178, 33, 33, 0, 251.27817269284301, 33
51, 1976626, 1128926, 847700, 8473135.171656014, 164, 44, 120, 383.9581908363381, 47
1, 1976667, 1128967, 847700, 8473401.415609458, 41, 41, 0, 266.24395344352433, 41
1, 1976733, 1129003, 847730, 8473701.742597736, 66, 36, 30, 300.32698827717985, 37
1, 1976774, 1129044, 847730, 8473967.98655118, 41, 41, 0, 266.24395344352433, 41
1, 1976854, 1129084, 847770, 8474284.156307425, 80, 40, 40, 316.1697562442441, 41
51, 1976946, 1129126, 847820, 8474612.360408893, 92, 42, 50, 328.20410146824725, 43
1, 1976980, 1129160, 847820, 8474865.63404917, 34, 34, 0, 253.2736402766418, 34
1, 1977028, 1129208, 847820, 8475143.44885176, 48, 48, 0, 277.8148025904985, 48
51, 1977148, 1129248, 847900, 8475495.623943726, 120, 40, 80, 352.1750919646873, 42
1, 1977183, 1129283, 847900, 8475750.853871636, 35, 35, 0, 255.22992790977875, 35
1, 1977275, 1129335, 847940, 8476080.057973104, 92, 52, 40, 329.20410146824725, 53
51, 1977361, 1129371, 847990, 8476401.884137752, 86, 36, 50, 321.82616464756694, 37
1, 1977415, 1129425, 847990, 8476688.764738835, 54, 54, 0, 286.88060108295343, 54
1, 1977491, 1129461, 848030, 8477000.323911209, 76, 36, 40, 311.5591723737189, 37
51, 1977613, 1129503, 848110, 8477354.269529762, 122, 42, 80, 353.9456185537469, 44
1, 1977645, 1129535, 848110, 8477603.510952761, 32, 32, 0, 249.24142300054422, 32
1, 1977689, 1129579, 848110, 8477874.861910451, 44, 44, 0, 271.35095769013947, 44
1, 1977721, 1129611, 848110, 8478124.10333345, 32, 32, 0, 249.24142300054422, 32
1, 1977821, 1129641, 848180, 8478458.531099468, 100, 30, 70, 334.42776601683795, 32
51, 1977913, 1129683, 848230, 8478786.735200936, 92, 42, 50, 328.20410146824725, 43
1, 1977957, 1129727, 848230, 8479058.086158626, 44, 44, 0, 271.35095769013947, 44
1, 1977989, 1129759, 848230, 8479307.327581625, 32, 32, 0, 249.24142300054422, 32
1, 1978057, 1129797, 848260, 8479610.189752728, 68, 38, 30, 302.86217110259, 39
51, 1978194, 1129844, 848350, 8479975.911074933, 137, 47, 90, 365.72132220485213, 49
1, 1978229, 1129879, 848350, 8480231.141002843, 35, 35, 0, 255.22992790977875, 35
1, 1978281, 1129931, 848350, 8480515.075964272, 52, 52, 0, 283.93496142826496, 52
1, 1978311, 1129961, 848350, 8480760.110696204, 30, 30, 0, 245.0347319320716, 30
1, 1978394, 1130014, 848380, 8481080.645644134, 83, 53, 30, 320.5349479292333, 54
51, 1978526, 1130056, 848470, 8481442.201766562, 132, 42, 90, 361.55612242701943, 44
1, 1978602, 1130102, 848500, 8481754.760938935, 76, 46, 30, 312.5591723737189, 47
1, 1978643, 1130143, 848500, 8482021.004892379, 41, 41, 0, 266.24395344352433, 41
1, 1978709, 1130179, 848530, 8482321.331880657, 66, 36, 30, 300.32698827717985, 37
51, 1978797, 1130217, 848580, 8482645.313312018, 88, 38, 50, 323.98143136087856, 39
1, 1978862, 1130252, 848610, 8482944.354463462, 65, 35, 30, 299.04115144336777, 36
1, 1978940, 1130290, 848650, 8483258.237250082, 78, 38, 40, 313.8827866200841, 39
1, 1978981, 1130331, 848650, 8483524.481203526, 41, 41, 0, 266.24395344352433, 41
1, 1979061, 1130381, 848680, 8483841.650959771, 80, 50, 30, 317.1697562442441, 51
51, 1979137, 1130407, 848730, 8484152.210132144, 76, 26, 50, 310.5591723737189, 27
1, 1979172, 1130442, 848730, 8484407.440060055, 35, 35, 0, 255.22992790977875, 35
1, 1979272, 1130472, 848800, 8484741.867826072, 100, 30, 70, 334.42776601683795, 32
1, 1979317, 1130517, 848800, 8485014.869832484, 45, 45, 0, 273.00200641113514, 45
51, 1979437, 1130547, 848890, 8485366.04492445, 120, 30, 90, 351.1750919646873, 32
1, 1979507, 1130587, 848920, 8485671.3956853, 70, 40, 30, 305.3507608519078, 41
1, 1979540, 1130620, 848920, 8485922.673857993, 33, 33, 0, 251.27817269284301, 33
1, 1979584, 1130664, 848920, 8486194.024815682, 44, 44, 0, 271.35095769013947, 44
1, 1979692, 1130702, 848990, 8486536.195795229, 108, 38, 70, 342.1709795470626, 40
51, 1979786, 1130746, 849040, 8486866.469521077, 94, 44, 50, 330.273725847777, 45
1, 1979827, 1130787, 849040, 8487132.713474521, 41, 41, 0, 266.24395344352433, 41
1, 1979903, 1130823, 849080, 8487444.272646895, 76, 36, 40, 311.5591723737189, 37
1, 1979968, 1130858, 849110, 8487743.313798338, 65, 35, 30, 299.04115144336777, 36
1, 1980008, 1130898, 849110, 8488007.800484275, 40, 40, 0, 264.4866859365871, 40
51, 1980142, 1130942, 849200, 8488371.033300195, 134, 44, 90, 363.23281591860336, 46
1, 1980187, 1130987, 849200, 8488644.035306606, 45, 45, 0, 273.00200641113514, 45
1, 1980223, 1131023, 849200, 8488901.184280885, 36, 36, 0, 257.1489742783178, 36
51, 1980342, 1131062, 849280, 8489252.467676088, 119, 39, 80, 351.28339520229764, 41
1, 1980386, 1131106, 849280, 8489523.818633778, 44, 44, 0, 271.35095769013947, 44
1, 1980472, 1131152, 849320, 8489846.644798426, 86, 46, 40, 322.82616464756694, 47
51, 1980599, 1131199, 849400, 8490204.944480725, 127, 47, 80, 358.2996822992933, 49
1, 1980637, 1131237, 849400, 8490465.826860344, 38, 38, 0, 260.88237961983884, 38
1, 1980746, 1131276, 849470, 8490808.941491844, 109, 39, 70, 343.114631499574, 41
51, 1980842, 1131322, 849520, 8491141.25840786, 96, 46, 50, 332.31691601465747, 47
1, 1980894, 1131374, 849520, 8491425.193369288, 52, 52, 0, 283.93496142826496, 52
1, 1980935, 1131415, 849520, 8491691.437322732, 41, 41, 0, 266.24395344352433, 41
1, 1981021, 1131461, 849560, 8492014.26348738, 86, 46, 40, 322.82616464756694, 47
1, 1981092, 1131502, 849590, 8492320.8417982, 71, 41, 30, 306.57831081870995, 42
51, 1981184, 1131544, 849640, 8492649.045899667, 92, 42, 50, 328.20410146824725, 43
1, 1981218, 1131578, 849640, 8492902.319539944, 34, 34, 0, 253.2736402766418, 34
1, 1981332, 1131622, 849710, 8493250.077527635, 114, 44, 70, 347.75798769167545, 46
1, 1981363, 1131653, 849710, 8493497.238633811, 31, 31, 0, 247.1611061770567, 31
51, 1981453, 1131693, 849760, 8493823.345662635, 90, 40, 50, 326.1070288241023, 41
1, 1981499, 1131739, 849760, 8494097.974731348, 46, 46, 0, 274.6290687140218, 46
1, 1981542, 1131782, 849760, 8494367.649691552, 43, 43, 0, 269.6749602031015, 43
1, 1981626, 1131826, 849800, 8494688.289701955, 84, 44, 40, 320.64001040350905, 45
51, 1981749, 1131869, 849880, 8495043.114273217, 123, 43, 80, 354.8245712617827, 45
1, 1981792, 1131912, 849880, 8495312.78923342, 43, 43, 0, 269.6749602031015, 43
1, 1981876, 1131956, 849920, 8495633.429243824, 84, 44, 40, 320.64001040350905, 45
1, 1981926, 1132006, 849920, 8495914.34403867, 50, 50, 0, 280.9147948472494, 50
51, 1982026, 1132056, 849970, 8496250.671804687, 100, 50, 50, 336.327766016838, 51
1, 1982070, 1132100, 849970, 8496522.022762377, 44, 44, 0, 271.35095769013947, 44
1, 1982177, 1132137, 850040, 8496863.244907647, 107, 37, 70, 341.2221452697031, 39
51, 1982266, 1132176, 850090, 8497188.292773211, 89, 39, 50, 325.0478655640733, 40
1, 1982310, 1132220, 850090, 8497459.643730901, 44, 44, 0, 271.35095769013947, 44
1, 1982419, 1132259, 850160, 8497802.758362401, 109, 39, 70, 343.114631499574, 41
51, 1982506, 1132296, 850210, 8498125.6659434, 87, 37, 50, 322.9075809977351, 38
1, 1982542, 1132332, 850210, 8498382.814917678, 36, 36, 0, 257.1489742783178, 36
1, 1982649, 1132369, 850280, 8498724.037062949, 107, 37, 70, 341.2221452697031, 39
1, 1982684, 1132404, 850280, 8498979.266990859, 35, 35, 0, 255.22992790977875, 35
51, 1982773, 1132443, 850330, 8499304.314856423, 89, 39, 50, 325.0478655640733, 40
1, 1982840, 1132480, 850360, 8499605.915411681, 67, 37, 30, 301.6005552576305, 38
1, 1982890, 1132530, 850360, 8499886.830206528, 50, 50, 0, 280.9147948472494, 50
1, 1982959, 1132559, 850400, 8500189.942348238, 69, 29, 40, 303.1121417102006, 30
1, 1983000, 1132600, 850400, 8500456.186301682, 41, 41, 0, 266.24395344352433, 41
51, 1983096, 1132646, 850450, 8500788.503217697, 96, 46, 50, 332.31691601465747, 47
1, 1983208, 1132688, 850520, 8501134.418530038, 112, 42, 70, 345.91531233955715, 44
1, 1983247, 1132727, 850520, 8501397.118469981, 39, 39, 0, 262.6999399439383, 39
51, 1983332, 1132762, 850570, 8501717.855497653, 85, 35, 50, 320.73702767108114, 36
1, 1983369, 1132799, 850570, 8501976.888069108, 37, 37, 0, 259.03257145596604, 37
1, 1983442, 1132832, 850610, 8502284.889347678, 73, 33, 40, 308.00127856917646, 34
1, 1983478, 1132868, 850610, 8502542.038321957, 36, 36, 0, 257.1489742783178, 36
1, 1983542, 1132902, 850640, 8502839.781034432, 64, 34, 30, 297.742712474619, 35
51, 1983638, 1132948, 850690, 8503172.097950447, 96, 46, 50, 332.31691601465747, 47
1, 1983730, 1133000, 850730, 8503501.302051915, 92, 52, 40, 329.20410146824725, 53
1, 1983771, 1133041, 850730, 8503767.546005359, 41, 41, 0, 266.24395344352433, 41
1, 1983810, 1133080, 850730, 8504030.245945303, 39, 39, 0, 262.6999399439383, 39
51, 1983898, 1133118, 850780, 8504354.227376664, 88, 38, 50, 323.98143136087856, 39
1, 1984004, 1133154, 850850, 8504694.495420273, 106, 36, 70, 340.2680436096278, 38
1, 1984043, 1133193, 850850, 8504957.195360217, 39, 39, 0, 262.6999399439383, 39
1, 1984079, 1133229, 850850, 8505214.344334496, 36, 36, 0, 257.1489742783178, 36
51, 1984170, 1133270, 850900, 8505541.503396435, 91, 41, 50, 327.1590619387661, 42
1, 1984277, 1133307, 850970, 8505882.725541705, 107, 37, 70, 341.2221452697031, 39
1, 1984319, 1133349, 850970, 8506150.698531207, 42, 42, 0, 267.97298950218305, 42
1, 1984365, 1133395, 850970, 8506425.32759992, 46, 46, 0, 274.6290687140218, 46
51, 1984451, 1133431, 851020, 8506747.153764568, 86, 36, 50, 321.82616464756694, 37
1, 1984540, 1133480, 851060, 8507073.201630132, 89, 49, 40, 326.0478655640733, 50
1, 1984581, 1133521, 851060, 8507339.445583576, 41, 41, 0, 266.24395344352433, 41
51, 1984706, 1133566, 851140, 8507696.015736064, 125, 45, 80, 356.57015248821097, 47
1, 1984739, 1133599, 851140, 8507947.293908756, 33, 33, 0, 251.27817269284301, 33
1, 1984818, 1133638, 851180, 8508262.324658886, 79, 39, 40, 315.03075013013313, 40
51, 1984904, 1133674, 851230, 8508584.150823534, 86, 36, 50, 321.82616464756694, 37
1, 1984945, 1133715, 851230, 8508850.394776978, 41, 41, 0, 266.24395344352433, 41
1, 1985051, 1133751, 851300, 8509190.662820587, 106, 36, 70, 340.2680436096278, 38
51, 1985137, 1133787, 851350, 8509512.488985235, 86, 36, 50, 321.82616464756694, 37
1, 1985174, 1133824, 851350, 8509771.52155669, 37, 37, 0, 259.03257145596604, 37
1, 1985245, 1133865, 851380, 8510078.09986751, 71, 41, 30, 306.57831081870995, 42
1, 1985330, 1133910, 851420, 8510399.83689518, 85, 45, 40, 321.73702767108114, 46
51, 1985411, 1133941, 851470, 8510716.136895182, 81, 31, 50, 316.3, 32
1, 1985491, 1133981, 851510, 8511032.306651426, 80, 40, 40, 316.1697562442441, 41
1, 1985526, 1134016, 851510, 8511287.536579337, 35, 35, 0, 255.22992790977875, 35
1, 1985565, 1134055, 851510, 8511550.23651928, 39, 39, 0, 262.6999399439383, 39
1, 1985632, 1134092, 851540, 8511851.837074539, 67, 37, 30, 301.6005552576305, 38
51, 1985720, 1134130, 851590, 8512175.8185059, 88, 38, 50, 323.98143136087856, 39
1, 1985765, 1134175, 851590, 8512448.820512312, 45, 45, 0, 273.00200641113514, 45
1, 1985850, 1134220, 851630, 8512770.557539983, 85, 45, 40, 321.73702767108114, 46
51, 1985973, 1134263, 851710, 8513125.382111244, 123, 43, 80, 354.8245712617827, 45
1, 1986017, 1134307, 851710, 8513396.733068934, 44, 44, 0, 271.35095769013947, 44
1, 1986047, 1134337, 851710, 8513641.767800866, 30, 30, 0, 245.0347319320716, 30
1, 1986133, 1134383, 851750, 8513964.593965514, 86, 46, 40, 322.82616464756694, 47
1, 1986163, 1134413, 851750, 8514209.628697446, 30, 30, 0, 245.0347319320716, 30
51, 1986286, 1134446, 851840, 8514563.453268707, 123, 33, 90, 353.8245712617827, 35
1, 1986366, 1134496, 851870, 8514880.623024952, 80, 50, 30, 317.1697562442441, 51
1, 1986400, 1134530, 851870, 8515133.896665229, 34, 34, 0, 253.2736402766418, 34
1, 1986469, 1134559, 851910, 8515437.008806938, 69, 29, 40, 303.1121417102006, 30
1, 1986503, 1134593, 851910, 8515690.282447215, 34, 34, 0, 253.2736402766418, 34
51, 1986601, 1134641, 851960, 8516024.61707558, 98, 48, 50, 334.33462836457886, 49
1, 1986682, 1134692, 851990, 8516342.91707558, 81, 51, 30, 318.3, 52
1, 1986725, 1134735, 851990, 8516612.592035783, 43, 43, 0, 269.6749602031015, 43
51, 1986813, 1134773, 852040, 8516936.573467145, 88, 38, 50, 323.98143136087856, 39
1, 1986901, 1134821, 852080, 8517261.554898506, 88, 48, 40, 324.98143136087856, 49
1, 1986943, 1134863, 852080, 8517529.527888007, 42, 42, 0, 267.97298950218305, 42
1, 1986979, 1134899, 852080, 8517786.676862286, 36, 36, 0, 257.1489742783178, 36
1, 1987089, 1134939, 852150, 8518130.730046334, 110, 40, 70, 344.0531840464366, 42
51, 1987182, 1134982, 852200, 8518459.972326241, 93, 43, 50, 329.24227990714814, 44
1, 1987213, 1135013, 852200, 8518707.133432418, 31, 31, 0, 247.1611061770567, 31
1, 1987258, 1135058, 852200, 8518980.13543883, 45, 45, 0, 273.00200641113514, 45
1, 1987300, 1135100, 852200, 8519248.108428331, 42, 42, 0, 267.97298950218305, 42
1, 1987374, 1135134, 852240, 8519557.305637099, 74, 34, 40, 309.1972087668518, 35
51, 1987491, 1135171, 852320, 8519906.792453898, 117, 37, 80, 349.4868167986058, 39
1, 1987529, 1135209, 852320, 8520167.674833518, 38, 38, 0, 260.88237961983884, 38
1, 1987573, 1135253, 852320, 8520439.025791207, 44, 44, 0, 271.35095769013947, 44
1, 1987612, 1135292, 852320, 8520701.725731151, 39, 39, 0, 262.6999399439383, 39
51, 1987726, 1135326, 852400, 8521048.483718842, 114, 34, 80, 346.75798769167545, 36
1, 1987801, 1135361, 852440, 8521358.866814481, 75, 35, 40, 310.38309563827124, 36
1, 1987873, 1135403, 852470, 8521666.661877505, 72, 42, 30, 307.79506302439404, 43
1, 1987914, 1135444, 852470, 8521932.90583095, 41, 41, 0, 266.24395344352433, 41
51, 1988047, 1135487, 852560, 8522295.302099992, 133, 43, 90, 362.3962690412072, 45
1, 1988087, 1135527, 852560, 8522559.788785929, 40, 40, 0, 264.4866859365871, 40
1, 1988163, 1135573, 852590, 8522872.347958302, 76, 46, 30, 312.5591723737189, 47
1, 1988204, 1135614, 852590, 8523138.591911746, 41, 41, 0, 266.24395344352433, 41
51, 1988305, 1135665, 852640, 8523475.907299718, 101, 51, 50, 337.31538797227006, 52
1, 1988412, 1135702, 852710, 8523817.129444988, 107, 37, 70, 341.2221452697031, 39
1, 1988457, 1135747, 852710, 8524090.1314514, 45, 45, 0, 273.00200641113514, 45
1, 1988495, 1135785, 852710, 8524351.01383102, 38, 38, 0, 260.88237961983884, 38
51, 1988618, 1135828, 852790, 8524705.83840228, 123, 43, 80, 354.8245712617827, 45
1, 1988649, 1135859, 852790, 8524952.999508457, 31, 31, 0, 247.1611061770567, 31
1, 1988690, 1135900, 852790, 8525219.243461901, 41, 41, 0, 266.24395344352433, 41
51, 1988816, 1135936, 852880, 8525575.680357784, 126, 36, 90, 356.43689588345075, 38
1, 1988842, 1135962, 852880, 8525811.69044422, 26, 26, 0, 236.01008643532256, 26
1, 1988914, 1135994, 852920, 8526118.485507244, 72, 32, 40, 306.79506302439404, 33
1, 1988980, 1136030, 852950, 8526418.812495522, 66, 36, 30, 300.32698827717985, 37
1, 1989020, 1136070, 852950, 8526683.29918146, 40, 40, 0, 264.4866859365871, 40
51, 1989159, 1136119, 853040, 8527050.662343761, 139, 49, 90, 367.36316230125203, 51
1, 1989195, 1136155, 853040, 8527307.81131804, 36, 36, 0, 257.1489742783178, 36
1, 1989257, 1136187, 853070, 8527602.91794437, 62, 32, 30, 295.1066263296683, 33
1, 1989304, 1136234, 853070, 8527879.15099424, 47, 47, 0, 276.2330498695885, 47
51, 1989404, 1136284, 853120, 8528215.478760256, 100, 50, 50, 336.327766016838, 51
1, 1989488, 1136328, 853160, 8528536.118770659, 84, 44, 40, 320.64001040350905, 45
1, 1989531, 1136371, 853160, 8528805.793730862, 43, 43, 0, 269.6749602031015, 43
1, 1989570, 1136410, 853160, 8529068.493670806, 39, 39, 0, 262.6999399439383, 39
51, 1989704, 1136464, 853240, 8529432.726486726, 134, 54, 80, 364.23281591860336, 56
1, 1989740, 1136500, 853240, 8529689.875461005, 36, 36, 0, 257.1489742783178, 36
1, 1989815, 1136535, 853280, 8530000.258556644, 75, 35, 40, 310.38309563827124, 36
1, 1989856, 1136576, 853280, 8530266.502510088, 41, 41, 0, 266.24395344352433, 41
51, 1989985, 1136625, 853360, 8530626.516110579, 129, 49, 80, 360.01360049114555, 51
1, 1990019, 1136659, 853360, 8530879.789750855, 34, 34, 0, 253.2736402766418, 34
1, 1990062, 1136702, 853360, 8531149.464711059, 43, 43, 0, 269.6749602031015, 43
51, 1990186, 1136736, 853450, 8531504.164107608, 124, 34, 90, 354.6993965481514, 36
1, 1990228, 1136778, 853450, 8531772.13709711, 42, 42, 0, 267.97298950218305, 42
1, 1990303, 1136823, 853480, 8532083.520192748, 75, 45, 30, 311.38309563827124, 46
1, 1990347, 1136867, 853480, 8532354.871150438, 44, 44, 0, 271.35095769013947, 44
51, 1990432, 1136902, 853530, 8532675.608178109, 85, 35, 50, 320.73702767108114, 36
1, 1990494, 1136934, 853560, 8532970.714804439, 62, 32, 30, 295.1066263296683, 33
1, 1990568, 1136968, 853600, 8533279.912013207, 74, 34, 40, 309.1972087668518, 35
51, 1990663, 1137013, 853650, 8533611.210577343, 95, 45, 50, 331.2985641352145, 46
1, 1990702, 1137052, 853650, 8533873.910517287, 39, 39, 0, 262.6999399439383, 39
1, 1990742, 1137092, 853650, 8534138.397203224, 40, 40, 0, 264.4866859365871, 40
1, 1990811, 1137131, 853680, 8534442.509344934, 69, 39, 30, 304.1121417102006, 40
51, 1990899, 1137169, 853730, 8534766.490776295, 88, 38, 50, 323.98143136087856, 39
1, 1990976, 1137206, 853770, 8535079.216440061, 77, 37, 40, 312.72566376652986, 38
1, 1991017, 1137247, 853770, 8535345.460393505, 41, 41, 0, 266.24395344352433, 41
51, 1991097, 1137277, 853820, 8535660.63014975, 80, 30, 50, 315.1697562442441, 31
1, 1991160, 1137310, 853850, 8535957.061474476, 63, 33, 30, 296.43132472612575, 34
1, 1991202, 1137352, 853850, 8536225.034463977, 42, 42, 0, 267.97298950218305, 42
1, 1991279, 1137389, 853890, 8536537.760127744, 77, 37, 40, 312.72566376652986, 38
51, 1991367, 1137427, 853940, 8536861.741559105, 88, 38, 50, 323.98143136087856, 39
1, 1991444, 1137464, 853980, 8537174.467222871, 77, 37, 40, 312.72566376652986, 38
1, 1991517, 1137507, 854010, 8537483.468501441, 73, 43, 30, 309.00127856917646, 44
1, 1991594, 1137544, 854050, 8537796.194165207, 77, 37, 40, 312.72566376652986, 38
51, 1991677, 1137577, 854100, 8538114.729113137, 83, 33, 50, 318.5349479292333, 34
1, 1991715, 1137615, 854100, 8538375.611492757, 38, 38, 0, 260.88237961983884, 38
1, 1991791, 1137651, 854140, 8538687.17066513, 76, 36, 40, 311.5591723737189, 37
51, 1991912, 1137692, 854220, 8539040.233144166, 121, 41, 80, 353.06247903554, 43
1, 1991958, 1137738, 854220, 8539314.86221288, 46, 46, 0, 274.6290687140218, 46
1, 1992030, 1137780, 854250, 8539622.657275904, 72, 42, 30, 307.79506302439404, 43
1, 1992063, 1137813, 854250, 8539873.935448596, 33, 33, 0, 251.27817269284301, 33
51, 1992196, 1137856, 854340, 8540236.331717638, 133, 43, 90, 362.3962690412072, 45
1, 1992231, 1137891, 854340, 8540491.561645549, 35, 35, 0, 255.22992790977875, 35
1, 1992312, 1137932, 854380, 8540808.86164555, 81, 41, 40, 317.3, 42
1, 1992354, 1137974, 854380, 8541076.834635051, 42, 42, 0, 267.97298950218305, 42
51, 1992480, 1138020, 854460, 8541434.271530934, 126, 46, 80, 357.43689588345075, 48
1, 1992564, 1138064, 854500, 8541754.911541337, 84, 44, 40, 320.64001040350905, 45
1, 1992632, 1138102, 854530, 8542057.77371244, 68, 38, 30, 302.86217110259, 39
1, 1992673, 1138143, 854530, 8542324.017665884, 41, 41, 0, 266.24395344352433, 41
51, 1992764, 1138184, 854580, 8542651.176727822, 91, 41, 50, 327.1590619387661, 42
1, 1992802, 1138222, 854580, 8542912.059107441, 38, 38, 0, 260.88237961983884, 38
1, 1992844, 1138264, 854580, 8543180.032096943, 42, 42, 0, 267.97298950218305, 42
1, 1992963, 1138313, 854650, 8543532.315492146, 119, 49, 70, 352.28339520229764, 51
51, 1993059, 1138359, 854700, 8543864.63240816, 96, 46, 50, 332.31691601465747, 47
1, 1993108, 1138408, 854700, 8544144.007539267, 49, 49, 0, 279.3751311064591, 49
1, 1993212, 1138442, 854770, 8544482.351226024, 104, 34, 70, 338.343686757474, 36
51, 1993296, 1138476, 854820, 8544801.991236428, 84, 34, 50, 319.64001040350905, 35
1, 1993334, 1138514, 854820, 8545062.873616047, 38, 38, 0, 260.88237961983884, 38
1, 1993387, 1138567, 854820, 8545348.290403688, 53, 53, 0, 285.4167876408086, 53
51, 1993539, 1138599, 854940, 8545723.114712246, 152, 32, 120, 374.8243085566414, 35
1, 1993571, 1138631, 854940, 8545972.356135245, 32, 32, 0, 249.24142300054422, 32
1, 1993608, 1138668, 854940, 8546231.3887067, 37, 37, 0, 259.03257145596604, 37
1, 1993687, 1138707, 854980, 8546546.41945683, 79, 39, 40, 315.03075013013313, 40
1, 1993755, 1138745, 855010, 8546849.281627933, 68, 38, 30, 302.86217110259, 39
51, 1993836, 1138776, 855060, 8547165.581627933, 81, 31, 50, 316.3, 32
1, 1993876, 1138816, 855060, 8547430.06831387, 40, 40, 0, 264.4866859365871, 40
1, 1993914, 1138854, 855060, 8547690.95069349, 38, 38, 0, 260.88237961983884, 38
1, 1994028, 1138898, 855130, 8548038.708681181, 114, 44, 70, 347.75798769167545, 46
1, 1994072, 1138942, 855130, 8548310.05963887, 44, 44, 0, 271.35095769013947, 44
51, 1994237, 1138987, 855250, 8548694.762102293, 165, 45, 120, 384.7024634215721, 48
1, 1994277, 1139027, 855250, 8548959.24878823, 40, 40, 0, 264.4866859365871, 40
1, 1994325, 1139075, 855250, 8549237.06359082, 48, 48, 0, 277.8148025904985, 48
1, 1994361, 1139111, 855250, 8549494.2125651, 36, 36, 0, 257.1489742783178, 36
1, 1994430, 1139150, 855280, 8549798.32470681, 69, 39, 30, 304.1121417102006, 40
51, 1994558, 1139188, 855370, 8550156.483272912, 128, 38, 90, 358.1585661014858, 40
1, 1994601, 1139231, 855370, 8550426.158233115, 43, 43, 0, 269.6749602031015, 43
1, 1994716, 1139276, 855440, 8550774.830450177, 115, 45, 70, 348.6722170622053, 47
51, 1994802, 1139312, 855490, 8551096.656614825, 86, 36, 50, 321.82616464756694, 37
1, 1994850, 1139360, 855490, 8551374.471417416, 48, 48, 0, 277.8148025904985, 48
1, 1994885, 1139395, 855490, 8551629.701345326, 35, 35, 0, 255.22992790977875, 35
1, 1994958, 1139428, 855530, 8551937.702623896, 73, 33, 40, 308.00127856917646, 34
51, 1995076, 1139466, 855610, 8552288.089949066, 118, 38, 80, 350.3873251689181, 40
1, 1995122, 1139512, 855610, 8552562.71901778, 46, 46, 0, 274.6290687140218, 46
1, 1995225, 1139545, 855680, 8552900.092267836, 103, 33, 70, 337.37325005549695, 35
1, 1995270, 1139590, 855680, 8553173.094274247, 45, 45, 0, 273.00200641113514, 45
1, 1995310, 1139630, 855680, 8553437.580960184, 40, 40, 0, 264.4866859365871, 40
51, 1995404, 1139674, 855730, 8553767.854686033, 94, 44, 50, 330.273725847777, 45
1, 1995484, 1139714, 855770, 8554084.024442278, 80, 40, 40, 316.1697562442441, 41
1, 1995524, 1139754, 855770, 8554348.511128215, 40, 40, 0, 264.4866859365871, 40
51, 1995642, 1139792, 855850, 8554698.898453385, 118, 38, 80, 350.3873251689181, 40
1, 1995692, 1139842, 855850, 8554979.813248232, 50, 50, 0, 280.9147948472494, 50
1, 1995731, 1139881, 855850, 8555242.513188176, 39, 39, 0, 262.6999399439383, 39
51, 1995867, 1139927, 855940, 8555607.408485211, 136, 46, 90, 364.89529703482884, 48
1, 1995907, 1139967, 855940, 8555871.895171149, 40, 40, 0, 264.4866859365871, 40
1, 1995946, 1140006, 855940, 8556134.595111093, 39, 39, 0, 262.6999399439383, 39
1, 1996015, 1140045, 855970, 8556438.707252802, 69, 39, 30, 304.1121417102006, 40
51, 1996151, 1140091, 856060, 8556803.602549838, 136, 46, 90, 364.89529703482884, 48
1, 1996189, 1140129, 856060, 8557064.484929457, 38, 38, 0, 260.88237961983884, 38
1, 1996231, 1140171, 856060, 8557332.457918959, 42, 42, 0, 267.97298950218305, 42
51, 1996316, 1140206, 856110, 8557653.19494663, 85, 35, 50, 320.73702767108114, 36
1, 1996376, 1140236, 856140, 8557945.610715002, 60, 30, 30, 292.41576837137404, 31
1, 1996444, 1140264, 856180, 8558247.472886104, 68, 28, 40, 301.86217110259, 29
1, 1996487, 1140307, 856180, 8558517.147846308, 43, 43, 0, 269.6749602031015, 43
1, 1996568, 1140348, 856220, 8558834.447846308, 81, 41, 40, 317.3, 42
51, 1996655, 1140385, 856270, 8559157.355427306, 87, 37, 50, 322.9075809977351, 38
1, 1996730, 1140430, 856300, 8559468.738522945, 75, 45, 30, 311.38309563827124, 46
1, 1996798, 1140458, 856340, 8559770.600694047, 68, 28, 40, 301.86217110259, 29
1, 1996838, 1140498, 856340, 8560035.087379985, 40, 40, 0, 264.4866859365871, 40
1, 1996879, 1140539, 856340, 8560301.331333429, 41, 41, 0, 266.24395344352433, 41
51, 1997033, 1140573, 856460, 8560677.705000427, 154, 34, 120, 376.37366699756114, 37
1, 1997074, 1140614, 856460, 8560943.94895387, 41, 41, 0, 266.24395344352433, 41
1, 1997115, 1140655, 856460, 8561210.192907315, 41, 41, 0, 266.24395344352433, 41
51, 1997204, 1140694, 856510, 8561535.240772879, 89, 39, 50, 325.0478655640733, 40
1, 1997313, 1140733, 856580, 8561878.355404379, 109, 39, 70, 343.114631499574, 41
1, 1997356, 1140776, 856580, 8562148.030364582, 43, 43, 0, 269.6749602031015, 43
1, 1997384, 1140804, 856580, 8562388.66302796, 28, 28, 0, 240.63266337912057, 28
51, 1997503, 1140843, 856660, 8562739.946423164, 119, 39, 80, 351.28339520229764, 41
1, 1997545, 1140885, 856660, 8563007.919412665, 42, 42, 0, 267.97298950218305, 42
1, 1997651, 1140921, 856730, 8563348.187456274, 106, 36, 70, 340.2680436096278, 38
51, 1997726, 1140946, 856780, 8563657.570551913, 75, 25, 50, 309.38309563827124, 26
1, 1997801, 1140991, 856810, 8563968.953647552, 75, 45, 30, 311.38309563827124, 46
1, 1997840, 1141030, 856810, 8564231.653587496, 39, 39, 0, 262.6999399439383, 39
51, 1997960, 1141070, 856890, 8564583.828679461, 120, 40, 80, 352.1750919646873, 42
1, 1998041, 1141111, 856930, 8564901.128679462, 81, 41, 40, 317.3, 42
1, 1998117, 1141157, 856960, 8565213.687851835, 76, 46, 30, 312.5591723737189, 47
1, 1998157, 1141197, 856960, 8565478.174537772, 40, 40, 0, 264.4866859365871, 40
1, 1998199, 1141239, 856960, 8565746.147527274, 42, 42, 0, 267.97298950218305, 42
51, 1998288, 1141278, 857010, 8566071.195392838, 89, 39, 50, 325.0478655640733, 40
1, 1998325, 1141315, 857010, 8566330.227964293, 37, 37, 0, 259.03257145596604, 37
1, 1998447, 1141367, 857080, 8566685.173582846, 122, 52, 70, 354.9456185537469, 54
1, 1998493, 1141413, 857080, 8566959.80265156, 46, 46, 0, 274.6290687140218, 46
51, 1998624, 1141454, 857170, 8567320.514979776, 131, 41, 90, 360.7123282155055, 43
1, 1998662, 1141492, 857170, 8567581.397359395, 38, 38, 0, 260.88237961983884, 38
1, 1998699, 1141529, 857170, 8567840.42993085, 37, 37, 0, 259.03257145596604, 37
1, 1998743, 1141573, 857170, 8568111.78088854, 44, 44, 0, 271.35095769013947, 44
51, 1998856, 1141606, 857250, 8568457.61993241, 113, 33, 80, 345.83904386951343, 35
1, 1998881, 1141631, 857250, 8568691.226730159, 25, 25, 0, 233.60679774997897, 25
1, 1998982, 1141662, 857320, 8569026.642118132, 101, 31, 70, 335.41538797227, 33
1, 1999026, 1141706, 857320, 8569297.993075822, 44, 44, 0, 271.35095769013947, 44
51, 1999149, 1141749, 857400, 8569652.817647083, 123, 43, 80, 354.8245712617827, 45
1, 1999198, 1141798, 857400, 8569932.192778189, 49, 49, 0, 279.3751311064591, 49
1, 1999238, 1141838, 857400, 8570196.679464126, 40, 40, 0, 264.4866859365871, 40
1, 1999273, 1141873, 857400, 8570451.909392036, 35, 35, 0, 255.22992790977875, 35
51, 1999435, 1141915, 857520, 8570834.371526537, 162, 42, 120, 382.4621345008163, 45
1, 1999476, 1141956, 857520, 8571100.615479982, 41, 41, 0, 266.24395344352433, 41
1, 1999517, 1141997, 857520, 8571366.859433426, 41, 41, 0, 266.24395344352433, 41
1, 1999554, 1142034, 857520, 8571625.892004881, 37, 37, 0, 259.03257145596604, 37
1, 1999620, 1142070, 857550, 8571926.218993159, 66, 36, 30, 300.32698827717985, 37
51, 1999745, 1142105, 857640, 8572281.789145647, 125, 35, 90, 355.57015248821097, 37
1, 1999783, 1142143, 857640, 8572542.671525266, 38, 38, 0, 260.88237961983884, 38
1, 1999814, 1142174, 857640, 8572789.832631443, 31, 31, 0, 247.1611061770567, 31
1, 1999895, 1142225, 857670, 8573108.132631443, 81, 51, 30, 318.3, 52
51, 1999987, 1142267, 857720, 8573436.336732911, 92, 42, 50, 328.20410146824725, 43
1, 2000068, 1142308, 857760, 8573753.636732912, 81, 41, 40, 317.3, 42
1, 2000110, 1142350, 857760, 8574021.609722413, 42, 42, 0, 267.97298950218305, 42
1, 2000145, 1142385, 857760, 8574276.839650324, 35, 35, 0, 255.22992790977875, 35
1, 2000257, 1142427, 857830, 8574622.754962664, 112, 42, 70, 345.91531233955715, 44
51, 2000354, 1142474, 857880, 8574956.083861936, 97, 47, 50, 333.3288992714996, 48
1, 2000392, 1142512, 857880, 8575216.966241555, 38, 38, 0, 260.88237961983884, 38
1, 2000425, 1142545, 857880, 8575468.244414248, 33, 33, 0, 251.27817269284301, 33
1, 2000469, 1142589, 857880, 8575739.595371937, 44, 44, 0, 271.35095769013947, 44
1, 2000509, 1142629, 857880, 8576004.082057875, 40, 40, 0, 264.4866859365871, 40
51, 2000662, 1142662, 858000, 8576379.682454191, 153, 33, 120, 375.6003963155711, 36
1, 2000702, 1142702, 858000, 8576644.169140128, 40, 40, 0, 264.4866859365871, 40
1, 2000782, 1142742, 858040, 8576960.338896373, 80, 40, 40, 316.1697562442441, 41
1, 2000825, 1142785, 858040, 8577230.013856577, 43, 43, 0, 269.6749602031015, 43
51, 2000920, 1142830, 858090, 8577561.312420713, 95, 45, 50, 331.2985641352145, 46
1, 2000960, 1142870, 858090, 8577825.79910665, 40, 40, 0, 264.4866859365871, 40
1, 2001072, 1142912, 858160, 8578171.71441899, 112, 42, 70, 345.91531233955715, 44
1, 2001108, 1142948, 858160, 8578428.86339327, 36, 36, 0, 257.1489742783178, 36
1, 2001143, 1142983, 858160, 8578684.09332118, 35, 35, 0, 255.22992790977875, 35
51, 2001232, 1143022, 858210, 8579009.141186744, 89, 39, 50, 325.0478655640733, 40
1, 2001267, 1143057, 858210, 8579264.371114654, 35, 35, 0, 255.22992790977875, 35
1, 2001339, 1143089, 858250, 8579571.166177679, 72, 32, 40, 306.79506302439404, 33
1, 2001410, 1143130, 858280, 8579877.744488498, 71, 41, 30, 306.57831081870995, 42
51, 2001505, 1143175, 858330, 8580209.043052634, 95, 45, 50, 331.2985641352145, 46
1, 2001569, 1143209, 858360, 8580506.78576511, 64, 34, 30, 297.742712474619, 35
1, 2001610, 1143250, 858360, 8580773.029718554, 41, 41, 0, 266.24395344352433, 41
51, 2001769, 1143289, 858480, 8581153.228581026, 159, 39, 120, 380.1988624723894, 42
1, 2001808, 1143328, 858480, 8581415.92852097, 39, 39, 0, 262.6999399439383, 39
1, 2001870, 1143360, 858510, 8581711.0351473, 62, 32, 30, 295.1066263296683, 33
51, 2001993, 1143393, 858600, 8582064.859718561, 123, 33, 90, 353.8245712617827, 35
1, 2002067, 1143437, 858630, 8582375.056927329, 74, 44, 30, 310.1972087668518, 45
1, 2002101, 1143471, 858630, 8582628.330567606, 34, 34, 0, 253.2736402766418, 34
1, 2002148, 1143518, 858630, 8582904.563617475, 47, 47, 0, 276.2330498695885, 47
51, 2002281, 1143561, 858720, 8583266.959886517, 133, 43, 90, 362.3962690412072, 45
1, 2002316, 1143596, 858720, 8583522.189814428, 35, 35, 0, 255.22992790977875, 35
1, 2002379, 1143629, 858750, 8583818.621139154, 63, 33, 30, 296.43132472612575, 34
1, 2002418, 1143668, 858750, 8584081.321079098, 39, 39, 0, 262.6999399439383, 39
1, 2002487, 1143707, 858780, 8584385.433220807, 69, 39, 30, 304.1121417102006, 40
51, 2002572, 1143742, 858830, 8584706.170248479, 85, 35, 50, 320.73702767108114, 36
1, 2002655, 1143785, 858870, 8585025.705196409, 83, 43, 40, 319.5349479292333, 44
1, 2002694, 1143824, 858870, 8585288.405136352, 39, 39, 0, 262.6999399439383, 39
1, 2002737, 1143867, 858870, 8585558.080096556, 43, 43, 0, 269.6749602031015, 43
51, 2002859, 1143909, 858950, 8585912.025715109, 122, 42, 80, 353.9456185537469, 44
1, 2002938, 1143948, 858990, 8586227.056465238, 79, 39, 40, 315.03075013013313, 40
1, 2002978, 1143988, 858990, 8586491.543151176, 40, 40, 0, 264.4866859365871, 40
1, 2003008, 1144018, 858990, 8586736.577883108, 30, 30, 0, 245.0347319320716, 30
51, 2003143, 1144063, 859080, 8587100.643693049, 135, 45, 90, 364.06580994024984, 47
1, 2003188, 1144108, 859080, 8587373.64569946, 45, 45, 0, 273.00200641113514, 45
1, 2003257, 1144147, 859110, 8587677.75784117, 69, 39, 30, 304.1121417102006, 40
1, 2003302, 1144192, 859110, 8587950.759847581, 45, 45, 0, 273.00200641113514, 45
51, 2003430, 1144230, 859200, 8588308.918413684, 128, 38, 90, 358.1585661014858, 40
1, 2003456, 1144256, 859200, 8588544.92850012, 26, 26, 0, 236.01008643532256, 26
1, 2003486, 1144286, 859200, 8588789.963232052, 30, 30, 0, 245.0347319320716, 30
1, 2003560, 1144330, 859230, 8589100.16044082, 74, 44, 30, 310.1972087668518, 45
1, 2003640, 1144370, 859270, 8589416.330197064, 80, 40, 40, 316.1697562442441, 41
51, 2003725, 1144405, 859320, 8589737.067224735, 85, 35, 50, 320.73702767108114, 36
1, 2003771, 1144451, 859320, 8590011.696293449, 46, 46, 0, 274.6290687140218, 46
1, 2003854, 1144494, 859360, 8590331.231241379, 83, 43, 40, 319.5349479292333, 44
51, 2003950, 1144540, 859410, 8590663.548157394, 96, 46, 50, 332.31691601465747, 47
1, 2004024, 1144584, 859440, 8590973.745366162, 74, 44, 30, 310.1972087668518, 45
1, 2004061, 1144621, 859440, 8591232.777937617, 37, 37, 0, 259.03257145596604, 37
51, 2004190, 1144660, 859530, 8591591.791538108, 129, 39, 90, 359.01360049114555, 41
1, 2004220, 1144690, 859530, 8591836.82627004, 30, 30, 0, 245.0347319320716, 30
1, 2004260, 1144730, 859530, 8592101.312955977, 40, 40, 0, 264.4866859365871, 40
1, 2004332, 1144772, 859560, 8592409.108019002, 72, 42, 30, 307.79506302439404, 43
1, 2004374, 1144814, 859560, 8592677.081008503, 42, 42, 0, 267.97298950218305, 42
51, 2004462, 1144852, 859610, 8593001.062439865, 88, 38, 50, 323.98143136087856, 39
1, 2004543, 1144893, 859650, 8593318.362439865, 81, 41, 40, 317.3, 42
1, 2004609, 1144929, 859680, 8593618.689428143, 66, 36, 30, 300.32698827717985, 37
1, 2004648, 1144968, 859680, 8593881.389368087, 39, 39, 0, 262.6999399439383, 39
51, 2004741, 1145011, 859730, 8594210.631647995, 93, 43, 50, 329.24227990714814, 44
1, 2004772, 1145042, 859730, 8594457.792754171, 31, 31, 0, 247.1611061770567, 31
1, 2004881, 1145081, 859800, 8594800.907385672, 109, 39, 70, 343.114631499574, 41
1, 2004927, 1145127, 859800, 8595075.536454385, 46, 46, 0, 274.6290687140218, 46
51, 2005013, 1145163, 859850, 8595397.362619033, 86, 36, 50, 321.82616464756694, 37
1, 2005091, 1145201, 859890, 8595711.245405653, 78, 38, 40, 313.8827866200841, 39
1, 2005134, 1145244, 859890, 8595980.920365857, 43, 43, 0, 269.6749602031015, 43
1, 2005166, 1145276, 859890, 8596230.161788857, 32, 32, 0, 249.24142300054422, 32
51, 2005283, 1145313, 859970, 8596579.648605656, 117, 37, 80, 349.4868167986058, 39
1, 2005361, 1145351, 860010, 8596893.531392276, 78, 38, 40, 313.8827866200841, 39
1, 2005406, 1145396, 860010, 8597166.533398688, 45, 45, 0, 273.00200641113514, 45
1, 2005446, 1145436, 860010, 8597431.020084625, 40, 40, 0, 264.4866859365871, 40
1, 2005495, 1145485, 860010, 8597710.395215731, 49, 49, 0, 279.3751311064591, 49
51, 2005618, 1145528, 860090, 8598065.219786992, 123, 43, 80, 354.8245712617827, 45
1, 2005659, 1145569, 860090, 8598331.463740436, 41, 41, 0, 266.24395344352433, 41
1, 2005734, 1145604, 860130, 8598641.846836075, 75, 35, 40, 310.38309563827124, 36
1, 2005772, 1145642, 860130, 8598902.729215695, 38, 38, 0, 260.88237961983884, 38
1, 2005836, 1145676, 860160, 8599200.47192817, 64, 34, 30, 297.742712474619, 35
51, 2005924, 1145714, 860210, 8599524.453359531, 88, 38, 50, 323.98143136087856, 39
1, 2006005, 1145755, 860250, 8599841.753359532, 81, 41, 40, 317.3, 42
1, 2006075, 1145795, 860280, 8600147.104120383, 70, 40, 30, 305.3507608519078, 41
1, 2006113, 1145833, 860280, 8600407.986500002, 38, 38, 0, 260.88237961983884, 38
51, 2006193, 1145863, 860330, 8600723.156256247, 80, 30, 50, 315.1697562442441, 31
1, 2006269, 1145899, 860370, 8601034.71542862, 76, 36, 40, 311.5591723737189, 37
1, 2006316, 1145946, 860370, 8601310.94847849, 47, 47, 0, 276.2330498695885, 47
51, 2006431, 1145981, 860450, 8601658.620695552, 115, 35, 80, 347.6722170622053, 37
1, 2006474, 1146024, 860450, 8601928.295655755, 43, 43, 0, 269.6749602031015, 43
1, 2006508, 1146058, 860450, 8602181.569296032, 34, 34, 0, 253.2736402766418, 34
1, 2006538, 1146088, 860450, 8602426.604027964, 30, 30, 0, 245.0347319320716, 30
51, 2006689, 1146119, 860570, 8602800.64939917, 151, 31, 120, 374.04537120670284, 34
1, 2006731, 1146161, 860570, 8603068.622388672, 42, 42, 0, 267.97298950218305, 42
1, 2006782, 1146212, 860570, 8603351.056900451, 51, 51, 0, 282.43451177837886, 51
1, 2006826, 1146256, 860570, 8603622.40785814, 44, 44, 0, 271.35095769013947, 44
1, 2006896, 1146296, 860600, 8603927.758618992, 70, 40, 30, 305.3507608519078, 41
51, 2006983, 1146333, 860650, 8604250.66619999, 87, 37, 50, 322.9075809977351, 38
1, 2007060, 1146370, 860690, 8604563.391863756, 77, 37, 40, 312.72566376652986, 38
1, 2007094, 1146404, 860690, 8604816.665504033, 34, 34, 0, 253.2736402766418, 34
1, 2007134, 1146444, 860690, 8605081.15218997, 40, 40, 0, 264.4866859365871, 40
51, 2007295, 1146485, 860810, 8605462.862486571, 161, 41, 120, 381.7102966008917, 44
1, 2007334, 1146524, 860810, 8605725.562426515, 39, 39, 0, 262.6999399439383, 39
1, 2007410, 1146570, 860840, 8606038.121598888, 76, 46, 30, 312.5591723737189, 47
1, 2007493, 1146613, 860880, 8606357.656546818, 83, 43, 40, 319.5349479292333, 44
51, 2007571, 1146641, 860930, 8606670.539333439, 78, 28, 50, 312.8827866200841, 29
1, 2007640, 1146680, 860960, 8606974.651475148, 69, 39, 30, 304.1121417102006, 40
1, 2007721, 1146721, 861000, 8607291.951475149, 81, 41, 40, 317.3, 42
1, 2007758, 1146758, 861000, 8607550.984046604, 37, 37, 0, 259.03257145596604, 37
1, 2007795, 1146795, 861000, 8607810.01661806, 37, 37, 0, 259.03257145596604, 37
51, 2007882, 1146832, 861050, 8608132.924199058, 87, 37, 50, 322.9075809977351, 38
1, 2007923, 1146873, 861050, 8608399.168152502, 41, 41, 0, 266.24395344352433, 41
1, 2008041, 1146921, 861120, 8608750.555477671, 118, 48, 70, 351.3873251689181, 50
1, 2008087, 1146967, 861120, 8609025.184546385, 46, 46, 0, 274.6290687140218, 46
1, 2008122, 1147002, 861120, 8609280.414474295, 35, 35, 0, 255.22992790977875, 35
51, 2008208, 1147038, 861170, 8609602.240638943, 86, 36, 50, 321.82616464756694, 37
1, 2008326, 1147086, 861240, 8609953.627964113, 118, 48, 70, 351.3873251689181, 50
1, 2008378, 1147138, 861240, 8610237.562925542, 52, 52, 0, 283.93496142826496, 52
51, 2008470, 1147180, 861290, 8610565.76702701, 92, 42, 50, 328.20410146824725, 43
1, 2008573, 1147213, 861360, 8610903.140277065, 103, 33, 70, 337.37325005549695, 35
1, 2008614, 1147254, 861360, 8611169.38423051, 41, 41, 0, 266.24395344352433, 41
51, 2008702, 1147292, 861410, 8611493.36566187, 88, 38, 50, 323.98143136087856, 39
1, 2008783, 1147333, 861450, 8611810.665661871, 81, 41, 40, 317.3, 42
1, 2008818, 1147368, 861450, 8612065.895589782, 35, 35, 0, 255.22992790977875, 35
1, 2008866, 1147416, 861450, 8612343.710392373, 48, 48, 0, 277.8148025904985, 48
1, 2008938, 1147458, 861480, 8612651.505455397, 72, 42, 30, 307.79506302439404, 43
51, 2009030, 1147500, 861530, 8612979.709556865, 92, 42, 50, 328.20410146824725, 43
1, 2009109, 1147539, 861570, 8613294.740306994, 79, 39, 40, 315.03075013013313, 40
1, 2009178, 1147578, 861600, 8613598.852448704, 69, 39, 30, 304.1121417102006, 40
1, 2009210, 1147610, 861600, 8613848.093871703, 32, 32, 0, 249.24142300054422, 32
1, 2009252, 1147652, 861600, 8614116.066861205, 42, 42, 0, 267.97298950218305, 42
51, 2009375, 1147685, 861690, 8614469.891432466, 123, 33, 90, 353.8245712617827, 35
1, 2009417, 1147727, 861690, 8614737.864421967, 42, 42, 0, 267.97298950218305, 42
1, 2009467, 1147777, 861690, 8615018.779216815, 50, 50, 0, 280.9147948472494, 50
1, 2009540, 1147820, 861720, 8615327.780495385, 73, 43, 30, 309.00127856917646, 44
1, 2009575, 1147855, 861720, 8615583.010423295, 35, 35, 0, 255.22992790977875, 35
51, 2009739, 1147899, 861840, 8615966.968614131, 164, 44, 120, 383.9581908363381, 47
1, 2009780, 1147940, 861840, 8616233.212567575, 41, 41, 0, 266.24395344352433, 41
1, 2009816, 1147976, 861840, 8616490.361541854, 36, 36, 0, 257.1489742783178, 36
1, 2009898, 1148028, 861870, 8616809.783211697, 82, 52, 30, 319.42166984345636, 53
1, 2009942, 1148072, 861870, 8617081.134169387, 44, 44, 0, 271.35095769013947, 44
51, 2010101, 1148111, 861990, 8617461.33303186, 159, 39, 120, 380.1988624723894, 42
1, 2010141, 1148151, 861990, 8617725.819717797, 40, 40, 0, 264.4866859365871, 40
1, 2010177, 1148187, 861990, 8617982.968692075, 36, 36, 0, 257.1489742783178, 36
1, 2010257, 1148237, 862020, 8618300.13844832, 80, 50, 30, 317.1697562442441, 51
51, 2010381, 1148271, 862110, 8618654.83784487, 124, 34, 90, 354.6993965481514, 36
1, 2010424, 1148314, 862110, 8618924.512805073, 43, 43, 0, 269.6749602031015, 43
1, 2010509, 1148369, 862140, 8619247.249832744, 85, 55, 30, 322.73702767108114, 56
1, 2010584, 1148404, 862180, 8619557.632928383, 75, 35, 40, 310.38309563827124, 36
1, 2010655, 1148445, 862210, 8619864.211239202, 71, 41, 30, 306.57831081870995, 42
51, 2010742, 1148482, 862260, 8620187.1188202, 87, 37, 50, 322.9075809977351, 38
1, 2010817, 1148517, 862300, 8620497.501915839, 75, 35, 40, 310.38309563827124, 36
1, 2010850, 1148550, 862300, 8620748.78008853, 33, 33, 0, 251.27817269284301, 33
1, 2010921, 1148591, 862330, 8621055.35839935, 71, 41, 30, 306.57831081870995, 42
1, 2010974, 1148644, 862330, 8621340.775186991, 53, 53, 0, 285.4167876408086, 53
51, 2011104, 1148684, 862420, 8621700.64002453, 130, 40, 90, 359.86483753851803, 42
1, 2011134, 1148714, 862420, 8621945.674756462, 30, 30, 0, 245.0347319320716, 30
1, 2011211, 1148761, 862450, 8622259.400420228, 77, 47, 30, 313.72566376652986, 48
1, 2011289, 1148799, 862490, 8622573.283206848, 78, 38, 40, 313.8827866200841, 39
1, 2011332, 1148842, 862490, 8622842.958167052, 43, 43, 0, 269.6749602031015, 43
51, 2011450, 1148870, 862580, 8623192.345492221, 118, 28, 90, 349.3873251689181, 30
1, 2011486, 1148906, 862580, 8623449.4944665, 36, 36, 0, 257.1489742783178, 36
1, 2011531, 1148951, 862580, 8623722.496472912, 45, 45, 0, 273.00200641113514, 45
51, 2011649, 1148989, 862660, 8624072.883798081, 118, 38, 80, 350.3873251689181, 40
1, 2011725, 1149025, 862700, 8624384.442970455, 76, 36, 40, 311.5591723737189, 37
1, 2011760, 1149060, 862700, 8624639.672898365, 35, 35, 0, 255.22992790977875, 35
51, 2011844, 1149094, 862750, 8624959.312908769, 84, 34, 50, 319.64001040350905, 35
1, 2011929, 1149139, 862790, 8625281.04993644, 85, 45, 40, 321.73702767108114, 46
1, 2011982, 1149192, 862790, 8625566.466724081, 53, 53, 0, 285.4167876408086, 53
1, 2012053, 1149233, 862820, 8625873.0450349, 71, 41, 30, 306.57831081870995, 42
1, 2012088, 1149268, 862820, 8626128.27496281, 35, 35, 0, 255.22992790977875, 35
51, 2012207, 1149307, 862900, 8626479.558358014, 119, 39, 80, 351.28339520229764, 41
1, 2012283, 1149343, 862940, 8626791.117530387, 76, 36, 40, 311.5591723737189, 37
1, 2012314, 1149374, 862940, 8627038.278636564, 31, 31, 0, 247.1611061770567, 31
1, 2012390, 1149420, 862970, 8627350.837808937, 76, 46, 30, 312.5591723737189, 47
51, 2012488, 1149468, 863020, 8627685.1724373, 98, 48, 50, 334.33462836457886, 49
1, 2012561, 1149511, 863050, 8627994.17371587, 73, 43, 30, 309.00127856917646, 44
1, 2012647, 1149557, 863090, 8628316.999880519, 86, 46, 40, 322.82616464756694, 47
1, 2012683, 1149593, 863090, 8628574.148854798, 36, 36, 0, 257.1489742783178, 36
51, 2012772, 1149632, 863140, 8628899.196720362, 89, 39, 50, 325.0478655640733, 40
1, 2012820, 1149680, 863140, 8629177.011522952, 48, 48, 0, 277.8148025904985, 48
1, 2012863, 1149723, 863140, 8629446.686483156, 43, 43, 0, 269.6749602031015, 43
1, 2012974, 1149764, 863210, 8629791.673201196, 111, 41, 70, 344.9867180408456, 43
51, 2013063, 1149803, 863260, 8630116.72106676, 89, 39, 50, 325.0478655640733, 40
1, 2013138, 1149848, 863290, 8630428.104162399, 75, 45, 30, 311.38309563827124, 46
1, 2013224, 1149894, 863330, 8630750.930327047, 86, 46, 40, 322.82616464756694, 47
1, 2013270, 1149940, 863330, 8631025.55939576, 46, 46, 0, 274.6290687140218, 46
1, 2013309, 1149979, 863330, 8631288.259335704, 39, 39, 0, 262.6999399439383, 39
51, 2013437, 1150027, 863410, 8631647.417901807, 128, 48, 80, 359.1585661014858, 50
1, 2013481, 1150071, 863410, 8631918.768859496, 44, 44, 0, 271.35095769013947, 44
1, 2013561, 1150111, 863450, 8632234.938615741, 80, 40, 40, 316.1697562442441, 41
1, 2013623, 1150143, 863480, 8632530.045242071, 62, 32, 30, 295.1066263296683, 33
1, 2013666, 1150186, 863480, 8632799.720202275, 43, 43, 0, 269.6749602031015, 43
51, 2013794, 1150234, 863560, 8633158.878768377, 128, 48, 80, 359.1585661014858, 50
1, 2013832, 1150272, 863560, 8633419.761147996, 38, 38, 0, 260.88237961983884, 38
1, 2013914, 1150314, 863600, 8633738.18281784, 82, 42, 40, 318.42166984345636, 43
51, 2014028, 1150348, 863680, 8634084.94080553, 114, 34, 80, 346.75798769167545, 36
1, 2014079, 1150399, 863680, 8634367.375317309, 51, 51, 0, 282.43451177837886, 51
1, 2014112, 1150432, 863680, 8634618.653490001, 33, 33, 0, 251.27817269284301, 33
1, 2014222, 1150472, 863750, 8634962.706674049, 110, 40, 70, 344.0531840464366, 42
51, 2014313, 1150513, 863800, 8635289.865735987, 91, 41, 50, 327.1590619387661, 42
1, 2014388, 1150548, 863840, 8635600.248831626, 75, 35, 40, 310.38309563827124, 36
1, 2014424, 1150584, 863840, 8635857.397805905, 36, 36, 0, 257.1489742783178, 36
1, 2014494, 1150624, 863870, 8636162.748566756, 70, 40, 30, 305.3507608519078, 41
51, 2014586, 1150666, 863920, 8636490.952668224, 92, 42, 50, 328.20410146824725, 43
1, 2014674, 1150714, 863960, 8636815.934099585, 88, 48, 40, 324.98143136087856, 49
1, 2014745, 1150755, 863990, 8637122.512410404, 71, 41, 30, 306.57831081870995, 42
1, 2014781, 1150791, 863990, 8637379.661384683, 36, 36, 0, 257.1489742783178, 36
51, 2014869, 1150829, 864040, 8637703.642816044, 88, 38, 50, 323.98143136087856, 39
1, 2014949, 1150869, 864080, 8638019.81257229, 80, 40, 40, 316.1697562442441, 41
1, 2014982, 1150902, 864080, 8638271.090744982, 33, 33, 0, 251.27817269284301, 33
51, 2015097, 1150937, 864160, 8638618.762962043, 115, 35, 80, 347.6722170622053, 37
1, 2015174, 1150974, 864200, 8638931.48862581, 77, 37, 40, 312.72566376652986, 38
1, 2015222, 1151022, 864200, 8639209.3034284, 48, 48, 0, 277.8148025904985, 48
51, 2015343, 1151063, 864280, 8639562.365907436, 121, 41, 80, 353.06247903554, 43
1, 2015387, 1151107, 864280, 8639833.716865126, 44, 44, 0, 271.35095769013947, 44
1, 2015456, 1151146, 864310, 8640137.829006836, 69, 39, 30, 304.1121417102006, 40
1, 2015495, 1151185, 864310, 8640400.52894678, 39, 39, 0, 262.6999399439383, 39
51, 2015622, 1151222, 864400, 8640757.828629078, 127, 37, 90, 357.2996822992933, 39
1, 2015659, 1151259, 864400, 8641016.861200534, 37, 37, 0, 259.03257145596604, 37
1, 2015699, 1151299, 864400, 8641281.347886471, 40, 40, 0, 264.4866859365871, 40
1, 2015812, 1151342, 864470, 8641628.18693034, 113, 43, 70, 346.83904386951343, 45
1, 2015850, 1151380, 864470, 8641889.06930996, 38, 38, 0, 260.88237961983884, 38
51, 2015950, 1151430, 864520, 8642225.397075975, 100, 50, 50, 336.327766016838, 51
1, 2015984, 1151464, 864520, 8642478.670716252, 34, 34, 0, 253.2736402766418, 34
1, 2016063, 1151503, 864560, 8642793.701466382, 79, 39, 40, 315.03075013013313, 40
1, 2016140, 1151550, 864590, 8643107.427130148, 77, 47, 30, 313.72566376652986, 48
51, 2016226, 1151586, 864640, 8643429.253294796, 86, 36, 50, 321.82616464756694, 37
1, 2016267, 1151627, 864640, 8643695.49724824, 41, 41, 0, 266.24395344352433, 41
1, 2016301, 1151661, 864640, 8643948.770888517, 34, 34, 0, 253.2736402766418, 34
1, 2016411, 1151701, 864710, 8644292.824072564, 110, 40, 70, 344.0531840464366, 42
51, 2016500, 1151740, 864760, 8644617.871938128, 89, 39, 50, 325.0478655640733, 40
1, 2016543, 1151783, 864760, 8644887.546898331, 43, 43, 0, 269.6749602031015, 43
1, 2016617, 1151827, 864790, 8645197.7441071, 74, 44, 30, 310.1972087668518, 45
1, 2016651, 1151861, 864790, 8645451.017747376, 34, 34, 0, 253.2736402766418, 34
51, 2016738, 1151898, 864840, 8645773.925328374, 87, 37, 50, 322.9075809977351, 38
1, 2016810, 1151930, 864880, 8646080.720391398, 72, 32, 40, 306.79506302439404, 33
1, 2016853, 1151973, 864880, 8646350.395351602, 43, 43, 0, 269.6749602031015, 43
1, 2016924, 1152014, 864910, 8646656.973662421, 71, 41, 30, 306.57831081870995, 42
51, 2017048, 1152048, 865000, 8647011.67305897, 124, 34, 90, 354.6993965481514, 36
1, 2017081, 1152081, 865000, 8647262.951231662, 33, 33, 0, 251.27817269284301, 33
1, 2017144, 1152114, 865030, 8647559.382556388, 63, 33, 30, 296.43132472612575, 34
51, 2017230, 1152150, 865080, 8647881.208721036, 86, 36, 50, 321.82616464756694, 37
1, 2017322, 1152202, 865120, 8648210.412822504, 92, 52, 40, 329.20410146824725, 53
1, 2017391, 1152241, 865150, 8648514.524964213, 69, 39, 30, 304.1121417102006, 40
1, 2017435, 1152285, 865150, 8648785.875921903, 44, 44, 0, 271.35095769013947, 44
51, 2017559, 1152319, 865240, 8649140.575318452, 124, 34, 90, 354.6993965481514, 36
1, 2017607, 1152367, 865240, 8649418.390121043, 48, 48, 0, 277.8148025904985, 48
1, 2017677, 1152407, 865270, 8649723.740881894, 70, 40, 30, 305.3507608519078, 41
1, 2017713, 1152443, 865270, 8649980.889856173, 36, 36, 0, 257.1489742783178, 36
51, 2017801, 1152481, 865320, 8650304.871287534, 88, 38, 50, 323.98143136087856, 39
1, 2017879, 1152519, 865360, 8650618.754074154, 78, 38, 40, 313.8827866200841, 39
1, 2017926, 1152566, 865360, 8650894.987124024, 47, 47, 0, 276.2330498695885, 47
51, 2018020, 1152610, 865410, 8651225.260849873, 94, 44, 50, 330.273725847777, 45
1, 2018118, 1152638, 865480, 8651557.695478236, 98, 28, 70, 332.4346283645789, 30
1, 2018165, 1152685, 865480, 8651833.928528106, 47, 47, 0, 276.2330498695885, 47
51, 2018248, 1152718, 865530, 8652152.463476036, 83, 33, 50, 318.5349479292333, 34
1, 2018290, 1152760, 865530, 8652420.436465537, 42, 42, 0, 267.97298950218305, 42
1, 2018320, 1152790, 865530, 8652665.47119747, 30, 30, 0, 245.0347319320716, 30
1, 2018433, 1152833, 865600, 8653012.310241338, 113, 43, 70, 346.83904386951343, 45
1, 2018477, 1152877, 865600, 8653283.661199028, 44, 44, 0, 271.35095769013947, 44
51, 2018561, 1152911, 865650, 8653603.301209431, 84, 34, 50, 319.64001040350905, 35
1, 2018622, 1152942, 865680, 8653897.069448698, 61, 31, 30, 293.7682392671241, 32
1, 2018647, 1152967, 865680, 8654130.676246447, 25, 25, 0, 233.60679774997897, 25
1, 2018721, 1153001, 865720, 8654439.873455215, 74, 34, 40, 309.1972087668518, 35
1, 2018759, 1153039, 865720, 8654700.755834835, 38, 38, 0, 260.88237961983884, 38
51, 2018857, 1153087, 865770, 8655035.090463199, 98, 48, 50, 334.33462836457886, 49
1, 2018934, 1153124, 865810, 8655347.816126965, 77, 37, 40, 312.72566376652986, 38
1, 2019004, 1153164, 865840, 8655653.166887816, 70, 40, 30, 305.3507608519078, 41
1, 2019056, 1153216, 865840, 8655937.101849245, 52, 52, 0, 283.93496142826496, 52
1, 2019175, 1153265, 865910, 8656289.385244448, 119, 49, 70, 352.28339520229764, 51
51, 2019274, 1153314, 865960, 8656624.719459001, 99, 49, 50, 335.33421455299043, 50
1, 2019312, 1153352, 865960, 8656885.60183862, 38, 38, 0, 260.88237961983884, 38
1, 2019355, 1153395, 865960, 8657155.276798824, 43, 43, 0, 269.6749602031015, 43
1, 2019470, 1153440, 866030, 8657503.949015886, 115, 45, 70, 348.6722170622053, 47
51, 2019562, 1153482, 866080, 8657832.153117353, 92, 42, 50, 328.20410146824725, 43
1, 2019604, 1153524, 866080, 8658100.126106855, 42, 42, 0, 267.97298950218305, 42
1, 2019650, 1153570, 866080, 8658374.755175568, 46, 46, 0, 274.6290687140218, 46
1, 2019698, 1153618, 866080, 8658652.569978159, 48, 48, 0, 277.8148025904985, 48
51, 2019815, 1153655, 866160, 8659002.056794958, 117, 37, 80, 349.4868167986058, 39
1, 2019903, 1153703, 866200, 8659327.03822632, 88, 48, 40, 324.98143136087856, 49
1, 2019947, 1153747, 866200, 8659598.38918401, 44, 44, 0, 271.35095769013947, 44
1, 2019986, 1153786, 866200, 8659861.089123953, 39, 39, 0, 262.6999399439383, 39
1, 2020023, 1153823, 866200, 8660120.121695409, 37, 37, 0, 259.03257145596604, 37
51, 2020151, 1153861, 866290, 8660478.280261511, 128, 38, 90, 358.1585661014858, 40
1, 2020231, 1153911, 866320, 8660795.450017756, 80, 50, 30, 317.1697562442441, 51
1, 2020267, 1153947, 866320, 8661052.598992035, 36, 36, 0, 257.1489742783178, 36
1, 2020305, 1153985, 866320, 8661313.481371654, 38, 38, 0, 260.88237961983884, 38
1, 2020377, 1154017, 866360, 8661620.276434679, 72, 32, 40, 306.79506302439404, 33
51, 2020465, 1154055, 866410, 8661944.25786604, 88, 38, 50, 323.98143136087856, 39
1, 2020537, 1154087, 866450, 8662251.052929064, 72, 32, 40, 306.79506302439404, 33
1, 2020610, 1154130, 866480, 8662560.054207634, 73, 43, 30, 309.00127856917646, 44
1, 2020686, 1154166, 866520, 8662871.613380007, 76, 36, 40, 311.5591723737189, 37
51, 2020771, 1154201, 866570, 8663192.350407679, 85, 35, 50, 320.73702767108114, 36
1, 2020812, 1154242, 866570, 8663458.594361123, 41, 41, 0, 266.24395344352433, 41
1, 2020849, 1154279, 866570, 8663717.626932578, 37, 37, 0, 259.03257145596604, 37
1, 2020894, 1154324, 866570, 8663990.62893899, 45, 45, 0, 273.00200641113514, 45
51, 2021052, 1154362, 866690, 8664370.068148246, 158, 38, 120, 379.43920925585275, 41
1, 2021096, 1154406, 866690, 8664641.419105936, 44, 44, 0, 271.35095769013947, 44
1, 2021128, 1154438, 866690, 8664890.660528935, 32, 32, 0, 249.24142300054422, 32
1, 2021171, 1154481, 866690, 8665160.335489139, 43, 43, 0, 269.6749602031015, 43
1, 2021210, 1154520, 866690, 8665423.035429083, 39, 39, 0, 262.6999399439383, 39
51, 2021300, 1154560, 866740, 8665749.142457906, 90, 40, 50, 326.1070288241023, 41
1, 2021411, 1154601, 866810, 8666094.129175946, 111, 41, 70, 344.9867180408456, 43
1, 2021451, 1154641, 866810, 8666358.615861883, 40, 40, 0, 264.4866859365871, 40
1, 2021516, 1154676, 866840, 8666657.657013327, 65, 35, 30, 299.04115144336777, 36
1, 2021555, 1154715, 866840, 8666920.35695327, 39, 39, 0, 262.6999399439383, 39
51, 2021685, 1154755, 866930, 8667280.22179081, 130, 40, 90, 359.86483753851803, 42
1, 2021730, 1154800, 866930, 8667553.22379722, 45, 45, 0, 273.00200641113514, 45
1, 2021795, 1154835, 866960, 8667852.264948664, 65, 35, 30, 299.04115144336777, 36
1, 2021833, 1154873, 866960, 8668113.147328284, 38, 38, 0, 260.88237961983884, 38
51, 2021963, 1154913, 867050, 8668473.012165822, 130, 40, 90, 359.86483753851803, 42
1, 2022030, 1154950, 867080, 8668774.61272108, 67, 37, 30, 301.6005552576305, 38
1, 2022077, 1154997, 867080, 8669050.84577095, 47, 47, 0, 276.2330498695885, 47
1, 2022111, 1155031, 867080, 8669304.119411226, 34, 34, 0, 253.2736402766418, 34
1, 2022187, 1155067, 867120, 8669615.6785836, 76, 36, 40, 311.5591723737189, 37
51, 2022312, 1155112, 867200, 8669972.248736087, 125, 45, 80, 356.57015248821097, 47
1, 2022348, 1155148, 867200, 8670229.397710366, 36, 36, 0, 257.1489742783178, 36
1, 2022385, 1155185, 867200, 8670488.430281822, 37, 37, 0, 259.03257145596604, 37
1, 2022459, 1155229, 867230, 8670798.62749059, 74, 44, 30, 310.1972087668518, 45
51, 2022547, 1155267, 867280, 8671122.60892195, 88, 38, 50, 323.98143136087856, 39
1, 2022619, 1155299, 867320, 8671429.403984975, 72, 32, 40, 306.79506302439404, 33
1, 2022655, 1155335, 867320, 8671686.552959254, 36, 36, 0, 257.1489742783178, 36
1, 2022697, 1155377, 867320, 8671954.525948755, 42, 42, 0, 267.97298950218305, 42
1, 2022740, 1155420, 867320, 8672224.200908959, 43, 43, 0, 269.6749602031015, 43
51, 2022889, 1155449, 867440, 8672596.679723654, 149, 29, 120, 372.4788146945047, 32
1, 2022935, 1155495, 867440, 8672871.308792368, 46, 46, 0, 274.6290687140218, 46
1, 2022972, 1155532, 867440, 8673130.341363823, 37, 37, 0, 259.03257145596604, 37
1, 2023041, 1155571, 867470, 8673434.453505533, 69, 39, 30, 304.1121417102006, 40
1, 2023084, 1155614, 867470, 8673704.128465736, 43, 43, 0, 269.6749602031015, 43
51, 2023217, 1155657, 867560, 8674066.524734778, 133, 43, 90, 362.3962690412072, 45
1, 2023258, 1155698, 867560, 8674332.768688222, 41, 41, 0, 266.24395344352433, 41
1, 2023341, 1155741, 867600, 8674652.303636152, 83, 43, 40, 319.5349479292333, 44
1, 2023379, 1155779, 867600, 8674913.186015772, 38, 38, 0, 260.88237961983884, 38
51, 2023502, 1155822, 867680, 8675268.010587033, 123, 43, 80, 354.8245712617827, 45
1, 2023542, 1155862, 867680, 8675532.49727297, 40, 40, 0, 264.4866859365871, 40
1, 2023649, 1155899, 867750, 8675873.71941824, 107, 37, 70, 341.2221452697031, 39
1, 2023693, 1155943, 867750, 8676145.07037593, 44, 44, 0, 271.35095769013947, 44
1, 2023730, 1155980, 867750, 8676404.102947386, 37, 37, 0, 259.03257145596604, 37
51, 2023823, 1156023, 867800, 8676733.345227294, 93, 43, 50, 329.24227990714814, 44
1, 2023860, 1156060, 867800, 8676992.37779875, 37, 37, 0, 259.03257145596604, 37
1, 2023892, 1156092, 867800, 8677241.619221749, 32, 32, 0, 249.24142300054422, 32
1, 2024014, 1156144, 867870, 8677596.564840302, 122, 52, 70, 354.9456185537469, 54
51, 2024114, 1156194, 867920, 8677932.892606318, 100, 50, 50, 336.327766016838, 51
1, 2024160, 1156240, 867920, 8678207.521675032, 46, 46, 0, 274.6290687140218, 46
1, 2024204, 1156284, 867920, 8678478.872632721, 44, 44, 0, 271.35095769013947, 44
51, 2024366, 1156326, 868040, 8678861.334767222, 162, 42, 120, 382.4621345008163, 45
1, 2024408, 1156368, 868040, 8679129.307756724, 42, 42, 0, 267.97298950218305, 42
1, 2024476, 1156406, 868070, 8679432.169927826, 68, 38, 30, 302.86217110259, 39
51, 2024597, 1156437, 868160, 8679784.232406862, 121, 31, 90, 352.06247903554, 33
1, 2024636, 1156476, 868160, 8680046.932346806, 39, 39, 0, 262.6999399439383, 39
1, 2024713, 1156513, 868200, 8680359.658010572, 77, 37, 40, 312.72566376652986, 38
51, 2024808, 1156558, 868250, 8680690.956574708, 95, 45, 50, 331.2985641352145, 46
1, 2024844, 1156594, 868250, 8680948.105548987, 36, 36, 0, 257.1489742783178, 36
1, 2024903, 1156623, 868280, 8681239.154349234, 59, 29, 30, 291.0488002476036, 30
1, 2024950, 1156670, 868280, 8681515.387399103, 47, 47, 0, 276.2330498695885, 47
51, 2025024, 1156694, 868330, 8681823.584607871, 74, 24, 50, 308.1972087668518, 25
1, 2025108, 1156738, 868370, 8682144.224618275, 84, 44, 40, 320.64001040350905, 45
1, 2025150, 1156780, 868370, 8682412.197607776, 42, 42, 0, 267.97298950218305, 42
51, 2025241, 1156821, 868420, 8682739.356669715, 91, 41, 50, 327.1590619387661, 42
1, 2025314, 1156864, 868450, 8683048.357948285, 73, 43, 30, 309.00127856917646, 44
1, 2025339, 1156889, 868450, 8683281.964746034, 25, 25, 0, 233.60679774997897, 25
1, 2025460, 1156940, 868520, 8683636.02722507, 121, 51, 70, 354.06247903554, 53
1, 2025498, 1156978, 868520, 8683896.90960469, 38, 38, 0, 260.88237961983884, 38
51, 2025583, 1157013, 868570, 8684217.64663236, 85, 35, 50, 320.73702767108114, 36
1, 2025650, 1157050, 868600, 8684519.247187618, 67, 37, 30, 301.6005552576305, 38
1, 2025729, 1157089, 868640, 8684834.277937748, 79, 39, 40, 315.03075013013313, 40
51, 2025851, 1157131, 868720, 8685188.2235563, 122, 42, 80, 353.9456185537469, 44
1, 2025905, 1157185, 868720, 8685475.104157384, 54, 54, 0, 286.88060108295343, 54
1, 2025948, 1157228, 868720, 8685744.779117588, 43, 43, 0, 269.6749602031015, 43
1, 2025990, 1157270, 868720, 8686012.75210709, 42, 42, 0, 267.97298950218305, 42
51, 2026121, 1157311, 868810, 8686373.464435305, 131, 41, 90, 360.7123282155055, 43
1, 2026152, 1157342, 868810, 8686620.625541482, 31, 31, 0, 247.1611061770567, 31
1, 2026265, 1157385, 868880, 8686967.46458535, 113, 43, 70, 346.83904386951343, 45
51, 2026346, 1157416, 868930, 8687283.764585352, 81, 31, 50, 316.3, 32
1, 2026382, 1157452, 868930, 8687540.91355963, 36, 36, 0, 257.1489742783178, 36
1, 2026456, 1157496, 868960, 8687851.110768398, 74, 44, 30, 310.1972087668518, 45
1, 2026496, 1157536, 868960, 8688115.597454336, 40, 40, 0, 264.4866859365871, 40
51, 2026621, 1157571, 869050, 8688471.167606823, 125, 35, 90, 355.57015248821097, 37
1, 2026664, 1157614, 869050, 8688740.842567027, 43, 43, 0, 269.6749602031015, 43
1, 2026741, 1157661, 869080, 8689054.568230793, 77, 47, 30, 313.72566376652986, 48
1, 2026824, 1157704, 869120, 8689374.103178723, 83, 43, 40, 319.5349479292333, 44
51, 2026918, 1157748, 869170, 8689704.376904571, 94, 44, 50, 330.273725847777, 45
1, 2026964, 1157794, 869170, 8689979.005973285, 46, 46, 0, 274.6290687140218, 46
1, 2027013, 1157843, 869170, 8690258.381104391, 49, 49, 0, 279.3751311064591, 49
1, 2027057, 1157887, 869170, 8690529.73206208, 44, 44, 0, 271.35095769013947, 44
1, 2027171, 1157931, 869240, 8690877.490049772, 114, 44, 70, 347.75798769167545, 46
51, 2027260, 1157970, 869290, 8691202.537915336, 89, 39, 50, 325.0478655640733, 40
1, 2027300, 1158010, 869290, 8691467.024601273, 40, 40, 0, 264.4866859365871, 40
1, 2027339, 1158049, 869290, 8691729.724541217, 39, 39, 0, 262.6999399439383, 39
1, 2027371, 1158081, 869290, 8691978.965964217, 32, 32, 0, 249.24142300054422, 32
51, 2027466, 1158126, 869340, 8692310.264528353, 95, 45, 50, 331.2985641352145, 46
1, 2027572, 1158162, 869410, 8692650.532571962, 106, 36, 70, 340.2680436096278, 38
1, 2027611, 1158201, 869410, 8692913.232511906, 39, 39, 0, 262.6999399439383, 39
51, 2027694, 1158234, 869460, 8693231.767459836, 83, 33, 50, 318.5349479292333, 34
1, 2027745, 1158285, 869460, 8693514.201971615, 51, 51, 0, 282.43451177837886, 51
1, 2027835, 1158335, 869500, 8693841.309000438, 90, 50, 40, 327.1070288241023, 51
1, 2027907, 1158377, 869530, 8694149.104063462, 72, 42, 30, 307.79506302439404, 43
51, 2027992, 1158412, 869580, 8694469.841091134, 85, 35, 50, 320.73702767108114, 36
1, 2028076, 1158456, 869620, 8694790.481101537, 84, 44, 40, 320.64001040350905, 45
1, 2028146, 1158496, 869650, 8695095.831862388, 70, 40, 30, 305.3507608519078, 41
1, 2028188, 1158538, 869650, 8695363.80485189, 42, 42, 0, 267.97298950218305, 42
51, 2028281, 1158581, 869700, 8695693.047131797, 93, 43, 50, 329.24227990714814, 44
1, 2028315, 1158615, 869700, 8695946.320772074, 34, 34, 0, 253.2736402766418, 34
1, 2028384, 1158654, 869730, 8696250.432913784, 69, 39, 30, 304.1121417102006, 40
51, 2028517, 1158697, 869820, 8696612.829182826, 133, 43, 90, 362.3962690412072, 45
1, 2028554, 1158734, 869820, 8696871.861754281, 37, 37, 0, 259.03257145596604, 37
1, 2028589, 1158769, 869820, 8697127.091682192, 35, 35, 0, 255.22992790977875, 35
1, 2028695, 1158805, 869890, 8697467.359725801, 106, 36, 70, 340.2680436096278, 38
51, 2028783, 1158843, 869940, 8697791.341157163, 88, 38, 50, 323.98143136087856, 39
1, 2028828, 1158888, 869940, 8698064.343163574, 45, 45, 0, 273.00200641113514, 45
1, 2028908, 1158928, 869980, 8698380.512919819, 80, 40, 40, 316.1697562442441, 41
1, 2028975, 1158965, 870010, 8698682.113475077, 67, 37, 30, 301.6005552576305, 38
51, 2029059, 1158999, 870060, 8699001.75348548, 84, 34, 50, 319.64001040350905, 35
1, 2029130, 1159040, 870090, 8699308.3317963, 71, 41, 30, 306.57831081870995, 42
1, 2029220, 1159090, 870130, 8699635.438825123, 90, 50, 40, 327.1070288241023, 51
1, 2029255, 1159125, 870130, 8699890.668753034, 35, 35, 0, 255.22992790977875, 35
51, 2029350, 1159170, 870180, 8700221.96731717, 95, 45, 50, 331.2985641352145, 46
1, 2029415, 1159205, 870210, 8700521.008468613, 65, 35, 30, 299.04115144336777, 36
1, 2029461, 1159251, 870210, 8700795.637537327, 46, 46, 0, 274.6290687140218, 46
1, 2029546, 1159296, 870250, 8701117.374564998, 85, 45, 40, 321.73702767108114, 46
51, 2029632, 1159332, 870300, 8701439.200729646, 86, 36, 50, 321.82616464756694, 37
1, 2029678, 1159378, 870300, 8701713.82979836, 46, 46, 0, 274.6290687140218, 46
1, 2029717, 1159417, 870300, 8701976.529738303, 39, 39, 0, 262.6999399439383, 39
1, 2029792, 1159462, 870330, 8702287.912833942, 75, 45, 30, 311.38309563827124, 46
51, 2029919, 1159499, 870420, 8702645.21251624, 127, 37, 90, 357.2996822992933, 39
1, 2029966, 1159546, 870420, 8702921.44556611, 47, 47, 0, 276.2330498695885, 47
1, 2030005, 1159585, 870420, 8703184.145506054, 39, 39, 0, 262.6999399439383, 39
1, 2030058, 1159638, 870420, 8703469.562293695, 53, 53, 0, 285.4167876408086, 53
1, 2030124, 1159674, 870450, 8703769.889281973, 66, 36, 30, 300.32698827717985, 37
51, 2030260, 1159720, 870540, 8704134.784579009, 136, 46, 90, 364.89529703482884, 48
1, 2030329, 1159759, 870570, 8704438.896720719, 69, 39, 30, 304.1121417102006, 40
1, 2030372, 1159802, 870570, 8704708.571680922, 43, 43, 0, 269.6749602031015, 43
1, 2030410, 1159840, 870570, 8704969.454060541, 38, 38, 0, 260.88237961983884, 38
51, 2030497, 1159877, 870620, 8705292.36164154, 87, 37, 50, 322.9075809977351, 38
1, 2030559, 1159909, 870650, 8705587.46826787, 62, 32, 30, 295.1066263296683, 33
1, 2030639, 1159949, 870690, 8705903.638024114, 80, 40, 40, 316.1697562442441, 41
1, 2030707, 1159987, 870720, 8706206.500195216, 68, 38, 30, 302.86217110259, 39
1, 2030744, 1160024, 870720, 8706465.532766672, 37, 37, 0, 259.03257145596604, 37
51, 2030834, 1160064, 870770, 8706791.639795495, 90, 40, 50, 326.1070288241023, 41
1, 2030878, 1160108, 870770, 8707062.990753185, 44, 44, 0, 271.35095769013947, 44
1, 2030907, 1160137, 870770, 8707305.850331895, 29, 29, 0, 242.8595787106084, 29
51, 2031066, 1160176, 870890, 8707686.049194368, 159, 39, 120, 380.1988624723894, 42
1, 2031103, 1160213, 870890, 8707945.081765823, 37, 37, 0, 259.03257145596604, 37
1, 2031140, 1160250, 870890, 8708204.114337279, 37, 37, 0, 259.03257145596604, 37
1, 2031176, 1160286, 870890, 8708461.263311557, 36, 36, 0, 257.1489742783178, 36
1, 2031216, 1160326, 870890, 8708725.749997495, 40, 40, 0, 264.4866859365871, 40
51, 2031331, 1160361, 870970, 8709073.422214556, 115, 35, 80, 347.6722170622053, 37
1, 2031409, 1160399, 871010, 8709387.305001177, 78, 38, 40, 313.8827866200841, 39
1, 2031453, 1160443, 871010, 8709658.655958867, 44, 44, 0, 271.35095769013947, 44
1, 2031489, 1160479, 871010, 8709915.804933146, 36, 36, 0, 257.1489742783178, 36
1, 2031560, 1160520, 871040, 8710222.383243965, 71, 41, 30, 306.57831081870995, 42
51, 2031693, 1160563, 871130, 8710584.779513007, 133, 43, 90, 362.3962690412072, 45
1, 2031728, 1160598, 871130, 8710840.009440918, 35, 35, 0, 255.22992790977875, 35
1, 2031811, 1160641, 871170, 8711159.544388847, 83, 43, 40, 319.5349479292333, 44
1, 2031846, 1160676, 871170, 8711414.774316758, 35, 35, 0, 255.22992790977875, 35
1, 2031911, 1160711, 871200, 8711713.815468201, 65, 35, 30, 299.04115144336777, 36
51, 2031996, 1160746, 871250, 8712034.552495873, 85, 35, 50, 320.73702767108114, 36
1, 2032042, 1160792, 871250, 8712309.181564586, 46, 46, 0, 274.6290687140218, 46
1, 2032118, 1160828, 871290, 8712620.74073696, 76, 36, 40, 311.5591723737189, 37
1, 2032159, 1160869, 871290, 8712886.984690404, 41, 41, 0, 266.24395344352433, 41
51, 2032274, 1160904, 871370, 8713234.656907465, 115, 35, 80, 347.6722170622053, 37
1, 2032350, 1160940, 871410, 8713546.216079839, 76, 36, 40, 311.5591723737189, 37
1, 2032429, 1160989, 871440, 8713862.246829968, 79, 49, 30, 316.03075013013313, 50
51, 2032526, 1161036, 871490, 8714195.57572924, 97, 47, 50, 333.3288992714996, 48
1, 2032607, 1161077, 871530, 8714512.87572924, 81, 41, 40, 317.3, 42
1, 2032652, 1161122, 871530, 8714785.877735652, 45, 45, 0, 273.00200641113514, 45
51, 2032749, 1161169, 871580, 8715119.206634924, 97, 47, 50, 333.3288992714996, 48
1, 2032786, 1161206, 871580, 8715378.23920638, 37, 37, 0, 259.03257145596604, 37
1, 2032848, 1161238, 871610, 8715673.34583271, 62, 32, 30, 295.1066263296683, 33
1, 2032937, 1161287, 871650, 8715999.393698273, 89, 49, 40, 326.0478655640733, 50
1, 2032972, 1161322, 871650, 8716254.623626184, 35, 35, 0, 255.22992790977875, 35
51, 2033065, 1161365, 871700, 8716583.865906091, 93, 43, 50, 329.24227990714814, 44
1, 2033097, 1161397, 871700, 8716833.107329091, 32, 32, 0, 249.24142300054422, 32
1, 2033138, 1161438, 871700, 8717099.351282535, 41, 41, 0, 266.24395344352433, 41
1, 2033210, 1161480, 871730, 8717407.14634556, 72, 42, 30, 307.79506302439404, 43
1, 2033288, 1161518, 871770, 8717721.02913218, 78, 38, 40, 313.8827866200841, 39
51, 2033377, 1161557, 871820, 8718046.076997744, 89, 39, 50, 325.0478655640733, 40
1, 2033413, 1161593, 871820, 8718303.225972023, 36, 36, 0, 257.1489742783178, 36
1, 2033441, 1161621, 871820, 8718543.858635401, 28, 28, 0, 240.63266337912057, 28
1, 2033513, 1161663, 871850, 8718851.653698426, 72, 42, 30, 307.79506302439404, 43
51, 2033653, 1161713, 871940, 8719219.83276125, 140, 50, 90, 368.1790628250393, 52
1, 2033690, 1161750, 871940, 8719478.865332706, 37, 37, 0, 259.03257145596604, 37
1, 2033729, 1161789, 871940, 8719741.56527265, 39, 39, 0, 262.6999399439383, 39
51, 2033883, 1161823, 872060, 8720117.938939648, 154, 34, 120, 376.37366699756114, 37
1, 2033915, 1161855, 872060, 8720367.180362647, 32, 32, 0, 249.24142300054422, 32
1, 2033957, 1161897, 872060, 8720635.153352149, 42, 42, 0, 267.97298950218305, 42
1, 2034064, 1161934, 872130, 8720976.37549742, 107, 37, 70, 341.2221452697031, 39
51, 2034152, 1161972, 872180, 8721300.35692878, 88, 38, 50, 323.98143136087856, 39
1, 2034194, 1162014, 872180, 8721568.329918282, 42, 42, 0, 267.97298950218305, 42
1, 2034284, 1162064, 872220, 8721895.436947105, 90, 50, 40, 327.1070288241023, 51
51, 2034414, 1162114, 872300, 8722256.301784644, 130, 50, 80, 360.86483753851803, 52
1, 2034461, 1162161, 872300, 8722532.534834513, 47, 47, 0, 276.2330498695885, 47
1, 2034503, 1162203, 872300, 8722800.507824015, 42, 42, 0, 267.97298950218305, 42
1, 2034579, 1162249, 872330, 8723113.066996388, 76, 46, 30, 312.5591723737189, 47
51, 2034719, 1162299, 872420, 8723481.246059213, 140, 50, 90, 368.1790628250393, 52
1, 2034755, 1162335, 872420, 8723738.395033492, 36, 36, 0, 257.1489742783178, 36
1, 2034799, 1162379, 872420, 8724009.745991182, 44, 44, 0, 271.35095769013947, 44
1, 2034878, 1162418, 872460, 8724324.776741311, 79, 39, 40, 315.03075013013313, 40
51, 2034975, 1162465, 872510, 8724658.105640583, 97, 47, 50, 333.3288992714996, 48
1, 2035045, 1162505, 872540, 8724963.456401434, 70, 40, 30, 305.3507608519078, 41
1, 2035086, 1162546, 872540, 8725229.700354878, 41, 41, 0, 266.24395344352433, 41
1, 2035122, 1162582, 872540, 8725486.849329157, 36, 36, 0, 257.1489742783178, 36
51, 2035280, 1162620, 872660, 8725866.288538413, 158, 38, 120, 379.43920925585275, 41
1, 2035323, 1162663, 872660, 8726135.963498617, 43, 43, 0, 269.6749602031015, 43
1, 2035356, 1162696, 872660, 8726387.241671309, 33, 33, 0, 251.27817269284301, 33
51, 2035446, 1162736, 872710, 8726713.348700132, 90, 40, 50, 326.1070288241023, 41
1, 2035493, 1162783, 872710, 8726989.581750002, 47, 47, 0, 276.2330498695885, 47
1, 2035610, 1162830, 872780, 8727340.068566801, 117, 47, 70, 350.4868167986058, 49
1, 2035643, 1162863, 872780, 8727591.346739493, 33, 33, 0, 251.27817269284301, 33
1, 2035746, 1162896, 872850, 8727928.71998955, 103, 33, 70, 337.37325005549695, 35
51, 2035839, 1162939, 872900, 8728257.962269457, 93, 43, 50, 329.24227990714814, 44
1, 2035872, 1162972, 872900, 8728509.24044215, 33, 33, 0, 251.27817269284301, 33
1, 2035909, 1163009, 872900, 8728768.273013605, 37, 37, 0, 259.03257145596604, 37
51, 2036036, 1163046, 872990, 8729125.572695903, 127, 37, 90, 357.2996822992933, 39
1, 2036074, 1163084, 872990, 8729386.455075523, 38, 38, 0, 260.88237961983884, 38
1, 2036143, 1163123, 873020, 8729690.567217233, 69, 39, 30, 304.1121417102006, 40
1, 2036213, 1163153, 873060, 8729994.917978084, 70, 30, 40, 304.3507608519078, 31
51, 2036311, 1163201, 873110, 8730329.252606448, 98, 48, 50, 334.33462836457886, 49
1, 2036349, 1163239, 873110, 8730590.134986067, 38, 38, 0, 260.88237961983884, 38
1, 2036458, 1163278, 873180, 8730933.249617567, 109, 39, 70, 343.114631499574, 41
1, 2036504, 1163324, 873180, 8731207.87868628, 46, 46, 0, 274.6290687140218, 46
1, 2036541, 1163361, 873180, 8731466.911257736, 37, 37, 0, 259.03257145596604, 37
51, 2036672, 1163412, 873260, 8731828.623585952, 131, 51, 80, 361.7123282155055, 53
1, 2036744, 1163444, 873300, 8732135.418648977, 72, 32, 40, 306.79506302439404, 33
1, 2036787, 1163487, 873300, 8732405.09360918, 43, 43, 0, 269.6749602031015, 43
1, 2036820, 1163520, 873300, 8732656.371781873, 33, 33, 0, 251.27817269284301, 33
51, 2036911, 1163561, 873350, 8732983.530843811, 91, 41, 50, 327.1590619387661, 42
1, 2037016, 1163596, 873420, 8733322.839431105, 105, 35, 70, 339.30858729436795, 37
1, 2037060, 1163640, 873420, 8733594.190388795, 44, 44, 0, 271.35095769013947, 44
1, 2037117, 1163697, 873420, 8733885.3600093, 57, 57, 0, 291.1696205054472, 57
51, 2037250, 1163740, 873510, 8734247.756278342, 133, 43, 90, 362.3962690412072, 45
1, 2037287, 1163777, 873510, 8734506.788849797, 37, 37, 0, 259.03257145596604, 37
1, 2037325, 1163815, 873510, 8734767.671229417, 38, 38, 0, 260.88237961983884, 38
1, 2037403, 1163863, 873540, 8735082.554016037, 78, 48, 30, 314.8827866200841, 49
51, 2037489, 1163899, 873590, 8735404.380180685, 86, 36, 50, 321.82616464756694, 37
1, 2037567, 1163937, 873630, 8735718.262967305, 78, 38, 40, 313.8827866200841, 39
1, 2037636, 1163976, 873660, 8736022.375109015, 69, 39, 30, 304.1121417102006, 40
1, 2037675, 1164015, 873660, 8736285.075048959, 39, 39, 0, 262.6999399439383, 39
1, 2037760, 1164060, 873700, 8736606.81207663, 85, 45, 40, 321.73702767108114, 46
51, 2037847, 1164097, 873750, 8736929.719657628, 87, 37, 50, 322.9075809977351, 38
1, 2037926, 1164136, 873790, 8737244.750407757, 79, 39, 40, 315.03075013013313, 40
1, 2038000, 1164180, 873820, 8737554.947616525, 74, 44, 30, 310.1972087668518, 45
51, 2038086, 1164216, 873870, 8737876.773781173, 86, 36, 50, 321.82616464756694, 37
1, 2038131, 1164261, 873870, 8738149.775787584, 45, 45, 0, 273.00200641113514, 45
1, 2038175, 1164305, 873870, 8738421.126745274, 44, 44, 0, 271.35095769013947, 44
1, 2038246, 1164336, 873910, 8738726.705056094, 71, 31, 40, 305.57831081870995, 32
1, 2038313, 1164373, 873940, 8739028.305611352, 67, 37, 30, 301.6005552576305, 38
51, 2038400, 1164410, 873990, 8739351.21319235, 87, 37, 50, 322.9075809977351, 38
1, 2038478, 1164448, 874030, 8739665.09597897, 78, 38, 40, 313.8827866200841, 39
1, 2038524, 1164494, 874030, 8739939.725047683, 46, 46, 0, 274.6290687140218, 46
1, 2038588, 1164528, 874060, 8740237.467760159, 64, 34, 30, 297.742712474619, 35
1, 2038633, 1164573, 874060, 8740510.46976657, 45, 45, 0, 273.00200641113514, 45
51, 2038756, 1164616, 874140, 8740865.294337831, 123, 43, 80, 354.8245712617827, 45
1, 2038840, 1164660, 874180, 8741185.934348235, 84, 44, 40, 320.64001040350905, 45
1, 2038881, 1164701, 874180, 8741452.178301679, 41, 41, 0, 266.24395344352433, 41
51, 2038998, 1164738, 874260, 8741801.665118478, 117, 37, 80, 349.4868167986058, 39
1, 2039041, 1164781, 874260, 8742071.340078682, 43, 43, 0, 269.6749602031015, 43
1, 2039077, 1164817, 874260, 8742328.48905296, 36, 36, 0, 257.1489742783178, 36
1, 2039116, 1164856, 874260, 8742591.188992904, 39, 39, 0, 262.6999399439383, 39
51, 2039249, 1164899, 874350, 8742953.585261947, 133, 43, 90, 362.3962690412072, 45
1, 2039292, 1164942, 874350, 8743223.26022215, 43, 43, 0, 269.6749602031015, 43
1, 2039360, 1164980, 874380, 8743526.122393252, 68, 38, 30, 302.86217110259, 39
51, 2039442, 1165012, 874430, 8743843.544063095, 82, 32, 50, 317.42166984345636, 33
1, 2039553, 1165053, 874500, 8744188.530781135, 111, 41, 70, 344.9867180408456, 43
1, 2039591, 1165091, 874500, 8744449.413160754, 38, 38, 0, 260.88237961983884, 38
1, 2039633, 1165133, 874500, 8744717.386150256, 42, 42, 0, 267.97298950218305, 42
1, 2039672, 1165172, 874500, 8744980.0860902, 39, 39, 0, 262.6999399439383, 39
51, 2039764, 1165214, 874550, 8745308.290191667, 92, 42, 50, 328.20410146824725, 43
1, 2039856, 1165266, 874590, 8745637.494293135, 92, 52, 40, 329.20410146824725, 53
1, 2039930, 1165310, 874620, 8745947.691501902, 74, 44, 30, 310.1972087668518, 45
1, 2040008, 1165348, 874660, 8746261.574288523, 78, 38, 40, 313.8827866200841, 39
1, 2040052, 1165392, 874660, 8746532.925246213, 44, 44, 0, 271.35095769013947, 44
51, 2040142, 1165432, 874710, 8746859.032275036, 90, 40, 50, 326.1070288241023, 41
1, 2040223, 1165473, 874750, 8747176.332275037, 81, 41, 40, 317.3, 42
1, 2040285, 1165505, 874780, 8747471.438901367, 62, 32, 30, 295.1066263296683, 33
1, 2040320, 1165540, 874780, 8747726.668829277, 35, 35, 0, 255.22992790977875, 35
1, 2040359, 1165579, 874780, 8747989.368769221, 39, 39, 0, 262.6999399439383, 39
51, 2040454, 1165624, 874830, 8748320.667333357, 95, 45, 50, 331.2985641352145, 46
1, 2040526, 1165656, 874870, 8748627.462396381, 72, 32, 40, 306.79506302439404, 33
1, 2040557, 1165687, 874870, 8748874.623502558, 31, 31, 0, 247.1611061770567, 31
1, 2040631, 1165731, 874900, 8749184.820711326, 74, 44, 30, 310.1972087668518, 45
51, 2040711, 1165761, 874950, 8749499.99046757, 80, 30, 50, 315.1697562442441, 31
1, 2040750, 1165800, 874950, 8749762.690407515, 39, 39, 0, 262.6999399439383, 39
1, 2040827, 1165837, 874990, 8750075.41607128, 77, 37, 40, 312.72566376652986, 38
51, 2040924, 1165884, 875040, 8750408.744970553, 97, 47, 50, 333.3288992714996, 48
1, 2040972, 1165932, 875040, 8750686.559773143, 48, 48, 0, 277.8148025904985, 48
1, 2041048, 1165978, 875070, 8750999.118945517, 76, 46, 30, 312.5591723737189, 47
1, 2041091, 1166021, 875070, 8751268.79390572, 43, 43, 0, 269.6749602031015, 43
51, 2041227, 1166067, 875160, 8751633.689202756, 136, 46, 90, 364.89529703482884, 48
1, 2041290, 1166100, 875190, 8751930.120527482, 63, 33, 30, 296.43132472612575, 34
1, 2041330, 1166140, 875190, 8752194.607213419, 40, 40, 0, 264.4866859365871, 40
1, 2041377, 1166187, 875190, 8752470.840263288, 47, 47, 0, 276.2330498695885, 47
51, 2041492, 1166222, 875270, 8752818.51248035, 115, 35, 80, 347.6722170622053, 37
1, 2041574, 1166264, 875310, 8753136.934150193, 82, 42, 40, 318.42166984345636, 43
1, 2041612, 1166302, 875310, 8753397.816529812, 38, 38, 0, 260.88237961983884, 38
1, 2041649, 1166339, 875310, 8753656.849101268, 37, 37, 0, 259.03257145596604, 37
51, 2041764, 1166374, 875390, 8754004.52131833, 115, 35, 80, 347.6722170622053, 37
1, 2041848, 1166418, 875430, 8754325.161328733, 84, 44, 40, 320.64001040350905, 45
1, 2041888, 1166458, 875430, 8754589.64801467, 40, 40, 0, 264.4866859365871, 40
51, 2041976, 1166496, 875480, 8754913.629446032, 88, 38, 50, 323.98143136087856, 39
1, 2042050, 1166540, 875510, 8755223.8266548, 74, 44, 30, 310.1972087668518, 45
1, 2042094, 1166584, 875510, 8755495.17761249, 44, 44, 0, 271.35095769013947, 44
1, 2042169, 1166619, 875550, 8755805.560708128, 75, 35, 40, 310.38309563827124, 36
51, 2042264, 1166664, 875600, 8756136.859272264, 95, 45, 50, 331.2985641352145, 46
1, 2042305, 1166705, 875600, 8756403.103225708, 41, 41, 0, 266.24395344352433, 41
1, 2042376, 1166746, 875630, 8756709.681536527, 71, 41, 30, 306.57831081870995, 42
1, 2042462, 1166792, 875670, 8757032.507701175, 86, 46, 40, 322.82616464756694, 47
1, 2042501, 1166831, 875670, 8757295.20764112, 39, 39, 0, 262.6999399439383, 39
51, 2042635, 1166875, 875760, 8757658.440457039, 134, 44, 90, 363.23281591860336, 46
1, 2042673, 1166913, 875760, 8757919.322836658, 38, 38, 0, 260.88237961983884, 38
1, 2042713, 1166953, 875760, 8758183.809522595, 40, 40, 0, 264.4866859365871, 40
1, 2042780, 1166990, 875790, 8758485.410077853, 67, 37, 30, 301.6005552576305, 38
51, 2042914, 1167034, 875880, 8758848.642893773, 134, 44, 90, 363.23281591860336, 46
1, 2042938, 1167058, 875880, 8759079.779277712, 24, 24, 0, 231.13638394006432, 24
1, 2042985, 1167105, 875880, 8759356.012327582, 47, 47, 0, 276.2330498695885, 47
1, 2043019, 1167139, 875880, 8759609.285967859, 34, 34, 0, 253.2736402766418, 34
1, 2043060, 1167180, 875880, 8759875.529921303, 41, 41, 0, 266.24395344352433, 41
51, 2043229, 1167229, 876000, 8760263.185048848, 169, 49, 120, 387.65512754639894, 52
1, 2043271, 1167271, 876000, 8760531.15803835, 42, 42, 0, 267.97298950218305, 42
1, 2043311, 1167311, 876000, 8760795.644724287, 40, 40, 0, 264.4866859365871, 40
1, 2043385, 1167345, 876040, 8761104.841933055, 74, 34, 40, 309.1972087668518, 35
1, 2043433, 1167393, 876040, 8761382.656735646, 48, 48, 0, 277.8148025904985, 48
51, 2043563, 1167443, 876120, 8761743.521573184, 130, 50, 80, 360.86483753851803, 52
1, 2043605, 1167485, 876120, 8762011.494562685, 42, 42, 0, 267.97298950218305, 42
1, 2043685, 1167525, 876160, 8762327.66431893, 80, 40, 40, 316.1697562442441, 41
1, 2043729, 1167569, 876160, 8762599.01527662, 44, 44, 0, 271.35095769013947, 44
51, 2043843, 1167603, 876240, 8762945.773264311, 114, 34, 80, 346.75798769167545, 36
1, 2043881, 1167641, 876240, 8763206.65564393, 38, 38, 0, 260.88237961983884, 38
1, 2043929, 1167689, 876240, 8763484.470446521, 48, 48, 0, 277.8148025904985, 48
1, 2043961, 1167721, 876240, 8763733.711869521, 32, 32, 0, 249.24142300054422, 32
51, 2044087, 1167757, 876330, 8764090.148765404, 126, 36, 90, 356.43689588345075, 38
1, 2044155, 1167795, 876360, 8764393.010936506, 68, 38, 30, 302.86217110259, 39
1, 2044190, 1167830, 876360, 8764648.240864417, 35, 35, 0, 255.22992790977875, 35
1, 2044299, 1167869, 876430, 8764991.355495917, 109, 39, 70, 343.114631499574, 41
51, 2044386, 1167906, 876480, 8765314.263076914, 87, 37, 50, 322.9075809977351, 38
1, 2044428, 1167948, 876480, 8765582.236066416, 42, 42, 0, 267.97298950218305, 42
1, 2044495, 1167975, 876520, 8765882.836621674, 67, 27, 40, 300.6005552576305, 28
1, 2044541, 1168021, 876520, 8766157.465690387, 46, 46, 0, 274.6290687140218, 46
51, 2044656, 1168056, 876600, 8766505.13790745, 115, 35, 80, 347.6722170622053, 37
1, 2044744, 1168104, 876640, 8766830.11933881, 88, 48, 40, 324.98143136087856, 49
1, 2044807, 1168137, 876670, 8767126.550663536, 63, 33, 30, 296.43132472612575, 34
1, 2044843, 1168173, 876670, 8767383.699637815, 36, 36, 0, 257.1489742783178, 36
51, 2044972, 1168212, 876760, 8767742.713238306, 129, 39, 90, 359.01360049114555, 41
1, 2045016, 1168256, 876760, 8768014.064195996, 44, 44, 0, 271.35095769013947, 44
1, 2045056, 1168296, 876760, 8768278.550881933, 40, 40, 0, 264.4866859365871, 40
51, 2045150, 1168340, 876810, 8768608.824607782, 94, 44, 50, 330.273725847777, 45
1, 2045259, 1168379, 876880, 8768951.939239282, 109, 39, 70, 343.114631499574, 41
1, 2045294, 1168414, 876880, 8769207.169167193, 35, 35, 0, 255.22992790977875, 35
51, 2045383, 1168453, 876930, 8769532.217032757, 89, 39, 50, 325.0478655640733, 40
1, 2045451, 1168491, 876960, 8769835.079203859, 68, 38, 30, 302.86217110259, 39
1, 2045490, 1168530, 876960, 8770097.779143803, 39, 39, 0, 262.6999399439383, 39
1, 2045572, 1168572, 877000, 8770416.200813645, 82, 42, 40, 318.42166984345636, 43
1, 2045617, 1168617, 877000, 8770689.202820057, 45, 45, 0, 273.00200641113514, 45
51, 2045750, 1168660, 877090, 8771051.5990891, 133, 43, 90, 362.3962690412072, 45
1, 2045794, 1168704, 877090, 8771322.950046789, 44, 44, 0, 271.35095769013947, 44
1, 2045868, 1168748, 877120, 8771633.147255557, 74, 44, 30, 310.1972087668518, 45
1, 2045908, 1168788, 877120, 8771897.633941494, 40, 40, 0, 264.4866859365871, 40
51, 2046026, 1168816, 877210, 8772247.021266663, 118, 28, 90, 349.3873251689181, 30
1, 2046069, 1168859, 877210, 8772516.696226867, 43, 43, 0, 269.6749602031015, 43
1, 2046103, 1168893, 877210, 8772769.969867144, 34, 34, 0, 253.2736402766418, 34
1, 2046180, 1168940, 877240, 8773083.69553091, 77, 47, 30, 313.72566376652986, 48
1, 2046261, 1168981, 877280, 8773400.99553091, 81, 41, 40, 317.3, 42
51, 2046354, 1169024, 877330, 8773730.237810818, 93, 43, 50, 329.24227990714814, 44
1, 2046390, 1169060, 877330, 8773987.386785097, 36, 36, 0, 257.1489742783178, 36
1, 2046437, 1169107, 877330, 8774263.619834967, 47, 47, 0, 276.2330498695885, 47
51, 2046609, 1169159, 877450, 8774653.46451667, 172, 52, 120, 389.8446817033767, 55
1, 2046651, 1169201, 877450, 8774921.437506171, 42, 42, 0, 267.97298950218305, 42
1, 2046732, 1169242, 877490, 8775238.737506172, 81, 41, 40, 317.3, 42
51, 2046823, 1169283, 877540, 8775565.89656811, 91, 41, 50, 327.1590619387661, 42
1, 2046866, 1169326, 877540, 8775835.571528314, 43, 43, 0, 269.6749602031015, 43
1, 2046950, 1169380, 877570, 8776157.211538717, 84, 54, 30, 321.64001040350905, 55
1, 2046997, 1169427, 877570, 8776433.444588587, 47, 47, 0, 276.2330498695885, 47
1, 2047079, 1169469, 877610, 8776751.86625843, 82, 42, 40, 318.42166984345636, 43
51, 2047165, 1169505, 877660, 8777073.692423077, 86, 36, 50, 321.82616464756694, 37
1, 2047242, 1169552, 877690, 8777387.418086844, 77, 47, 30, 313.72566376652986, 48
1, 2047317, 1169587, 877730, 8777697.801182482, 75, 35, 40, 310.38309563827124, 36
1, 2047390, 1169630, 877760, 8778006.802461052, 73, 43, 30, 309.00127856917646, 44
51, 2047482, 1169672, 877810, 8778335.00656252, 92, 42, 50, 328.20410146824725, 43
1, 2047562, 1169712, 877850, 8778651.176318765, 80, 40, 40, 316.1697562442441, 41
1, 2047605, 1169755, 877850, 8778920.851278968, 43, 43, 0, 269.6749602031015, 43
1, 2047712, 1169792, 877920, 8779262.073424239, 107, 37, 70, 341.2221452697031, 39
51, 2047803, 1169833, 877970, 8779589.232486177, 91, 41, 50, 327.1590619387661, 42
1, 2047839, 1169869, 877970, 8779846.381460456, 36, 36, 0, 257.1489742783178, 36
1, 2047870, 1169900, 877970, 8780093.542566633, 31, 31, 0, 247.1611061770567, 31
51, 2047988, 1169938, 878050, 8780443.929891802, 118, 38, 80, 350.3873251689181, 40
1, 2048059, 1169969, 878090, 8780749.508202622, 71, 31, 40, 305.57831081870995, 32
1, 2048110, 1170020, 878090, 8781031.9427144, 51, 51, 0, 282.43451177837886, 51
1, 2048158, 1170068, 878090, 8781309.757516991, 48, 48, 0, 277.8148025904985, 48
51, 2048251, 1170111, 878140, 8781638.999796899, 93, 43, 50, 329.24227990714814, 44
1, 2048320, 1170150, 878170, 8781943.111938609, 69, 39, 30, 304.1121417102006, 40
1, 2048407, 1170197, 878210, 8782267.019519607, 87, 47, 40, 323.9075809977351, 48
1, 2048446, 1170236, 878210, 8782529.71945955, 39, 39, 0, 262.6999399439383, 39
51, 2048537, 1170277, 878260, 8782856.878521489, 91, 41, 50, 327.1590619387661, 42
1, 2048605, 1170315, 878290, 8783159.740692591, 68, 38, 30, 302.86217110259, 39
1, 2048647, 1170357, 878290, 8783427.713682093, 42, 42, 0, 267.97298950218305, 42
1, 2048688, 1170398, 878290, 8783693.957635537, 41, 41, 0, 266.24395344352433, 41
51, 2048817, 1170437, 878380, 8784052.971236028, 129, 39, 90, 359.01360049114555, 41
1, 2048890, 1170480, 878410, 8784361.972514598, 73, 43, 30, 309.00127856917646, 44
1, 2048922, 1170512, 878410, 8784611.213937597, 32, 32, 0, 249.24142300054422, 32
1, 2048956, 1170546, 878410, 8784864.487577874, 34, 34, 0, 253.2736402766418, 34
51, 2049053, 1170593, 878460, 8785197.816477146, 97, 47, 50, 333.3288992714996, 48
1, 2049158, 1170628, 878530, 8785537.12506444, 105, 35, 70, 339.30858729436795, 37
1, 2049201, 1170671, 878530, 8785806.800024644, 43, 43, 0, 269.6749602031015, 43
1, 2049263, 1170703, 878560, 8786101.906650973, 62, 32, 30, 295.1066263296683, 33
51, 2049399, 1170749, 878650, 8786466.801948009, 136, 46, 90, 364.89529703482884, 48
1, 2049437, 1170787, 878650, 8786727.684327628, 38, 38, 0, 260.88237961983884, 38
1, 2049472, 1170822, 878650, 8786982.914255539, 35, 35, 0, 255.22992790977875, 35
1, 2049512, 1170862, 878650, 8787247.400941476, 40, 40, 0, 264.4866859365871, 40
51, 2049654, 1170914, 878740, 8787617.201974032, 142, 52, 90, 369.8010325565812, 54
1, 2049729, 1170959, 878770, 8787928.585069671, 75, 45, 30, 311.38309563827124, 46
1, 2049803, 1170993, 878810, 8788237.782278439, 74, 34, 40, 309.1972087668518, 35
1, 2049831, 1171021, 878810, 8788478.414941818, 28, 28, 0, 240.63266337912057, 28
51, 2049919, 1171059, 878860, 8788802.396373179, 88, 38, 50, 323.98143136087856, 39
1, 2049987, 1171097, 878890, 8789105.258544281, 68, 38, 30, 302.86217110259, 39
1, 2050035, 1171145, 878890, 8789383.073346872, 48, 48, 0, 277.8148025904985, 48
1, 2050118, 1171188, 878930, 8789702.608294802, 83, 43, 40, 319.5349479292333, 44
51, 2050206, 1171226, 878980, 8790026.589726163, 88, 38, 50, 323.98143136087856, 39
1, 2050279, 1171269, 879010, 8790335.591004733, 73, 43, 30, 309.00127856917646, 44
1, 2050319, 1171309, 879010, 8790600.07769067, 40, 40, 0, 264.4866859365871, 40
1, 2050392, 1171342, 879050, 8790908.07896924, 73, 33, 40, 308.00127856917646, 34
51, 2050491, 1171391, 879100, 8791243.413183793, 99, 49, 50, 335.33421455299043, 50
1, 2050532, 1171432, 879100, 8791509.657137237, 41, 41, 0, 266.24395344352433, 41
1, 2050569, 1171469, 879100, 8791768.689708693, 37, 37, 0, 259.03257145596604, 37
1, 2050642, 1171512, 879130, 8792077.690987263, 73, 43, 30, 309.00127856917646, 44
51, 2050776, 1171556, 879220, 8792440.923803182, 134, 44, 90, 363.23281591860336, 46
1, 2050844, 1171594, 879250, 8792743.785974285, 68, 38, 30, 302.86217110259, 39
1, 2050885, 1171635, 879250, 8793010.029927729, 41, 41, 0, 266.24395344352433, 41
1, 2050928, 1171678, 879250, 8793279.704887932, 43, 43, 0, 269.6749602031015, 43
51, 2051081, 1171711, 879370, 8793655.305284249, 153, 33, 120, 375.6003963155711, 36
1, 2051120, 1171750, 879370, 8793918.005224193, 39, 39, 0, 262.6999399439383, 39
1, 2051160, 1171790, 879370, 8794182.49191013, 40, 40, 0, 264.4866859365871, 40
1, 2051202, 1171832, 879370, 8794450.464899631, 42, 42, 0, 267.97298950218305, 42
51, 2051325, 1171875, 879450, 8794805.289470892, 123, 43, 80, 354.8245712617827, 45
1, 2051391, 1171901, 879490, 8795104.61645917, 66, 26, 40, 299.32698827717985, 27
1, 2051427, 1171937, 879490, 8795361.76543345, 36, 36, 0, 257.1489742783178, 36
1, 2051502, 1171972, 879530, 8795672.148529088, 75, 35, 40, 310.38309563827124, 36
51, 2051582, 1172002, 879580, 8795987.318285333, 80, 30, 50, 315.1697562442441, 31
1, 2051659, 1172049, 879610, 8796301.0439491, 77, 47, 30, 313.72566376652986, 48
1, 2051709, 1172099, 879610, 8796581.958743947, 50, 50, 0, 280.9147948472494, 50
1, 2051796, 1172156, 879640, 8796906.866324944, 87, 57, 30, 324.9075809977351, 58
1, 2051865, 1172185, 879680, 8797209.978466654, 69, 29, 40, 303.1121417102006, 30
51, 2051958, 1172228, 879730, 8797539.220746562, 93, 43, 50, 329.24227990714814, 44
1, 2052026, 1172266, 879760, 8797842.082917664, 68, 38, 30, 302.86217110259, 39
1, 2052101, 1172301, 879800, 8798152.466013303, 75, 35, 40, 310.38309563827124, 36
1, 2052142, 1172342, 879800, 8798418.709966747, 41, 41, 0, 266.24395344352433, 41
51, 2052259, 1172379, 879880, 8798768.196783546, 117, 37, 80, 349.4868167986058, 39
1, 2052304, 1172424, 879880, 8799041.198789958, 45, 45, 0, 273.00200641113514, 45
1, 2052388, 1172468, 879920, 8799361.838800361, 84, 44, 40, 320.64001040350905, 45
1, 2052431, 1172511, 879920, 8799631.513760565, 43, 43, 0, 269.6749602031015, 43
51, 2052524, 1172554, 879970, 8799960.756040473, 93, 43, 50, 329.24227990714814, 44
1, 2052589, 1172589, 880000, 8800259.797191916, 65, 35, 30, 299.04115144336777, 36
1, 2052666, 1172626, 880040, 8800572.522855682, 77, 37, 40, 312.72566376652986, 38
1, 2052707, 1172667, 880040, 8800838.766809126, 41, 41, 0, 266.24395344352433, 41
51, 2052827, 1172707, 880120, 8801190.941901091, 120, 40, 80, 352.1750919646873, 42
1, 2052919, 1172759, 880160, 8801520.146002559, 92, 52, 40, 329.20410146824725, 53
1, 2052955, 1172795, 880160, 8801777.294976838, 36, 36, 0, 257.1489742783178, 36
1, 2052987, 1172827, 880160, 8802026.536399838, 32, 32, 0, 249.24142300054422, 32
51, 2053114, 1172864, 880250, 8802383.836082136, 127, 37, 90, 357.2996822992933, 39
1, 2053184, 1172904, 880280, 8802689.186842987, 70, 40, 30, 305.3507608519078, 41
1, 2053224, 1172944, 880280, 8802953.673528925, 40, 40, 0, 264.4866859365871, 40
1, 2053283, 1172973, 880310, 8803244.722329171, 59, 29, 30, 291.0488002476036, 30
1, 2053315, 1173005, 880310, 8803493.963752171, 32, 32, 0, 249.24142300054422, 32
51, 2053434, 1173044, 880390, 8803845.247147374, 119, 39, 80, 351.28339520229764, 41
1, 2053512, 1173082, 880430, 8804159.129933994, 78, 38, 40, 313.8827866200841, 39
1, 2053551, 1173121, 880430, 8804421.829873938, 39, 39, 0, 262.6999399439383, 39
1, 2053594, 1173164, 880430, 8804691.504834142, 43, 43, 0, 269.6749602031015, 43
1, 2053627, 1173197, 880430, 8804942.783006834, 33, 33, 0, 251.27817269284301, 33
51, 2053716, 1173236, 880480, 8805267.830872398, 89, 39, 50, 325.0478655640733, 40
1, 2053779, 1173269, 880510, 8805564.262197124, 63, 33, 30, 296.43132472612575, 34
1, 2053855, 1173305, 880550, 8805875.821369497, 76, 36, 40, 311.5591723737189, 37
51, 2053943, 1173343, 880600, 8806199.802800858, 88, 38, 50, 323.98143136087856, 39
1, 2054016, 1173386, 880630, 8806508.804079428, 73, 43, 30, 309.00127856917646, 44
1, 2054056, 1173426, 880630, 8806773.290765366, 40, 40, 0, 264.4866859365871, 40
1, 2054132, 1173462, 880670, 8807084.849937739, 76, 36, 40, 311.5591723737189, 37
51, 2054209, 1173489, 880720, 8807396.575601505, 77, 27, 50, 311.72566376652986, 28
1, 2054285, 1173535, 880750, 8807709.134773878, 76, 46, 30, 312.5591723737189, 47
1, 2054327, 1173577, 880750, 8807977.10776338, 42, 42, 0, 267.97298950218305, 42
1, 2054368, 1173618, 880750, 8808243.351716824, 41, 41, 0, 266.24395344352433, 41
51, 2054466, 1173666, 880800, 8808577.686345188, 98, 48, 50, 334.33462836457886, 49
1, 2054539, 1173699, 880840, 8808885.687623758, 73, 33, 40, 308.00127856917646, 34
1, 2054600, 1173730, 880870, 8809179.455863025, 61, 31, 30, 293.7682392671241, 32
1, 2054647, 1173777, 880870, 8809455.688912895, 47, 47, 0, 276.2330498695885, 47
1, 2054691, 1173821, 880870, 8809727.039870584, 44, 44, 0, 271.35095769013947, 44
51, 2054822, 1173862, 880960, 8810087.7521988, 131, 41, 90, 360.7123282155055, 43
1, 2054888, 1173898, 880990, 8810388.079187078, 66, 36, 30, 300.32698827717985, 37
1, 2054923, 1173933, 880990, 8810643.309114989, 35, 35, 0, 255.22992790977875, 35
51, 2055010, 1173970, 881040, 8810966.216695987, 87, 37, 50, 322.9075809977351, 38
1, 2055099, 1174019, 881080, 8811292.26456155, 89, 49, 40, 326.0478655640733, 50
1, 2055137, 1174057, 881080, 8811553.14694117, 38, 38, 0, 260.88237961983884, 38
51, 2055258, 1174098, 881160, 8811906.209420206, 121, 41, 80, 353.06247903554, 43
1, 2055334, 1174134, 881200, 8812217.76859258, 76, 36, 40, 311.5591723737189, 37
1, 2055373, 1174173, 881200, 8812480.468532523, 39, 39, 0, 262.6999399439383, 39
51, 2055511, 1174221, 881290, 8812847.012462076, 138, 48, 90, 366.54392955194305, 50
1, 2055546, 1174256, 881290, 8813102.242389986, 35, 35, 0, 255.22992790977875, 35
1, 2055627, 1174307, 881320, 8813420.542389987, 81, 51, 30, 318.3, 52
1, 2055670, 1174350, 881320, 8813690.21735019, 43, 43, 0, 269.6749602031015, 43
51, 2055808, 1174398, 881410, 8814056.761279743, 138, 48, 90, 366.54392955194305, 50
1, 2055881, 1174441, 881440, 8814365.762558313, 73, 43, 30, 309.00127856917646, 44
1, 2055955, 1174475, 881480, 8814674.95976708, 74, 34, 40, 309.1972087668518, 35
1, 2055998, 1174518, 881480, 8814944.634727284, 43, 43, 0, 269.6749602031015, 43
1, 2056041, 1174561, 881480, 8815214.309687488, 43, 43, 0, 269.6749602031015, 43
51, 2056165, 1174595, 881570, 8815569.009084037, 124, 34, 90, 354.6993965481514, 36
1, 2056205, 1174635, 881570, 8815833.495769974, 40, 40, 0, 264.4866859365871, 40
1, 2056273, 1174673, 881600, 8816136.357941076, 68, 38, 30, 302.86217110259, 39
1, 2056345, 1174705, 881640, 8816443.1530041, 72, 32, 40, 306.79506302439404, 33
51, 2056437, 1174747, 881690, 8816771.357105568, 92, 42, 50, 328.20410146824725, 43
1, 2056485, 1174795, 881690, 8817049.171908159, 48, 48, 0, 277.8148025904985, 48
1, 2056522, 1174832, 881690, 8817308.204479614, 37, 37, 0, 259.03257145596604, 37
1, 2056560, 1174870, 881690, 8817569.086859234, 38, 38, 0, 260.88237961983884, 38
1, 2056667, 1174907, 881760, 8817910.309004504, 107, 37, 70, 341.2221452697031, 39
51, 2056757, 1174947, 881810, 8818236.416033328, 90, 40, 50, 326.1070288241023, 41
1, 2056799, 1174989, 881810, 8818504.389022829, 42, 42, 0, 267.97298950218305, 42
1, 2056874, 1175034, 881840, 8818815.772118468, 75, 45, 30, 311.38309563827124, 46
51, 2056965, 1175075, 881890, 8819142.931180406, 91, 41, 50, 327.1590619387661, 42
1, 2057084, 1175124, 881960, 8819495.21457561, 119, 49, 70, 352.28339520229764, 51
1, 2057122, 1175162, 881960, 8819756.096955229, 38, 38, 0, 260.88237961983884, 38
1, 2057187, 1175197, 881990, 8820055.138106672, 65, 35, 30, 299.04115144336777, 36
51, 2057268, 1175228, 882040, 8820371.438106673, 81, 31, 50, 316.3, 32
1, 2057312, 1175272, 882040, 8820642.789064363, 44, 44, 0, 271.35095769013947, 44
1, 2057352, 1175312, 882040, 8820907.2757503, 40, 40, 0, 264.4866859365871, 40
1, 2057430, 1175350, 882080, 8821221.15853692, 78, 38, 40, 313.8827866200841, 39
1, 2057500, 1175390, 882110, 8821526.509297771, 70, 40, 30, 305.3507608519078, 41
51, 2057589, 1175429, 882160, 8821851.557163335, 89, 39, 50, 325.0478655640733, 40
1, 2057664, 1175474, 882190, 8822162.940258974, 75, 45, 30, 311.38309563827124, 46
1, 2057746, 1175516, 882230, 8822481.361928817, 82, 42, 40, 318.42166984345636, 43
1, 2057825, 1175565, 882260, 8822797.392678946, 79, 49, 30, 316.03075013013313, 50
51, 2057915, 1175605, 882310, 8823123.49970777, 90, 40, 50, 326.1070288241023, 41
1, 2057953, 1175643, 882310, 8823384.382087389, 38, 38, 0, 260.88237961983884, 38
1, 2058059, 1175679, 882380, 8823724.650130998, 106, 36, 70, 340.2680436096278, 38
1, 2058094, 1175714, 882380, 8823979.880058909, 35, 35, 0, 255.22992790977875, 35
1, 2058128, 1175748, 882380, 8824233.153699186, 34, 34, 0, 253.2736402766418, 34
51, 2058252, 1175782, 882470, 8824587.853095734, 124, 34, 90, 354.6993965481514, 36
1, 2058292, 1175822, 882470, 8824852.339781672, 40, 40, 0, 264.4866859365871, 40
1, 2058406, 1175866, 882540, 8825200.097769363, 114, 44, 70, 347.75798769167545, 46
1, 2058433, 1175893, 882540, 8825438.44847506, 27, 27, 0, 238.35070569547776, 27
1, 2058537, 1175927, 882610, 8825776.792161817, 104, 34, 70, 338.343686757474, 36
51, 2058627, 1175967, 882660, 8826102.89919064, 90, 40, 50, 326.1070288241023, 41
1, 2058669, 1176009, 882660, 8826370.872180142, 42, 42, 0, 267.97298950218305, 42
1, 2058784, 1176054, 882730, 8826719.544397203, 115, 45, 70, 348.6722170622053, 47
51, 2058876, 1176096, 882780, 8827047.74849867, 92, 42, 50, 328.20410146824725, 43
1, 2058910, 1176130, 882780, 8827301.022138948, 34, 34, 0, 253.2736402766418, 34
1, 2058987, 1176167, 882820, 8827613.747802714, 77, 37, 40, 312.72566376652986, 38
1, 2059070, 1176220, 882850, 8827934.282750644, 83, 53, 30, 320.5349479292333, 54
51, 2059161, 1176261, 882900, 8828261.441812582, 91, 41, 50, 327.1590619387661, 42
1, 2059195, 1176295, 882900, 8828514.71545286, 34, 34, 0, 253.2736402766418, 34
1, 2059225, 1176325, 882900, 8828759.750184791, 30, 30, 0, 245.0347319320716, 30
51, 2059356, 1176366, 882990, 8829120.462513007, 131, 41, 90, 360.7123282155055, 43
1, 2059429, 1176409, 883020, 8829429.463791577, 73, 43, 30, 309.00127856917646, 44
1, 2059472, 1176452, 883020, 8829699.13875178, 43, 43, 0, 269.6749602031015, 43
1, 2059510, 1176490, 883020, 8829960.0211314, 38, 38, 0, 260.88237961983884, 38
51, 2059602, 1176532, 883070, 8830288.225232868, 92, 42, 50, 328.20410146824725, 43
1, 2059675, 1176575, 883100, 8830597.226511437, 73, 43, 30, 309.00127856917646, 44
1, 2059752, 1176612, 883140, 8830909.952175204, 77, 37, 40, 312.72566376652986, 38
1, 2059820, 1176650, 883170, 8831212.814346306, 68, 38, 30, 302.86217110259, 39
51, 2059951, 1176691, 883260, 8831573.526674522, 131, 41, 90, 360.7123282155055, 43
1, 2059993, 1176733, 883260, 8831841.499664024, 42, 42, 0, 267.97298950218305, 42
1, 2060028, 1176768, 883260, 8832096.729591934, 35, 35, 0, 255.22992790977875, 35
1, 2060091, 1176801, 883290, 8832393.16091666, 63, 33, 30, 296.43132472612575, 34
51, 2060224, 1176844, 883380, 8832755.557185702, 133, 43, 90, 362.3962690412072, 45
1, 2060292, 1176882, 883410, 8833058.419356804, 68, 38, 30, 302.86217110259, 39
1, 2060335, 1176925, 883410, 8833328.094317008, 43, 43, 0, 269.6749602031015, 43
51, 2060421, 1176961, 883460, 8833649.920481656, 86, 36, 50, 321.82616464756694, 37
1, 2060455, 1176995, 883460, 8833903.194121933, 34, 34, 0, 253.2736402766418, 34
1, 2060535, 1177035, 883500, 8834219.363878177, 80, 40, 40, 316.1697562442441, 41
1, 2060602, 1177072, 883530, 8834520.964433435, 67, 37, 30, 301.6005552576305, 38
1, 2060656, 1177126, 883530, 8834807.84503452, 54, 54, 0, 286.88060108295343, 54
51, 2060775, 1177165, 883610, 8835159.128429722, 119, 39, 80, 351.28339520229764, 41
1, 2060853, 1177203, 883650, 8835473.011216342, 78, 38, 40, 313.8827866200841, 39
1, 2060891, 1177241, 883650, 8835733.893595962, 38, 38, 0, 260.88237961983884, 38
51, 2061017, 1177287, 883730, 8836091.330491845, 126, 46, 80, 357.43689588345075, 48
1, 2061098, 1177328, 883770, 8836408.630491845, 81, 41, 40, 317.3, 42
1, 2061143, 1177373, 883770, 8836681.632498257, 45, 45, 0, 273.00200641113514, 45
1, 2061186, 1177416, 883770, 8836951.30745846, 43, 43, 0, 269.6749602031015, 43
51, 2061283, 1177463, 883820, 8837284.636357732, 97, 47, 50, 333.3288992714996, 48
1, 2061332, 1177512, 883820, 8837564.011488838, 49, 49, 0, 279.3751311064591, 49
1, 2061437, 1177547, 883890, 8837903.320076132, 105, 35, 70, 339.30858729436795, 37
1, 2061478, 1177588, 883890, 8838169.564029576, 41, 41, 0, 266.24395344352433, 41
51, 2061597, 1177627, 883970, 8838520.84742478, 119, 39, 80, 351.28339520229764, 41
1, 2061630, 1177660, 883970, 8838772.125597471, 33, 33, 0, 251.27817269284301, 33
1, 2061672, 1177702, 883970, 8839040.098586973, 42, 42, 0, 267.97298950218305, 42
1, 2061783, 1177743, 884040, 8839385.085305013, 111, 41, 70, 344.9867180408456, 43
51, 2061867, 1177777, 884090, 8839704.725315416, 84, 34, 50, 319.64001040350905, 35
1, 2061941, 1177821, 884120, 8840014.922524184, 74, 44, 30, 310.1972087668518, 45
1, 2061978, 1177858, 884120, 8840273.95509564, 37, 37, 0, 259.03257145596604, 37
1, 2062008, 1177888, 884120, 8840518.989827571, 30, 30, 0, 245.0347319320716, 30
51, 2062164, 1177924, 884240, 8840896.901711876, 156, 36, 120, 377.9118843049396, 39
1, 2062205, 1177965, 884240, 8841163.14566532, 41, 41, 0, 266.24395344352433, 41
1, 2062288, 1178008, 884280, 8841482.68061325, 83, 43, 40, 319.5349479292333, 44
1, 2062325, 1178045, 884280, 8841741.713184705, 37, 37, 0, 259.03257145596604, 37
1, 2062363, 1178083, 884280, 8842002.595564324, 38, 38, 0, 260.88237961983884, 38
51, 2062530, 1178130, 884400, 8842388.77919376, 167, 47, 120, 386.1836294370035, 50
1, 2062565, 1178165, 884400, 8842644.009121671, 35, 35, 0, 255.22992790977875, 35
1, 2062604, 1178204, 884400, 8842906.709061615, 39, 39, 0, 262.6999399439383, 39
1, 2062640, 1178240, 884400, 8843163.858035894, 36, 36, 0, 257.1489742783178, 36
51, 2062800, 1178280, 884520, 8843544.813917901, 160, 40, 120, 380.95588200778457, 43
1, 2062841, 1178321, 884520, 8843811.057871345, 41, 41, 0, 266.24395344352433, 41
1, 2062875, 1178355, 884520, 8844064.331511622, 34, 34, 0, 253.2736402766418, 34
51, 2062967, 1178397, 884570, 8844392.53561309, 92, 42, 50, 328.20410146824725, 43
1, 2063035, 1178435, 884600, 8844695.397784192, 68, 38, 30, 302.86217110259, 39
1, 2063117, 1178477, 884640, 8845013.819454035, 82, 42, 40, 318.42166984345636, 43
1, 2063159, 1178519, 884640, 8845281.792443536, 42, 42, 0, 267.97298950218305, 42
51, 2063281, 1178561, 884720, 8845635.73806209, 122, 42, 80, 353.9456185537469, 44
1, 2063316, 1178596, 884720, 8845890.96799, 35, 35, 0, 255.22992790977875, 35
1, 2063424, 1178634, 884790, 8846233.138969546, 108, 38, 70, 342.1709795470626, 40
1, 2063469, 1178679, 884790, 8846506.140975958, 45, 45, 0, 273.00200641113514, 45
1, 2063518, 1178728, 884790, 8846785.516107064, 49, 49, 0, 279.3751311064591, 49
51, 2063638, 1178758, 884880, 8847136.691199029, 120, 30, 90, 351.1750919646873, 32
1, 2063673, 1178793, 884880, 8847391.92112694, 35, 35, 0, 255.22992790977875, 35
1, 2063745, 1178835, 884910, 8847699.716189964, 72, 42, 30, 307.79506302439404, 43
1, 2063827, 1178877, 884950, 8848018.137859806, 82, 42, 40, 318.42166984345636, 43
51, 2063913, 1178913, 885000, 8848339.964024454, 86, 36, 50, 321.82616464756694, 37
1, 2063992, 1178952, 885040, 8848654.994774584, 79, 39, 40, 315.03075013013313, 40
1, 2064028, 1178988, 885040, 8848912.143748863, 36, 36, 0, 257.1489742783178, 36
1, 2064100, 1179030, 885070, 8849219.938811887, 72, 42, 30, 307.79506302439404, 43
51, 2064194, 1179074, 885120, 8849550.212537736, 94, 44, 50, 330.273725847777, 45
1, 2064273, 1179113, 885160, 8849865.243287865, 79, 39, 40, 315.03075013013313, 40
1, 2064342, 1179152, 885190, 8850169.355429575, 69, 39, 30, 304.1121417102006, 40
1, 2064381, 1179191, 885190, 8850432.055369519, 39, 39, 0, 262.6999399439383, 39
1, 2064490, 1179230, 885260, 8850775.170001019, 109, 39, 70, 343.114631499574, 41
51, 2064576, 1179266, 885310, 8851096.996165667, 86, 36, 50, 321.82616464756694, 37
1, 2064620, 1179310, 885310, 8851368.347123357, 44, 44, 0, 271.35095769013947, 44
1, 2064666, 1179356, 885310, 8851642.97619207, 46, 46, 0, 274.6290687140218, 46
1, 2064747, 1179397, 885350, 8851960.27619207, 81, 41, 40, 317.3, 42
1, 2064809, 1179429, 885380, 8852255.3828184, 62, 32, 30, 295.1066263296683, 33
51, 2064898, 1179468, 885430, 8852580.430683965, 89, 39, 50, 325.0478655640733, 40
1, 2064945, 1179515, 885430, 8852856.663733834, 47, 47, 0, 276.2330498695885, 47
1, 2065029, 1179559, 885470, 8853177.303744238, 84, 44, 40, 320.64001040350905, 45
1, 2065099, 1179599, 885500, 8853482.654505089, 70, 40, 30, 305.3507608519078, 41
1, 2065136, 1179636, 885500, 8853741.687076544, 37, 37, 0, 259.03257145596604, 37
51, 2065256, 1179666, 885590, 8854092.86216851, 120, 30, 90, 351.1750919646873, 32
1, 2065298, 1179708, 885590, 8854360.835158011, 42, 42, 0, 267.97298950218305, 42
1, 2065369, 1179749, 885620, 8854667.41346883, 71, 41, 30, 306.57831081870995, 42
1, 2065418, 1179798, 885620, 8854946.788599936, 49, 49, 0, 279.3751311064591, 49
51, 2065505, 1179835, 885670, 8855269.696180934, 87, 37, 50, 322.9075809977351, 38
1, 2065583, 1179873, 885710, 8855583.578967554, 78, 38, 40, 313.8827866200841, 39
1, 2065651, 1179911, 885740, 8855886.441138657, 68, 38, 30, 302.86217110259, 39
1, 2065693, 1179953, 885740, 8856154.414128158, 42, 42, 0, 267.97298950218305, 42
1, 2065760, 1179990, 885770, 8856456.014683416, 67, 37, 30, 301.6005552576305, 38
51, 2065852, 1180032, 885820, 8856784.218784884, 92, 42, 50, 328.20410146824725, 43
1, 2065954, 1180064, 885890, 8857120.615967665, 102, 32, 70, 336.39718278112656, 34
1, 2065997, 1180107, 885890, 8857390.290927868, 43, 43, 0, 269.6749602031015, 43
51, 2066108, 1180138, 885970, 8857734.277645908, 111, 31, 80, 343.9867180408456, 33
1, 2066140, 1180170, 885970, 8857983.519068908, 32, 32, 0, 249.24142300054422, 32
1, 2066183, 1180213, 885970, 8858253.194029111, 43, 43, 0, 269.6749602031015, 43
1, 2066263, 1180253, 886010, 8858569.363785356, 80, 40, 40, 316.1697562442441, 41
51, 2066353, 1180293, 886060, 8858895.47081418, 90, 40, 50, 326.1070288241023, 41
1, 2066395, 1180335, 886060, 8859163.443803681, 42, 42, 0, 267.97298950218305, 42
1, 2066465, 1180375, 886090, 8859468.794564532, 70, 40, 30, 305.3507608519078, 41
1, 2066548, 1180418, 886130, 8859788.329512462, 83, 43, 40, 319.5349479292333, 44
1, 2066592, 1180462, 886130, 8860059.680470152, 44, 44, 0, 271.35095769013947, 44
51, 2066695, 1180515, 886180, 8860398.953720206, 103, 53, 50, 339.27325005549693, 54
1, 2066736, 1180556, 886180, 8860665.19767365, 41, 41, 0, 266.24395344352433, 41
1, 2066790, 1180610, 886180, 8860952.078274734, 54, 54, 0, 286.88060108295343, 54
51, 2066961, 1180661, 886300, 8861341.19543183, 171, 51, 120, 389.11715709603743, 54
1, 2066997, 1180697, 886300, 8861598.34440611, 36, 36, 0, 257.1489742783178, 36
1, 2067035, 1180735, 886300, 8861859.226785729, 38, 38, 0, 260.88237961983884, 38
1, 2067084, 1180784, 886300, 8862138.601916835, 49, 49, 0, 279.3751311064591, 49
51, 2067170, 1180820, 886350, 8862460.428081483, 86, 36, 50, 321.82616464756694, 37
1, 2067237, 1180857, 886380, 8862762.02863674, 67, 37, 30, 301.6005552576305, 38
1, 2067319, 1180899, 886420, 8863080.450306583, 82, 42, 40, 318.42166984345636, 43
1, 2067365, 1180945, 886420, 8863355.079375297, 46, 46, 0, 274.6290687140218, 46
51, 2067445, 1180975, 886470, 8863670.249131542, 80, 30, 50, 315.1697562442441, 31
1, 2067526, 1181016, 886510, 8863987.549131542, 81, 41, 40, 317.3, 42
1, 2067602, 1181062, 886540, 8864300.108303916, 76, 46, 30, 312.5591723737189, 47
51, 2067694, 1181104, 886590, 8864628.312405383, 92, 42, 50, 328.20410146824725, 43
1, 2067772, 1181142, 886630, 8864942.195192004, 78, 38, 40, 313.8827866200841, 39
1, 2067819, 1181189, 886630, 8865218.428241873, 47, 47, 0, 276.2330498695885, 47
1, 2067903, 1181233, 886670, 8865539.068252277, 84, 44, 40, 320.64001040350905, 45
51, 2068026, 1181276, 886750, 8865893.892823538, 123, 43, 80, 354.8245712617827, 45
1, 2068074, 1181324, 886750, 8866171.707626129, 48, 48, 0, 277.8148025904985, 48
1, 2068113, 1181363, 886750, 8866434.407566072, 39, 39, 0, 262.6999399439383, 39
1, 2068154, 1181404, 886750, 8866700.651519516, 41, 41, 0, 266.24395344352433, 41
1, 2068269, 1181449, 886820, 8867049.323736578, 115, 45, 70, 348.6722170622053, 47
51, 2068374, 1181504, 886870, 8867390.532323873, 105, 55, 50, 341.208587294368, 56
1, 2068403, 1181533, 886870, 8867633.391902583, 29, 29, 0, 242.8595787106084, 29
1, 2068482, 1181582, 886900, 8867949.422652712, 79, 49, 30, 316.03075013013313, 50
1, 2068528, 1181628, 886900, 8868224.051721426, 46, 46, 0, 274.6290687140218, 46
51, 2068641, 1181661, 886980, 8868569.890765294, 113, 33, 80, 345.83904386951343, 35
1, 2068729, 1181709, 887020, 8868894.872196656, 88, 48, 40, 324.98143136087856, 49
1, 2068762, 1181742, 887020, 8869146.150369348, 33, 33, 0, 251.27817269284301, 33
1, 2068839, 1181789, 887050, 8869459.876033114, 77, 47, 30, 313.72566376652986, 48
1, 2068915, 1181825, 887090, 8869771.435205488, 76, 36, 40, 311.5591723737189, 37
51, 2069009, 1181869, 887140, 8870101.708931336, 94, 44, 50, 330.273725847777, 45
1, 2069082, 1181912, 887170, 8870410.710209906, 73, 43, 30, 309.00127856917646, 44
1, 2069118, 1181948, 887170, 8870667.859184185, 36, 36, 0, 257.1489742783178, 36
1, 2069178, 1181978, 887200, 8870960.274952557, 60, 30, 30, 292.41576837137404, 31
1, 2069254, 1182014, 887240, 8871271.83412493, 76, 36, 40, 311.5591723737189, 37
51, 2069371, 1182051, 887320, 8871621.32094173, 117, 37, 80, 349.4868167986058, 39
1, 2069452, 1182092, 887360, 8871938.62094173, 81, 41, 40, 317.3, 42
1, 2069501, 1182141, 887360, 8872217.996072836, 49, 49, 0, 279.3751311064591, 49
1, 2069577, 1182177, 887400, 8872529.55524521, 76, 36, 40, 311.5591723737189, 37
1, 2069612, 1182212, 887400, 8872784.78517312, 35, 35, 0, 255.22992790977875, 35
51, 2069735, 1182255, 887480, 8873139.609744381, 123, 43, 80, 354.8245712617827, 45
1, 2069777, 1182297, 887480, 8873407.582733883, 42, 42, 0, 267.97298950218305, 42
1, 2069884, 1182334, 887550, 8873748.804879153, 107, 37, 70, 341.2221452697031, 39
51, 2069980, 1182380, 887600, 8874081.121795168, 96, 46, 50, 332.31691601465747, 47
1, 2070021, 1182421, 887600, 8874347.365748612, 41, 41, 0, 266.24395344352433, 41
1, 2070064, 1182464, 887600, 8874617.040708816, 43, 43, 0, 269.6749602031015, 43
1, 2070134, 1182504, 887630, 8874922.391469667, 70, 40, 30, 305.3507608519078, 41
51, 2070253, 1182533, 887720, 8875272.67486487, 119, 29, 90, 350.28339520229764, 31
1, 2070293, 1182573, 887720, 8875537.161550807, 40, 40, 0, 264.4866859365871, 40
1, 2070333, 1182613, 887720, 8875801.648236744, 40, 40, 0, 264.4866859365871, 40
1, 2070401, 1182651, 887750, 8876104.510407846, 68, 38, 30, 302.86217110259, 39
1, 2070440, 1182690, 887750, 8876367.21034779, 39, 39, 0, 262.6999399439383, 39
51, 2070577, 1182737, 887840, 8876732.931669995, 137, 47, 90, 365.72132220485213, 49
1, 2070617, 1182777, 887840, 8876997.418355932, 40, 40, 0, 264.4866859365871, 40
1, 2070690, 1182820, 887870, 8877306.419634502, 73, 43, 30, 309.00127856917646, 44
1, 2070722, 1182852, 887870, 8877555.661057502, 32, 32, 0, 249.24142300054422, 32
51, 2070872, 1182882, 887990, 8877928.92460866, 150, 30, 120, 373.26355115805836, 33
1, 2070919, 1182929, 887990, 8878205.15765853, 47, 47, 0, 276.2330498695885, 47
1, 2070982, 1182962, 888020, 8878501.588983256, 63, 33, 30, 296.43132472612575, 34
1, 2071020, 1183000, 888020, 8878762.471362876, 38, 38, 0, 260.88237961983884, 38
1, 2071060, 1183040, 888020, 8879026.958048813, 40, 40, 0, 264.4866859365871, 40
51, 2071219, 1183079, 888140, 8879407.156911286, 159, 39, 120, 380.1988624723894, 42
1, 2071253, 1183113, 888140, 8879660.430551562, 34, 34, 0, 253.2736402766418, 34
1, 2071283, 1183143, 888140, 8879905.465283494, 30, 30, 0, 245.0347319320716, 30
1, 2071352, 1183182, 888170, 8880209.577425204, 69, 39, 30, 304.1121417102006, 40
51, 2071483, 1183223, 888260, 8880570.28975342, 131, 41, 90, 360.7123282155055, 43
1, 2071522, 1183262, 888260, 8880832.989693364, 39, 39, 0, 262.6999399439383, 39
1, 2071567, 1183307, 888260, 8881105.991699776, 45, 45, 0, 273.00200641113514, 45
1, 2071597, 1183337, 888260, 8881351.026431708, 30, 30, 0, 245.0347319320716, 30
51, 2071716, 1183376, 888340, 8881702.30982691, 119, 39, 80, 351.28339520229764, 41
1, 2071756, 1183416, 888340, 8881966.796512848, 40, 40, 0, 264.4866859365871, 40
1, 2071875, 1183465, 888410, 8882319.07990805, 119, 49, 70, 352.28339520229764, 51
1, 2071911, 1183501, 888410, 8882576.22888233, 36, 36, 0, 257.1489742783178, 36
1, 2071952, 1183542, 888410, 8882842.472835774, 41, 41, 0, 266.24395344352433, 41
51, 2072082, 1183592, 888490, 8883203.337673312, 130, 50, 80, 360.86483753851803, 52
1, 2072157, 1183627, 888530, 8883513.72076895, 75, 35, 40, 310.38309563827124, 36
1, 2072201, 1183671, 888530, 8883785.07172664, 44, 44, 0, 271.35095769013947, 44
1, 2072238, 1183708, 888530, 8884044.104298096, 37, 37, 0, 259.03257145596604, 37
1, 2072325, 1183755, 888570, 8884368.011879094, 87, 47, 40, 323.9075809977351, 48
51, 2072452, 1183802, 888650, 8884726.311561393, 127, 47, 80, 358.2996822992933, 49
1, 2072497, 1183847, 888650, 8884999.313567804, 45, 45, 0, 273.00200641113514, 45
1, 2072536, 1183886, 888650, 8885262.013507748, 39, 39, 0, 262.6999399439383, 39
1, 2072616, 1183936, 888680, 8885579.183263993, 80, 50, 30, 317.1697562442441, 51
1, 2072694, 1183974, 888720, 8885893.066050613, 78, 38, 40, 313.8827866200841, 39
51, 2072820, 1184020, 888800, 8886250.502946496, 126, 46, 80, 357.43689588345075, 48
1, 2072867, 1184067, 888800, 8886526.735996366, 47, 47, 0, 276.2330498695885, 47
1, 2072902, 1184102, 888800, 8886781.965924276, 35, 35, 0, 255.22992790977875, 35
1, 2072980, 1184140, 888840, 8887095.848710896, 78, 38, 40, 313.8827866200841, 39
51, 2073074, 1184184, 888890, 8887426.122436745, 94, 44, 50, 330.273725847777, 45
1, 2073118, 1184228, 888890, 8887697.473394435, 44, 44, 0, 271.35095769013947, 44
1, 2073189, 1184269, 888920, 8888004.051705254, 71, 41, 30, 306.57831081870995, 42
1, 2073220, 1184300, 888920, 8888251.21281143, 31, 31, 0, 247.1611061770567, 31
51, 2073309, 1184339, 888970, 8888576.260676995, 89, 39, 50, 325.0478655640733, 40
1, 2073397, 1184387, 889010, 8888901.242108356, 88, 48, 40, 324.98143136087856, 49
1, 2073475, 1184435, 889040, 8889216.124894977, 78, 48, 30, 314.8827866200841, 49
51, 2073569, 1184479, 889090, 8889546.398620825, 94, 44, 50, 330.273725847777, 45
1, 2073642, 1184512, 889130, 8889854.399899395, 73, 33, 40, 308.00127856917646, 34
1, 2073692, 1184562, 889130, 8890135.314694243, 50, 50, 0, 280.9147948472494, 50
1, 2073759, 1184599, 889160, 8890436.9152495, 67, 37, 30, 301.6005552576305, 38
51, 2073847, 1184637, 889210, 8890760.896680862, 88, 38, 50, 323.98143136087856, 39
1, 2073937, 1184687, 889250, 8891088.003709685, 90, 50, 40, 327.1070288241023, 51
1, 2073972, 1184722, 889250, 8891343.233637596, 35, 35, 0, 255.22992790977875, 35
1, 2074011, 1184761, 889250, 8891605.93357754, 39, 39, 0, 262.6999399439383, 39
1, 2074086, 1184806, 889280, 8891917.316673178, 75, 45, 30, 311.38309563827124, 46
51, 2074171, 1184841, 889330, 8892238.05370085, 85, 35, 50, 320.73702767108114, 36
1, 2074251, 1184881, 889370, 8892554.223457094, 80, 40, 40, 316.1697562442441, 41
1, 2074327, 1184927, 889400, 8892866.782629468, 76, 46, 30, 312.5591723737189, 47
1, 2074370, 1184970, 889400, 8893136.457589671, 43, 43, 0, 269.6749602031015, 43
51, 2074525, 1185005, 889520, 8893513.601742208, 155, 35, 120, 377.14415253747273, 38
1, 2074567, 1185047, 889520, 8893781.57473171, 42, 42, 0, 267.97298950218305, 42
1, 2074603, 1185083, 889520, 8894038.723705988, 36, 36, 0, 257.1489742783178, 36
1, 2074676, 1185116, 889560, 8894346.724984558, 73, 33, 40, 308.00127856917646, 34
51, 2074795, 1185155, 889640, 8894698.008379761, 119, 39, 80, 351.28339520229764, 41
1, 2074844, 1185204, 889640, 8894977.383510867, 49, 49, 0, 279.3751311064591, 49
1, 2074883, 1185243, 889640, 8895240.083450811, 39, 39, 0, 262.6999399439383, 39
51, 2075019, 1185289, 889730, 8895604.978747847, 136, 46, 90, 364.89529703482884, 48
1, 2075056, 1185326, 889730, 8895864.011319302, 37, 37, 0, 259.03257145596604, 37
1, 2075169, 1185369, 889800, 8896210.85036317, 113, 43, 70, 346.83904386951343, 45
1, 2075214, 1185414, 889800, 8896483.852369582, 45, 45, 0, 273.00200641113514, 45
51, 2075304, 1185454, 889850, 8896809.959398406, 90, 40, 50, 326.1070288241023, 41
1, 2075413, 1185493, 889920, 8897153.074029906, 109, 39, 70, 343.114631499574, 41
1, 2075458, 1185538, 889920, 8897426.076036317, 45, 45, 0, 273.00200641113514, 45
1, 2075500, 1185580, 889920, 8897694.049025819, 42, 42, 0, 267.97298950218305, 42
1, 2075534, 1185614, 889920, 8897947.322666096, 34, 34, 0, 253.2736402766418, 34
51, 2075654, 1185654, 890000, 8898299.49775806, 120, 40, 80, 352.1750919646873, 42
1, 2075732, 1185692, 890040, 8898613.380544681, 78, 38, 40, 313.8827866200841, 39
1, 2075800, 1185730, 890070, 8898916.242715783, 68, 38, 30, 302.86217110259, 39
1, 2075834, 1185764, 890070, 8899169.51635606, 34, 34, 0, 253.2736402766418, 34
1, 2075875, 1185805, 890070, 8899435.760309504, 41, 41, 0, 266.24395344352433, 41
51, 2076000, 1185850, 890150, 8899792.330461992, 125, 45, 80, 356.57015248821097, 47
1, 2076077, 1185887, 890190, 8900105.056125758, 77, 37, 40, 312.72566376652986, 38
1, 2076117, 1185927, 890190, 8900369.542811695, 40, 40, 0, 264.4866859365871, 40
51, 2076215, 1185975, 890240, 8900703.87744006, 98, 48, 50, 334.33462836457886, 49
1, 2076282, 1186012, 890270, 8901005.477995317, 67, 37, 30, 301.6005552576305, 38
1, 2076321, 1186051, 890270, 8901268.177935261, 39, 39, 0, 262.6999399439383, 39
51, 2076445, 1186085, 890360, 8901622.87733181, 124, 34, 90, 354.6993965481514, 36
1, 2076470, 1186110, 890360, 8901856.48412956, 25, 25, 0, 233.60679774997897, 25
1, 2076539, 1186149, 890390, 8902160.596271269, 69, 39, 30, 304.1121417102006, 40
1, 2076629, 1186199, 890430, 8902487.703300092, 90, 50, 40, 327.1070288241023, 51
1, 2076660, 1186230, 890430, 8902734.864406269, 31, 31, 0, 247.1611061770567, 31
51, 2076772, 1186262, 890510, 8903079.77971861, 112, 32, 80, 344.91531233955715, 34
1, 2076817, 1186307, 890510, 8903352.781725021, 45, 45, 0, 273.00200641113514, 45
1, 2076895, 1186345, 890550, 8903666.664511641, 78, 38, 40, 313.8827866200841, 39
1, 2076936, 1186386, 890550, 8903932.908465086, 41, 41, 0, 266.24395344352433, 41
51, 2077024, 1186424, 890600, 8904256.889896447, 88, 38, 50, 323.98143136087856, 39
1, 2077089, 1186459, 890630, 8904555.93104789, 65, 35, 30, 299.04115144336777, 36
1, 2077166, 1186496, 890670, 8904868.656711657, 77, 37, 40, 312.72566376652986, 38
1, 2077201, 1186531, 890670, 8905123.886639567, 35, 35, 0, 255.22992790977875, 35
51, 2077283, 1186563, 890720, 8905441.30830941, 82, 32, 50, 317.42166984345636, 33
1, 2077394, 1186604, 890790, 8905786.29502745, 111, 41, 70, 344.9867180408456, 43
1, 2077440, 1186650, 890790, 8906060.924096163, 46, 46, 0, 274.6290687140218, 46
1, 2077475, 1186685, 890790, 8906316.154024074, 35, 35, 0, 255.22992790977875, 35
51, 2077605, 1186725, 890880, 8906676.018861612, 130, 40, 90, 359.86483753851803, 42
1, 2077647, 1186767, 890880, 8906943.991851114, 42, 42, 0, 267.97298950218305, 42
1, 2077715, 1186805, 890910, 8907246.854022216, 68, 38, 30, 302.86217110259, 39
1, 2077753, 1186843, 890910, 8907507.736401835, 38, 38, 0, 260.88237961983884, 38
51, 2077879, 1186879, 891000, 8907864.173297718, 126, 36, 90, 356.43689588345075, 38
1, 2077953, 1186923, 891030, 8908174.370506486, 74, 44, 30, 310.1972087668518, 45
1, 2077990, 1186960, 891030, 8908433.403077941, 37, 37, 0, 259.03257145596604, 37
1, 2078072, 1187002, 891070, 8908751.824747784, 82, 42, 40, 318.42166984345636, 43
1, 2078115, 1187045, 891070, 8909021.499707988, 43, 43, 0, 269.6749602031015, 43
51, 2078231, 1187081, 891150, 8909370.081511479, 116, 36, 80, 348.5818034911291, 38
1, 2078272, 1187122, 891150, 8909636.325464923, 41, 41, 0, 266.24395344352433, 41
1, 2078350, 1187160, 891190, 8909950.208251543, 78, 38, 40, 313.8827866200841, 39
1, 2078389, 1187199, 891190, 8910212.908191487, 39, 39, 0, 262.6999399439383, 39
51, 2078497, 1187227, 891270, 8910554.079171034, 108, 28, 80, 341.1709795470626, 30
1, 2078533, 1187263, 891270, 8910811.228145313, 36, 36, 0, 257.1489742783178, 36
1, 2078615, 1187305, 891310, 8911129.649815155, 82, 42, 40, 318.42166984345636, 43
1, 2078651, 1187341, 891310, 8911386.798789434, 36, 36, 0, 257.1489742783178, 36
51, 2078740, 1187380, 891360, 8911711.846654998, 89, 39, 50, 325.0478655640733, 40
1, 2078776, 1187416, 891360, 8911968.995629277, 36, 36, 0, 257.1489742783178, 36
1, 2078840, 1187450, 891390, 8912266.738341752, 64, 34, 30, 297.742712474619, 35
1, 2078873, 1187483, 891390, 8912518.016514445, 33, 33, 0, 251.27817269284301, 33
1, 2078982, 1187522, 891460, 8912861.131145945, 109, 39, 70, 343.114631499574, 41
51, 2079070, 1187560, 891510, 8913185.112577306, 88, 38, 50, 323.98143136087856, 39
1, 2079151, 1187601, 891550, 8913502.412577307, 81, 41, 40, 317.3, 42
1, 2079197, 1187647, 891550, 8913777.04164602, 46, 46, 0, 274.6290687140218, 46
1, 2079234, 1187684, 891550, 8914036.074217476, 37, 37, 0, 259.03257145596604, 37
1, 2079310, 1187730, 891580, 8914348.63338985, 76, 46, 30, 312.5591723737189, 47
51, 2079443, 1187773, 891670, 8914711.029658891, 133, 43, 90, 362.3962690412072, 45
1, 2079512, 1187812, 891700, 8915015.141800601, 69, 39, 30, 304.1121417102006, 40
1, 2079551, 1187851, 891700, 8915277.841740545, 39, 39, 0, 262.6999399439383, 39
1, 2079597, 1187897, 891700, 8915552.470809259, 46, 46, 0, 274.6290687140218, 46
1, 2079705, 1187935, 891770, 8915894.641788805, 108, 38, 70, 342.1709795470626, 40
51, 2079804, 1187984, 891820, 8916229.976003358, 99, 49, 50, 335.33421455299043, 50
1, 2079850, 1188030, 891820, 8916504.605072072, 46, 46, 0, 274.6290687140218, 46
1, 2079898, 1188078, 891820, 8916782.419874663, 48, 48, 0, 277.8148025904985, 48
1, 2079975, 1188115, 891860, 8917095.145538429, 77, 37, 40, 312.72566376652986, 38
1, 2080018, 1188158, 891860, 8917364.820498632, 43, 43, 0, 269.6749602031015, 43
51, 2080176, 1188196, 891980, 8917744.259707889, 158, 38, 120, 379.43920925585275, 41
1, 2080213, 1188233, 891980, 8918003.292279344, 37, 37, 0, 259.03257145596604, 37
1, 2080279, 1188269, 892010, 8918303.619267622, 66, 36, 30, 300.32698827717985, 37
1, 2080332, 1188322, 892010, 8918589.036055263, 53, 53, 0, 285.4167876408086, 53
51, 2080427, 1188367, 892060, 8918920.3346194, 95, 45, 50, 331.2985641352145, 46
1, 2080495, 1188395, 892100, 8919222.196790501, 68, 28, 40, 301.86217110259, 29
1, 2080535, 1188435, 892100, 8919486.683476439, 40, 40, 0, 264.4866859365871, 40
1, 2080609, 1188479, 892130, 8919796.880685207, 74, 44, 30, 310.1972087668518, 45
51, 2080696, 1188516, 892180, 8920119.788266204, 87, 37, 50, 322.9075809977351, 38
1, 2080776, 1188556, 892220, 8920435.95802245, 80, 40, 40, 316.1697562442441, 41
1, 2080812, 1188592, 892220, 8920693.106996728, 36, 36, 0, 257.1489742783178, 36
1, 2080855, 1188635, 892220, 8920962.781956932, 43, 43, 0, 269.6749602031015, 43
1, 2080900, 1188680, 892220, 8921235.783963343, 45, 45, 0, 273.00200641113514, 45
51, 2081020, 1188720, 892300, 8921587.959055308, 120, 40, 80, 352.1750919646873, 42
1, 2081101, 1188761, 892340, 8921905.259055309, 81, 41, 40, 317.3, 42
1, 2081140, 1188800, 892340, 8922167.958995253, 39, 39, 0, 262.6999399439383, 39
1, 2081216, 1188836, 892380, 8922479.518167626, 76, 36, 40, 311.5591723737189, 37
51, 2081303, 1188873, 892430, 8922802.425748624, 87, 37, 50, 322.9075809977351, 38
1, 2081366, 1188906, 892460, 8923098.85707335, 63, 33, 30, 296.43132472612575, 34
1, 2081453, 1188953, 892500, 8923422.764654348, 87, 47, 40, 323.9075809977351, 48
1, 2081535, 1189005, 892530, 8923742.18632419, 82, 52, 30, 319.42166984345636, 53
51, 2081627, 1189047, 892580, 8924070.390425658, 92, 42, 50, 328.20410146824725, 43
1, 2081711, 1189091, 892620, 8924391.030436061, 84, 44, 40, 320.64001040350905, 45
1, 2081780, 1189130, 892650, 8924695.142577771, 69, 39, 30, 304.1121417102006, 40
51, 2081875, 1189175, 892700, 8925026.441141907, 95, 45, 50, 331.2985641352145, 46
1, 2081983, 1189213, 892770, 8925368.612121454, 108, 38, 70, 342.1709795470626, 40
1, 2082016, 1189246, 892770, 8925619.890294146, 33, 33, 0, 251.27817269284301, 33
51, 2082115, 1189295, 892820, 8925955.224508699, 99, 49, 50, 335.33421455299043, 50
1, 2082157, 1189337, 892820, 8926223.1974982, 42, 42, 0, 267.97298950218305, 42
1, 2082238, 1189378, 892860, 8926540.497498201, 81, 41, 40, 317.3, 42
1, 2082276, 1189416, 892860, 8926801.37987782, 38, 38, 0, 260.88237961983884, 38
51, 2082432, 1189452, 892980, 8927179.291762125, 156, 36, 120, 377.9118843049396, 39
1, 2082480, 1189500, 892980, 8927457.106564716, 48, 48, 0, 277.8148025904985, 48
1, 2082551, 1189541, 893010, 8927763.684875535, 71, 41, 30, 306.57831081870995, 42
1, 2082604, 1189594, 893010, 8928049.101663176, 53, 53, 0, 285.4167876408086, 53
1, 2082696, 1189646, 893050, 8928378.305764643, 92, 52, 40, 329.20410146824725, 53
51, 2082788, 1189688, 893100, 8928706.509866111, 92, 42, 50, 328.20410146824725, 43
1, 2082823, 1189723, 893100, 8928961.739794021, 35, 35, 0, 255.22992790977875, 35
1, 2082895, 1189765, 893130, 8929269.534857046, 72, 42, 30, 307.79506302439404, 43
1, 2082934, 1189804, 893130, 8929532.23479699, 39, 39, 0, 262.6999399439383, 39
1, 2083035, 1189835, 893200, 8929867.650184963, 101, 31, 70, 335.41538797227, 33
51, 2083120, 1189870, 893250, 8930188.387212634, 85, 35, 50, 320.73702767108114, 36
1, 2083168, 1189918, 893250, 8930466.202015225, 48, 48, 0, 277.8148025904985, 48
1, 2083199, 1189949, 893250, 8930713.363121402, 31, 31, 0, 247.1611061770567, 31
1, 2083241, 1189991, 893250, 8930981.336110903, 42, 42, 0, 267.97298950218305, 42
1, 2083326, 1190036, 893290, 8931303.073138574, 85, 45, 40, 321.73702767108114, 46
51, 2083443, 1190073, 893370, 8931652.559955373, 117, 37, 80, 349.4868167986058, 39
1, 2083485, 1190115, 893370, 8931920.532944875, 42, 42, 0, 267.97298950218305, 42
1, 2083521, 1190151, 893370, 8932177.681919154, 36, 36, 0, 257.1489742783178, 36
1, 2083631, 1190191, 893440, 8932521.735103201, 110, 40, 70, 344.0531840464366, 42
1, 2083672, 1190232, 893440, 8932787.979056645, 41, 41, 0, 266.24395344352433, 41
51, 2083797, 1190277, 893520, 8933144.549209133, 125, 45, 80, 356.57015248821097, 47
1, 2083833, 1190313, 893520, 8933401.698183412, 36, 36, 0, 257.1489742783178, 36
1, 2083908, 1190358, 893550, 8933713.08127905, 75, 45, 30, 311.38309563827124, 46
1, 2083948, 1190398, 893550, 8933977.567964988, 40, 40, 0, 264.4866859365871, 40
51, 2084084, 1190444, 893640, 8934342.463262023, 136, 46, 90, 364.89529703482884, 48
1, 2084126, 1190486, 893640, 8934610.436251525, 42, 42, 0, 267.97298950218305, 42
1, 2084162, 1190522, 893640, 8934867.585225804, 36, 36, 0, 257.1489742783178, 36
1, 2084239, 1190569, 893670, 8935181.31088957, 77, 47, 30, 313.72566376652986, 48
51, 2084370, 1190610, 893760, 8935542.023217786, 131, 41, 90, 360.7123282155055, 43
1, 2084413, 1190653, 893760, 8935811.69817799, 43, 43, 0, 269.6749602031015, 43
1, 2084454, 1190694, 893760, 8936077.942131434, 41, 41, 0, 266.24395344352433, 41
51, 2084544, 1190734, 893810, 8936404.049160257, 90, 40, 50, 326.1070288241023, 41
1, 2084612, 1190772, 893840, 8936706.91133136, 68, 38, 30, 302.86217110259, 39
1, 2084697, 1190817, 893880, 8937028.64835903, 85, 45, 40, 321.73702767108114, 46
1, 2084736, 1190856, 893880, 8937291.348298974, 39, 39, 0, 262.6999399439383, 39
51, 2084828, 1190898, 893930, 8937619.552400442, 92, 42, 50, 328.20410146824725, 43
1, 2084912, 1190942, 893970, 8937940.192410845, 84, 44, 40, 320.64001040350905, 45
1, 2084953, 1190983, 893970, 8938206.43636429, 41, 41, 0, 266.24395344352433, 41
51, 2085070, 1191020, 894050, 8938555.923181089, 117, 37, 80, 349.4868167986058, 39
1, 2085102, 1191052, 894050, 8938805.164604088, 32, 32, 0, 249.24142300054422, 32
1, 2085182, 1191092, 894090, 8939121.334360333, 80, 40, 40, 316.1697562442441, 41
1, 2085218, 1191128, 894090, 8939378.483334612, 36, 36, 0, 257.1489742783178, 36
1, 2085276, 1191186, 894090, 8939671.050236719, 58, 58, 0, 292.5669021071895, 58
51, 2085404, 1191224, 894180, 8940029.208802821, 128, 38, 90, 358.1585661014858, 40
1, 2085478, 1191268, 894210, 8940339.406011589, 74, 44, 30, 310.1972087668518, 45
1, 2085515, 1191305, 894210, 8940598.438583044, 37, 37, 0, 259.03257145596604, 37
1, 2085559, 1191349, 894210, 8940869.789540734, 44, 44, 0, 271.35095769013947, 44
51, 2085683, 1191383, 894300, 8941224.488937283, 124, 34, 90, 354.6993965481514, 36
1, 2085735, 1191435, 894300, 8941508.423898712, 52, 52, 0, 283.93496142826496, 52
1, 2085776, 1191476, 894300, 8941774.667852156, 41, 41, 0, 266.24395344352433, 41
1, 2085881, 1191511, 894370, 8942113.97643945, 105, 35, 70, 339.30858729436795, 37
51, 2085972, 1191552, 894420, 8942441.135501388, 91, 41, 50, 327.1590619387661, 42
1, 2086010, 1191590, 894420, 8942702.017881008, 38, 38, 0, 260.88237961983884, 38
1, 2086083, 1191633, 894450, 8943011.019159578, 73, 43, 30, 309.00127856917646, 44
1, 2086164, 1191674, 894490, 8943328.319159579, 81, 41, 40, 317.3, 42
1, 2086211, 1191721, 894490, 8943604.552209448, 47, 47, 0, 276.2330498695885, 47
51, 2086309, 1191769, 894540, 8943938.886837812, 98, 48, 50, 334.33462836457886, 49
1, 2086390, 1191810, 894580, 8944256.186837813, 81, 41, 40, 317.3, 42
1, 2086463, 1191853, 894610, 8944565.188116383, 73, 43, 30, 309.00127856917646, 44
1, 2086498, 1191888, 894610, 8944820.418044293, 35, 35, 0, 255.22992790977875, 35
51, 2086588, 1191928, 894660, 8945146.525073117, 90, 40, 50, 326.1070288241023, 41
1, 2086626, 1191966, 894660, 8945407.407452736, 38, 38, 0, 260.88237961983884, 38
1, 2086707, 1192007, 894700, 8945724.707452737, 81, 41, 40, 317.3, 42
51, 2086814, 1192034, 894780, 8946064.929598007, 107, 27, 80, 340.2221452697031, 29
1, 2086851, 1192071, 894780, 8946323.962169463, 37, 37, 0, 259.03257145596604, 37
1, 2086924, 1192104, 894820, 8946631.963448033, 73, 33, 40, 308.00127856917646, 34
1, 2086963, 1192143, 894820, 8946894.663387977, 39, 39, 0, 262.6999399439383, 39
51, 2087052, 1192182, 894870, 8947219.71125354, 89, 39, 50, 325.0478655640733, 40
1, 2087085, 1192215, 894870, 8947470.989426233, 33, 33, 0, 251.27817269284301, 33
1, 2087198, 1192258, 894940, 8947817.828470102, 113, 43, 70, 346.83904386951343, 45
51, 2087291, 1192301, 894990, 8948147.07075001, 93, 43, 50, 329.24227990714814, 44
1, 2087333, 1192343, 894990, 8948415.04373951, 42, 42, 0, 267.97298950218305, 42
1, 2087373, 1192383, 894990, 8948679.530425448, 40, 40, 0, 264.4866859365871, 40
1, 2087456, 1192426, 895030, 8948999.065373378, 83, 43, 40, 319.5349479292333, 44
51, 2087573, 1192463, 895110, 8949348.552190177, 117, 37, 80, 349.4868167986058, 39
1, 2087612, 1192502, 895110, 8949611.252130121, 39, 39, 0, 262.6999399439383, 39
1, 2087675, 1192535, 895140, 8949907.683454847, 63, 33, 30, 296.43132472612575, 34
1, 2087717, 1192577, 895140, 8950175.656444348, 42, 42, 0, 267.97298950218305, 42
51, 2087844, 1192614, 895230, 8950532.956126647, 127, 37, 90, 357.2996822992933, 39
1, 2087887, 1192657, 895230, 8950802.63108685, 43, 43, 0, 269.6749602031015, 43
1, 2087949, 1192689, 895260, 8951097.73771318, 62, 32, 30, 295.1066263296683, 33
1, 2087985, 1192725, 895260, 8951354.88668746, 36, 36, 0, 257.1489742783178, 36
51, 2088098, 1192758, 895340, 8951700.725731328, 113, 33, 80, 345.83904386951343, 35
1, 2088171, 1192791, 895380, 8952008.727009898, 73, 33, 40, 308.00127856917646, 34
1, 2088215, 1192835, 895380, 8952280.077967588, 44, 44, 0, 271.35095769013947, 44
51, 2088304, 1192874, 895430, 8952605.125833152, 89, 39, 50, 325.0478655640733, 40
1, 2088426, 1192926, 895500, 8952960.071451705, 122, 52, 70, 354.9456185537469, 54
1, 2088468, 1192968, 895500, 8953228.044441206, 42, 42, 0, 267.97298950218305, 42
1, 2088507, 1193007, 895500, 8953490.74438115, 39, 39, 0, 262.6999399439383, 39
1, 2088553, 1193053, 895500, 8953765.373449864, 46, 46, 0, 274.6290687140218, 46
51, 2088676, 1193086, 895590, 8954119.198021125, 123, 33, 90, 353.8245712617827, 35
1, 2088720, 1193130, 895590, 8954390.548978815, 44, 44, 0, 271.35095769013947, 44
1, 2088787, 1193167, 895620, 8954692.149534073, 67, 37, 30, 301.6005552576305, 38
1, 2088823, 1193203, 895620, 8954949.298508352, 36, 36, 0, 257.1489742783178, 36
51, 2088944, 1193234, 895710, 8955301.360987388, 121, 31, 90, 352.06247903554, 33
1, 2088976, 1193266, 895710, 8955550.602410387, 32, 32, 0, 249.24142300054422, 32
1, 2089020, 1193310, 895710, 8955821.953368077, 44, 44, 0, 271.35095769013947, 44
1, 2089127, 1193347, 895780, 8956163.175513348, 107, 37, 70, 341.2221452697031, 39
51, 2089208, 1193378, 895830, 8956479.475513348, 81, 31, 50, 316.3, 32
1, 2089249, 1193419, 895830, 8956745.719466792, 41, 41, 0, 266.24395344352433, 41
1, 2089314, 1193454, 895860, 8957044.760618236, 65, 35, 30, 299.04115144336777, 36
1, 2089397, 1193497, 895900, 8957364.295566166, 83, 43, 40, 319.5349479292333, 44
1, 2089443, 1193543, 895900, 8957638.92463488, 46, 46, 0, 274.6290687140218, 46
51, 2089533, 1193583, 895950, 8957965.031663703, 90, 40, 50, 326.1070288241023, 41
1, 2089603, 1193623, 895980, 8958270.382424554, 70, 40, 30, 305.3507608519078, 41
1, 2089642, 1193662, 895980, 8958533.082364498, 39, 39, 0, 262.6999399439383, 39
1, 2089685, 1193705, 895980, 8958802.757324701, 43, 43, 0, 269.6749602031015, 43
51, 2089845, 1193745, 896100, 8959183.713206708, 160, 40, 120, 380.95588200778457, 43
1, 2089887, 1193787, 896100, 8959451.68619621, 42, 42, 0, 267.97298950218305, 42
1, 2089927, 1193827, 896100, 8959716.172882147, 40, 40, 0, 264.4866859365871, 40
1, 2089972, 1193872, 896100, 8959989.174888559, 45, 45, 0, 273.00200641113514, 45
51, 2090061, 1193911, 896150, 8960314.222754123, 89, 39, 50, 325.0478655640733, 40
1, 2090185, 1193965, 896220, 8960670.922150671, 124, 54, 70, 356.6993965481514, 56
1, 2090234, 1194014, 896220, 8960950.297281777, 49, 49, 0, 279.3751311064591, 49
1, 2090273, 1194053, 896220, 8961212.997221721, 39, 39, 0, 262.6999399439383, 39
51, 2090365, 1194095, 896270, 8961541.201323189, 92, 42, 50, 328.20410146824725, 43
1, 2090401, 1194131, 896270, 8961798.350297468, 36, 36, 0, 257.1489742783178, 36
1, 2090517, 1194177, 896340, 8962147.93210096, 116, 46, 70, 349.5818034911291, 48
1, 2090554, 1194214, 896340, 8962406.964672415, 37, 37, 0, 259.03257145596604, 37
51, 2090669, 1194249, 896420, 8962754.636889476, 115, 35, 80, 347.6722170622053, 37
1, 2090751, 1194291, 896460, 8963073.058559319, 82, 42, 40, 318.42166984345636, 43
1, 2090832, 1194342, 896490, 8963391.35855932, 81, 51, 30, 318.3, 52
1, 2090873, 1194383, 896490, 8963657.602512764, 41, 41, 0, 266.24395344352433, 41
1, 2090910, 1194420, 896490, 8963916.63508422, 37, 37, 0, 259.03257145596604, 37
51, 2091049, 1194469, 896580, 8964283.99824652, 139, 49, 90, 367.36316230125203, 51
1, 2091118, 1194508, 896610, 8964588.11038823, 69, 39, 30, 304.1121417102006, 40
1, 2091165, 1194555, 896610, 8964864.3434381, 47, 47, 0, 276.2330498695885, 47
1, 2091196, 1194586, 896610, 8965111.504544277, 31, 31, 0, 247.1611061770567, 31
51, 2091318, 1194628, 896690, 8965465.45016283, 122, 42, 80, 353.9456185537469, 44
1, 2091394, 1194664, 896730, 8965777.009335203, 76, 36, 40, 311.5591723737189, 37
1, 2091435, 1194705, 896730, 8966043.253288647, 41, 41, 0, 266.24395344352433, 41
51, 2091524, 1194744, 896780, 8966368.301154211, 89, 39, 50, 325.0478655640733, 40
1, 2091638, 1194788, 896850, 8966716.059141902, 114, 44, 70, 347.75798769167545, 46
1, 2091677, 1194827, 896850, 8966978.759081846, 39, 39, 0, 262.6999399439383, 39
1, 2091783, 1194863, 896920, 8967319.027125455, 106, 36, 70, 340.2680436096278, 38
51, 2091882, 1194912, 896970, 8967654.361340009, 99, 49, 50, 335.33421455299043, 50
1, 2091924, 1194954, 896970, 8967922.33432951, 42, 42, 0, 267.97298950218305, 42
1, 2091966, 1194996, 896970, 8968190.307319012, 42, 42, 0, 267.97298950218305, 42
1, 2092043, 1195043, 897000, 8968504.032982778, 77, 47, 30, 313.72566376652986, 48
51, 2092166, 1195076, 897090, 8968857.857554039, 123, 33, 90, 353.8245712617827, 35
1, 2092231, 1195111, 897120, 8969156.898705482, 65, 35, 30, 299.04115144336777, 36
1, 2092278, 1195158, 897120, 8969433.131755352, 47, 47, 0, 276.2330498695885, 47
1, 2092320, 1195200, 897120, 8969701.104744853, 42, 42, 0, 267.97298950218305, 42
51, 2092485, 1195245, 897240, 8970085.807208275, 165, 45, 120, 384.7024634215721, 48
1, 2092529, 1195289, 897240, 8970357.158165965, 44, 44, 0, 271.35095769013947, 44
1, 2092574, 1195334, 897240, 8970630.160172377, 45, 45, 0, 273.00200641113514, 45
1, 2092646, 1195376, 897270, 8970937.955235401, 72, 42, 30, 307.79506302439404, 43
51, 2092737, 1195417, 897320, 8971265.11429734, 91, 41, 50, 327.1590619387661, 42
1, 2092822, 1195462, 897360, 8971586.85132501, 85, 45, 40, 321.73702767108114, 46
1, 2092860, 1195500, 897360, 8971847.73370463, 38, 38, 0, 260.88237961983884, 38
1, 2092934, 1195544, 897390, 8972157.930913398, 74, 44, 30, 310.1972087668518, 45
1, 2092979, 1195589, 897390, 8972430.93291981, 45, 45, 0, 273.00200641113514, 45
51, 2093107, 1195627, 897480, 8972789.091485912, 128, 38, 90, 358.1585661014858, 40
1, 2093145, 1195665, 897480, 8973049.973865531, 38, 38, 0, 260.88237961983884, 38
1, 2093188, 1195708, 897480, 8973319.648825735, 43, 43, 0, 269.6749602031015, 43
1, 2093260, 1195740, 897520, 8973626.44388876, 72, 32, 40, 306.79506302439404, 33
1, 2093333, 1195783, 897550, 8973935.44516733, 73, 43, 30, 309.00127856917646, 44
51, 2093429, 1195829, 897600, 8974267.762083344, 96, 46, 50, 332.31691601465747, 47
1, 2093464, 1195864, 897600, 8974522.992011255, 35, 35, 0, 255.22992790977875, 35
1, 2093500, 1195900, 897600, 8974780.140985534, 36, 36, 0, 257.1489742783178, 36
1, 2093580, 1195940, 897640, 8975096.310741778, 80, 40, 40, 316.1697562442441, 41
1, 2093618, 1195978, 897640, 8975357.193121398, 38, 38, 0, 260.88237961983884, 38
51, 2093740, 1196020, 897720, 8975711.138739951, 122, 42, 80, 353.9456185537469, 44
1, 2093778, 1196058, 897720, 8975972.02111957, 38, 38, 0, 260.88237961983884, 38
1, 2093820, 1196100, 897720, 8976239.994109072, 42, 42, 0, 267.97298950218305, 42
1, 2093889, 1196139, 897750, 8976544.106250782, 69, 39, 30, 304.1121417102006, 40
51, 2094017, 1196177, 897840, 8976902.264816884, 128, 38, 90, 358.1585661014858, 40
1, 2094086, 1196216, 897870, 8977206.376958594, 69, 39, 30, 304.1121417102006, 40
1, 2094126, 1196256, 897870, 8977470.863644531, 40, 40, 0, 264.4866859365871, 40
51, 2094212, 1196292, 897920, 8977792.689809179, 86, 36, 50, 321.82616464756694, 37
1, 2094303, 1196343, 897960, 8978120.848871117, 91, 51, 40, 328.1590619387661, 52
1, 2094340, 1196380, 897960, 8978379.881442573, 37, 37, 0, 259.03257145596604, 37
1, 2094371, 1196411, 897960, 8978627.04254875, 31, 31, 0, 247.1611061770567, 31
1, 2094469, 1196439, 898030, 8978959.477177113, 98, 28, 70, 332.4346283645789, 30
51, 2094550, 1196470, 898080, 8979275.777177114, 81, 31, 50, 316.3, 32
1, 2094583, 1196503, 898080, 8979527.055349806, 33, 33, 0, 251.27817269284301, 33
1, 2094652, 1196542, 898110, 8979831.167491516, 69, 39, 30, 304.1121417102006, 40
51, 2094790, 1196590, 898200, 8980197.711421069, 138, 48, 90, 366.54392955194305, 50
1, 2094827, 1196627, 898200, 8980456.743992524, 37, 37, 0, 259.03257145596604, 37
1, 2094873, 1196673, 898200, 8980731.373061238, 46, 46, 0, 274.6290687140218, 46
1, 2094916, 1196716, 898200, 8981001.048021441, 43, 43, 0, 269.6749602031015, 43
1, 2094960, 1196760, 898200, 8981272.398979131, 44, 44, 0, 271.35095769013947, 44
51, 2095077, 1196797, 898280, 8981621.88579593, 117, 37, 80, 349.4868167986058, 39
1, 2095143, 1196823, 898320, 8981921.212784208, 66, 26, 40, 299.32698827717985, 27
1, 2095208, 1196858, 898350, 8982220.253935652, 65, 35, 30, 299.04115144336777, 36
1, 2095247, 1196897, 898350, 8982482.953875596, 39, 39, 0, 262.6999399439383, 39
51, 2095381, 1196941, 898440, 8982846.186691515, 134, 44, 90, 363.23281591860336, 46
1, 2095423, 1196983, 898440, 8983114.159681017, 42, 42, 0, 267.97298950218305, 42
1, 2095489, 1197019, 898470, 8983414.486669295, 66, 36, 30, 300.32698827717985, 37
1, 2095524, 1197054, 898470, 8983669.716597205, 35, 35, 0, 255.22992790977875, 35
51, 2095663, 1197103, 898560, 8984037.079759507, 139, 49, 90, 367.36316230125203, 51
1, 2095736, 1197146, 898590, 8984346.081038076, 73, 43, 30, 309.00127856917646, 44
1, 2095778, 1197188, 898590, 8984614.054027578, 42, 42, 0, 267.97298950218305, 42
1, 2095817, 1197227, 898590, 8984876.753967522, 39, 39, 0, 262.6999399439383, 39
51, 2095986, 1197276, 898710, 8985264.409095068, 169, 49, 120, 387.65512754639894, 52
1, 2096022, 1197312, 898710, 8985521.558069346, 36, 36, 0, 257.1489742783178, 36
1, 2096071, 1197361, 898710, 8985800.933200452, 49, 49, 0, 279.3751311064591, 49
51, 2096158, 1197398, 898760, 8986123.84078145, 87, 37, 50, 322.9075809977351, 38
1, 2096204, 1197444, 898760, 8986398.469850164, 46, 46, 0, 274.6290687140218, 46
1, 2096287, 1197487, 898800, 8986718.004798094, 83, 43, 40, 319.5349479292333, 44
1, 2096362, 1197532, 898830, 8987029.387893733, 75, 45, 30, 311.38309563827124, 46
1, 2096405, 1197575, 898830, 8987299.062853936, 43, 43, 0, 269.6749602031015, 43
51, 2096499, 1197619, 898880, 8987629.336579785, 94, 44, 50, 330.273725847777, 45
1, 2096586, 1197666, 898920, 8987953.244160783, 87, 47, 40, 323.9075809977351, 48
1, 2096628, 1197708, 898920, 8988221.217150284, 42, 42, 0, 267.97298950218305, 42
1, 2096668, 1197748, 898920, 8988485.703836221, 40, 40, 0, 264.4866859365871, 40
51, 2096797, 1197797, 899000, 8988845.717436712, 129, 49, 80, 360.01360049114555, 51
1, 2096883, 1197843, 899040, 8989168.54360136, 86, 46, 40, 322.82616464756694, 47
1, 2096927, 1197887, 899040, 8989439.89455905, 44, 44, 0, 271.35095769013947, 44
1, 2097008, 1197928, 899080, 8989757.19455905, 81, 41, 40, 317.3, 42
1, 2097074, 1197964, 899110, 8990057.521547329, 66, 36, 30, 300.32698827717985, 37
51, 2097164, 1198004, 899160, 8990383.628576152, 90, 40, 50, 326.1070288241023, 41
1, 2097202, 1198042, 899160, 8990644.510955771, 38, 38, 0, 260.88237961983884, 38
1, 2097280, 1198090, 899190, 8990959.393742392, 78, 48, 30, 314.8827866200841, 49
1, 2097353, 1198123, 899230, 8991267.395020962, 73, 33, 40, 308.00127856917646, 34
1, 2097391, 1198161, 899230, 8991528.277400581, 38, 38, 0, 260.88237961983884, 38
51, 2097510, 1198200, 899310, 8991879.560795784, 119, 39, 80, 351.28339520229764, 41
1, 2097546, 1198236, 899310, 8992136.709770063, 36, 36, 0, 257.1489742783178, 36
1, 2097584, 1198274, 899310, 8992397.592149682, 38, 38, 0, 260.88237961983884, 38
51, 2097705, 1198305, 899400, 8992749.654628718, 121, 31, 90, 352.06247903554, 33
1, 2097788, 1198358, 899430, 8993070.189576648, 83, 53, 30, 320.5349479292333, 54
1, 2097829, 1198399, 899430, 8993336.433530092, 41, 41, 0, 266.24395344352433, 41
51, 2097951, 1198441, 899510, 8993690.379148645, 122, 42, 80, 353.9456185537469, 44
1, 2098037, 1198487, 899550, 8994013.205313293, 86, 46, 40, 322.82616464756694, 47
1, 2098071, 1198521, 899550, 8994266.47895357, 34, 34, 0, 253.2736402766418, 34
51, 2098159, 1198559, 899600, 8994590.460384931, 88, 38, 50, 323.98143136087856, 39
1, 2098283, 1198613, 899670, 8994947.15978148, 124, 54, 70, 356.6993965481514, 56
1, 2098317, 1198647, 899670, 8995200.433421757, 34, 34, 0, 253.2736402766418, 34
1, 2098360, 1198690, 899670, 8995470.10838196, 43, 43, 0, 269.6749602031015, 43
51, 2098518, 1198728, 899790, 8995849.547591217, 158, 38, 120, 379.43920925585275, 41
1, 2098551, 1198761, 899790, 8996100.82576391, 33, 33, 0, 251.27817269284301, 33
1, 2098590, 1198800, 899790, 8996363.525703853, 39, 39, 0, 262.6999399439383, 39
51, 2098678, 1198838, 899840, 8996687.507135214, 88, 38, 50, 323.98143136087856, 39
1, 2098760, 1198880, 899880, 8997005.928805057, 82, 42, 40, 318.42166984345636, 43
1, 2098797, 1198917, 899880, 8997264.961376512, 37, 37, 0, 259.03257145596604, 37
1, 2098861, 1198951, 899910, 8997562.704088988, 64, 34, 30, 297.742712474619, 35
51, 2098956, 1198996, 899960, 8997894.002653124, 95, 45, 50, 331.2985641352145, 46
1, 2098995, 1199035, 899960, 8998156.702593068, 39, 39, 0, 262.6999399439383, 39
1, 2099026, 1199066, 899960, 8998403.863699244, 31, 31, 0, 247.1611061770567, 31
1, 2099143, 1199113, 900030, 8998754.350516044, 117, 47, 70, 350.4868167986058, 49
51, 2099227, 1199147, 900080, 8999073.990526447, 84, 34, 50, 319.64001040350905, 35
1, 2099291, 1199181, 900110, 8999371.733238922, 64, 34, 30, 297.742712474619, 35
1, 2099335, 1199225, 900110, 8999643.084196612, 44, 44, 0, 271.35095769013947, 44
1, 2099387, 1199277, 900110, 8999927.019158041, 52, 52, 0, 283.93496142826496, 52
1, 2099472, 1199322, 900150, 9000248.756185712, 85, 45, 40, 321.73702767108114, 46
51, 2099587, 1199357, 900230, 9000596.428402774, 115, 35, 80, 347.6722170622053, 37
1, 2099632, 1199402, 900230, 9000869.430409186, 45, 45, 0, 273.00200641113514, 45
1, 2099660, 1199430, 900230, 9001110.063072564, 28, 28, 0, 240.63266337912057, 28
1, 2099733, 1199463, 900270, 9001418.064351134, 73, 33, 40, 308.00127856917646, 34
51, 2099830, 1199510, 900320, 9001751.393250406, 97, 47, 50, 333.3288992714996, 48
1, 2099867, 1199547, 900320, 9002010.425821861, 37, 37, 0, 259.03257145596604, 37
1, 2099968, 1199578, 900390, 9002345.841209834, 101, 31, 70, 335.41538797227, 33
1, 2100001, 1199611, 900390, 9002597.119382527, 33, 33, 0, 251.27817269284301, 33
51, 2100093, 1199653, 900440, 9002925.323483994, 92, 42, 50, 328.20410146824725, 43
1, 2100157, 1199687, 900470, 9003223.06619647, 64, 34, 30, 297.742712474619, 35
1, 2100242, 1199732, 900510, 9003544.80322414, 85, 45, 40, 321.73702767108114, 46
1, 2100285, 1199775, 900510, 9003814.478184344, 43, 43, 0, 269.6749602031015, 43
51, 2100367, 1199807, 900560, 9004131.899854187, 82, 32, 50, 317.42166984345636, 33
1, 2100438, 1199848, 900590, 9004438.478165006, 71, 41, 30, 306.57831081870995, 42
1, 2100473, 1199883, 900590, 9004693.708092917, 35, 35, 0, 255.22992790977875, 35
1, 2100508, 1199918, 900590, 9004948.938020827, 35, 35, 0, 255.22992790977875, 35
51, 2100643, 1199963, 900680, 9005313.003830768, 135, 45, 90, 364.06580994024984, 47
1, 2100688, 1200008, 900680, 9005586.00583718, 45, 45, 0, 273.00200641113514, 45
1, 2100727, 1200047, 900680, 9005848.705777124, 39, 39, 0, 262.6999399439383, 39
51, 2100899, 1200099, 900800, 9006238.550458826, 172, 52, 120, 389.8446817033767, 55
1, 2100943, 1200143, 900800, 9006509.901416516, 44, 44, 0, 271.35095769013947, 44
1, 2100984, 1200184, 900800, 9006776.14536996, 41, 41, 0, 266.24395344352433, 41
1, 2101066, 1200226, 900840, 9007094.567039803, 82, 42, 40, 318.42166984345636, 43
1, 2101130, 1200260, 900870, 9007392.309752278, 64, 34, 30, 297.742712474619, 35
51, 2101259, 1200299, 900960, 9007751.323352769, 129, 39, 90, 359.01360049114555, 41
1, 2101305, 1200345, 900960, 9008025.952421483, 46, 46, 0, 274.6290687140218, 46
1, 2101375, 1200385, 900990, 9008331.303182334, 70, 40, 30, 305.3507608519078, 41
1, 2101422, 1200432, 900990, 9008607.536232203, 47, 47, 0, 276.2330498695885, 47
51, 2101534, 1200464, 901070, 9008952.451544544, 112, 32, 80, 344.91531233955715, 34
1, 2101612, 1200502, 901110, 9009266.334331164, 78, 38, 40, 313.8827866200841, 39
1, 2101647, 1200537, 901110, 9009521.564259075, 35, 35, 0, 255.22992790977875, 35
1, 2101683, 1200573, 901110, 9009778.713233354, 36, 36, 0, 257.1489742783178, 36
1, 2101764, 1200614, 901150, 9010096.013233354, 81, 41, 40, 317.3, 42
51, 2101869, 1200669, 901200, 9010437.221820649, 105, 55, 50, 341.208587294368, 56
1, 2101933, 1200703, 901230, 9010734.964533124, 64, 34, 30, 297.742712474619, 35
1, 2101973, 1200743, 901230, 9010999.451219061, 40, 40, 0, 264.4866859365871, 40
51, 2102103, 1200783, 901320, 9011359.3160566, 130, 40, 90, 359.86483753851803, 42
1, 2102141, 1200821, 901320, 9011620.19843622, 38, 38, 0, 260.88237961983884, 38
1, 2102209, 1200859, 901350, 9011923.060607322, 68, 38, 30, 302.86217110259, 39
1, 2102250, 1200900, 901350, 9012189.304560766, 41, 41, 0, 266.24395344352433, 41
1, 2102330, 1200940, 901390, 9012505.47431701, 80, 40, 40, 316.1697562442441, 41
51, 2102448, 1200978, 901470, 9012855.86164218, 118, 38, 80, 350.3873251689181, 40
1, 2102490, 1201020, 901470, 9013123.834631681, 42, 42, 0, 267.97298950218305, 42
1, 2102537, 1201067, 901470, 9013400.067681551, 47, 47, 0, 276.2330498695885, 47
51, 2102659, 1201099, 901560, 9013753.013300104, 122, 32, 90, 352.9456185537469, 34
1, 2102723, 1201133, 901590, 9014050.75601258, 64, 34, 30, 297.742712474619, 35
1, 2102771, 1201181, 901590, 9014328.57081517, 48, 48, 0, 277.8148025904985, 48
1, 2102806, 1201216, 901590, 9014583.80074308, 35, 35, 0, 255.22992790977875, 35
51, 2102902, 1201262, 901640, 9014916.117659096, 96, 46, 50, 332.31691601465747, 47
1, 2102981, 1201311, 901670, 9015232.148409225, 79, 49, 30, 316.03075013013313, 50
1, 2103070, 1201360, 901710, 9015558.196274789, 89, 49, 40, 326.0478655640733, 50
1, 2103112, 1201402, 901710, 9015826.16926429, 42, 42, 0, 267.97298950218305, 42
1, 2103156, 1201446, 901710, 9016097.52022198, 44, 44, 0, 271.35095769013947, 44
51, 2103282, 1201482, 901800, 9016453.957117863, 126, 36, 90, 356.43689588345075, 38
1, 2103319, 1201519, 901800, 9016712.989689318, 37, 37, 0, 259.03257145596604, 37
1, 2103386, 1201556, 901830, 9017014.590244576, 67, 37, 30, 301.6005552576305, 38
1, 2103467, 1201597, 901870, 9017331.890244577, 81, 41, 40, 317.3, 42
51, 2103553, 1201633, 901920, 9017653.716409225, 86, 36, 50, 321.82616464756694, 37
1, 2103628, 1201668, 901960, 9017964.099504864, 75, 35, 40, 310.38309563827124, 36
1, 2103669, 1201709, 901960, 9018230.343458308, 41, 41, 0, 266.24395344352433, 41
1, 2103721, 1201761, 901960, 9018514.278419737, 52, 52, 0, 283.93496142826496, 52
1, 2103785, 1201795, 901990, 9018812.021132212, 64, 34, 30, 297.742712474619, 35
51, 2103911, 1201831, 902080, 9019168.458028095, 126, 36, 90, 356.43689588345075, 38
1, 2103949, 1201869, 902080, 9019429.340407714, 38, 38, 0, 260.88237961983884, 38
1, 2103990, 1201910, 902080, 9019695.584361158, 41, 41, 0, 266.24395344352433, 41
51, 2104076, 1201946, 902130, 9020017.410525806, 86, 36, 50, 321.82616464756694, 37
1, 2104123, 1201993, 902130, 9020293.643575676, 47, 47, 0, 276.2330498695885, 47
1, 2104232, 1202032, 902200, 9020636.758207176, 109, 39, 70, 343.114631499574, 41
1, 2104269, 1202069, 902200, 9020895.790778631, 37, 37, 0, 259.03257145596604, 37
1, 2104315, 1202115, 902200, 9021170.419847345, 46, 46, 0, 274.6290687140218, 46
51, 2104436, 1202156, 902280, 9021523.48232638, 121, 41, 80, 353.06247903554, 43
1, 2104470, 1202190, 902280, 9021776.755966658, 34, 34, 0, 253.2736402766418, 34
1, 2104537, 1202217, 902320, 9022077.356521916, 67, 27, 40, 300.6005552576305, 28
1, 2104578, 1202258, 902320, 9022343.60047536, 41, 41, 0, 266.24395344352433, 41
51, 2104659, 1202289, 902370, 9022659.90047536, 81, 31, 50, 316.3, 32
1, 2104702, 1202332, 902370, 9022929.575435564, 43, 43, 0, 269.6749602031015, 43
1, 2104815, 1202375, 902440, 9023276.414479433, 113, 43, 70, 346.83904386951343, 45
51, 2104894, 1202404, 902490, 9023590.445229562, 79, 29, 50, 314.03075013013313, 30
1, 2104927, 1202437, 902490, 9023841.723402254, 33, 33, 0, 251.27817269284301, 33
1, 2104957, 1202467, 902490, 9024086.758134186, 30, 30, 0, 245.0347319320716, 30
51, 2105092, 1202522, 902570, 9024451.823944127, 135, 55, 80, 365.06580994024984, 57
1, 2105131, 1202561, 902570, 9024714.523884071, 39, 39, 0, 262.6999399439383, 39
1, 2105214, 1202604, 902610, 9025034.058832001, 83, 43, 40, 319.5349479292333, 44
1, 2105253, 1202643, 902610, 9025296.758771945, 39, 39, 0, 262.6999399439383, 39
51, 2105372, 1202682, 902690, 9025648.042167148, 119, 39, 80, 351.28339520229764, 41
1, 2105412, 1202722, 902690, 9025912.528853085, 40, 40, 0, 264.4866859365871, 40
1, 2105454, 1202764, 902690, 9026180.501842586, 42, 42, 0, 267.97298950218305, 42
1, 2105537, 1202807, 902730, 9026500.036790516, 83, 43, 40, 319.5349479292333, 44
51, 2105650, 1202840, 902810, 9026845.875834385, 113, 33, 80, 345.83904386951343, 35
1, 2105683, 1202873, 902810, 9027097.154007077, 33, 33, 0, 251.27817269284301, 33
1, 2105730, 1202920, 902810, 9027373.387056947, 47, 47, 0, 276.2330498695885, 47
1, 2105842, 1202962, 902880, 9027719.302369287, 112, 42, 70, 345.91531233955715, 44
1, 2105880, 1203000, 902880, 9027980.184748907, 38, 38, 0, 260.88237961983884, 38
51, 2105961, 1203031, 902930, 9028296.484748907, 81, 31, 50, 316.3, 32
1, 2106027, 1203067, 902960, 9028596.811737185, 66, 36, 30, 300.32698827717985, 37
1, 2106077, 1203117, 902960, 9028877.726532033, 50, 50, 0, 280.9147948472494, 50
51, 2106205, 1203155, 903050, 9029235.885098135, 128, 38, 90, 358.1585661014858, 40
1, 2106249, 1203199, 903050, 9029507.236055825, 44, 44, 0, 271.35095769013947, 44
1, 2106314, 1203234, 903080, 9029806.277207268, 65, 35, 30, 299.04115144336777, 36
1, 2106352, 1203272, 903080, 9030067.159586888, 38, 38, 0, 260.88237961983884, 38
51, 2106439, 1203309, 903130, 9030390.067167886, 87, 37, 50, 322.9075809977351, 38
1, 2106474, 1203344, 903130, 9030645.297095796, 35, 35, 0, 255.22992790977875, 35
1, 2106574, 1203374, 903200, 9030979.724861814, 100, 30, 70, 334.42776601683795, 32
51, 2106656, 1203406, 903250, 9031297.146531656, 82, 32, 50, 317.42166984345636, 33
1, 2106689, 1203439, 903250, 9031548.424704349, 33, 33, 0, 251.27817269284301, 33
1, 2106729, 1203479, 903250, 9031812.911390286, 40, 40, 0, 264.4866859365871, 40
1, 2106810, 1203530, 903280, 9032131.211390287, 81, 51, 30, 318.3, 52
1, 2106888, 1203568, 903320, 9032445.094176907, 78, 38, 40, 313.8827866200841, 39
51, 2106987, 1203617, 903370, 9032780.42839146, 99, 49, 50, 335.33421455299043, 50
1, 2107056, 1203656, 903400, 9033084.54053317, 69, 39, 30, 304.1121417102006, 40
1, 2107095, 1203695, 903400, 9033347.240473114, 39, 39, 0, 262.6999399439383, 39
51, 2107187, 1203737, 903450, 9033675.444574581, 92, 42, 50, 328.20410146824725, 43
1, 2107293, 1203773, 903520, 9034015.71261819, 106, 36, 70, 340.2680436096278, 38
1, 2107327, 1203807, 903520, 9034268.986258468, 34, 34, 0, 253.2736402766418, 34
1, 2107404, 1203844, 903560, 9034581.711922234, 77, 37, 40, 312.72566376652986, 38
1, 2107476, 1203886, 903590, 9034889.506985258, 72, 42, 30, 307.79506302439404, 43
51, 2107569, 1203929, 903640, 9035218.749265166, 93, 43, 50, 329.24227990714814, 44
1, 2107638, 1203968, 903670, 9035522.861406876, 69, 39, 30, 304.1121417102006, 40
1, 2107719, 1204009, 903710, 9035840.161406877, 81, 41, 40, 317.3, 42
1, 2107766, 1204056, 903710, 9036116.394456746, 47, 47, 0, 276.2330498695885, 47
51, 2107860, 1204100, 903760, 9036446.668182595, 94, 44, 50, 330.273725847777, 45
1, 2107907, 1204147, 903760, 9036722.901232464, 47, 47, 0, 276.2330498695885, 47
1, 2108019, 1204189, 903830, 9037068.816544805, 112, 42, 70, 345.91531233955715, 44
1, 2108060, 1204230, 903830, 9037335.060498249, 41, 41, 0, 266.24395344352433, 41
51, 2108144, 1204264, 903880, 9037654.700508652, 84, 34, 50, 319.64001040350905, 35
1, 2108263, 1204313, 903950, 9038006.983903855, 119, 49, 70, 352.28339520229764, 51
1, 2108305, 1204355, 903950, 9038274.956893357, 42, 42, 0, 267.97298950218305, 42
1, 2108374, 1204394, 903980, 9038579.069035066, 69, 39, 30, 304.1121417102006, 40
1, 2108407, 1204427, 903980, 9038830.347207759, 33, 33, 0, 251.27817269284301, 33
51, 2108569, 1204469, 904100, 9039212.80934226, 162, 42, 120, 382.4621345008163, 45
1, 2108604, 1204504, 904100, 9039468.03927017, 35, 35, 0, 255.22992790977875, 35
1, 2108644, 1204544, 904100, 9039732.525956107, 40, 40, 0, 264.4866859365871, 40
51, 2108764, 1204574, 904190, 9040083.701048072, 120, 30, 90, 351.1750919646873, 32
1, 2108813, 1204623, 904190, 9040363.076179178, 49, 49, 0, 279.3751311064591, 49
1, 2108879, 1204659, 904220, 9040663.403167456, 66, 36, 30, 300.32698827717985, 37
1, 2108919, 1204699, 904220, 9040927.889853394, 40, 40, 0, 264.4866859365871, 40
51, 2109080, 1204740, 904340, 9041309.600149995, 161, 41, 120, 381.7102966008917, 44
1, 2109128, 1204788, 904340, 9041587.414952585, 48, 48, 0, 277.8148025904985, 48
1, 2109170, 1204830, 904340, 9041855.387942087, 42, 42, 0, 267.97298950218305, 42
1, 2109236, 1204866, 904370, 9042155.714930365, 66, 36, 30, 300.32698827717985, 37
51, 2109365, 1204905, 904460, 9042514.728530856, 129, 39, 90, 359.01360049114555, 41
1, 2109404, 1204944, 904460, 9042777.4284708, 39, 39, 0, 262.6999399439383, 39
1, 2109455, 1204995, 904460, 9043059.862982579, 51, 51, 0, 282.43451177837886, 51
1, 2109499, 1205039, 904460, 9043331.213940268, 44, 44, 0, 271.35095769013947, 44
51, 2109669, 1205089, 904580, 9043719.601253953, 170, 50, 120, 388.38731368472776, 53
1, 2109699, 1205119, 904580, 9043964.635985885, 30, 30, 0, 245.0347319320716, 30
1, 2109734, 1205154, 904580, 9044219.865913795, 35, 35, 0, 255.22992790977875, 35
1, 2109794, 1205184, 904610, 9044512.281682167, 60, 30, 30, 292.41576837137404, 31
1, 2109875, 1205225, 904650, 9044829.581682168, 81, 41, 40, 317.3, 42
51, 2109997, 1205267, 904730, 9045183.527300721, 122, 42, 80, 353.9456185537469, 44
1, 2110047, 1205317, 904730, 9045464.442095568, 50, 50, 0, 280.9147948472494, 50
1, 2110081, 1205351, 904730, 9045717.715735845, 34, 34, 0, 253.2736402766418, 34
1, 2110161, 1205391, 904770, 9046033.88549209, 80, 40, 40, 316.1697562442441, 41
51, 2110252, 1205432, 904820, 9046361.044554029, 91, 41, 50, 327.1590619387661, 42
1, 2110299, 1205479, 904820, 9046637.277603898, 47, 47, 0, 276.2330498695885, 47
1, 2110370, 1205520, 904850, 9046943.855914718, 71, 41, 30, 306.57831081870995, 42
1, 2110453, 1205563, 904890, 9047263.390862647, 83, 43, 40, 319.5349479292333, 44
51, 2110570, 1205600, 904970, 9047612.877679447, 117, 37, 80, 349.4868167986058, 39
1, 2110611, 1205641, 904970, 9047879.12163289, 41, 41, 0, 266.24395344352433, 41
1, 2110639, 1205669, 904970, 9048119.75429627, 28, 28, 0, 240.63266337912057, 28
1, 2110700, 1205700, 905000, 9048413.522535536, 61, 31, 30, 293.7682392671241, 32
1, 2110736, 1205736, 905000, 9048670.671509815, 36, 36, 0, 257.1489742783178, 36
51, 2110875, 1205785, 905090, 9049038.034672117, 139, 49, 90, 367.36316230125203, 51
1, 2110909, 1205819, 905090, 9049291.308312394, 34, 34, 0, 253.2736402766418, 34
1, 2110981, 1205861, 905120, 9049599.103375418, 72, 42, 30, 307.79506302439404, 43
1, 2111065, 1205905, 905160, 9049919.743385822, 84, 44, 40, 320.64001040350905, 45
1, 2111131, 1205941, 905190, 9050220.0703741, 66, 36, 30, 300.32698827717985, 37
51, 2111222, 1205982, 905240, 9050547.229436038, 91, 41, 50, 327.1590619387661, 42
1, 2111337, 1206027, 905310, 9050895.9016531, 115, 45, 70, 348.6722170622053, 47
1, 2111376, 1206066, 905310, 9051158.601593044, 39, 39, 0, 262.6999399439383, 39
51, 2111459, 1206099, 905360, 9051477.136540974, 83, 33, 50, 318.5349479292333, 34
1, 2111505, 1206145, 905360, 9051751.765609687, 46, 46, 0, 274.6290687140218, 46
1, 2111543, 1206183, 905360, 9052012.647989307, 38, 38, 0, 260.88237961983884, 38
51, 2111704, 1206224, 905480, 9052394.358285908, 161, 41, 120, 381.7102966008917, 44
1, 2111742, 1206262, 905480, 9052655.240665527, 38, 38, 0, 260.88237961983884, 38
1, 2111790, 1206310, 905480, 9052933.055468118, 48, 48, 0, 277.8148025904985, 48
1, 2111873, 1206353, 905520, 9053252.590416048, 83, 43, 40, 319.5349479292333, 44
51, 2111956, 1206386, 905570, 9053571.125363978, 83, 33, 50, 318.5349479292333, 34
1, 2111994, 1206424, 905570, 9053832.007743597, 38, 38, 0, 260.88237961983884, 38
1, 2112101, 1206461, 905640, 9054173.229888868, 107, 37, 70, 341.2221452697031, 39
1, 2112139, 1206499, 905640, 9054434.112268487, 38, 38, 0, 260.88237961983884, 38
51, 2112258, 1206538, 905720, 9054785.39566369, 119, 39, 80, 351.28339520229764, 41
1, 2112297, 1206577, 905720, 9055048.095603634, 39, 39, 0, 262.6999399439383, 39
1, 2112337, 1206617, 905720, 9055312.582289571, 40, 40, 0, 264.4866859365871, 40
1, 2112419, 1206659, 905760, 9055631.003959414, 82, 42, 40, 318.42166984345636, 43
51, 2112507, 1206697, 905810, 9055954.985390775, 88, 38, 50, 323.98143136087856, 39
1, 2112594, 1206744, 905850, 9056278.892971773, 87, 47, 40, 323.9075809977351, 48
1, 2112666, 1206786, 905880, 9056586.688034797, 72, 42, 30, 307.79506302439404, 43
1, 2112713, 1206833, 905880, 9056862.921084667, 47, 47, 0, 276.2330498695885, 47
51, 2112840, 1206870, 905970, 9057220.220766965, 127, 37, 90, 357.2996822992933, 39
1, 2112880, 1206910, 905970, 9057484.707452903, 40, 40, 0, 264.4866859365871, 40
1, 2112925, 1206955, 905970, 9057757.709459314, 45, 45, 0, 273.00200641113514, 45
1, 2113037, 1206997, 906040, 9058103.624771655, 112, 42, 70, 345.91531233955715, 44
51, 2113126, 1207036, 906090, 9058428.672637219, 89, 39, 50, 325.0478655640733, 40
1, 2113158, 1207068, 906090, 9058677.914060218, 32, 32, 0, 249.24142300054422, 32
1, 2113234, 1207104, 906130, 9058989.473232592, 76, 36, 40, 311.5591723737189, 37
1, 2113301, 1207141, 906160, 9059291.07378785, 67, 37, 30, 301.6005552576305, 38
51, 2113389, 1207179, 906210, 9059615.05521921, 88, 38, 50, 323.98143136087856, 39
1, 2113425, 1207215, 906210, 9059872.20419349, 36, 36, 0, 257.1489742783178, 36
1, 2113501, 1207251, 906250, 9060183.763365863, 76, 36, 40, 311.5591723737189, 37
51, 2113626, 1207296, 906330, 9060540.33351835, 125, 45, 80, 356.57015248821097, 47
1, 2113665, 1207335, 906330, 9060803.033458294, 39, 39, 0, 262.6999399439383, 39
1, 2113739, 1207379, 906360, 9061113.230667062, 74, 44, 30, 310.1972087668518, 45
1, 2113830, 1207430, 906400, 9061441.389729, 91, 51, 40, 328.1590619387661, 52
51, 2113921, 1207471, 906450, 9061768.54879094, 91, 41, 50, 327.1590619387661, 42
1, 2113955, 1207505, 906450, 9062021.822431216, 34, 34, 0, 253.2736402766418, 34
1, 2114069, 1207549, 906520, 9062369.580418907, 114, 44, 70, 347.75798769167545, 46
1, 2114096, 1207576, 906520, 9062607.931124603, 27, 27, 0, 238.35070569547776, 27
51, 2114189, 1207619, 906570, 9062937.173404511, 93, 43, 50, 329.24227990714814, 44
1, 2114273, 1207663, 906610, 9063257.813414915, 84, 44, 40, 320.64001040350905, 45
1, 2114330, 1207690, 906640, 9063546.08303542, 57, 27, 30, 288.2696205054472, 28
1, 2114374, 1207734, 906640, 9063817.43399311, 44, 44, 0, 271.35095769013947, 44
1, 2114454, 1207774, 906680, 9064133.603749355, 80, 40, 40, 316.1697562442441, 41
51, 2114577, 1207817, 906760, 9064488.428320616, 123, 43, 80, 354.8245712617827, 45
1, 2114616, 1207856, 906760, 9064751.12826056, 39, 39, 0, 262.6999399439383, 39
1, 2114664, 1207904, 906760, 9065028.943063151, 48, 48, 0, 277.8148025904985, 48
1, 2114704, 1207944, 906760, 9065293.429749088, 40, 40, 0, 264.4866859365871, 40
51, 2114834, 1207984, 906850, 9065653.294586627, 130, 40, 90, 359.86483753851803, 42
1, 2114905, 1208025, 906880, 9065959.872897446, 71, 41, 30, 306.57831081870995, 42
1, 2114946, 1208066, 906880, 9066226.11685089, 41, 41, 0, 266.24395344352433, 41
1, 2114991, 1208111, 906880, 9066499.118857302, 45, 45, 0, 273.00200641113514, 45
51, 2115081, 1208151, 906930, 9066825.225886125, 90, 40, 50, 326.1070288241023, 41
1, 2115119, 1208189, 906930, 9067086.108265745, 38, 38, 0, 260.88237961983884, 38
1, 2115227, 1208227, 907000, 9067428.27924529, 108, 38, 70, 342.1709795470626, 40
1, 2115260, 1208260, 907000, 9067679.557417983, 33, 33, 0, 251.27817269284301, 33
51, 2115421, 1208301, 907120, 9068061.267714584, 161, 41, 120, 381.7102966008917, 44
1, 2115463, 1208343, 907120, 9068329.240704086, 42, 42, 0, 267.97298950218305, 42
1, 2115497, 1208377, 907120, 9068582.514344363, 34, 34, 0, 253.2736402766418, 34
1, 2115586, 1208426, 907160, 9068908.562209927, 89, 49, 40, 326.0478655640733, 50
51, 2115701, 1208461, 907240, 9069256.234426988, 115, 35, 80, 347.6722170622053, 37
1, 2115752, 1208512, 907240, 9069538.668938767, 51, 51, 0, 282.43451177837886, 51
1, 2115820, 1208550, 907270, 9069841.53110987, 68, 38, 30, 302.86217110259, 39
51, 2115914, 1208594, 907320, 9070171.804835718, 94, 44, 50, 330.273725847777, 45
1, 2115987, 1208627, 907360, 9070479.806114288, 73, 33, 40, 308.00127856917646, 34
1, 2116025, 1208665, 907360, 9070740.688493907, 38, 38, 0, 260.88237961983884, 38
1, 2116066, 1208706, 907360, 9071006.932447352, 41, 41, 0, 266.24395344352433, 41
51, 2116181, 1208741, 907440, 9071354.604664413, 115, 35, 80, 347.6722170622053, 37
1, 2116259, 1208779, 907480, 9071668.487451034, 78, 38, 40, 313.8827866200841, 39
1, 2116330, 1208820, 907510, 9071975.065761853, 71, 41, 30, 306.57831081870995, 42
1, 2116375, 1208865, 907510, 9072248.067768265, 45, 45, 0, 273.00200641113514, 45
1, 2116448, 1208908, 907540, 9072557.069046834, 73, 43, 30, 309.00127856917646, 44
51, 2116583, 1208953, 907630, 9072921.134856775, 135, 45, 90, 364.06580994024984, 47
1, 2116665, 1209005, 907660, 9073240.556526618, 82, 52, 30, 319.42166984345636, 53
1, 2116739, 1209039, 907700, 9073549.753735386, 74, 34, 40, 309.1972087668518, 35
1, 2116778, 1209078, 907700, 9073812.45367533, 39, 39, 0, 262.6999399439383, 39
51, 2116891, 1209111, 907780, 9074158.292719198, 113, 33, 80, 345.83904386951343, 35
1, 2116978, 1209158, 907820, 9074482.200300196, 87, 47, 40, 323.9075809977351, 48
1, 2117015, 1209195, 907820, 9074741.232871652, 37, 37, 0, 259.03257145596604, 37
1, 2117078, 1209228, 907850, 9075037.664196378, 63, 33, 30, 296.43132472612575, 34
51, 2117199, 1209259, 907940, 9075389.726675414, 121, 31, 90, 352.06247903554, 33
1, 2117241, 1209301, 907940, 9075657.699664915, 42, 42, 0, 267.97298950218305, 42
1, 2117302, 1209332, 907970, 9075951.467904182, 61, 31, 30, 293.7682392671241, 32
51, 2117392, 1209372, 908020, 9076277.574933005, 90, 40, 50, 326.1070288241023, 41
1, 2117435, 1209415, 908020, 9076547.249893209, 43, 43, 0, 269.6749602031015, 43
1, 2117506, 1209446, 908060, 9076852.828204028, 71, 31, 40, 305.57831081870995, 32
51, 2117598, 1209488, 908110, 9077181.032305496, 92, 42, 50, 328.20410146824725, 43
1, 2117676, 1209536, 908140, 9077495.915092116, 78, 48, 30, 314.8827866200841, 49
1, 2117712, 1209572, 908140, 9077753.064066395, 36, 36, 0, 257.1489742783178, 36
1, 2117789, 1209609, 908180, 9078065.789730161, 77, 37, 40, 312.72566376652986, 38
1, 2117831, 1209651, 908180, 9078333.762719663, 42, 42, 0, 267.97298950218305, 42
51, 2117946, 1209686, 908260, 9078681.434936725, 115, 35, 80, 347.6722170622053, 37
1, 2117983, 1209723, 908260, 9078940.46750818, 37, 37, 0, 259.03257145596604, 37
1, 2118064, 1209774, 908290, 9079258.76750818, 81, 51, 30, 318.3, 52
1, 2118107, 1209817, 908290, 9079528.442468384, 43, 43, 0, 269.6749602031015, 43
51, 2118252, 1209872, 908380, 9079900.65247658, 145, 55, 90, 372.2100081956181, 57
1, 2118331, 1209921, 908410, 9080216.68322671, 79, 49, 30, 316.03075013013313, 50
1, 2118363, 1209953, 908410, 9080465.92464971, 32, 32, 0, 249.24142300054422, 32
1, 2118397, 1209987, 908410, 9080719.198289987, 34, 34, 0, 253.2736402766418, 34
51, 2118521, 1210021, 908500, 9081073.897686535, 124, 34, 90, 354.6993965481514, 36
1, 2118562, 1210062, 908500, 9081340.14163998, 41, 41, 0, 266.24395344352433, 41
1, 2118637, 1210107, 908530, 9081651.524735618, 75, 45, 30, 311.38309563827124, 46
1, 2118677, 1210147, 908530, 9081916.011421556, 40, 40, 0, 264.4866859365871, 40
51, 2118842, 1210192, 908650, 9082300.713884978, 165, 45, 120, 384.7024634215721, 48
1, 2118873, 1210223, 908650, 9082547.874991154, 31, 31, 0, 247.1611061770567, 31
1, 2118909, 1210259, 908650, 9082805.023965433, 36, 36, 0, 257.1489742783178, 36
1, 2118955, 1210305, 908650, 9083079.653034147, 46, 46, 0, 274.6290687140218, 46
51, 2119084, 1210344, 908740, 9083438.666634638, 129, 39, 90, 359.01360049114555, 41
1, 2119131, 1210391, 908740, 9083714.899684507, 47, 47, 0, 276.2330498695885, 47
1, 2119206, 1210436, 908770, 9084026.282780146, 75, 45, 30, 311.38309563827124, 46
1, 2119243, 1210473, 908770, 9084285.315351602, 37, 37, 0, 259.03257145596604, 37
51, 2119362, 1210512, 908850, 9084636.598746805, 119, 39, 80, 351.28339520229764, 41
1, 2119448, 1210558, 908890, 9084959.424911452, 86, 46, 40, 322.82616464756694, 47
1, 2119485, 1210595, 908890, 9085218.457482908, 37, 37, 0, 259.03257145596604, 37
1, 2119524, 1210634, 908890, 9085481.157422852, 39, 39, 0, 262.6999399439383, 39
51, 2119621, 1210681, 908940, 9085814.486322124, 97, 47, 50, 333.3288992714996, 48
1, 2119733, 1210723, 909010, 9086160.401634464, 112, 42, 70, 345.91531233955715, 44
1, 2119789, 1210779, 909010, 9086450.158114437, 56, 56, 0, 289.7564799734761, 56
1, 2119824, 1210814, 909010, 9086705.388042348, 35, 35, 0, 255.22992790977875, 35
51, 2119963, 1210863, 909100, 9087072.751204649, 139, 49, 90, 367.36316230125203, 51
1, 2120034, 1210904, 909130, 9087379.329515468, 71, 41, 30, 306.57831081870995, 42
1, 2120081, 1210951, 909130, 9087655.562565338, 47, 47, 0, 276.2330498695885, 47
1, 2120113, 1210983, 909130, 9087904.803988338, 32, 32, 0, 249.24142300054422, 32
1, 2120195, 1211025, 909170, 9088223.22565818, 82, 42, 40, 318.42166984345636, 43
51, 2120287, 1211067, 909220, 9088551.429759648, 92, 42, 50, 328.20410146824725, 43
1, 2120360, 1211110, 909250, 9088860.431038218, 73, 43, 30, 309.00127856917646, 44
1, 2120439, 1211149, 909290, 9089175.461788347, 79, 39, 40, 315.03075013013313, 40
1, 2120476, 1211186, 909290, 9089434.494359802, 37, 37, 0, 259.03257145596604, 37
51, 2120600, 1211230, 909370, 9089790.193756351, 124, 44, 80, 355.6993965481514, 46
1, 2120641, 1211271, 909370, 9090056.437709795, 41, 41, 0, 266.24395344352433, 41
1, 2120717, 1211317, 909400, 9090368.996882169, 76, 46, 30, 312.5591723737189, 47
1, 2120802, 1211362, 909440, 9090690.73390984, 85, 45, 40, 321.73702767108114, 46
1, 2120847, 1211407, 909440, 9090963.735916251, 45, 45, 0, 273.00200641113514, 45
51, 2120975, 1211445, 909530, 9091321.894482354, 128, 38, 90, 358.1585661014858, 40
1, 2121008, 1211478, 909530, 9091573.172655046, 33, 33, 0, 251.27817269284301, 33
1, 2121089, 1211529, 909560, 9091891.472655047, 81, 51, 30, 318.3, 52
51, 2121181, 1211571, 909610, 9092219.676756514, 92, 42, 50, 328.20410146824725, 43
1, 2121213, 1211603, 909610, 9092468.918179514, 32, 32, 0, 249.24142300054422, 32
1, 2121292, 1211642, 909650, 9092783.948929643, 79, 39, 40, 315.03075013013313, 40
51, 2121377, 1211677, 909700, 9093104.685957314, 85, 35, 50, 320.73702767108114, 36
1, 2121446, 1211716, 909730, 9093408.798099024, 69, 39, 30, 304.1121417102006, 40
1, 2121475, 1211745, 909730, 9093651.657677734, 29, 29, 0, 242.8595787106084, 29
51, 2121565, 1211785, 909780, 9093977.764706558, 90, 40, 50, 326.1070288241023, 41
1, 2121644, 1211824, 909820, 9094292.795456687, 79, 39, 40, 315.03075013013313, 40
1, 2121689, 1211869, 909820, 9094565.797463099, 45, 45, 0, 273.00200641113514, 45
1, 2121727, 1211907, 909820, 9094826.679842718, 38, 38, 0, 260.88237961983884, 38
51, 2121849, 1211949, 909900, 9095180.625461271, 122, 42, 80, 353.9456185537469, 44
1, 2121893, 1211993, 909900, 9095451.97641896, 44, 44, 0, 271.35095769013947, 44
1, 2121982, 1212042, 909940, 9095778.024284525, 89, 49, 40, 326.0478655640733, 50
1, 2122018, 1212078, 909940, 9096035.173258804, 36, 36, 0, 257.1489742783178, 36
51, 2122102, 1212112, 909990, 9096354.813269207, 84, 34, 50, 319.64001040350905, 35
1, 2122173, 1212143, 910030, 9096660.391580027, 71, 31, 40, 305.57831081870995, 32
1, 2122244, 1212184, 910060, 9096966.969890846, 71, 41, 30, 306.57831081870995, 42
1, 2122280, 1212220, 910060, 9097224.118865125, 36, 36, 0, 257.1489742783178, 36
51, 2122361, 1212251, 910110, 9097540.418865126, 81, 31, 50, 316.3, 32
1, 2122405, 1212295, 910110, 9097811.769822815, 44, 44, 0, 271.35095769013947, 44
1, 2122492, 1212342, 910150, 9098135.677403813, 87, 47, 40, 323.9075809977351, 48
1, 2122533, 1212383, 910150, 9098401.921357257, 41, 41, 0, 266.24395344352433, 41
1, 2122598, 1212418, 910180, 9098700.9625087, 65, 35, 30, 299.04115144336777, 36
51, 2122728, 1212458, 910270, 9099060.82734624, 130, 40, 90, 359.86483753851803, 42
1, 2122796, 1212496, 910300, 9099363.689517342, 68, 38, 30, 302.86217110259, 39
1, 2122841, 1212541, 910300, 9099636.691523753, 45, 45, 0, 273.00200641113514, 45
1, 2122917, 1212587, 910330, 9099949.250696126, 76, 46, 30, 312.5591723737189, 47
1, 2122996, 1212626, 910370, 9100264.281446256, 79, 39, 40, 315.03075013013313, 40
51, 2123087, 1212667, 910420, 9100591.440508194, 91, 41, 50, 327.1590619387661, 42
1, 2123168, 1212708, 910460, 9100908.740508195, 81, 41, 40, 317.3, 42
1, 2123243, 1212753, 910490, 9101220.123603834, 75, 45, 30, 311.38309563827124, 46
1, 2123281, 1212791, 910490, 9101481.005983453, 38, 38, 0, 260.88237961983884, 38
1, 2123351, 1212831, 910520, 9101786.356744304, 70, 40, 30, 305.3507608519078, 41
51, 2123455, 1212885, 910570, 9102126.600431062, 104, 54, 50, 340.243686757474, 55
1, 2123569, 1212929, 910640, 9102474.358418753, 114, 44, 70, 347.75798769167545, 46
1, 2123612, 1212972, 910640, 9102744.033378957, 43, 43, 0, 269.6749602031015, 43
51, 2123772, 1213012, 910760, 9103124.989260964, 160, 40, 120, 380.95588200778457, 43
1, 2123807, 1213047, 910760, 9103380.219188875, 35, 35, 0, 255.22992790977875, 35
1, 2123871, 1213081, 910790, 9103677.96190135, 64, 34, 30, 297.742712474619, 35
1, 2123909, 1213119, 910790, 9103938.84428097, 38, 38, 0, 260.88237961983884, 38
1, 2123988, 1213158, 910830, 9104253.875031099, 79, 39, 40, 315.03075013013313, 40
51, 2124079, 1213199, 910880, 9104581.034093037, 91, 41, 50, 327.1590619387661, 42
1, 2124149, 1213239, 910910, 9104886.384853888, 70, 40, 30, 305.3507608519078, 41
1, 2124182, 1213272, 910910, 9105137.66302658, 33, 33, 0, 251.27817269284301, 33
1, 2124213, 1213303, 910910, 9105384.824132757, 31, 31, 0, 247.1611061770567, 31
1, 2124292, 1213342, 910950, 9105699.854882887, 79, 39, 40, 315.03075013013313, 40
51, 2124387, 1213387, 911000, 9106031.153447023, 95, 45, 50, 331.2985641352145, 46
1, 2124425, 1213425, 911000, 9106292.035826642, 38, 38, 0, 260.88237961983884, 38
1, 2124498, 1213468, 911030, 9106601.037105212, 73, 43, 30, 309.00127856917646, 44
1, 2124540, 1213510, 911030, 9106869.010094713, 42, 42, 0, 267.97298950218305, 42
51, 2124633, 1213553, 911080, 9107198.252374621, 93, 43, 50, 329.24227990714814, 44
1, 2124694, 1213574, 911120, 9107491.020613888, 61, 21, 40, 292.7682392671241, 22
1, 2124735, 1213615, 911120, 9107757.264567332, 41, 41, 0, 266.24395344352433, 41
1, 2124808, 1213658, 911150, 9108066.265845902, 73, 43, 30, 309.00127856917646, 44
1, 2124849, 1213699, 911150, 9108332.509799346, 41, 41, 0, 266.24395344352433, 41
51, 2124946, 1213746, 911200, 9108665.838698618, 97, 47, 50, 333.3288992714996, 48
1, 2125028, 1213788, 911240, 9108984.26036846, 82, 42, 40, 318.42166984345636, 43
1, 2125063, 1213823, 911240, 9109239.490296371, 35, 35, 0, 255.22992790977875, 35
1, 2125128, 1213858, 911270, 9109538.531447815, 65, 35, 30, 299.04115144336777, 36
51, 2125222, 1213902, 911320, 9109868.805173663, 94, 44, 50, 330.273725847777, 45
1, 2125302, 1213942, 911360, 9110184.974929908, 80, 40, 40, 316.1697562442441, 41
1, 2125343, 1213983, 911360, 9110451.218883352, 41, 41, 0, 266.24395344352433, 41
51, 2125458, 1214018, 911440, 9110798.891100414, 115, 35, 80, 347.6722170622053, 37
1, 2125532, 1214052, 911480, 9111108.088309182, 74, 34, 40, 309.1972087668518, 35
1, 2125592, 1214082, 911510, 9111400.504077554, 60, 30, 30, 292.41576837137404, 31
51, 2125736, 1214136, 911600, 9111771.914239068, 144, 54, 90, 371.41016151377545, 56
1, 2125812, 1214182, 911630, 9112084.47341144, 76, 46, 30, 312.5591723737189, 47
1, 2125851, 1214221, 911630, 9112347.173351385, 39, 39, 0, 262.6999399439383, 39
51, 2125983, 1214263, 911720, 9112708.729473813, 132, 42, 90, 361.55612242701943, 44
1, 2126022, 1214302, 911720, 9112971.429413756, 39, 39, 0, 262.6999399439383, 39
1, 2126058, 1214338, 911720, 9113228.578388035, 36, 36, 0, 257.1489742783178, 36
1, 2126123, 1214373, 911750, 9113527.619539479, 65, 35, 30, 299.04115144336777, 36
51, 2126254, 1214414, 911840, 9113888.331867695, 131, 41, 90, 360.7123282155055, 43
1, 2126294, 1214454, 911840, 9114152.818553632, 40, 40, 0, 264.4866859365871, 40
1, 2126330, 1214490, 911840, 9114409.967527911, 36, 36, 0, 257.1489742783178, 36
1, 2126372, 1214532, 911840, 9114677.940517412, 42, 42, 0, 267.97298950218305, 42
51, 2126495, 1214575, 911920, 9115032.765088674, 123, 43, 80, 354.8245712617827, 45
1, 2126537, 1214617, 911920, 9115300.738078175, 42, 42, 0, 267.97298950218305, 42
1, 2126647, 1214657, 911990, 9115644.791262222, 110, 40, 70, 344.0531840464366, 42
1, 2126682, 1214692, 911990, 9115900.021190133, 35, 35, 0, 255.22992790977875, 35
51, 2126768, 1214728, 912040, 9116221.84735478, 86, 36, 50, 321.82616464756694, 37
1, 2126857, 1214777, 912080, 9116547.895220345, 89, 49, 40, 326.0478655640733, 50
1, 2126900, 1214820, 912080, 9116817.570180548, 43, 43, 0, 269.6749602031015, 43
51, 2127028, 1214858, 912170, 9117175.72874665, 128, 38, 90, 358.1585661014858, 40
1, 2127092, 1214892, 912200, 9117473.471459126, 64, 34, 30, 297.742712474619, 35
1, 2127133, 1214933, 912200, 9117739.71541257, 41, 41, 0, 266.24395344352433, 41
51, 2127223, 1214973, 912250, 9118065.822441394, 90, 40, 50, 326.1070288241023, 41
1, 2127307, 1215017, 912290, 9118386.462451797, 84, 44, 40, 320.64001040350905, 45
1, 2127373, 1215053, 912320, 9118686.789440075, 66, 36, 30, 300.32698827717985, 37
1, 2127452, 1215092, 912360, 9119001.820190204, 79, 39, 40, 315.03075013013313, 40
1, 2127486, 1215126, 912360, 9119255.093830481, 34, 34, 0, 253.2736402766418, 34
51, 2127573, 1215163, 912410, 9119578.001411479, 87, 37, 50, 322.9075809977351, 38
1, 2127650, 1215200, 912450, 9119890.727075245, 77, 37, 40, 312.72566376652986, 38
1, 2127690, 1215240, 912450, 9120155.213761183, 40, 40, 0, 264.4866859365871, 40
1, 2127765, 1215285, 912480, 9120466.596856821, 75, 45, 30, 311.38309563827124, 46
51, 2127856, 1215326, 912530, 9120793.75591876, 91, 41, 50, 327.1590619387661, 42
1, 2127899, 1215369, 912530, 9121063.430878963, 43, 43, 0, 269.6749602031015, 43
1, 2127935, 1215405, 912530, 9121320.579853242, 36, 36, 0, 257.1489742783178, 36
51, 2128063, 1215443, 912620, 9121678.738419345, 128, 38, 90, 358.1585661014858, 40
1, 2128104, 1215484, 912620, 9121944.982372789, 41, 41, 0, 266.24395344352433, 41
1, 2128171, 1215521, 912650, 9122246.582928047, 67, 37, 30, 301.6005552576305, 38
1, 2128216, 1215566, 912650, 9122519.584934458, 45, 45, 0, 273.00200641113514, 45
51, 2128310, 1215610, 912700, 9122849.858660307, 94, 44, 50, 330.273725847777, 45
1, 2128377, 1215647, 912730, 9123151.459215565, 67, 37, 30, 301.6005552576305, 38
1, 2128467, 1215697, 912770, 9123478.566244388, 90, 50, 40, 327.1070288241023, 51
1, 2128505, 1215735, 912770, 9123739.448624007, 38, 38, 0, 260.88237961983884, 38
51, 2128670, 1215780, 912890, 9124124.15108743, 165, 45, 120, 384.7024634215721, 48
1, 2128712, 1215822, 912890, 9124392.12407693, 42, 42, 0, 267.97298950218305, 42
1, 2128749, 1215859, 912890, 9124651.156648386, 37, 37, 0, 259.03257145596604, 37
1, 2128820, 1215900, 912920, 9124957.734959206, 71, 41, 30, 306.57831081870995, 42
51, 2128917, 1215947, 912970, 9125291.063858477, 97, 47, 50, 333.3288992714996, 48
1, 2128995, 1215985, 913010, 9125604.946645098, 78, 38, 40, 313.8827866200841, 39
1, 2129025, 1216015, 913010, 9125849.98137703, 30, 30, 0, 245.0347319320716, 30
1, 2129098, 1216058, 913040, 9126158.9826556, 73, 43, 30, 309.00127856917646, 44
1, 2129142, 1216102, 913040, 9126430.33361329, 44, 44, 0, 271.35095769013947, 44
51, 2129263, 1216133, 913130, 9126782.396092325, 121, 31, 90, 352.06247903554, 33
1, 2129315, 1216185, 913130, 9127066.331053754, 52, 52, 0, 283.93496142826496, 52
1, 2129359, 1216229, 913130, 9127337.682011444, 44, 44, 0, 271.35095769013947, 44
51, 2129485, 1216275, 913210, 9127695.118907327, 126, 46, 80, 357.43689588345075, 48
1, 2129567, 1216317, 913250, 9128013.54057717, 82, 42, 40, 318.42166984345636, 43
1, 2129635, 1216355, 913280, 9128316.402748272, 68, 38, 30, 302.86217110259, 39
1, 2129711, 1216391, 913320, 9128627.961920645, 76, 36, 40, 311.5591723737189, 37
1, 2129751, 1216431, 913320, 9128892.448606582, 40, 40, 0, 264.4866859365871, 40
51, 2129847, 1216477, 913370, 9129224.765522597, 96, 46, 50, 332.31691601465747, 47
1, 2129912, 1216512, 913400, 9129523.80667404, 65, 35, 30, 299.04115144336777, 36
1, 2129993, 1216553, 913440, 9129841.106674042, 81, 41, 40, 317.3, 42
1, 2130029, 1216589, 913440, 9130098.25564832, 36, 36, 0, 257.1489742783178, 36
51, 2130122, 1216632, 913490, 9130427.497928228, 93, 43, 50, 329.24227990714814, 44
1, 2130158, 1216668, 913490, 9130684.646902507, 36, 36, 0, 257.1489742783178, 36
1, 2130197, 1216707, 913490, 9130947.346842451, 39, 39, 0, 262.6999399439383, 39
1, 2130260, 1216740, 913520, 9131243.778167177, 63, 33, 30, 296.43132472612575, 34
1, 2130339, 1216779, 913560, 9131558.808917306, 79, 39, 40, 315.03075013013313, 40
51, 2130433, 1216823, 913610, 9131889.082643155, 94, 44, 50, 330.273725847777, 45
1, 2130507, 1216867, 913640, 9132199.279851923, 74, 44, 30, 310.1972087668518, 45
1, 2130550, 1216910, 913640, 9132468.954812126, 43, 43, 0, 269.6749602031015, 43
51, 2130682, 1216952, 913730, 9132830.510934554, 132, 42, 90, 361.55612242701943, 44
1, 2130724, 1216994, 913730, 9133098.483924055, 42, 42, 0, 267.97298950218305, 42
1, 2130760, 1217030, 913730, 9133355.632898334, 36, 36, 0, 257.1489742783178, 36
1, 2130794, 1217064, 913730, 9133608.906538611, 34, 34, 0, 253.2736402766418, 34
51, 2130906, 1217096, 913810, 9133953.821850952, 112, 32, 80, 344.91531233955715, 34
1, 2131000, 1217150, 913850, 9134285.0955768, 94, 54, 40, 331.273725847777, 55
1, 2131040, 1217190, 913850, 9134549.582262738, 40, 40, 0, 264.4866859365871, 40
1, 2131082, 1217232, 913850, 9134817.55525224, 42, 42, 0, 267.97298950218305, 42
51, 2131208, 1217278, 913930, 9135174.992148122, 126, 46, 80, 357.43689588345075, 48
1, 2131286, 1217316, 913970, 9135488.874934742, 78, 38, 40, 313.8827866200841, 39
1, 2131313, 1217343, 913970, 9135727.225640438, 27, 27, 0, 238.35070569547776, 27
51, 2131403, 1217383, 914020, 9136053.332669262, 90, 40, 50, 326.1070288241023, 41
1, 2131471, 1217421, 914050, 9136356.194840364, 68, 38, 30, 302.86217110259, 39
1, 2131556, 1217466, 914090, 9136677.931868035, 85, 45, 40, 321.73702767108114, 46
1, 2131625, 1217505, 914120, 9136982.044009745, 69, 39, 30, 304.1121417102006, 40
1, 2131665, 1217545, 914120, 9137246.530695682, 40, 40, 0, 264.4866859365871, 40
51, 2131754, 1217584, 914170, 9137571.578561246, 89, 39, 50, 325.0478655640733, 40
1, 2131786, 1217616, 914170, 9137820.819984246, 32, 32, 0, 249.24142300054422, 32
1, 2131908, 1217668, 914240, 9138175.7656028, 122, 52, 70, 354.9456185537469, 54
51, 2131997, 1217707, 914290, 9138500.813468363, 89, 39, 50, 325.0478655640733, 40
1, 2132040, 1217750, 914290, 9138770.488428567, 43, 43, 0, 269.6749602031015, 43
1, 2132149, 1217789, 914360, 9139113.603060067, 109, 39, 70, 343.114631499574, 41
1, 2132191, 1217831, 914360, 9139381.576049568, 42, 42, 0, 267.97298950218305, 42
51, 2132284, 1217874, 914410, 9139710.818329476, 93, 43, 50, 329.24227990714814, 44
1, 2132326, 1217916, 914410, 9139978.791318977, 42, 42, 0, 267.97298950218305, 42
1, 2132365, 1217955, 914410, 9140241.491258921, 39, 39, 0, 262.6999399439383, 39
51, 2132487, 1217987, 914500, 9140594.436877474, 122, 32, 90, 352.9456185537469, 34
1, 2132554, 1218024, 914530, 9140896.037432732, 67, 37, 30, 301.6005552576305, 38
1, 2132592, 1218062, 914530, 9141156.919812351, 38, 38, 0, 260.88237961983884, 38
51, 2132714, 1218104, 914610, 9141510.865430905, 122, 42, 80, 353.9456185537469, 44
1, 2132750, 1218140, 914610, 9141768.014405183, 36, 36, 0, 257.1489742783178, 36
1, 2132825, 1218175, 914650, 9142078.397500822, 75, 35, 40, 310.38309563827124, 36
1, 2132866, 1218216, 914650, 9142344.641454266, 41, 41, 0, 266.24395344352433, 41
1, 2132947, 1218267, 914680, 9142662.941454267, 81, 51, 30, 318.3, 52
51, 2133033, 1218303, 914730, 9142984.767618915, 86, 36, 50, 321.82616464756694, 37
1, 2133071, 1218341, 914730, 9143245.649998534, 38, 38, 0, 260.88237961983884, 38
1, 2133159, 1218389, 914770, 9143570.631429896, 88, 48, 40, 324.98143136087856, 49
1, 2133237, 1218437, 914800, 9143885.514216516, 78, 48, 30, 314.8827866200841, 49
1, 2133272, 1218472, 914800, 9144140.744144427, 35, 35, 0, 255.22992790977875, 35
51, 2133428, 1218508, 914920, 9144518.65602873, 156, 36, 120, 377.9118843049396, 39
1, 2133471, 1218551, 914920, 9144788.330988934, 43, 43, 0, 269.6749602031015, 43
1, 2133503, 1218583, 914920, 9145037.572411934, 32, 32, 0, 249.24142300054422, 32
1, 2133574, 1218624, 914950, 9145344.150722753, 71, 41, 30, 306.57831081870995, 42
51, 2133662, 1218662, 915000, 9145668.132154115, 88, 38, 50, 323.98143136087856, 39
1, 2133727, 1218697, 915030, 9145967.173305558, 65, 35, 30, 299.04115144336777, 36
1, 2133813, 1218743, 915070, 9146289.999470206, 86, 46, 40, 322.82616464756694, 47
1, 2133848, 1218778, 915070, 9146545.229398116, 35, 35, 0, 255.22992790977875, 35
51, 2133933, 1218813, 915120, 9146865.966425788, 85, 35, 50, 320.73702767108114, 36
1, 2133972, 1218852, 915120, 9147128.666365732, 39, 39, 0, 262.6999399439383, 39
1, 2134080, 1218890, 915190, 9147470.837345278, 108, 38, 70, 342.1709795470626, 40
1, 2134114, 1218924, 915190, 9147724.110985555, 34, 34, 0, 253.2736402766418, 34
1, 2134152, 1218962, 915190, 9147984.993365174, 38, 38, 0, 260.88237961983884, 38
51, 2134308, 1218998, 915310, 9148362.905249478, 156, 36, 120, 377.9118843049396, 39
1, 2134344, 1219034, 915310, 9148620.054223757, 36, 36, 0, 257.1489742783178, 36
1, 2134388, 1219078, 915310, 9148891.405181447, 44, 44, 0, 271.35095769013947, 44
51, 2134514, 1219114, 915400, 9149247.84207733, 126, 36, 90, 356.43689588345075, 38
1, 2134578, 1219148, 915430, 9149545.584789805, 64, 34, 30, 297.742712474619, 35
1, 2134620, 1219190, 915430, 9149813.557779307, 42, 42, 0, 267.97298950218305, 42
51, 2134699, 1219219, 915480, 9150127.588529436, 79, 29, 50, 314.03075013013313, 30
1, 2134741, 1219261, 915480, 9150395.561518937, 42, 42, 0, 267.97298950218305, 42
1, 2134820, 1219300, 915520, 9150710.592269067, 79, 39, 40, 315.03075013013313, 40
1, 2134881, 1219331, 915550, 9151004.360508334, 61, 31, 30, 293.7682392671241, 32
1, 2134916, 1219366, 915550, 9151259.590436244, 35, 35, 0, 255.22992790977875, 35
51, 2134999, 1219399, 915600, 9151578.125384174, 83, 33, 50, 318.5349479292333, 34
1, 2135084, 1219444, 915640, 9151899.862411845, 85, 45, 40, 321.73702767108114, 46
1, 2135154, 1219484, 915670, 9152205.213172697, 70, 40, 30, 305.3507608519078, 41
1, 2135190, 1219520, 915670, 9152462.362146975, 36, 36, 0, 257.1489742783178, 36
51, 2135276, 1219556, 915720, 9152784.188311623, 86, 36, 50, 321.82616464756694, 37
1, 2135314, 1219594, 915720, 9153045.070691243, 38, 38, 0, 260.88237961983884, 38
1, 2135426, 1219636, 915790, 9153390.986003583, 112, 42, 70, 345.91531233955715, 44
1, 2135463, 1219673, 915790, 9153650.018575039, 37, 37, 0, 259.03257145596604, 37
1, 2135544, 1219714, 915830, 9153967.31857504, 81, 41, 40, 317.3, 42
51, 2135629, 1219749, 915880, 9154288.05560271, 85, 35, 50, 320.73702767108114, 36
1, 2135696, 1219786, 915910, 9154589.656157969, 67, 37, 30, 301.6005552576305, 38
1, 2135732, 1219822, 915910, 9154846.805132248, 36, 36, 0, 257.1489742783178, 36
1, 2135801, 1219861, 915940, 9155150.917273957, 69, 39, 30, 304.1121417102006, 40
51, 2135925, 1219895, 916030, 9155505.616670506, 124, 34, 90, 354.6993965481514, 36
1, 2136008, 1219948, 916060, 9155826.151618436, 83, 53, 30, 320.5349479292333, 54
1, 2136066, 1220006, 916060, 9156118.718520543, 58, 58, 0, 292.5669021071895, 58
1, 2136114, 1220054, 916060, 9156396.533323133, 48, 48, 0, 277.8148025904985, 48
51, 2136278, 1220098, 916180, 9156780.49151397, 164, 44, 120, 383.9581908363381, 47
1, 2136320, 1220140, 916180, 9157048.46450347, 42, 42, 0, 267.97298950218305, 42
1, 2136395, 1220185, 916210, 9157359.84759911, 75, 45, 30, 311.38309563827124, 46
51, 2136531, 1220231, 916300, 9157724.742896145, 136, 46, 90, 364.89529703482884, 48
1, 2136603, 1220273, 916330, 9158032.53795917, 72, 42, 30, 307.79506302439404, 43
1, 2136632, 1220302, 916330, 9158275.39753788, 29, 29, 0, 242.8595787106084, 29
1, 2136672, 1220342, 916330, 9158539.884223817, 40, 40, 0, 264.4866859365871, 40
51, 2136789, 1220379, 916410, 9158889.371040616, 117, 37, 80, 349.4868167986058, 39
1, 2136869, 1220419, 916450, 9159205.540796861, 80, 40, 40, 316.1697562442441, 41
1, 2136903, 1220453, 916450, 9159458.814437138, 34, 34, 0, 253.2736402766418, 34
1, 2136945, 1220495, 916450, 9159726.78742664, 42, 42, 0, 267.97298950218305, 42
51, 2137104, 1220534, 916570, 9160106.986289112, 159, 39, 120, 380.1988624723894, 42
1, 2137142, 1220572, 916570, 9160367.868668731, 38, 38, 0, 260.88237961983884, 38
1, 2137214, 1220604, 916610, 9160674.663731756, 72, 32, 40, 306.79506302439404, 33
51, 2137303, 1220643, 916660, 9160999.71159732, 89, 39, 50, 325.0478655640733, 40
1, 2137342, 1220682, 916660, 9161262.411537264, 39, 39, 0, 262.6999399439383, 39
1, 2137436, 1220706, 916730, 9161590.785263112, 94, 24, 70, 328.373725847777, 26
51, 2137536, 1220756, 916780, 9161927.113029128, 100, 50, 50, 336.327766016838, 51
1, 2137647, 1220797, 916850, 9162272.099747168, 111, 41, 70, 344.9867180408456, 43
1, 2137684, 1220834, 916850, 9162531.132318623, 37, 37, 0, 259.03257145596604, 37
1, 2137792, 1220872, 916920, 9162873.30329817, 108, 38, 70, 342.1709795470626, 40
1, 2137831, 1220911, 916920, 9163136.003238114, 39, 39, 0, 262.6999399439383, 39
51, 2137958, 1220958, 917000, 9163494.302920412, 127, 47, 80, 358.2996822992933, 49
1, 2137992, 1220992, 917000, 9163747.57656069, 34, 34, 0, 253.2736402766418, 34
1, 2138026, 1221026, 917000, 9164000.850200966, 34, 34, 0, 253.2736402766418, 34
51, 2138146, 1221066, 917080, 9164353.025292931, 120, 40, 80, 352.1750919646873, 42
1, 2138230, 1221110, 917120, 9164673.665303335, 84, 44, 40, 320.64001040350905, 45
1, 2138267, 1221147, 917120, 9164932.69787479, 37, 37, 0, 259.03257145596604, 37
1, 2138343, 1221183, 917160, 9165244.257047163, 76, 36, 40, 311.5591723737189, 37
51, 2138457, 1221217, 917240, 9165591.015034854, 114, 34, 80, 346.75798769167545, 36
1, 2138511, 1221271, 917240, 9165877.895635938, 54, 54, 0, 286.88060108295343, 54
1, 2138593, 1221313, 917280, 9166196.317305781, 82, 42, 40, 318.42166984345636, 43
51, 2138685, 1221355, 917330, 9166524.521407248, 92, 42, 50, 328.20410146824725, 43
1, 2138756, 1221396, 917360, 9166831.099718068, 71, 41, 30, 306.57831081870995, 42
1, 2138806, 1221446, 917360, 9167112.014512915, 50, 50, 0, 280.9147948472494, 50
1, 2138855, 1221495, 917360, 9167391.389644021, 49, 49, 0, 279.3751311064591, 49
51, 2138995, 1221545, 917450, 9167759.568706846, 140, 50, 90, 368.1790628250393, 52
1, 2139032, 1221582, 917450, 9168018.601278301, 37, 37, 0, 259.03257145596604, 37
1, 2139109, 1221629, 917480, 9168332.326942068, 77, 47, 30, 313.72566376652986, 48
51, 2139195, 1221665, 917530, 9168654.153106716, 86, 36, 50, 321.82616464756694, 37
1, 2139274, 1221704, 917570, 9168969.183856845, 79, 39, 40, 315.03075013013313, 40
1, 2139313, 1221743, 917570, 9169231.883796789, 39, 39, 0, 262.6999399439383, 39
51, 2139442, 1221782, 917660, 9169590.89739728, 129, 39, 90, 359.01360049114555, 41
1, 2139512, 1221822, 917690, 9169896.24815813, 70, 40, 30, 305.3507608519078, 41
1, 2139555, 1221865, 917690, 9170165.923118334, 43, 43, 0, 269.6749602031015, 43
51, 2139689, 1221909, 917780, 9170529.155934254, 134, 44, 90, 363.23281591860336, 46
1, 2139727, 1221947, 917780, 9170790.038313873, 38, 38, 0, 260.88237961983884, 38
1, 2139770, 1221990, 917780, 9171059.713274077, 43, 43, 0, 269.6749602031015, 43
1, 2139882, 1222032, 917850, 9171405.628586417, 112, 42, 70, 345.91531233955715, 44
51, 2139964, 1222064, 917900, 9171723.05025626, 82, 32, 50, 317.42166984345636, 33
1, 2139999, 1222099, 917900, 9171978.28018417, 35, 35, 0, 255.22992790977875, 35
1, 2140070, 1222140, 917930, 9172284.85849499, 71, 41, 30, 306.57831081870995, 42
51, 2140158, 1222178, 917980, 9172608.83992635, 88, 38, 50, 323.98143136087856, 39
1, 2140223, 1222213, 918010, 9172907.881077794, 65, 35, 30, 299.04115144336777, 36
1, 2140296, 1222246, 918050, 9173215.882356364, 73, 33, 40, 308.00127856917646, 34
1, 2140365, 1222285, 918080, 9173519.994498074, 69, 39, 30, 304.1121417102006, 40
51, 2140449, 1222319, 918130, 9173839.634508478, 84, 34, 50, 319.64001040350905, 35
1, 2140530, 1222360, 918170, 9174156.934508478, 81, 41, 40, 317.3, 42
1, 2140571, 1222401, 918170, 9174423.178461922, 41, 41, 0, 266.24395344352433, 41
1, 2140616, 1222446, 918170, 9174696.180468334, 45, 45, 0, 273.00200641113514, 45
1, 2140686, 1222486, 918200, 9175001.531229185, 70, 40, 30, 305.3507608519078, 41
51, 2140775, 1222525, 918250, 9175326.579094749, 89, 39, 50, 325.0478655640733, 40
1, 2140851, 1222561, 918290, 9175638.138267122, 76, 36, 40, 311.5591723737189, 37
1, 2140889, 1222599, 918290, 9175899.020646742, 38, 38, 0, 260.88237961983884, 38
1, 2140926, 1222636, 918290, 9176158.053218197, 37, 37, 0, 259.03257145596604, 37
51, 2141041, 1222671, 918370, 9176505.725435259, 115, 35, 80, 347.6722170622053, 37
1, 2141122, 1222712, 918410, 9176823.02543526, 81, 41, 40, 317.3, 42
1, 2141153, 1222743, 918410, 9177070.186541436, 31, 31, 0, 247.1611061770567, 31
51, 2141249, 1222789, 918460, 9177402.503457451, 96, 46, 50, 332.31691601465747, 47
1, 2141278, 1222818, 918460, 9177645.363036161, 29, 29, 0, 242.8595787106084, 29
1, 2141353, 1222853, 918500, 9177955.7461318, 75, 35, 40, 310.38309563827124, 36
1, 2141424, 1222894, 918530, 9178262.32444262, 71, 41, 30, 306.57831081870995, 42
1, 2141509, 1222939, 918570, 9178584.06147029, 85, 45, 40, 321.73702767108114, 46
51, 2141602, 1222982, 918620, 9178913.303750198, 93, 43, 50, 329.24227990714814, 44
1, 2141641, 1223021, 918620, 9179176.003690142, 39, 39, 0, 262.6999399439383, 39
1, 2141710, 1223060, 918650, 9179480.115831852, 69, 39, 30, 304.1121417102006, 40
51, 2141825, 1223085, 918740, 9179826.788048914, 115, 25, 90, 346.6722170622053, 27
1, 2141865, 1223125, 918740, 9180091.274734851, 40, 40, 0, 264.4866859365871, 40
1, 2141904, 1223164, 918740, 9180353.974674795, 39, 39, 0, 262.6999399439383, 39
51, 2142027, 1223207, 918820, 9180708.799246056, 123, 43, 80, 354.8245712617827, 45
1, 2142058, 1223238, 918820, 9180955.960352233, 31, 31, 0, 247.1611061770567, 31
1, 2142170, 1223280, 918890, 9181301.875664573, 112, 42, 70, 345.91531233955715, 44
1, 2142208, 1223318, 918890, 9181562.758044193, 38, 38, 0, 260.88237961983884, 38
51, 2142297, 1223357, 918940, 9181887.805909757, 89, 39, 50, 325.0478655640733, 40
1, 2142379, 1223399, 918980, 9182206.2275796, 82, 42, 40, 318.42166984345636, 43
1, 2142439, 1223429, 919010, 9182498.643347971, 60, 30, 30, 292.41576837137404, 31
1, 2142486, 1223476, 919010, 9182774.87639784, 47, 47, 0, 276.2330498695885, 47
1, 2142573, 1223523, 919050, 9183098.783978838, 87, 47, 40, 323.9075809977351, 48
51, 2142685, 1223555, 919130, 9183443.699291179, 112, 32, 80, 344.91531233955715, 34
1, 2142723, 1223593, 919130, 9183704.581670798, 38, 38, 0, 260.88237961983884, 38
1, 2142771, 1223641, 919130, 9183982.39647339, 48, 48, 0, 277.8148025904985, 48
51, 2142925, 1223675, 919250, 9184358.770140387, 154, 34, 120, 376.37366699756114, 37
1, 2142971, 1223721, 919250, 9184633.3992091, 46, 46, 0, 274.6290687140218, 46
1, 2143038, 1223758, 919280, 9184934.999764359, 67, 37, 30, 301.6005552576305, 38
1, 2143076, 1223796, 919280, 9185195.882143978, 38, 38, 0, 260.88237961983884, 38
51, 2143199, 1223839, 919360, 9185550.70671524, 123, 43, 80, 354.8245712617827, 45
1, 2143274, 1223874, 919400, 9185861.089810878, 75, 35, 40, 310.38309563827124, 36
1, 2143310, 1223910, 919400, 9186118.238785157, 36, 36, 0, 257.1489742783178, 36
1, 2143434, 1223964, 919470, 9186474.938181706, 124, 54, 70, 356.6993965481514, 56
51, 2143532, 1224012, 919520, 9186809.27281007, 98, 48, 50, 334.33462836457886, 49
1, 2143574, 1224054, 919520, 9187077.245799571, 42, 42, 0, 267.97298950218305, 42
1, 2143613, 1224093, 919520, 9187339.945739515, 39, 39, 0, 262.6999399439383, 39
1, 2143656, 1224136, 919520, 9187609.620699719, 43, 43, 0, 269.6749602031015, 43
1, 2143692, 1224172, 919520, 9187866.769673998, 36, 36, 0, 257.1489742783178, 36
51, 2143850, 1224210, 919640, 9188246.208883254, 158, 38, 120, 379.43920925585275, 41
1, 2143889, 1224249, 919640, 9188508.908823198, 39, 39, 0, 262.6999399439383, 39
1, 2144003, 1224293, 919710, 9188856.666810889, 114, 44, 70, 347.75798769167545, 46
51, 2144095, 1224335, 919760, 9189184.870912356, 92, 42, 50, 328.20410146824725, 43
1, 2144186, 1224386, 919800, 9189513.029974295, 91, 51, 40, 328.1590619387661, 52
1, 2144262, 1224432, 919830, 9189825.589146668, 76, 46, 30, 312.5591723737189, 47
1, 2144306, 1224476, 919830, 9190096.940104358, 44, 44, 0, 271.35095769013947, 44
1, 2144347, 1224517, 919830, 9190363.184057802, 41, 41, 0, 266.24395344352433, 41
51, 2144440, 1224560, 919880, 9190692.42633771, 93, 43, 50, 329.24227990714814, 44
1, 2144484, 1224604, 919880, 9190963.7772954, 44, 44, 0, 271.35095769013947, 44
1, 2144595, 1224645, 919950, 9191308.76401344, 111, 41, 70, 344.9867180408456, 43
51, 2144681, 1224681, 920000, 9191630.590178087, 86, 36, 50, 321.82616464756694, 37
1, 2144758, 1224728, 920030, 9191944.315841854, 77, 47, 30, 313.72566376652986, 48
1, 2144803, 1224773, 920030, 9192217.317848265, 45, 45, 0, 273.00200641113514, 45
1, 2144845, 1224815, 920030, 9192485.290837767, 42, 42, 0, 267.97298950218305, 42
51, 2144980, 1224860, 920120, 9192849.356647708, 135, 45, 90, 364.06580994024984, 47
1, 2145017, 1224897, 920120, 9193108.389219163, 37, 37, 0, 259.03257145596604, 37
1, 2145061, 1224941, 920120, 9193379.740176853, 44, 44, 0, 271.35095769013947, 44
1, 2145138, 1224988, 920150, 9193693.465840619, 77, 47, 30, 313.72566376652986, 48
51, 2145273, 1225033, 920240, 9194057.53165056, 135, 45, 90, 364.06580994024984, 47
1, 2145309, 1225069, 920240, 9194314.680624839, 36, 36, 0, 257.1489742783178, 36
1, 2145420, 1225110, 920310, 9194659.667342879, 111, 41, 70, 344.9867180408456, 43
1, 2145460, 1225150, 920310, 9194924.154028816, 40, 40, 0, 264.4866859365871, 40
51, 2145560, 1225200, 920360, 9195260.481794832, 100, 50, 50, 336.327766016838, 51
1, 2145603, 1225243, 920360, 9195530.156755036, 43, 43, 0, 269.6749602031015, 43
1, 2145646, 1225286, 920360, 9195799.83171524, 43, 43, 0, 269.6749602031015, 43
1, 2145754, 1225324, 920430, 9196142.002694786, 108, 38, 70, 342.1709795470626, 40
51, 2145841, 1225361, 920480, 9196464.910275783, 87, 37, 50, 322.9075809977351, 38
1, 2145888, 1225408, 920480, 9196741.143325653, 47, 47, 0, 276.2330498695885, 47
1, 2145934, 1225454, 920480, 9197015.772394367, 46, 46, 0, 274.6290687140218, 46
51, 2146055, 1225485, 920570, 9197367.834873402, 121, 31, 90, 352.06247903554, 33
1, 2146101, 1225531, 920570, 9197642.463942116, 46, 46, 0, 274.6290687140218, 46
1, 2146177, 1225577, 920600, 9197955.02311449, 76, 46, 30, 312.5591723737189, 47
51, 2146266, 1225616, 920650, 9198280.070980053, 89, 39, 50, 325.0478655640733, 40
1, 2146352, 1225662, 920690, 9198602.897144701, 86, 46, 40, 322.82616464756694, 47
1, 2146390, 1225700, 920690, 9198863.77952432, 38, 38, 0, 260.88237961983884, 38
1, 2146462, 1225742, 920720, 9199171.574587345, 72, 42, 30, 307.79506302439404, 43
1, 2146500, 1225780, 920720, 9199432.456966965, 38, 38, 0, 260.88237961983884, 38
51, 2146634, 1225834, 920800, 9199796.689782884, 134, 54, 80, 364.23281591860336, 56
1, 2146678, 1225878, 920800, 9200068.040740574, 44, 44, 0, 271.35095769013947, 44
1, 2146766, 1225926, 920840, 9200393.022171935, 88, 48, 40, 324.98143136087856, 49
1, 2146836, 1225966, 920870, 9200698.372932786, 70, 40, 30, 305.3507608519078, 41
51, 2146932, 1226012, 920920, 9201030.689848801, 96, 46, 50, 332.31691601465747, 47
1, 2146963, 1226043, 920920, 9201277.850954978, 31, 31, 0, 247.1611061770567, 31
1, 2147047, 1226087, 920960, 9201598.490965381, 84, 44, 40, 320.64001040350905, 45
1, 2147087, 1226127, 920960, 9201862.977651319, 40, 40, 0, 264.4866859365871, 40
51, 2147212, 1226172, 921040, 9202219.547803806, 125, 45, 80, 356.57015248821097, 47
1, 2147246, 1226206, 921040, 9202472.821444083, 34, 34, 0, 253.2736402766418, 34
1, 2147327, 1226247, 921080, 9202790.121444084, 81, 41, 40, 317.3, 42
1, 2147367, 1226287, 921080, 9203054.608130021, 40, 40, 0, 264.4866859365871, 40
51, 2147459, 1226329, 921130, 9203382.812231489, 92, 42, 50, 328.20410146824725, 43
1, 2147506, 1226376, 921130, 9203659.045281358, 47, 47, 0, 276.2330498695885, 47
1, 2147588, 1226428, 921160, 9203978.4669512, 82, 52, 30, 319.42166984345636, 53
1, 2147679, 1226479, 921200, 9204306.62601314, 91, 51, 40, 328.1590619387661, 52
51, 2147766, 1226516, 921250, 9204629.533594137, 87, 37, 50, 322.9075809977351, 38
1, 2147805, 1226555, 921250, 9204892.23353408, 39, 39, 0, 262.6999399439383, 39
1, 2147839, 1226589, 921250, 9205145.507174358, 34, 34, 0, 253.2736402766418, 34
51, 2147959, 1226619, 921340, 9205496.682266323, 120, 30, 90, 351.1750919646873, 32
1, 2148025, 1226655, 921370, 9205797.0092546, 66, 36, 30, 300.32698827717985, 37
1, 2148055, 1226685, 921370, 9206042.043986533, 30, 30, 0, 245.0347319320716, 30
1, 2148090, 1226720, 921370, 9206297.273914443, 35, 35, 0, 255.22992790977875, 35
1, 2148128, 1226758, 921370, 9206558.156294063, 38, 38, 0, 260.88237961983884, 38
51, 2148262, 1226802, 921460, 9206921.389109982, 134, 44, 90, 363.23281591860336, 46
1, 2148298, 1226838, 921460, 9207178.538084261, 36, 36, 0, 257.1489742783178, 36
1, 2148408, 1226878, 921530, 9207522.591268308, 110, 40, 70, 344.0531840464366, 42
51, 2148504, 1226924, 921580, 9207854.908184323, 96, 46, 50, 332.31691601465747, 47
1, 2148550, 1226970, 921580, 9208129.537253037, 46, 46, 0, 274.6290687140218, 46
1, 2148633, 1227013, 921620, 9208449.072200967, 83, 43, 40, 319.5349479292333, 44
1, 2148699, 1227049, 921650, 9208749.399189245, 66, 36, 30, 300.32698827717985, 37
51, 2148791, 1227091, 921700, 9209077.603290712, 92, 42, 50, 328.20410146824725, 43
1, 2148842, 1227142, 921700, 9209360.037802491, 51, 51, 0, 282.43451177837886, 51
1, 2148926, 1227186, 921740, 9209680.677812895, 84, 44, 40, 320.64001040350905, 45
1, 2148959, 1227219, 921740, 9209931.955985587, 33, 33, 0, 251.27817269284301, 33
51, 2149082, 1227262, 921820, 9210286.780556848, 123, 43, 80, 354.8245712617827, 45
1, 2149164, 1227304, 921860, 9210605.202226691, 82, 42, 40, 318.42166984345636, 43
1, 2149204, 1227344, 921860, 9210869.688912628, 40, 40, 0, 264.4866859365871, 40
1, 2149263, 1227373, 921890, 9211160.737712875, 59, 29, 30, 291.0488002476036, 30
1, 2149303, 1227413, 921890, 9211425.224398812, 40, 40, 0, 264.4866859365871, 40
51, 2149388, 1227448, 921940, 9211745.961426483, 85, 35, 50, 320.73702767108114, 36
1, 2149511, 1227501, 922010, 9212101.785997745, 123, 53, 70, 355.8245712617827, 55
1, 2149546, 1227536, 922010, 9212357.015925655, 35, 35, 0, 255.22992790977875, 35
51, 2149633, 1227573, 922060, 9212679.923506653, 87, 37, 50, 322.9075809977351, 38
1, 2149747, 1227617, 922130, 9213027.681494344, 114, 44, 70, 347.75798769167545, 46
1, 2149787, 1227657, 922130, 9213292.168180281, 40, 40, 0, 264.4866859365871, 40
1, 2149827, 1227697, 922130, 9213556.654866219, 40, 40, 0, 264.4866859365871, 40
1, 2149868, 1227738, 922130, 9213822.898819663, 41, 41, 0, 266.24395344352433, 41
51, 2150031, 1227781, 922250, 9214206.110243142, 163, 43, 120, 383.21142347822723, 46
1, 2150069, 1227819, 922250, 9214466.992622761, 38, 38, 0, 260.88237961983884, 38
1, 2150120, 1227870, 922250, 9214749.42713454, 51, 51, 0, 282.43451177837886, 51
1, 2150151, 1227901, 922250, 9214996.588240717, 31, 31, 0, 247.1611061770567, 31
51, 2150236, 1227936, 922300, 9215317.325268388, 85, 35, 50, 320.73702767108114, 36
1, 2150291, 1227961, 922330, 9215602.75224992, 55, 25, 30, 285.42698153315007, 26
1, 2150370, 1228000, 922370, 9215917.78300005, 79, 39, 40, 315.03075013013313, 40
1, 2150411, 1228041, 922370, 9216184.026953494, 41, 41, 0, 266.24395344352433, 41
51, 2150489, 1228069, 922420, 9216496.909740115, 78, 28, 50, 312.8827866200841, 29
1, 2150525, 1228105, 922420, 9216754.058714394, 36, 36, 0, 257.1489742783178, 36
1, 2150610, 1228150, 922460, 9217075.795742065, 85, 45, 40, 321.73702767108114, 46
1, 2150681, 1228191, 922490, 9217382.374052884, 71, 41, 30, 306.57831081870995, 42
51, 2150772, 1228232, 922540, 9217709.533114823, 91, 41, 50, 327.1590619387661, 42
1, 2150816, 1228276, 922540, 9217980.884072512, 44, 44, 0, 271.35095769013947, 44
1, 2150860, 1228320, 922540, 9218252.235030202, 44, 44, 0, 271.35095769013947, 44
1, 2150941, 1228361, 922580, 9218569.535030203, 81, 41, 40, 317.3, 42
1, 2151012, 1228402, 922610, 9218876.113341022, 71, 41, 30, 306.57831081870995, 42
51, 2151141, 1228441, 922700, 9219235.126941513, 129, 39, 90, 359.01360049114555, 41
1, 2151175, 1228475, 922700, 9219488.40058179, 34, 34, 0, 253.2736402766418, 34
1, 2151290, 1228520, 922770, 9219837.072798852, 115, 45, 70, 348.6722170622053, 47
51, 2151377, 1228557, 922820, 9220159.98037985, 87, 37, 50, 322.9075809977351, 38
1, 2151419, 1228599, 922820, 9220427.953369351, 42, 42, 0, 267.97298950218305, 42
1, 2151519, 1228629, 922890, 9220762.381135369, 100, 30, 70, 334.42776601683795, 32
1, 2151558, 1228668, 922890, 9221025.081075313, 39, 39, 0, 262.6999399439383, 39
51, 2151649, 1228709, 922940, 9221352.240137251, 91, 41, 50, 327.1590619387661, 42
1, 2151716, 1228746, 922970, 9221653.840692509, 67, 37, 30, 301.6005552576305, 38
1, 2151790, 1228780, 923010, 9221963.037901277, 74, 34, 40, 309.1972087668518, 35
1, 2151826, 1228816, 923010, 9222220.186875556, 36, 36, 0, 257.1489742783178, 36
51, 2151925, 1228865, 923060, 9222555.521090109, 99, 49, 50, 335.33421455299043, 50
1, 2151973, 1228913, 923060, 9222833.3358927, 48, 48, 0, 277.8148025904985, 48
1, 2152010, 1228950, 923060, 9223092.368464155, 37, 37, 0, 259.03257145596604, 37
1, 2152110, 1228980, 923130, 9223426.796230173, 100, 30, 70, 334.42776601683795, 32
51, 2152194, 1229014, 923180, 9223746.436240576, 84, 34, 50, 319.64001040350905, 35
1, 2152235, 1229055, 923180, 9224012.68019402, 41, 41, 0, 266.24395344352433, 41
1, 2152320, 1229100, 923220, 9224334.417221691, 85, 45, 40, 321.73702767108114, 46
1, 2152383, 1229133, 923250, 9224630.848546417, 63, 33, 30, 296.43132472612575, 34
51, 2152509, 1229169, 923340, 9224987.2854423, 126, 36, 90, 356.43689588345075, 38
1, 2152547, 1229207, 923340, 9225248.16782192, 38, 38, 0, 260.88237961983884, 38
1, 2152580, 1229240, 923340, 9225499.445994612, 33, 33, 0, 251.27817269284301, 33
51, 2152707, 1229277, 923430, 9225856.74567691, 127, 37, 90, 357.2996822992933, 39
1, 2152752, 1229322, 923430, 9226129.747683322, 45, 45, 0, 273.00200641113514, 45
1, 2152828, 1229368, 923460, 9226442.306855695, 76, 46, 30, 312.5591723737189, 47
1, 2152868, 1229408, 923460, 9226706.793541633, 40, 40, 0, 264.4866859365871, 40
51, 2152999, 1229449, 923550, 9227067.505869849, 131, 41, 90, 360.7123282155055, 43
1, 2153039, 1229489, 923550, 9227331.992555786, 40, 40, 0, 264.4866859365871, 40
1, 2153082, 1229532, 923550, 9227601.66751599, 43, 43, 0, 269.6749602031015, 43
1, 2153159, 1229569, 923590, 9227914.393179756, 77, 37, 40, 312.72566376652986, 38
51, 2153275, 1229605, 923670, 9228262.974983247, 116, 36, 80, 348.5818034911291, 38
1, 2153364, 1229654, 923710, 9228589.022848811, 89, 49, 40, 326.0478655640733, 50
1, 2153401, 1229691, 923710, 9228848.055420266, 37, 37, 0, 259.03257145596604, 37
1, 2153443, 1229733, 923710, 9229116.028409768, 42, 42, 0, 267.97298950218305, 42
1, 2153484, 1229774, 923710, 9229382.272363212, 41, 41, 0, 266.24395344352433, 41
51, 2153644, 1229814, 923830, 9229763.22824522, 160, 40, 120, 380.95588200778457, 43
1, 2153698, 1229868, 923830, 9230050.108846303, 54, 54, 0, 286.88060108295343, 54
1, 2153733, 1229903, 923830, 9230305.338774214, 35, 35, 0, 255.22992790977875, 35
1, 2153777, 1229947, 923830, 9230576.689731903, 44, 44, 0, 271.35095769013947, 44
51, 2153912, 1229992, 923920, 9230940.755541844, 135, 45, 90, 364.06580994024984, 47
1, 2153956, 1230036, 923920, 9231212.106499534, 44, 44, 0, 271.35095769013947, 44
1, 2154022, 1230072, 923950, 9231512.433487812, 66, 36, 30, 300.32698827717985, 37
1, 2154096, 1230106, 923990, 9231821.63069658, 74, 34, 40, 309.1972087668518, 35
51, 2154194, 1230154, 924040, 9232155.965324944, 98, 48, 50, 334.33462836457886, 49
1, 2154224, 1230184, 924040, 9232401.000056876, 30, 30, 0, 245.0347319320716, 30
1, 2154256, 1230216, 924040, 9232650.241479876, 32, 32, 0, 249.24142300054422, 32
51, 2154369, 1230249, 924120, 9232996.080523744, 113, 33, 80, 345.83904386951343, 35
1, 2154446, 1230286, 924160, 9233308.80618751, 77, 37, 40, 312.72566376652986, 38
1, 2154490, 1230330, 924160, 9233580.1571452, 44, 44, 0, 271.35095769013947, 44
51, 2154589, 1230379, 924210, 9233915.491359754, 99, 49, 50, 335.33421455299043, 50
1, 2154628, 1230418, 924210, 9234178.191299697, 39, 39, 0, 262.6999399439383, 39
1, 2154674, 1230464, 924210, 9234452.820368411, 46, 46, 0, 274.6290687140218, 46
51, 2154837, 1230507, 924330, 9234836.03179189, 163, 43, 120, 383.21142347822723, 46
1, 2154872, 1230542, 924330, 9235091.2617198, 35, 35, 0, 255.22992790977875, 35
1, 2154914, 1230584, 924330, 9235359.234709302, 42, 42, 0, 267.97298950218305, 42
1, 2154946, 1230616, 924330, 9235608.476132302, 32, 32, 0, 249.24142300054422, 32
51, 2155078, 1230658, 924420, 9235970.03225473, 132, 42, 90, 361.55612242701943, 44
1, 2155146, 1230696, 924450, 9236272.894425832, 68, 38, 30, 302.86217110259, 39
1, 2155182, 1230732, 924450, 9236530.04340011, 36, 36, 0, 257.1489742783178, 36
1, 2155260, 1230780, 924480, 9236844.926186731, 78, 48, 30, 314.8827866200841, 49
51, 2155350, 1230820, 924530, 9237171.033215554, 90, 40, 50, 326.1070288241023, 41
1, 2155464, 1230864, 924600, 9237518.791203246, 114, 44, 70, 347.75798769167545, 46
1, 2155506, 1230906, 924600, 9237786.764192747, 42, 42, 0, 267.97298950218305, 42
1, 2155585, 1230945, 924640, 9238101.794942876, 79, 39, 40, 315.03075013013313, 40
51, 2155675, 1230985, 924690, 9238427.9019717, 90, 40, 50, 326.1070288241023, 41
1, 2155721, 1231031, 924690, 9238702.531040413, 46, 46, 0, 274.6290687140218, 46
1, 2155761, 1231071, 924690, 9238967.01772635, 40, 40, 0, 264.4866859365871, 40
1, 2155822, 1231102, 924720, 9239260.785965618, 61, 31, 30, 293.7682392671241, 32
51, 2155958, 1231148, 924810, 9239625.681262653, 136, 46, 90, 364.89529703482884, 48
1, 2155994, 1231184, 924810, 9239882.830236932, 36, 36, 0, 257.1489742783178, 36
1, 2156036, 1231226, 924810, 9240150.803226434, 42, 42, 0, 267.97298950218305, 42
1, 2156111, 1231261, 924850, 9240461.186322073, 75, 35, 40, 310.38309563827124, 36
51, 2156213, 1231313, 924900, 9240799.483504854, 102, 52, 50, 338.29718278112654, 53
1, 2156321, 1231351, 924970, 9241141.6544844, 108, 38, 70, 342.1709795470626, 40
1, 2156363, 1231393, 924970, 9241409.627473902, 42, 42, 0, 267.97298950218305, 42
1, 2156395, 1231425, 924970, 9241658.868896902, 32, 32, 0, 249.24142300054422, 32
1, 2156440, 1231470, 924970, 9241931.870903313, 45, 45, 0, 273.00200641113514, 45
51, 2156595, 1231505, 925090, 9242309.01505585, 155, 35, 120, 377.14415253747273, 38
1, 2156640, 1231550, 925090, 9242582.017062262, 45, 45, 0, 273.00200641113514, 45
1, 2156687, 1231597, 925090, 9242858.250112131, 47, 47, 0, 276.2330498695885, 47
1, 2156725, 1231635, 925090, 9243119.13249175, 38, 38, 0, 260.88237961983884, 38
1, 2156802, 1231672, 925130, 9243431.858155517, 77, 37, 40, 312.72566376652986, 38
51, 2156902, 1231722, 925180, 9243768.185921533, 100, 50, 50, 336.327766016838, 51
1, 2156976, 1231766, 925210, 9244078.3831303, 74, 44, 30, 310.1972087668518, 45
1, 2157015, 1231805, 925210, 9244341.083070245, 39, 39, 0, 262.6999399439383, 39
1, 2157101, 1231851, 925250, 9244663.909234893, 86, 46, 40, 322.82616464756694, 47
51, 2157189, 1231889, 925300, 9244987.890666254, 88, 38, 50, 323.98143136087856, 39
1, 2157227, 1231927, 925300, 9245248.773045873, 38, 38, 0, 260.88237961983884, 38
1, 2157273, 1231973, 925300, 9245523.402114587, 46, 46, 0, 274.6290687140218, 46
51, 2157392, 1232012, 925380, 9245874.68550979, 119, 39, 80, 351.28339520229764, 41
1, 2157469, 1232049, 925420, 9246187.411173556, 77, 37, 40, 312.72566376652986, 38
1, 2157513, 1232093, 925420, 9246458.762131246, 44, 44, 0, 271.35095769013947, 44
1, 2157547, 1232127, 925420, 9246712.035771523, 34, 34, 0, 253.2736402766418, 34
51, 2157670, 1232170, 925500, 9247066.860342784, 123, 43, 80, 354.8245712617827, 45
1, 2157709, 1232209, 925500, 9247329.560282728, 39, 39, 0, 262.6999399439383, 39
1, 2157792, 1232252, 925540, 9247649.095230658, 83, 43, 40, 319.5349479292333, 44
1, 2157827, 1232287, 925540, 9247904.325158568, 35, 35, 0, 255.22992790977875, 35
51, 2157946, 1232326, 925620, 9248255.60855377, 119, 39, 80, 351.28339520229764, 41
1, 2157999, 1232379, 925620, 9248541.025341412, 53, 53, 0, 285.4167876408086, 53
1, 2158079, 1232419, 925660, 9248857.195097657, 80, 40, 40, 316.1697562442441, 41
1, 2158119, 1232459, 925660, 9249121.681783594, 40, 40, 0, 264.4866859365871, 40
51, 2158235, 1232495, 925740, 9249470.263587086, 116, 36, 80, 348.5818034911291, 38
1, 2158320, 1232540, 925780, 9249792.000614757, 85, 45, 40, 321.73702767108114, 46
1, 2158359, 1232579, 925780, 9250054.7005547, 39, 39, 0, 262.6999399439383, 39
1, 2158397, 1232617, 925780, 9250315.58293432, 38, 38, 0, 260.88237961983884, 38
51, 2158480, 1232650, 925830, 9250634.11788225, 83, 33, 50, 318.5349479292333, 34
1, 2158520, 1232690, 925830, 9250898.604568187, 40, 40, 0, 264.4866859365871, 40
1, 2158626, 1232726, 925900, 9251238.872611796, 106, 36, 70, 340.2680436096278, 38
1, 2158670, 1232770, 925900, 9251510.223569486, 44, 44, 0, 271.35095769013947, 44
51, 2158761, 1232811, 925950, 9251837.382631425, 91, 41, 50, 327.1590619387661, 42
1, 2158831, 1232851, 925980, 9252142.733392276, 70, 40, 30, 305.3507608519078, 41
1, 2158873, 1232893, 925980, 9252410.706381777, 42, 42, 0, 267.97298950218305, 42
51, 2158956, 1232926, 926030, 9252729.241329707, 83, 33, 50, 318.5349479292333, 34
1, 2159069, 1232969, 926100, 9253076.080373576, 113, 43, 70, 346.83904386951343, 45
1, 2159105, 1233005, 926100, 9253333.229347855, 36, 36, 0, 257.1489742783178, 36
1, 2159172, 1233042, 926130, 9253634.829903113, 67, 37, 30, 301.6005552576305, 38
51, 2159300, 1233080, 926220, 9253992.988469215, 128, 38, 90, 358.1585661014858, 40
1, 2159369, 1233119, 926250, 9254297.100610925, 69, 39, 30, 304.1121417102006, 40
1, 2159409, 1233159, 926250, 9254561.587296862, 40, 40, 0, 264.4866859365871, 40
1, 2159482, 1233192, 926290, 9254869.588575432, 73, 33, 40, 308.00127856917646, 34
51, 2159599, 1233229, 926370, 9255219.075392231, 117, 37, 80, 349.4868167986058, 39
1, 2159636, 1233266, 926370, 9255478.107963687, 37, 37, 0, 259.03257145596604, 37
1, 2159679, 1233309, 926370, 9255747.78292389, 43, 43, 0, 269.6749602031015, 43
1, 2159731, 1233361, 926370, 9256031.71788532, 52, 52, 0, 283.93496142826496, 52
1, 2159769, 1233399, 926370, 9256292.600264939, 38, 38, 0, 260.88237961983884, 38
51, 2159895, 1233435, 926460, 9256649.037160821, 126, 36, 90, 356.43689588345075, 38
1, 2159967, 1233477, 926490, 9256956.832223846, 72, 42, 30, 307.79506302439404, 43
1, 2160017, 1233527, 926490, 9257237.747018693, 50, 50, 0, 280.9147948472494, 50
1, 2160117, 1233557, 926560, 9257572.17478471, 100, 30, 70, 334.42776601683795, 32
1, 2160164, 1233604, 926560, 9257848.40783458, 47, 47, 0, 276.2330498695885, 47
51, 2160260, 1233650, 926610, 9258180.724750595, 96, 46, 50, 332.31691601465747, 47
1, 2160339, 1233689, 926650, 9258495.755500725, 79, 39, 40, 315.03075013013313, 40
1, 2160420, 1233740, 926680, 9258814.055500725, 81, 51, 30, 318.3, 52
51, 2160514, 1233784, 926730, 9259144.329226574, 94, 44, 50, 330.273725847777, 45
1, 2160558, 1233828, 926730, 9259415.680184264, 44, 44, 0, 271.35095769013947, 44
1, 2160597, 1233867, 926730, 9259678.380124208, 39, 39, 0, 262.6999399439383, 39
1, 2160707, 1233907, 926800, 9260022.433308255, 110, 40, 70, 344.0531840464366, 42
1, 2160747, 1233947, 926800, 9260286.919994192, 40, 40, 0, 264.4866859365871, 40
51, 2160864, 1233984, 926880, 9260636.406810991, 117, 37, 80, 349.4868167986058, 39
1, 2160912, 1234032, 926880, 9260914.221613582, 48, 48, 0, 277.8148025904985, 48
1, 2160950, 1234070, 926880, 9261175.103993202, 38, 38, 0, 260.88237961983884, 38
1, 2161016, 1234096, 926920, 9261474.43098148, 66, 26, 40, 299.32698827717985, 27
1, 2161086, 1234136, 926950, 9261779.78174233, 70, 40, 30, 305.3507608519078, 41
51, 2161171, 1234171, 927000, 9262100.518770002, 85, 35, 50, 320.73702767108114, 36
1, 2161212, 1234212, 927000, 9262366.762723446, 41, 41, 0, 266.24395344352433, 41
1, 2161247, 1234247, 927000, 9262621.992651356, 35, 35, 0, 255.22992790977875, 35
1, 2161280, 1234280, 927000, 9262873.270824049, 33, 33, 0, 251.27817269284301, 33
1, 2161389, 1234319, 927070, 9263216.385455549, 109, 39, 70, 343.114631499574, 41
51, 2161477, 1234357, 927120, 9263540.36688691, 88, 38, 50, 323.98143136087856, 39
1, 2161545, 1234395, 927150, 9263843.229058012, 68, 38, 30, 302.86217110259, 39
1, 2161581, 1234431, 927150, 9264100.378032291, 36, 36, 0, 257.1489742783178, 36
1, 2161658, 1234468, 927190, 9264413.103696058, 77, 37, 40, 312.72566376652986, 38
51, 2161783, 1234513, 927270, 9264769.673848545, 125, 45, 80, 356.57015248821097, 47
1, 2161820, 1234550, 927270, 9265028.70642, 37, 37, 0, 259.03257145596604, 37
1, 2161876, 1234606, 927270, 9265318.462899974, 56, 56, 0, 289.7564799734761, 56
1, 2161958, 1234648, 927310, 9265636.884569816, 82, 42, 40, 318.42166984345636, 43
51, 2162049, 1234689, 927360, 9265964.043631755, 91, 41, 50, 327.1590619387661, 42
1, 2162114, 1234724, 927390, 9266263.084783198, 65, 35, 30, 299.04115144336777, 36
1, 2162162, 1234772, 927390, 9266540.89958579, 48, 48, 0, 277.8148025904985, 48
51, 2162252, 1234812, 927440, 9266867.006614612, 90, 40, 50, 326.1070288241023, 41
1, 2162342, 1234862, 927480, 9267194.113643436, 90, 50, 40, 327.1070288241023, 51
1, 2162388, 1234908, 927480, 9267468.74271215, 46, 46, 0, 274.6290687140218, 46
1, 2162459, 1234949, 927510, 9267775.321022969, 71, 41, 30, 306.57831081870995, 42
51, 2162593, 1234993, 927600, 9268138.553838888, 134, 44, 90, 363.23281591860336, 46
1, 2162664, 1235034, 927630, 9268445.132149708, 71, 41, 30, 306.57831081870995, 42
1, 2162702, 1235072, 927630, 9268706.014529327, 38, 38, 0, 260.88237961983884, 38
1, 2162774, 1235114, 927660, 9269013.809592351, 72, 42, 30, 307.79506302439404, 43
51, 2162873, 1235163, 927710, 9269349.143806905, 99, 49, 50, 335.33421455299043, 50
1, 2162955, 1235205, 927750, 9269667.565476747, 82, 42, 40, 318.42166984345636, 43
1, 2163020, 1235240, 927780, 9269966.60662819, 65, 35, 30, 299.04115144336777, 36
51, 2163105, 1235275, 927830, 9270287.343655862, 85, 35, 50, 320.73702767108114, 36
1, 2163178, 1235308, 927870, 9270595.344934432, 73, 33, 40, 308.00127856917646, 34
1, 2163217, 1235347, 927870, 9270858.044874376, 39, 39, 0, 262.6999399439383, 39
1, 2163250, 1235380, 927870, 9271109.323047068, 33, 33, 0, 251.27817269284301, 33
51, 2163365, 1235415, 927950, 9271456.99526413, 115, 35, 80, 347.6722170622053, 37
1, 2163444, 1235454, 927990, 9271772.02601426, 79, 39, 40, 315.03075013013313, 40
1, 2163488, 1235498, 927990, 9272043.376971949, 44, 44, 0, 271.35095769013947, 44
1, 2163525, 1235535, 927990, 9272302.409543404, 37, 37, 0, 259.03257145596604, 37
51, 2163648, 1235568, 928080, 9272656.234114666, 123, 33, 90, 353.8245712617827, 35
1, 2163692, 1235612, 928080, 9272927.585072355, 44, 44, 0, 271.35095769013947, 44
1, 2163765, 1235655, 928110, 9273236.586350925, 73, 43, 30, 309.00127856917646, 44
1, 2163805, 1235695, 928110, 9273501.073036863, 40, 40, 0, 264.4866859365871, 40
1, 2163860, 1235750, 928110, 9273789.400018396, 55, 55, 0, 288.32698153315005, 55
51, 2163979, 1235779, 928200, 9274139.683413599, 119, 29, 90, 350.28339520229764, 31
1, 2164017, 1235817, 928200, 9274400.565793218, 38, 38, 0, 260.88237961983884, 38
1, 2164059, 1235859, 928200, 9274668.53878272, 42, 42, 0, 267.97298950218305, 42
51, 2164222, 1235902, 928320, 9275051.750206199, 163, 43, 120, 383.21142347822723, 46
1, 2164259, 1235939, 928320, 9275310.782777654, 37, 37, 0, 259.03257145596604, 37
1, 2164306, 1235986, 928320, 9275587.015827524, 47, 47, 0, 276.2330498695885, 47
1, 2164380, 1236030, 928350, 9275897.213036291, 74, 44, 30, 310.1972087668518, 45
51, 2164504, 1236064, 928440, 9276251.91243284, 124, 34, 90, 354.6993965481514, 36
1, 2164538, 1236098, 928440, 9276505.186073117, 34, 34, 0, 253.2736402766418, 34
1, 2164565, 1236125, 928440, 9276743.536778813, 27, 27, 0, 238.35070569547776, 27
1, 2164658, 1236178, 928480, 9277073.77905872, 93, 53, 40, 330.24227990714814, 54
51, 2164776, 1236216, 928560, 9277424.16638389, 118, 38, 80, 350.3873251689181, 40
1, 2164815, 1236255, 928560, 9277686.866323834, 39, 39, 0, 262.6999399439383, 39
1, 2164878, 1236288, 928590, 9277983.29764856, 63, 33, 30, 296.43132472612575, 34
1, 2164916, 1236326, 928590, 9278244.18002818, 38, 38, 0, 260.88237961983884, 38
51, 2165009, 1236369, 928640, 9278573.422308087, 93, 43, 50, 329.24227990714814, 44
1, 2165118, 1236408, 928710, 9278916.536939587, 109, 39, 70, 343.114631499574, 41
1, 2165156, 1236446, 928710, 9279177.419319207, 38, 38, 0, 260.88237961983884, 38
1, 2165197, 1236487, 928710, 9279443.66327265, 41, 41, 0, 266.24395344352433, 41
51, 2165302, 1236542, 928760, 9279784.871859945, 105, 55, 50, 341.208587294368, 56
1, 2165378, 1236578, 928800, 9280096.431032319, 76, 36, 40, 311.5591723737189, 37
1, 2165408, 1236608, 928800, 9280341.46576425, 30, 30, 0, 245.0347319320716, 30
51, 2165539, 1236659, 928880, 9280703.178092467, 131, 51, 80, 361.7123282155055, 53
1, 2165589, 1236709, 928880, 9280984.092887314, 50, 50, 0, 280.9147948472494, 50
1, 2165662, 1236742, 928920, 9281292.094165884, 73, 33, 40, 308.00127856917646, 34
51, 2165763, 1236793, 928970, 9281629.409553856, 101, 51, 50, 337.31538797227006, 52
1, 2165812, 1236842, 928970, 9281908.784684962, 49, 49, 0, 279.3751311064591, 49
1, 2165850, 1236880, 928970, 9282169.667064581, 38, 38, 0, 260.88237961983884, 38
51, 2166002, 1236912, 929090, 9282544.491373139, 152, 32, 120, 374.8243085566414, 35
1, 2166048, 1236958, 929090, 9282819.120441852, 46, 46, 0, 274.6290687140218, 46
1, 2166128, 1236998, 929130, 9283135.290198097, 80, 40, 40, 316.1697562442441, 41
1, 2166202, 1237042, 929160, 9283445.487406865, 74, 44, 30, 310.1972087668518, 45
1, 2166240, 1237080, 929160, 9283706.369786484, 38, 38, 0, 260.88237961983884, 38
51, 2166365, 1237115, 929250, 9284061.939938972, 125, 35, 90, 355.57015248821097, 37
1, 2166400, 1237150, 929250, 9284317.169866882, 35, 35, 0, 255.22992790977875, 35
1, 2166435, 1237185, 929250, 9284572.399794793, 35, 35, 0, 255.22992790977875, 35
1, 2166478, 1237228, 929250, 9284842.074754996, 43, 43, 0, 269.6749602031015, 43
1, 2166551, 1237271, 929280, 9285151.076033566, 73, 43, 30, 309.00127856917646, 44
51, 2166694, 1237324, 929370, 9285521.683216011, 143, 53, 90, 370.6071824456716, 55
1, 2166770, 1237370, 929400, 9285834.242388384, 76, 46, 30, 312.5591723737189, 47
1, 2166804, 1237404, 929400, 9286087.516028661, 34, 34, 0, 253.2736402766418, 34
1, 2166842, 1237442, 929400, 9286348.39840828, 38, 38, 0, 260.88237961983884, 38
51, 2166928, 1237478, 929450, 9286670.224572929, 86, 36, 50, 321.82616464756694, 37
1, 2167044, 1237524, 929520, 9287019.80637642, 116, 46, 70, 349.5818034911291, 48
1, 2167084, 1237564, 929520, 9287284.293062357, 40, 40, 0, 264.4866859365871, 40
1, 2167125, 1237605, 929520, 9287550.537015801, 41, 41, 0, 266.24395344352433, 41
1, 2167206, 1237646, 929560, 9287867.837015802, 81, 41, 40, 317.3, 42
51, 2167327, 1237687, 929640, 9288220.899494838, 121, 41, 80, 353.06247903554, 43
1, 2167361, 1237721, 929640, 9288474.173135115, 34, 34, 0, 253.2736402766418, 34
1, 2167400, 1237760, 929640, 9288736.873075059, 39, 39, 0, 262.6999399439383, 39
1, 2167508, 1237798, 929710, 9289079.044054605, 108, 38, 70, 342.1709795470626, 40
51, 2167600, 1237840, 929760, 9289407.248156073, 92, 42, 50, 328.20410146824725, 43
1, 2167630, 1237870, 929760, 9289652.282888005, 30, 30, 0, 245.0347319320716, 30
1, 2167699, 1237909, 929790, 9289956.395029714, 69, 39, 30, 304.1121417102006, 40
1, 2167770, 1237940, 929830, 9290261.973340534, 71, 31, 40, 305.57831081870995, 32
51, 2167885, 1237975, 929910, 9290609.645557595, 115, 35, 80, 347.6722170622053, 37
1, 2167929, 1238019, 929910, 9290880.996515285, 44, 44, 0, 271.35095769013947, 44
1, 2167967, 1238057, 929910, 9291141.878894905, 38, 38, 0, 260.88237961983884, 38
1, 2168035, 1238095, 929940, 9291444.741066007, 68, 38, 30, 302.86217110259, 39
1, 2168112, 1238132, 929980, 9291757.466729773, 77, 37, 40, 312.72566376652986, 38
51, 2168210, 1238180, 930030, 9292091.801358137, 98, 48, 50, 334.33462836457886, 49
1, 2168319, 1238219, 930100, 9292434.915989637, 109, 39, 70, 343.114631499574, 41
1, 2168359, 1238259, 930100, 9292699.402675575, 40, 40, 0, 264.4866859365871, 40
1, 2168442, 1238302, 930140, 9293018.937623505, 83, 43, 40, 319.5349479292333, 44
51, 2168562, 1238342, 930220, 9293371.11271547, 120, 40, 80, 352.1750919646873, 42
1, 2168606, 1238386, 930220, 9293642.46367316, 44, 44, 0, 271.35095769013947, 44
1, 2168649, 1238429, 930220, 9293912.138633363, 43, 43, 0, 269.6749602031015, 43
51, 2168769, 1238469, 930300, 9294264.313725328, 120, 40, 80, 352.1750919646873, 42
1, 2168851, 1238511, 930340, 9294582.73539517, 82, 42, 40, 318.42166984345636, 43
1, 2168894, 1238554, 930340, 9294852.410355374, 43, 43, 0, 269.6749602031015, 43
1, 2168941, 1238601, 930340, 9295128.643405244, 47, 47, 0, 276.2330498695885, 47
51, 2169029, 1238639, 930390, 9295452.624836605, 88, 38, 50, 323.98143136087856, 39
1, 2169103, 1238673, 930430, 9295761.822045373, 74, 34, 40, 309.1972087668518, 35
1, 2169175, 1238715, 930460, 9296069.617108397, 72, 42, 30, 307.79506302439404, 43
1, 2169214, 1238754, 930460, 9296332.317048341, 39, 39, 0, 262.6999399439383, 39
51, 2169345, 1238795, 930550, 9296693.029376557, 131, 41, 90, 360.7123282155055, 43
1, 2169386, 1238836, 930550, 9296959.273330001, 41, 41, 0, 266.24395344352433, 41
1, 2169438, 1238888, 930550, 9297243.20829143, 52, 52, 0, 283.93496142826496, 52
1, 2169514, 1238924, 930590, 9297554.767463803, 76, 36, 40, 311.5591723737189, 37
51, 2169644, 1238974, 930670, 9297915.632301342, 130, 50, 80, 360.86483753851803, 52
1, 2169684, 1239014, 930670, 9298180.118987279, 40, 40, 0, 264.4866859365871, 40
1, 2169758, 1239048, 930710, 9298489.316196047, 74, 34, 40, 309.1972087668518, 35
1, 2169791, 1239081, 930710, 9298740.594368739, 33, 33, 0, 251.27817269284301, 33
51, 2169886, 1239126, 930760, 9299071.892932875, 95, 45, 50, 331.2985641352145, 46
1, 2169961, 1239171, 930790, 9299383.276028514, 75, 45, 30, 311.38309563827124, 46
1, 2170040, 1239210, 930830, 9299698.306778643, 79, 39, 40, 315.03075013013313, 40
51, 2170129, 1239249, 930880, 9300023.354644207, 89, 39, 50, 325.0478655640733, 40
1, 2170171, 1239291, 930880, 9300291.327633709, 42, 42, 0, 267.97298950218305, 42
1, 2170255, 1239335, 930920, 9300611.967644112, 84, 44, 40, 320.64001040350905, 45
1, 2170296, 1239376, 930920, 9300878.211597556, 41, 41, 0, 266.24395344352433, 41
51, 2170415, 1239415, 931000, 9301229.49499276, 119, 39, 80, 351.28339520229764, 41
1, 2170450, 1239450, 931000, 9301484.72492067, 35, 35, 0, 255.22992790977875, 35
1, 2170531, 1239491, 931040, 9301802.02492067, 81, 41, 40, 317.3, 42
1, 2170579, 1239539, 931040, 9302079.839723261, 48, 48, 0, 277.8148025904985, 48
1, 2170644, 1239574, 931070, 9302378.880874705, 65, 35, 30, 299.04115144336777, 36
51, 2170730, 1239610, 931120, 9302700.707039353, 86, 36, 50, 321.82616464756694, 37
1, 2170771, 1239651, 931120, 9302966.950992797, 41, 41, 0, 266.24395344352433, 41
1, 2170817, 1239697, 931120, 9303241.58006151, 46, 46, 0, 274.6290687140218, 46
1, 2170895, 1239735, 931160, 9303555.46284813, 78, 38, 40, 313.8827866200841, 39
1, 2170938, 1239778, 931160, 9303825.137808334, 43, 43, 0, 269.6749602031015, 43
51, 2171064, 1239824, 931240, 9304182.574704217, 126, 46, 80, 357.43689588345075, 48
1, 2171145, 1239865, 931280, 9304499.874704218, 81, 41, 40, 317.3, 42
1, 2171190, 1239910, 931280, 9304772.87671063, 45, 45, 0, 273.00200641113514, 45
51, 2171312, 1239952, 931360, 9305126.822329182, 122, 42, 80, 353.9456185537469, 44
1, 2171347, 1239987, 931360, 9305382.052257093, 35, 35, 0, 255.22992790977875, 35
1, 2171388, 1240028, 931360, 9305648.296210537, 41, 41, 0, 266.24395344352433, 41
1, 2171434, 1240074, 931360, 9305922.92527925, 46, 46, 0, 274.6290687140218, 46
1, 2171510, 1240110, 931400, 9306234.484451624, 76, 36, 40, 311.5591723737189, 37
51, 2171591, 1240141, 931450, 9306550.784451624, 81, 31, 50, 316.3, 32
1, 2171654, 1240174, 931480, 9306847.21577635, 63, 33, 30, 296.43132472612575, 34
1, 2171691, 1240211, 931480, 9307106.248347806, 37, 37, 0, 259.03257145596604, 37
1, 2171729, 1240249, 931480, 9307367.130727425, 38, 38, 0, 260.88237961983884, 38
1, 2171814, 1240294, 931520, 9307688.867755096, 85, 45, 40, 321.73702767108114, 46
51, 2171943, 1240343, 931600, 9308048.881355587, 129, 49, 80, 360.01360049114555, 51
1, 2171984, 1240384, 931600, 9308315.125309031, 41, 41, 0, 266.24395344352433, 41
1, 2172026, 1240426, 931600, 9308583.098298533, 42, 42, 0, 267.97298950218305, 42
1, 2172058, 1240458, 931600, 9308832.339721533, 32, 32, 0, 249.24142300054422, 32
51, 2172189, 1240499, 931690, 9309193.052049749, 131, 41, 90, 360.7123282155055, 43
1, 2172233, 1240543, 931690, 9309464.403007438, 44, 44, 0, 271.35095769013947, 44
1, 2172345, 1240585, 931760, 9309810.318319779, 112, 42, 70, 345.91531233955715, 44
1, 2172391, 1240631, 931760, 9310084.947388493, 46, 46, 0, 274.6290687140218, 46
51, 2172481, 1240671, 931810, 9310411.054417316, 90, 40, 50, 326.1070288241023, 41
1, 2172525, 1240715, 931810, 9310682.405375006, 44, 44, 0, 271.35095769013947, 44
1, 2172600, 1240750, 931850, 9310992.788470645, 75, 35, 40, 310.38309563827124, 36
1, 2172646, 1240796, 931850, 9311267.417539358, 46, 46, 0, 274.6290687140218, 46
1, 2172714, 1240834, 931880, 9311570.27971046, 68, 38, 30, 302.86217110259, 39
51, 2172797, 1240867, 931930, 9311888.81465839, 83, 33, 50, 318.5349479292333, 34
1, 2172879, 1240909, 931970, 9312207.236328233, 82, 42, 40, 318.42166984345636, 43
1, 2172922, 1240952, 931970, 9312476.911288437, 43, 43, 0, 269.6749602031015, 43
1, 2172993, 1240993, 932000, 9312783.489599256, 71, 41, 30, 306.57831081870995, 42
51, 2173136, 1241046, 932090, 9313154.0967817, 143, 53, 90, 370.6071824456716, 55
1, 2173178, 1241088, 932090, 9313422.069771202, 42, 42, 0, 267.97298950218305, 42
1, 2173211, 1241121, 932090, 9313673.347943895, 33, 33, 0, 251.27817269284301, 33
51, 2173325, 1241155, 932170, 9314020.105931586, 114, 34, 80, 346.75798769167545, 36
1, 2173396, 1241186, 932210, 9314325.684242405, 71, 31, 40, 305.57831081870995, 32
1, 2173436, 1241226, 932210, 9314590.170928342, 40, 40, 0, 264.4866859365871, 40
51, 2173530, 1241270, 932260, 9314920.44465419, 94, 44, 50, 330.273725847777, 45
1, 2173600, 1241310, 932290, 9315225.795415042, 70, 40, 30, 305.3507608519078, 41
1, 2173631, 1241341, 932290, 9315472.956521219, 31, 31, 0, 247.1611061770567, 31
51, 2173762, 1241382, 932380, 9315833.668849435, 131, 41, 90, 360.7123282155055, 43
1, 2173828, 1241418, 932410, 9316133.995837713, 66, 36, 30, 300.32698827717985, 37
1, 2173904, 1241454, 932450, 9316445.555010086, 76, 36, 40, 311.5591723737189, 37
1, 2173949, 1241499, 932450, 9316718.557016497, 45, 45, 0, 273.00200641113514, 45
51, 2174023, 1241523, 932500, 9317026.754225265, 74, 24, 50, 308.1972087668518, 25
1, 2174058, 1241558, 932500, 9317281.984153176, 35, 35, 0, 255.22992790977875, 35
1, 2174119, 1241589, 932530, 9317575.752392443, 61, 31, 30, 293.7682392671241, 32
1, 2174199, 1241629, 932570, 9317891.922148688, 80, 40, 40, 316.1697562442441, 41
1, 2174240, 1241670, 932570, 9318158.166102132, 41, 41, 0, 266.24395344352433, 41
51, 2174332, 1241712, 932620, 9318486.3702036, 92, 42, 50, 328.20410146824725, 43
1, 2174382, 1241762, 932620, 9318767.284998447, 50, 50, 0, 280.9147948472494, 50
1, 2174493, 1241803, 932690, 9319112.271716487, 111, 41, 70, 344.9867180408456, 43
51, 2174579, 1241839, 932740, 9319434.097881135, 86, 36, 50, 321.82616464756694, 37
1, 2174614, 1241874, 932740, 9319689.327809045, 35, 35, 0, 255.22992790977875, 35
1, 2174691, 1241921, 932770, 9320003.053472811, 77, 47, 30, 313.72566376652986, 48
1, 2174780, 1241970, 932810, 9320329.101338375, 89, 49, 40, 326.0478655640733, 50
1, 2174824, 1242014, 932810, 9320600.452296065, 44, 44, 0, 271.35095769013947, 44
51, 2174912, 1242052, 932860, 9320924.433727426, 88, 38, 50, 323.98143136087856, 39
1, 2174990, 1242100, 932890, 9321239.316514047, 78, 48, 30, 314.8827866200841, 49
1, 2175068, 1242138, 932930, 9321553.199300667, 78, 38, 40, 313.8827866200841, 39
51, 2175192, 1242182, 933010, 9321908.898697216, 124, 44, 80, 355.6993965481514, 46
1, 2175231, 1242221, 933010, 9322171.59863716, 39, 39, 0, 262.6999399439383, 39
1, 2175267, 1242257, 933010, 9322428.747611439, 36, 36, 0, 257.1489742783178, 36
51, 2175363, 1242303, 933060, 9322761.064527454, 96, 46, 50, 332.31691601465747, 47
1, 2175438, 1242338, 933100, 9323071.447623093, 75, 35, 40, 310.38309563827124, 36
1, 2175472, 1242372, 933100, 9323324.72126337, 34, 34, 0, 253.2736402766418, 34
1, 2175535, 1242405, 933130, 9323621.152588096, 63, 33, 30, 296.43132472612575, 34
51, 2175665, 1242445, 933220, 9323981.017425634, 130, 40, 90, 359.86483753851803, 42
1, 2175717, 1242497, 933220, 9324264.952387063, 52, 52, 0, 283.93496142826496, 52
1, 2175745, 1242525, 933220, 9324505.585050441, 28, 28, 0, 240.63266337912057, 28
1, 2175775, 1242555, 933220, 9324750.619782373, 30, 30, 0, 245.0347319320716, 30
51, 2175906, 1242606, 933300, 9325112.33211059, 131, 51, 80, 361.7123282155055, 53
1, 2175987, 1242647, 933340, 9325429.63211059, 81, 41, 40, 317.3, 42
1, 2176038, 1242698, 933340, 9325712.066622369, 51, 51, 0, 282.43451177837886, 51
1, 2176117, 1242747, 933370, 9326028.097372498, 79, 49, 30, 316.03075013013313, 50
51, 2176242, 1242782, 933460, 9326383.667524986, 125, 35, 90, 355.57015248821097, 37
1, 2176278, 1242818, 933460, 9326640.816499265, 36, 36, 0, 257.1489742783178, 36
1, 2176350, 1242860, 933490, 9326948.61156229, 72, 42, 30, 307.79506302439404, 43
1, 2176425, 1242895, 933530, 9327258.994657928, 75, 35, 40, 310.38309563827124, 36
51, 2176512, 1242932, 933580, 9327581.902238926, 87, 37, 50, 322.9075809977351, 38
1, 2176556, 1242976, 933580, 9327853.253196616, 44, 44, 0, 271.35095769013947, 44
1, 2176635, 1243015, 933620, 9328168.283946745, 79, 39, 40, 315.03075013013313, 40
51, 2176724, 1243054, 933670, 9328493.33181231, 89, 39, 50, 325.0478655640733, 40
1, 2176804, 1243104, 933700, 9328810.501568554, 80, 50, 30, 317.1697562442441, 51
1, 2176842, 1243142, 933700, 9329071.383948173, 38, 38, 0, 260.88237961983884, 38
51, 2176935, 1243185, 933750, 9329400.626228081, 93, 43, 50, 329.24227990714814, 44
1, 2176975, 1243225, 933750, 9329665.112914018, 40, 40, 0, 264.4866859365871, 40
1, 2177083, 1243263, 933820, 9330007.283893565, 108, 38, 70, 342.1709795470626, 40
1, 2177122, 1243302, 933820, 9330269.983833509, 39, 39, 0, 262.6999399439383, 39
51, 2177262, 1243352, 933910, 9330638.162896333, 140, 50, 90, 368.1790628250393, 52
1, 2177296, 1243386, 933910, 9330891.43653661, 34, 34, 0, 253.2736402766418, 34
1, 2177339, 1243429, 933910, 9331161.111496814, 43, 43, 0, 269.6749602031015, 43
1, 2177443, 1243463, 933980, 9331499.455183571, 104, 34, 70, 338.343686757474, 36
51, 2177541, 1243511, 934030, 9331833.789811935, 98, 48, 50, 334.33462836457886, 49
1, 2177583, 1243553, 934030, 9332101.762801437, 42, 42, 0, 267.97298950218305, 42
1, 2177655, 1243595, 934060, 9332409.557864461, 72, 42, 30, 307.79506302439404, 43
51, 2177736, 1243626, 934110, 9332725.857864462, 81, 31, 50, 316.3, 32
1, 2177778, 1243668, 934110, 9332993.830853963, 42, 42, 0, 267.97298950218305, 42
1, 2177863, 1243713, 934150, 9333315.567881634, 85, 45, 40, 321.73702767108114, 46
51, 2177978, 1243748, 934230, 9333663.240098696, 115, 35, 80, 347.6722170622053, 37
1, 2178013, 1243783, 934230, 9333918.470026607, 35, 35, 0, 255.22992790977875, 35
1, 2178056, 1243826, 934230, 9334188.14498681, 43, 43, 0, 269.6749602031015, 43
51, 2178152, 1243872, 934280, 9334520.461902825, 96, 46, 50, 332.31691601465747, 47
1, 2178258, 1243908, 934350, 9334860.729946434, 106, 36, 70, 340.2680436096278, 38
1, 2178290, 1243940, 934350, 9335109.971369434, 32, 32, 0, 249.24142300054422, 32
51, 2178452, 1243982, 934470, 9335492.433503935, 162, 42, 120, 382.4621345008163, 45
1, 2178492, 1244022, 934470, 9335756.920189872, 40, 40, 0, 264.4866859365871, 40
1, 2178539, 1244069, 934470, 9336033.153239742, 47, 47, 0, 276.2330498695885, 47
1, 2178619, 1244119, 934500, 9336350.322995987, 80, 50, 30, 317.1697562442441, 51
51, 2178759, 1244169, 934590, 9336718.502058811, 140, 50, 90, 368.1790628250393, 52
1, 2178808, 1244218, 934590, 9336997.877189917, 49, 49, 0, 279.3751311064591, 49
1, 2178840, 1244250, 934590, 9337247.118612917, 32, 32, 0, 249.24142300054422, 32
1, 2178884, 1244294, 934590, 9337518.469570607, 44, 44, 0, 271.35095769013947, 44
51, 2179010, 1244340, 934670, 9337875.90646649, 126, 46, 80, 357.43689588345075, 48
1, 2179085, 1244375, 934710, 9338186.289562128, 75, 35, 40, 310.38309563827124, 36
1, 2179129, 1244419, 934710, 9338457.640519818, 44, 44, 0, 271.35095769013947, 44
1, 2179170, 1244460, 934710, 9338723.884473262, 41, 41, 0, 266.24395344352433, 41
51, 2179296, 1244496, 934800, 9339080.321369145, 126, 36, 90, 356.43689588345075, 38
1, 2179348, 1244548, 934800, 9339364.256330574, 52, 52, 0, 283.93496142826496, 52
1, 2179464, 1244594, 934870, 9339713.838134065, 116, 46, 70, 349.5818034911291, 48
51, 2179557, 1244637, 934920, 9340043.080413973, 93, 43, 50, 329.24227990714814, 44
1, 2179593, 1244673, 934920, 9340300.229388252, 36, 36, 0, 257.1489742783178, 36
1, 2179637, 1244717, 934920, 9340571.580345942, 44, 44, 0, 271.35095769013947, 44
1, 2179749, 1244759, 934990, 9340917.495658282, 112, 42, 70, 345.91531233955715, 44
1, 2179787, 1244797, 934990, 9341178.378037902, 38, 38, 0, 260.88237961983884, 38
51, 2179873, 1244833, 935040, 9341500.20420255, 86, 36, 50, 321.82616464756694, 37
1, 2179909, 1244869, 935040, 9341757.353176828, 36, 36, 0, 257.1489742783178, 36
1, 2179950, 1244910, 935040, 9342023.597130273, 41, 41, 0, 266.24395344352433, 41
1, 2180000, 1244960, 935040, 9342304.51192512, 50, 50, 0, 280.9147948472494, 50
51, 2180153, 1244993, 935160, 9342680.112321436, 153, 33, 120, 375.6003963155711, 36
1, 2180192, 1245032, 935160, 9342942.81226138, 39, 39, 0, 262.6999399439383, 39
1, 2180235, 1245075, 935160, 9343212.487221584, 43, 43, 0, 269.6749602031015, 43
1, 2180342, 1245112, 935230, 9343553.709366854, 107, 37, 70, 341.2221452697031, 39
1, 2180380, 1245150, 935230, 9343814.591746474, 38, 38, 0, 260.88237961983884, 38
51, 2180508, 1245188, 935320, 9344172.750312576, 128, 38, 90, 358.1585661014858, 40
1, 2180545, 1245225, 935320, 9344431.782884032, 37, 37, 0, 259.03257145596604, 37
1, 2180610, 1245260, 935350, 9344730.824035475, 65, 35, 30, 299.04115144336777, 36
51, 2180695, 1245295, 935400, 9345051.561063146, 85, 35, 50, 320.73702767108114, 36
1, 2180760, 1245330, 935430, 9345350.60221459, 65, 35, 30, 299.04115144336777, 36
1, 2180841, 1245371, 935470, 9345667.90221459, 81, 41, 40, 317.3, 42
1, 2180873, 1245403, 935470, 9345917.14363759, 32, 32, 0, 249.24142300054422, 32
51, 2180966, 1245446, 935520, 9346246.385917498, 93, 43, 50, 329.24227990714814, 44
1, 2181002, 1245482, 935520, 9346503.534891777, 36, 36, 0, 257.1489742783178, 36
1, 2181044, 1245524, 935520, 9346771.507881278, 42, 42, 0, 267.97298950218305, 42
51, 2181211, 1245571, 935640, 9347157.691510715, 167, 47, 120, 386.1836294370035, 50
1, 2181250, 1245610, 935640, 9347420.391450658, 39, 39, 0, 262.6999399439383, 39
1, 2181320, 1245650, 935670, 9347725.74221151, 70, 40, 30, 305.3507608519078, 41
51, 2181403, 1245683, 935720, 9348044.27715944, 83, 33, 50, 318.5349479292333, 34
1, 2181512, 1245722, 935790, 9348387.39179094, 109, 39, 70, 343.114631499574, 41
1, 2181542, 1245752, 935790, 9348632.426522871, 30, 30, 0, 245.0347319320716, 30
51, 2181632, 1245792, 935840, 9348958.533551695, 90, 40, 50, 326.1070288241023, 41
1, 2181718, 1245838, 935880, 9349281.359716343, 86, 46, 40, 322.82616464756694, 47
1, 2181755, 1245875, 935880, 9349540.392287798, 37, 37, 0, 259.03257145596604, 37
1, 2181787, 1245907, 935880, 9349789.633710798, 32, 32, 0, 249.24142300054422, 32
1, 2181851, 1245941, 935910, 9350087.376423273, 64, 34, 30, 297.742712474619, 35
51, 2181973, 1245973, 936000, 9350440.322041826, 122, 32, 90, 352.9456185537469, 34
1, 2182016, 1246016, 936000, 9350709.99700203, 43, 43, 0, 269.6749602031015, 43
1, 2182051, 1246051, 936000, 9350965.22692994, 35, 35, 0, 255.22992790977875, 35
51, 2182216, 1246096, 936120, 9351349.929393362, 165, 45, 120, 384.7024634215721, 48
1, 2182253, 1246133, 936120, 9351608.961964818, 37, 37, 0, 259.03257145596604, 37
1, 2182329, 1246169, 936160, 9351920.521137191, 76, 36, 40, 311.5591723737189, 37
1, 2182393, 1246203, 936190, 9352218.263849666, 64, 34, 30, 297.742712474619, 35
1, 2182430, 1246240, 936190, 9352477.296421122, 37, 37, 0, 259.03257145596604, 37
51, 2182563, 1246283, 936280, 9352839.692690164, 133, 43, 90, 362.3962690412072, 45
1, 2182601, 1246321, 936280, 9353100.575069783, 38, 38, 0, 260.88237961983884, 38
1, 2182685, 1246365, 936320, 9353421.215080187, 84, 44, 40, 320.64001040350905, 45
1, 2182767, 1246417, 936350, 9353740.63675003, 82, 52, 30, 319.42166984345636, 53
51, 2182855, 1246455, 936400, 9354064.61818139, 88, 38, 50, 323.98143136087856, 39
1, 2182964, 1246494, 936470, 9354407.73281289, 109, 39, 70, 343.114631499574, 41
1, 2183001, 1246531, 936470, 9354666.765384346, 37, 37, 0, 259.03257145596604, 37
51, 2183115, 1246565, 936550, 9355013.523372037, 114, 34, 80, 346.75798769167545, 36
1, 2183197, 1246607, 936590, 9355331.94504188, 82, 42, 40, 318.42166984345636, 43
1, 2183239, 1246649, 936590, 9355599.918031381, 42, 42, 0, 267.97298950218305, 42
51, 2183360, 1246690, 936670, 9355952.980510417, 121, 41, 80, 353.06247903554, 43
1, 2183402, 1246732, 936670, 9356220.953499919, 42, 42, 0, 267.97298950218305, 42
1, 2183508, 1246768, 936740, 9356561.221543528, 106, 36, 70, 340.2680436096278, 38
51, 2183600, 1246810, 936790, 9356889.425644996, 92, 42, 50, 328.20410146824725, 43
1, 2183640, 1246850, 936790, 9357153.912330933, 40, 40, 0, 264.4866859365871, 40
1, 2183711, 1246891, 936820, 9357460.490641752, 71, 41, 30, 306.57831081870995, 42
1, 2183756, 1246936, 936820, 9357733.492648164, 45, 45, 0, 273.00200641113514, 45
51, 2183843, 1246973, 936870, 9358056.400229162, 87, 37, 50, 322.9075809977351, 38
1, 2183957, 1247017, 936940, 9358404.158216853, 114, 44, 70, 347.75798769167545, 46
1, 2183994, 1247054, 936940, 9358663.190788308, 37, 37, 0, 259.03257145596604, 37
1, 2184037, 1247097, 936940, 9358932.865748512, 43, 43, 0, 269.6749602031015, 43
51, 2184127, 1247137, 936990, 9359258.972777335, 90, 40, 50, 326.1070288241023, 41
1, 2184202, 1247182, 937020, 9359570.355872974, 75, 45, 30, 311.38309563827124, 46
1, 2184287, 1247227, 937060, 9359892.092900645, 85, 45, 40, 321.73702767108114, 46
1, 2184356, 1247266, 937090, 9360196.205042355, 69, 39, 30, 304.1121417102006, 40
51, 2184455, 1247315, 937140, 9360531.539256908, 99, 49, 50, 335.33421455299043, 50
1, 2184493, 1247353, 937140, 9360792.421636527, 38, 38, 0, 260.88237961983884, 38
1, 2184578, 1247398, 937180, 9361114.158664199, 85, 45, 40, 321.73702767108114, 46
51, 2184666, 1247436, 937230, 9361438.14009556, 88, 38, 50, 323.98143136087856, 39
1, 2184737, 1247477, 937260, 9361744.71840638, 71, 41, 30, 306.57831081870995, 42
1, 2184780, 1247520, 937260, 9362014.393366583, 43, 43, 0, 269.6749602031015, 43
1, 2184856, 1247556, 937300, 9362325.952538956, 76, 36, 40, 311.5591723737189, 37
51, 2184954, 1247604, 937350, 9362660.28716732, 98, 48, 50, 334.33462836457886, 49
1, 2185027, 1247647, 937380, 9362969.28844589, 73, 43, 30, 309.00127856917646, 44
1, 2185097, 1247677, 937420, 9363273.639206741, 70, 30, 40, 304.3507608519078, 31
1, 2185170, 1247720, 937450, 9363582.64048531, 73, 43, 30, 309.00127856917646, 44
51, 2185299, 1247759, 937540, 9363941.654085802, 129, 39, 90, 359.01360049114555, 41
1, 2185335, 1247795, 937540, 9364198.80306008, 36, 36, 0, 257.1489742783178, 36
1, 2185389, 1247849, 937540, 9364485.683661165, 54, 54, 0, 286.88060108295343, 54
1, 2185508, 1247898, 937610, 9364837.967056368, 119, 49, 70, 352.28339520229764, 51
51, 2185615, 1247955, 937660, 9365181.089201637, 107, 57, 50, 343.1221452697031, 58
1, 2185685, 1247995, 937690, 9365486.439962488, 70, 40, 30, 305.3507608519078, 41
1, 2185719, 1248029, 937690, 9365739.713602765, 34, 34, 0, 253.2736402766418, 34
1, 2185757, 1248067, 937690, 9366000.595982384, 38, 38, 0, 260.88237961983884, 38
51, 2185852, 1248112, 937740, 9366331.89454652, 95, 45, 50, 331.2985641352145, 46
1, 2185924, 1248144, 937780, 9366638.689609544, 72, 32, 40, 306.79506302439404, 33
1, 2185973, 1248193, 937780, 9366918.06474065, 49, 49, 0, 279.3751311064591, 49
1, 2186048, 1248238, 937810, 9367229.44783629, 75, 45, 30, 311.38309563827124, 46
51, 2186171, 1248271, 937900, 9367583.27240755, 123, 33, 90, 353.8245712617827, 35
1, 2186236, 1248306, 937930, 9367882.313558994, 65, 35, 30, 299.04115144336777, 36
1, 2186276, 1248346, 937930, 9368146.800244931, 40, 40, 0, 264.4866859365871, 40
1, 2186344, 1248384, 937960, 9368449.662416033, 68, 38, 30, 302.86217110259, 39
1, 2186378, 1248418, 937960, 9368702.93605631, 34, 34, 0, 253.2736402766418, 34
51, 2186480, 1248470, 938010, 9369041.233239092, 102, 52, 50, 338.29718278112654, 53
1, 2186554, 1248504, 938050, 9369350.43044786, 74, 34, 40, 309.1972087668518, 35
1, 2186598, 1248548, 938050, 9369621.78140555, 44, 44, 0, 271.35095769013947, 44
51, 2186691, 1248591, 938100, 9369951.023685457, 93, 43, 50, 329.24227990714814, 44
1, 2186757, 1248627, 938130, 9370251.350673735, 66, 36, 30, 300.32698827717985, 37
1, 2186794, 1248664, 938130, 9370510.38324519, 37, 37, 0, 259.03257145596604, 37
1, 2186905, 1248705, 938200, 9370855.36996323, 111, 41, 70, 344.9867180408456, 43
51, 2186998, 1248748, 938250, 9371184.612243138, 93, 43, 50, 329.24227990714814, 44
1, 2187033, 1248783, 938250, 9371439.842171049, 35, 35, 0, 255.22992790977875, 35
1, 2187071, 1248821, 938250, 9371700.724550668, 38, 38, 0, 260.88237961983884, 38
1, 2187189, 1248869, 938320, 9372052.111875838, 118, 48, 70, 351.3873251689181, 50
51, 2187276, 1248906, 938370, 9372375.019456835, 87, 37, 50, 322.9075809977351, 38
1, 2187318, 1248948, 938370, 9372642.992446337, 42, 42, 0, 267.97298950218305, 42
1, 2187406, 1248996, 938410, 9372967.973877698, 88, 48, 40, 324.98143136087856, 49
51, 2187524, 1249034, 938490, 9373318.361202868, 118, 38, 80, 350.3873251689181, 40
1, 2187566, 1249076, 938490, 9373586.33419237, 42, 42, 0, 267.97298950218305, 42
1, 2187606, 1249116, 938490, 9373850.820878306, 40, 40, 0, 264.4866859365871, 40
1, 2187678, 1249158, 938520, 9374158.61594133, 72, 42, 30, 307.79506302439404, 43
1, 2187755, 1249195, 938560, 9374471.341605097, 77, 37, 40, 312.72566376652986, 38
51, 2187843, 1249233, 938610, 9374795.323036458, 88, 38, 50, 323.98143136087856, 39
1, 2187880, 1249270, 938610, 9375054.355607914, 37, 37, 0, 259.03257145596604, 37
1, 2187923, 1249313, 938610, 9375324.030568117, 43, 43, 0, 269.6749602031015, 43
1, 2187983, 1249343, 938640, 9375616.44633649, 60, 30, 30, 292.41576837137404, 31
51, 2188074, 1249384, 938690, 9375943.605398428, 91, 41, 50, 327.1590619387661, 42
1, 2188154, 1249424, 938730, 9376259.775154673, 80, 40, 40, 316.1697562442441, 41
1, 2188229, 1249469, 938760, 9376571.158250311, 75, 45, 30, 311.38309563827124, 46
51, 2188309, 1249499, 938810, 9376886.328006556, 80, 30, 50, 315.1697562442441, 31
1, 2188339, 1249529, 938810, 9377131.362738488, 30, 30, 0, 245.0347319320716, 30
1, 2188374, 1249564, 938810, 9377386.592666399, 35, 35, 0, 255.22992790977875, 35
1, 2188485, 1249605, 938880, 9377731.579384439, 111, 41, 70, 344.9867180408456, 43
1, 2188519, 1249639, 938880, 9377984.853024716, 34, 34, 0, 253.2736402766418, 34
51, 2188607, 1249677, 938930, 9378308.834456077, 88, 38, 50, 323.98143136087856, 39
1, 2188636, 1249706, 938930, 9378551.694034787, 29, 29, 0, 242.8595787106084, 29
1, 2188674, 1249744, 938930, 9378812.576414406, 38, 38, 0, 260.88237961983884, 38
1, 2188747, 1249787, 938960, 9379121.577692976, 73, 43, 30, 309.00127856917646, 44
1, 2188837, 1249837, 939000, 9379448.6847218, 90, 50, 40, 327.1070288241023, 51
51, 2188922, 1249872, 939050, 9379769.42174947, 85, 35, 50, 320.73702767108114, 36
1, 2188959, 1249909, 939050, 9380028.454320926, 37, 37, 0, 259.03257145596604, 37
1, 2189010, 1249960, 939050, 9380310.888832705, 51, 51, 0, 282.43451177837886, 51
1, 2189081, 1249991, 939090, 9380616.467143524, 71, 31, 40, 305.57831081870995, 32
51, 2189206, 1250036, 939170, 9380973.037296012, 125, 45, 80, 356.57015248821097, 47
1, 2189241, 1250071, 939170, 9381228.267223923, 35, 35, 0, 255.22992790977875, 35
1, 2189279, 1250109, 939170, 9381489.149603542, 38, 38, 0, 260.88237961983884, 38
1, 2189318, 1250148, 939170, 9381751.849543486, 39, 39, 0, 262.6999399439383, 39
51, 2189468, 1250178, 939290, 9382125.113094645, 150, 30, 120, 373.26355115805836, 33
1, 2189501, 1250211, 939290, 9382376.391267337, 33, 33, 0, 251.27817269284301, 33
1, 2189579, 1250259, 939320, 9382691.274053957, 78, 48, 30, 314.8827866200841, 49
1, 2189668, 1250308, 939360, 9383017.321919521, 89, 49, 40, 326.0478655640733, 50
51, 2189762, 1250352, 939410, 9383347.59564537, 94, 44, 50, 330.273725847777, 45
1, 2189799, 1250389, 939410, 9383606.628216825, 37, 37, 0, 259.03257145596604, 37
1, 2189841, 1250431, 939410, 9383874.601206327, 42, 42, 0, 267.97298950218305, 42
1, 2189904, 1250464, 939440, 9384171.032531053, 63, 33, 30, 296.43132472612575, 34
51, 2190037, 1250507, 939530, 9384533.428800095, 133, 43, 90, 362.3962690412072, 45
1, 2190082, 1250552, 939530, 9384806.430806506, 45, 45, 0, 273.00200641113514, 45
1, 2190122, 1250592, 939530, 9385070.917492444, 40, 40, 0, 264.4866859365871, 40
1, 2190197, 1250637, 939560, 9385382.300588083, 75, 45, 30, 311.38309563827124, 46
51, 2190333, 1250683, 939650, 9385747.195885118, 136, 46, 90, 364.89529703482884, 48
1, 2190404, 1250724, 939680, 9386053.774195937, 71, 41, 30, 306.57831081870995, 42
1, 2190491, 1250771, 939720, 9386377.681776935, 87, 47, 40, 323.9075809977351, 48
1, 2190530, 1250810, 939720, 9386640.38171688, 39, 39, 0, 262.6999399439383, 39
51, 2190660, 1250860, 939800, 9387001.246554418, 130, 50, 80, 360.86483753851803, 52
1, 2190744, 1250904, 939840, 9387321.886564821, 84, 44, 40, 320.64001040350905, 45
1, 2190788, 1250948, 939840, 9387593.23752251, 44, 44, 0, 271.35095769013947, 44
1, 2190881, 1251001, 939880, 9387923.479802419, 93, 53, 40, 330.24227990714814, 54
51, 2190979, 1251049, 939930, 9388257.814430783, 98, 48, 50, 334.33462836457886, 49
1, 2191044, 1251084, 939960, 9388556.855582226, 65, 35, 30, 299.04115144336777, 36
1, 2191078, 1251118, 939960, 9388810.129222503, 34, 34, 0, 253.2736402766418, 34
1, 2191156, 1251156, 940000, 9389124.012009123, 78, 38, 40, 313.8827866200841, 39
1, 2191197, 1251197, 940000, 9389390.255962567, 41, 41, 0, 266.24395344352433, 41
51, 2191287, 1251237, 940050, 9389716.36299139, 90, 40, 50, 326.1070288241023, 41
1, 2191359, 1251269, 940090, 9390023.158054415, 72, 32, 40, 306.79506302439404, 33
1, 2191435, 1251315, 940120, 9390335.717226788, 76, 46, 30, 312.5591723737189, 47
1, 2191475, 1251355, 940120, 9390600.203912726, 40, 40, 0, 264.4866859365871, 40
51, 2191599, 1251389, 940210, 9390954.903309274, 124, 34, 90, 354.6993965481514, 36
1, 2191634, 1251424, 940210, 9391210.133237185, 35, 35, 0, 255.22992790977875, 35
1, 2191667, 1251457, 940210, 9391461.411409877, 33, 33, 0, 251.27817269284301, 33
51, 2191761, 1251501, 940260, 9391791.685135726, 94, 44, 50, 330.273725847777, 45
1, 2191829, 1251539, 940290, 9392094.547306828, 68, 38, 30, 302.86217110259, 39
1, 2191908, 1251578, 940330, 9392409.578056958, 79, 39, 40, 315.03075013013313, 40
1, 2191953, 1251623, 940330, 9392682.58006337, 45, 45, 0, 273.00200641113514, 45
51, 2192041, 1251661, 940380, 9393006.56149473, 88, 38, 50, 323.98143136087856, 39
1, 2192071, 1251691, 940380, 9393251.596226662, 30, 30, 0, 245.0347319320716, 30
1, 2192113, 1251733, 940380, 9393519.569216164, 42, 42, 0, 267.97298950218305, 42
1, 2192216, 1251766, 940450, 9393856.94246622, 103, 33, 70, 337.37325005549695, 35
51, 2192312, 1251812, 940500, 9394189.259382235, 96, 46, 50, 332.31691601465747, 47
1, 2192385, 1251845, 940540, 9394497.260660805, 73, 33, 40, 308.00127856917646, 34
1, 2192424, 1251884, 940540, 9394759.960600749, 39, 39, 0, 262.6999399439383, 39
1, 2192464, 1251924, 940540, 9395024.447286686, 40, 40, 0, 264.4866859365871, 40
51, 2192557, 1251967, 940590, 9395353.689566594, 93, 43, 50, 329.24227990714814, 44
1, 2192671, 1252011, 940660, 9395701.447554285, 114, 44, 70, 347.75798769167545, 46
1, 2192701, 1252041, 940660, 9395946.482286217, 30, 30, 0, 245.0347319320716, 30
1, 2192774, 1252074, 940700, 9396254.483564787, 73, 33, 40, 308.00127856917646, 34
51, 2192891, 1252111, 940780, 9396603.970381586, 117, 37, 80, 349.4868167986058, 39
1, 2192973, 1252153, 940820, 9396922.392051429, 82, 42, 40, 318.42166984345636, 43
1, 2193008, 1252188, 940820, 9397177.621979339, 35, 35, 0, 255.22992790977875, 35
1, 2193057, 1252237, 940820, 9397456.997110445, 49, 49, 0, 279.3751311064591, 49
51, 2193174, 1252274, 940900, 9397806.483927244, 117, 37, 80, 349.4868167986058, 39
1, 2193215, 1252315, 940900, 9398072.727880688, 41, 41, 0, 266.24395344352433, 41
1, 2193296, 1252356, 940940, 9398390.02788069, 81, 41, 40, 317.3, 42
1, 2193326, 1252386, 940940, 9398635.062612621, 30, 30, 0, 245.0347319320716, 30
1, 2193370, 1252430, 940940, 9398906.41357031, 44, 44, 0, 271.35095769013947, 44
51, 2193503, 1252473, 941030, 9399268.809839353, 133, 43, 90, 362.3962690412072, 45
1, 2193568, 1252508, 941060, 9399567.850990796, 65, 35, 30, 299.04115144336777, 36
1, 2193611, 1252551, 941060, 9399837.525951, 43, 43, 0, 269.6749602031015, 43
1, 2193656, 1252596, 941060, 9400110.527957411, 45, 45, 0, 273.00200641113514, 45
51, 2193790, 1252640, 941150, 9400473.76077333, 134, 44, 90, 363.23281591860336, 46
1, 2193829, 1252679, 941150, 9400736.460713275, 39, 39, 0, 262.6999399439383, 39
1, 2193906, 1252716, 941190, 9401049.186377041, 77, 37, 40, 312.72566376652986, 38
1, 2193981, 1252761, 941220, 9401360.56947268, 75, 45, 30, 311.38309563827124, 46
51, 2194076, 1252806, 941270, 9401691.868036816, 95, 45, 50, 331.2985641352145, 46
1, 2194118, 1252848, 941270, 9401959.841026317, 42, 42, 0, 267.97298950218305, 42
1, 2194157, 1252887, 941270, 9402222.540966261, 39, 39, 0, 262.6999399439383, 39
1, 2194202, 1252932, 941270, 9402495.542972673, 45, 45, 0, 273.00200641113514, 45
1, 2194278, 1252968, 941310, 9402807.102145046, 76, 36, 40, 311.5591723737189, 37
51, 2194398, 1253008, 941390, 9403159.277237011, 120, 40, 80, 352.1750919646873, 42
1, 2194440, 1253050, 941390, 9403427.250226513, 42, 42, 0, 267.97298950218305, 42
1, 2194488, 1253098, 941390, 9403705.065029103, 48, 48, 0, 277.8148025904985, 48
51, 2194584, 1253144, 941440, 9404037.381945118, 96, 46, 50, 332.31691601465747, 47
1, 2194661, 1253181, 941480, 9404350.107608885, 77, 37, 40, 312.72566376652986, 38
1, 2194702, 1253222, 941480, 9404616.351562329, 41, 41, 0, 266.24395344352433, 41
1, 2194772, 1253262, 941510, 9404921.70232318, 70, 40, 30, 305.3507608519078, 41
51, 2194911, 1253311, 941600, 9405289.065485481, 139, 49, 90, 367.36316230125203, 51
1, 2194948, 1253348, 941600, 9405548.098056937, 37, 37, 0, 259.03257145596604, 37
1, 2194990, 1253390, 941600, 9405816.071046438, 42, 42, 0, 267.97298950218305, 42
1, 2195055, 1253425, 941630, 9406115.112197882, 65, 35, 30, 299.04115144336777, 36
51, 2195147, 1253467, 941680, 9406443.31629935, 92, 42, 50, 328.20410146824725, 43
1, 2195234, 1253514, 941720, 9406767.223880347, 87, 47, 40, 323.9075809977351, 48
1, 2195305, 1253555, 941750, 9407073.802191166, 71, 41, 30, 306.57831081870995, 42
1, 2195344, 1253594, 941750, 9407336.50213111, 39, 39, 0, 262.6999399439383, 39
1, 2195388, 1253638, 941750, 9407607.8530888, 44, 44, 0, 271.35095769013947, 44
51, 2195522, 1253682, 941840, 9407971.08590472, 134, 44, 90, 363.23281591860336, 46
1, 2195567, 1253727, 941840, 9408244.08791113, 45, 45, 0, 273.00200641113514, 45
1, 2195630, 1253760, 941870, 9408540.519235857, 63, 33, 30, 296.43132472612575, 34
1, 2195706, 1253796, 941910, 9408852.07840823, 76, 36, 40, 311.5591723737189, 37
51, 2195797, 1253837, 941960, 9409179.237470169, 91, 41, 50, 327.1590619387661, 42
1, 2195835, 1253875, 941960, 9409440.119849788, 38, 38, 0, 260.88237961983884, 38
1, 2195875, 1253915, 941960, 9409704.606535725, 40, 40, 0, 264.4866859365871, 40
1, 2195941, 1253951, 941990, 9410004.933524003, 66, 36, 30, 300.32698827717985, 37
51, 2196065, 1253985, 942080, 9410359.632920552, 124, 34, 90, 354.6993965481514, 36
1, 2196105, 1254025, 942080, 9410624.11960649, 40, 40, 0, 264.4866859365871, 40
1, 2196181, 1254061, 942120, 9410935.678778863, 76, 36, 40, 311.5591723737189, 37
1, 2196216, 1254096, 942120, 9411190.908706773, 35, 35, 0, 255.22992790977875, 35
1, 2196251, 1254131, 942120, 9411446.138634684, 35, 35, 0, 255.22992790977875, 35
51, 2196372, 1254172, 942200, 9411799.20111372, 121, 41, 80, 353.06247903554, 43
1, 2196454, 1254214, 942240, 9412117.622783562, 82, 42, 40, 318.42166984345636, 43
1, 2196520, 1254250, 942270, 9412417.94977184, 66, 36, 30, 300.32698827717985, 37
1, 2196547, 1254277, 942270, 9412656.300477536, 27, 27, 0, 238.35070569547776, 27
1, 2196629, 1254319, 942310, 9412974.72214738, 82, 42, 40, 318.42166984345636, 43
51, 2196727, 1254367, 942360, 9413309.056775743, 98, 48, 50, 334.33462836457886, 49
1, 2196775, 1254415, 942360, 9413586.871578334, 48, 48, 0, 277.8148025904985, 48
1, 2196889, 1254459, 942430, 9413934.629566025, 114, 44, 70, 347.75798769167545, 46
1, 2196934, 1254504, 942430, 9414207.631572437, 45, 45, 0, 273.00200641113514, 45
51, 2197037, 1254557, 942480, 9414546.904822491, 103, 53, 50, 339.27325005549693, 54
1, 2197074, 1254594, 942480, 9414805.937393947, 37, 37, 0, 259.03257145596604, 37
1, 2197118, 1254638, 942480, 9415077.288351636, 44, 44, 0, 271.35095769013947, 44
1, 2197205, 1254685, 942520, 9415401.195932634, 87, 47, 40, 323.9075809977351, 48
51, 2197330, 1254730, 942600, 9415757.766085122, 125, 45, 80, 356.57015248821097, 47
1, 2197412, 1254772, 942640, 9416076.187754964, 82, 42, 40, 318.42166984345636, 43
1, 2197448, 1254808, 942640, 9416333.336729243, 36, 36, 0, 257.1489742783178, 36
1, 2197521, 1254851, 942670, 9416642.338007813, 73, 43, 30, 309.00127856917646, 44
51, 2197644, 1254884, 942760, 9416996.162579075, 123, 33, 90, 353.8245712617827, 35
1, 2197709, 1254919, 942790, 9417295.203730518, 65, 35, 30, 299.04115144336777, 36
1, 2197750, 1254960, 942790, 9417561.447683962, 41, 41, 0, 266.24395344352433, 41
1, 2197795, 1255005, 942790, 9417834.449690374, 45, 45, 0, 273.00200641113514, 45
1, 2197881, 1255051, 942830, 9418157.275855022, 86, 46, 40, 322.82616464756694, 47
51, 2197997, 1255087, 942910, 9418505.857658513, 116, 36, 80, 348.5818034911291, 38
1, 2198038, 1255128, 942910, 9418772.101611957, 41, 41, 0, 266.24395344352433, 41
1, 2198068, 1255158, 942910, 9419017.136343889, 30, 30, 0, 245.0347319320716, 30
1, 2198107, 1255197, 942910, 9419279.836283833, 39, 39, 0, 262.6999399439383, 39
51, 2198235, 1255235, 943000, 9419637.994849935, 128, 38, 90, 358.1585661014858, 40
1, 2198273, 1255273, 943000, 9419898.877229555, 38, 38, 0, 260.88237961983884, 38
1, 2198345, 1255315, 943030, 9420206.672292579, 72, 42, 30, 307.79506302439404, 43
1, 2198392, 1255362, 943030, 9420482.905342449, 47, 47, 0, 276.2330498695885, 47
1, 2198444, 1255414, 943030, 9420766.840303877, 52, 52, 0, 283.93496142826496, 52
51, 2198528, 1255448, 943080, 9421086.48031428, 84, 34, 50, 319.64001040350905, 35
1, 2198643, 1255493, 943150, 9421435.152531343, 115, 45, 70, 348.6722170622053, 47
1, 2198678, 1255528, 943150, 9421690.382459253, 35, 35, 0, 255.22992790977875, 35
1, 2198762, 1255572, 943190, 9422011.022469657, 84, 44, 40, 320.64001040350905, 45
51, 2198861, 1255621, 943240, 9422346.35668421, 99, 49, 50, 335.33421455299043, 50
1, 2198940, 1255670, 943270, 9422662.38743434, 79, 49, 30, 316.03075013013313, 50
1, 2198984, 1255714, 943270, 9422933.738392029, 44, 44, 0, 271.35095769013947, 44
1, 2199023, 1255753, 943270, 9423196.438331973, 39, 39, 0, 262.6999399439383, 39
1, 2199137, 1255797, 943340, 9423544.196319664, 114, 44, 70, 347.75798769167545, 46
51, 2199227, 1255837, 943390, 9423870.303348487, 90, 40, 50, 326.1070288241023, 41
1, 2199294, 1255874, 943420, 9424171.903903745, 67, 37, 30, 301.6005552576305, 38
1, 2199334, 1255914, 943420, 9424436.390589682, 40, 40, 0, 264.4866859365871, 40
1, 2199384, 1255964, 943420, 9424717.30538453, 50, 50, 0, 280.9147948472494, 50
51, 2199518, 1256008, 943510, 9425080.53820045, 134, 44, 90, 363.23281591860336, 46
1, 2199569, 1256059, 943510, 9425362.972712228, 51, 51, 0, 282.43451177837886, 51
1, 2199641, 1256101, 943540, 9425670.767775252, 72, 42, 30, 307.79506302439404, 43
51, 2199726, 1256136, 943590, 9425991.504802924, 85, 35, 50, 320.73702767108114, 36
1, 2199764, 1256174, 943590, 9426252.387182543, 38, 38, 0, 260.88237961983884, 38
1, 2199855, 1256225, 943630, 9426580.546244482, 91, 51, 40, 328.1590619387661, 52
51, 2199945, 1256265, 943680, 9426906.653273305, 90, 40, 50, 326.1070288241023, 41
1, 2200061, 1256311, 943750, 9427256.235076796, 116, 46, 70, 349.5818034911291, 48
1, 2200093, 1256343, 943750, 9427505.476499796, 32, 32, 0, 249.24142300054422, 32
51, 2200172, 1256372, 943800, 9427819.507249925, 79, 29, 50, 314.03075013013313, 30
1, 2200215, 1256415, 943800, 9428089.182210129, 43, 43, 0, 269.6749602031015, 43
1, 2200253, 1256453, 943800, 9428350.064589748, 38, 38, 0, 260.88237961983884, 38
1, 2200330, 1256500, 943830, 9428663.790253514, 77, 47, 30, 313.72566376652986, 48
1, 2200409, 1256539, 943870, 9428978.821003644, 79, 39, 40, 315.03075013013313, 40
51, 2200508, 1256588, 943920, 9429314.155218197, 99, 49, 50, 335.33421455299043, 50
1, 2200584, 1256624, 943960, 9429625.71439057, 76, 36, 40, 311.5591723737189, 37
1, 2200624, 1256664, 943960, 9429890.201076508, 40, 40, 0, 264.4866859365871, 40
51, 2200708, 1256698, 944010, 9430209.841086911, 84, 34, 50, 319.64001040350905, 35
1, 2200780, 1256740, 944040, 9430517.636149935, 72, 42, 30, 307.79506302439404, 43
1, 2200825, 1256785, 944040, 9430790.638156347, 45, 45, 0, 273.00200641113514, 45
1, 2200863, 1256823, 944040, 9431051.520535966, 38, 38, 0, 260.88237961983884, 38
51, 2200986, 1256856, 944130, 9431405.345107228, 123, 33, 90, 353.8245712617827, 35
1, 2201029, 1256899, 944130, 9431675.020067431, 43, 43, 0, 269.6749602031015, 43
1, 2201138, 1256938, 944200, 9432018.134698931, 109, 39, 70, 343.114631499574, 41
1, 2201185, 1256985, 944200, 9432294.3677488, 47, 47, 0, 276.2330498695885, 47
51, 2201304, 1257024, 944280, 9432645.651144003, 119, 39, 80, 351.28339520229764, 41
1, 2201342, 1257062, 944280, 9432906.533523623, 38, 38, 0, 260.88237961983884, 38
1, 2201418, 1257098, 944320, 9433218.092695996, 76, 36, 40, 311.5591723737189, 37
1, 2201456, 1257136, 944320, 9433478.975075616, 38, 38, 0, 260.88237961983884, 38
1, 2201535, 1257175, 944360, 9433794.005825745, 79, 39, 40, 315.03075013013313, 40
51, 2201654, 1257214, 944440, 9434145.289220948, 119, 39, 80, 351.28339520229764, 41
1, 2201704, 1257264, 944440, 9434426.204015795, 50, 50, 0, 280.9147948472494, 50
1, 2201751, 1257311, 944440, 9434702.437065665, 47, 47, 0, 276.2330498695885, 47
1, 2201838, 1257358, 944480, 9435026.344646662, 87, 47, 40, 323.9075809977351, 48
51, 2201932, 1257402, 944530, 9435356.618372511, 94, 44, 50, 330.273725847777, 45
1, 2201971, 1257441, 944530, 9435619.318312455, 39, 39, 0, 262.6999399439383, 39
1, 2202079, 1257479, 944600, 9435961.489292001, 108, 38, 70, 342.1709795470626, 40
51, 2202165, 1257515, 944650, 9436283.31545665, 86, 36, 50, 321.82616464756694, 37
1, 2202245, 1257555, 944690, 9436599.485212894, 80, 40, 40, 316.1697562442441, 41
1, 2202287, 1257597, 944690, 9436867.458202396, 42, 42, 0, 267.97298950218305, 42
1, 2202331, 1257641, 944690, 9437138.809160085, 44, 44, 0, 271.35095769013947, 44
1, 2202369, 1257679, 944690, 9437399.691539705, 38, 38, 0, 260.88237961983884, 38
51, 2202486, 1257716, 944770, 9437749.178356504, 117, 37, 80, 349.4868167986058, 39
1, 2202566, 1257756, 944810, 9438065.348112749, 80, 40, 40, 316.1697562442441, 41
1, 2202607, 1257797, 944810, 9438331.592066193, 41, 41, 0, 266.24395344352433, 41
1, 2202642, 1257832, 944810, 9438586.821994103, 35, 35, 0, 255.22992790977875, 35
51, 2202743, 1257883, 944860, 9438924.137382075, 101, 51, 50, 337.31538797227006, 52
1, 2202855, 1257925, 944930, 9439270.052694416, 112, 42, 70, 345.91531233955715, 44
1, 2202891, 1257961, 944930, 9439527.201668695, 36, 36, 0, 257.1489742783178, 36
1, 2202963, 1258003, 944960, 9439834.996731719, 72, 42, 30, 307.79506302439404, 43
51, 2203092, 1258042, 945050, 9440194.01033221, 129, 39, 90, 359.01360049114555, 41
1, 2203128, 1258078, 945050, 9440451.159306489, 36, 36, 0, 257.1489742783178, 36
1, 2203162, 1258112, 945050, 9440704.432946766, 34, 34, 0, 253.2736402766418, 34
51, 2203258, 1258158, 945100, 9441036.74986278, 96, 46, 50, 332.31691601465747, 47
1, 2203355, 1258185, 945170, 9441368.178762052, 97, 27, 70, 331.42889927149963, 29
1, 2203392, 1258222, 945170, 9441627.211333508, 37, 37, 0, 259.03257145596604, 37
1, 2203473, 1258263, 945210, 9441944.511333508, 81, 41, 40, 317.3, 42
1, 2203541, 1258301, 945240, 9442247.37350461, 68, 38, 30, 302.86217110259, 39
51, 2203637, 1258347, 945290, 9442579.690420626, 96, 46, 50, 332.31691601465747, 47
1, 2203718, 1258388, 945330, 9442896.990420626, 81, 41, 40, 317.3, 42
1, 2203750, 1258420, 945330, 9443146.231843626, 32, 32, 0, 249.24142300054422, 32
51, 2203841, 1258461, 945380, 9443473.390905565, 91, 41, 50, 327.1590619387661, 42
1, 2203878, 1258498, 945380, 9443732.42347702, 37, 37, 0, 259.03257145596604, 37
1, 2203993, 1258543, 945450, 9444081.095694082, 115, 45, 70, 348.6722170622053, 47
51, 2204080, 1258580, 945500, 9444404.00327508, 87, 37, 50, 322.9075809977351, 38
1, 2204112, 1258612, 945500, 9444653.24469808, 32, 32, 0, 249.24142300054422, 32
1, 2204183, 1258653, 945530, 9444959.823008899, 71, 41, 30, 306.57831081870995, 42
1, 2204260, 1258690, 945570, 9445272.548672665, 77, 37, 40, 312.72566376652986, 38
51, 2204344, 1258724, 945620, 9445592.188683068, 84, 34, 50, 319.64001040350905, 35
1, 2204386, 1258766, 945620, 9445860.16167257, 42, 42, 0, 267.97298950218305, 42
1, 2204492, 1258802, 945690, 9446200.42971618, 106, 36, 70, 340.2680436096278, 38
1, 2204538, 1258848, 945690, 9446475.058784893, 46, 46, 0, 274.6290687140218, 46
51, 2204665, 1258885, 945780, 9446832.358467191, 127, 37, 90, 357.2996822992933, 39
1, 2204742, 1258932, 945810, 9447146.084130958, 77, 47, 30, 313.72566376652986, 48
1, 2204783, 1258973, 945810, 9447412.328084402, 41, 41, 0, 266.24395344352433, 41
1, 2204819, 1259009, 945810, 9447669.47705868, 36, 36, 0, 257.1489742783178, 36
1, 2204900, 1259050, 945850, 9447986.777058681, 81, 41, 40, 317.3, 42
51, 2205016, 1259086, 945930, 9448335.358862173, 116, 36, 80, 348.5818034911291, 38
1, 2205059, 1259129, 945930, 9448605.033822376, 43, 43, 0, 269.6749602031015, 43
1, 2205164, 1259164, 946000, 9448944.34240967, 105, 35, 70, 339.30858729436795, 37
1, 2205199, 1259199, 946000, 9449199.57233758, 35, 35, 0, 255.22992790977875, 35
51, 2205287, 1259237, 946050, 9449523.553768942, 88, 38, 50, 323.98143136087856, 39
1, 2205328, 1259278, 946050, 9449789.797722386, 41, 41, 0, 266.24395344352433, 41
1, 2205372, 1259322, 946050, 9450061.148680076, 44, 44, 0, 271.35095769013947, 44
1, 2205477, 1259357, 946120, 9450400.45726737, 105, 35, 70, 339.30858729436795, 37
1, 2205516, 1259396, 946120, 9450663.157207314, 39, 39, 0, 262.6999399439383, 39
51, 2205667, 1259427, 946240, 9451037.20257852, 151, 31, 120, 374.04537120670284, 34
1, 2205697, 1259457, 946240, 9451282.237310452, 30, 30, 0, 245.0347319320716, 30
1, 2205741, 1259501, 946240, 9451553.588268142, 44, 44, 0, 271.35095769013947, 44
1, 2205812, 1259542, 946270, 9451860.166578962, 71, 41, 30, 306.57831081870995, 42
51, 2205938, 1259578, 946360, 9452216.603474844, 126, 36, 90, 356.43689588345075, 38
1, 2205973, 1259613, 946360, 9452471.833402755, 35, 35, 0, 255.22992790977875, 35
1, 2206011, 1259651, 946360, 9452732.715782374, 38, 38, 0, 260.88237961983884, 38
1, 2206051, 1259691, 946360, 9452997.202468311, 40, 40, 0, 264.4866859365871, 40
51, 2206177, 1259727, 946450, 9453353.639364194, 126, 36, 90, 356.43689588345075, 38
1, 2206243, 1259763, 946480, 9453653.966352472, 66, 36, 30, 300.32698827717985, 37
1, 2206283, 1259803, 946480, 9453918.45303841, 40, 40, 0, 264.4866859365871, 40
1, 2206323, 1259843, 946480, 9454182.939724347, 40, 40, 0, 264.4866859365871, 40
51, 2206410, 1259880, 946530, 9454505.847305344, 87, 37, 50, 322.9075809977351, 38
1, 2206450, 1259920, 946530, 9454770.333991282, 40, 40, 0, 264.4866859365871, 40
1, 2206531, 1259961, 946570, 9455087.633991282, 81, 41, 40, 317.3, 42
1, 2206600, 1260000, 946600, 9455391.746132992, 69, 39, 30, 304.1121417102006, 40
51, 2206728, 1260038, 946690, 9455749.904699095, 128, 38, 90, 358.1585661014858, 40
1, 2206810, 1260090, 946720, 9456069.326368937, 82, 52, 30, 319.42166984345636, 53
1, 2206839, 1260119, 946720, 9456312.185947647, 29, 29, 0, 242.8595787106084, 29
51, 2206939, 1260169, 946770, 9456648.513713663, 100, 50, 50, 336.327766016838, 51
1, 2206975, 1260205, 946770, 9456905.662687942, 36, 36, 0, 257.1489742783178, 36
1, 2207019, 1260249, 946770, 9457177.013645632, 44, 44, 0, 271.35095769013947, 44
1, 2207098, 1260288, 946810, 9457492.044395762, 79, 39, 40, 315.03075013013313, 40
51, 2207217, 1260327, 946890, 9457843.327790964, 119, 39, 80, 351.28339520229764, 41
1, 2207260, 1260370, 946890, 9458113.002751168, 43, 43, 0, 269.6749602031015, 43
1, 2207307, 1260417, 946890, 9458389.235801037, 47, 47, 0, 276.2330498695885, 47
1, 2207387, 1260457, 946930, 9458705.405557282, 80, 40, 40, 316.1697562442441, 41
1, 2207451, 1260491, 946960, 9459003.148269758, 64, 34, 30, 297.742712474619, 35
51, 2207538, 1260528, 947010, 9459326.055850755, 87, 37, 50, 322.9075809977351, 38
1, 2207582, 1260572, 947010, 9459597.406808445, 44, 44, 0, 271.35095769013947, 44
1, 2207654, 1260614, 947040, 9459905.20187147, 72, 42, 30, 307.79506302439404, 43
1, 2207724, 1260644, 947080, 9460209.55263232, 70, 30, 40, 304.3507608519078, 31
1, 2207762, 1260682, 947080, 9460470.43501194, 38, 38, 0, 260.88237961983884, 38
51, 2207858, 1260728, 947130, 9460802.751927955, 96, 46, 50, 332.31691601465747, 47
1, 2207885, 1260755, 947130, 9461041.102633651, 27, 27, 0, 238.35070569547776, 27
1, 2207930, 1260800, 947130, 9461314.104640063, 45, 45, 0, 273.00200641113514, 45
1, 2208002, 1260842, 947160, 9461621.899703087, 72, 42, 30, 307.79506302439404, 43
1, 2208080, 1260880, 947200, 9461935.782489708, 78, 38, 40, 313.8827866200841, 39
51, 2208165, 1260915, 947250, 9462256.519517379, 85, 35, 50, 320.73702767108114, 36
1, 2208205, 1260955, 947250, 9462521.006203316, 40, 40, 0, 264.4866859365871, 40
1, 2208276, 1260996, 947280, 9462827.584514135, 71, 41, 30, 306.57831081870995, 42
51, 2208414, 1261044, 947370, 9463194.128443688, 138, 48, 90, 366.54392955194305, 50
1, 2208450, 1261080, 947370, 9463451.277417967, 36, 36, 0, 257.1489742783178, 36
1, 2208490, 1261120, 947370, 9463715.764103904, 40, 40, 0, 264.4866859365871, 40
1, 2208556, 1261156, 947400, 9464016.091092182, 66, 36, 30, 300.32698827717985, 37
1, 2208592, 1261192, 947400, 9464273.240066461, 36, 36, 0, 257.1489742783178, 36
51, 2208721, 1261231, 947490, 9464632.253666952, 129, 39, 90, 359.01360049114555, 41
1, 2208757, 1261267, 947490, 9464889.402641231, 36, 36, 0, 257.1489742783178, 36
1, 2208807, 1261317, 947490, 9465170.317436079, 50, 50, 0, 280.9147948472494, 50
1, 2208889, 1261359, 947530, 9465488.739105921, 82, 42, 40, 318.42166984345636, 43
1, 2208953, 1261393, 947560, 9465786.481818397, 64, 34, 30, 297.742712474619, 35
51, 2209043, 1261433, 947610, 9466112.58884722, 90, 40, 50, 326.1070288241023, 41
1, 2209086, 1261476, 947610, 9466382.263807423, 43, 43, 0, 269.6749602031015, 43
1, 2209161, 1261511, 947650, 9466692.646903062, 75, 35, 40, 310.38309563827124, 36
1, 2209236, 1261556, 947680, 9467004.029998701, 75, 45, 30, 311.38309563827124, 46
1, 2209278, 1261598, 947680, 9467272.002988202, 42, 42, 0, 267.97298950218305, 42
51, 2209407, 1261637, 947770, 9467631.016588693, 129, 39, 90, 359.01360049114555, 41
1, 2209451, 1261681, 947770, 9467902.367546383, 44, 44, 0, 271.35095769013947, 44
1, 2209485, 1261715, 947770, 9468155.64118666, 34, 34, 0, 253.2736402766418, 34
1, 2209527, 1261757, 947770, 9468423.614176162, 42, 42, 0, 267.97298950218305, 42
1, 2209594, 1261794, 947800, 9468725.21473142, 67, 37, 30, 301.6005552576305, 38
51, 2209721, 1261831, 947890, 9469082.514413718, 127, 37, 90, 357.2996822992933, 39
1, 2209768, 1261878, 947890, 9469358.747463588, 47, 47, 0, 276.2330498695885, 47
1, 2209808, 1261918, 947890, 9469623.234149525, 40, 40, 0, 264.4866859365871, 40
1, 2209893, 1261963, 947930, 9469944.971177196, 85, 45, 40, 321.73702767108114, 46
1, 2209931, 1262001, 947930, 9470205.853556816, 38, 38, 0, 260.88237961983884, 38
51, 2210053, 1262043, 948010, 9470559.799175369, 122, 42, 80, 353.9456185537469, 44
1, 2210090, 1262080, 948010, 9470818.831746824, 37, 37, 0, 259.03257145596604, 37
1, 2210199, 1262119, 948080, 9471161.946378324, 109, 39, 70, 343.114631499574, 41
51, 2210290, 1262160, 948130, 9471489.105440263, 91, 41, 50, 327.1590619387661, 42
1, 2210329, 1262199, 948130, 9471751.805380207, 39, 39, 0, 262.6999399439383, 39
1, 2210440, 1262240, 948200, 9472096.792098247, 111, 41, 70, 344.9867180408456, 43
1, 2210484, 1262284, 948200, 9472368.143055936, 44, 44, 0, 271.35095769013947, 44
51, 2210576, 1262326, 948250, 9472696.347157404, 92, 42, 50, 328.20410146824725, 43
1, 2210639, 1262359, 948280, 9472992.77848213, 63, 33, 30, 296.43132472612575, 34
1, 2210678, 1262398, 948280, 9473255.478422074, 39, 39, 0, 262.6999399439383, 39
51, 2210833, 1262433, 948400, 9473632.62257461, 155, 35, 120, 377.14415253747273, 38
1, 2210871, 1262471, 948400, 9473893.50495423, 38, 38, 0, 260.88237961983884, 38
1, 2210947, 1262517, 948430, 9474206.064126603, 76, 46, 30, 312.5591723737189, 47
1, 2211031, 1262561, 948470, 9474526.704137007, 84, 44, 40, 320.64001040350905, 45
51, 2211122, 1262602, 948520, 9474853.863198945, 91, 41, 50, 327.1590619387661, 42
1, 2211160, 1262640, 948520, 9475114.745578565, 38, 38, 0, 260.88237961983884, 38
1, 2211234, 1262684, 948550, 9475424.942787332, 74, 44, 30, 310.1972087668518, 45
1, 2211308, 1262718, 948590, 9475734.1399961, 74, 34, 40, 309.1972087668518, 35
51, 2211394, 1262754, 948640, 9476055.966160748, 86, 36, 50, 321.82616464756694, 37
1, 2211475, 1262795, 948680, 9476373.266160749, 81, 41, 40, 317.3, 42
1, 2211511, 1262831, 948680, 9476630.415135028, 36, 36, 0, 257.1489742783178, 36
1, 2211588, 1262878, 948710, 9476944.140798794, 77, 47, 30, 313.72566376652986, 48
51, 2211727, 1262927, 948800, 9477311.503961096, 139, 49, 90, 367.36316230125203, 51
1, 2211805, 1262975, 948830, 9477626.386747716, 78, 48, 30, 314.8827866200841, 49
1, 2211848, 1263018, 948830, 9477896.06170792, 43, 43, 0, 269.6749602031015, 43
51, 2211935, 1263055, 948880, 9478218.969288917, 87, 37, 50, 322.9075809977351, 38
1, 2211970, 1263090, 948880, 9478474.199216828, 35, 35, 0, 255.22992790977875, 35
1, 2212058, 1263138, 948920, 9478799.180648189, 88, 48, 40, 324.98143136087856, 49
1, 2212118, 1263168, 948950, 9479091.596416561, 60, 30, 30, 292.41576837137404, 31
1, 2212156, 1263206, 948950, 9479352.47879618, 38, 38, 0, 260.88237961983884, 38
51, 2212240, 1263240, 949000, 9479672.118806584, 84, 34, 50, 319.64001040350905, 35
1, 2212322, 1263282, 949040, 9479990.540476426, 82, 42, 40, 318.42166984345636, 43
1, 2212360, 1263320, 949040, 9480251.422856046, 38, 38, 0, 260.88237961983884, 38
51, 2212444, 1263354, 949090, 9480571.06286645, 84, 34, 50, 319.64001040350905, 35
1, 2212565, 1263405, 949160, 9480925.125345485, 121, 51, 70, 354.06247903554, 53
1, 2212613, 1263453, 949160, 9481202.940148076, 48, 48, 0, 277.8148025904985, 48
1, 2212658, 1263498, 949160, 9481475.942154488, 45, 45, 0, 273.00200641113514, 45
51, 2212742, 1263532, 949210, 9481795.582164891, 84, 34, 50, 319.64001040350905, 35
1, 2212783, 1263573, 949210, 9482061.826118335, 41, 41, 0, 266.24395344352433, 41
1, 2212857, 1263607, 949250, 9482371.023327103, 74, 34, 40, 309.1972087668518, 35
1, 2212929, 1263649, 949280, 9482678.818390127, 72, 42, 30, 307.79506302439404, 43
51, 2213023, 1263693, 949330, 9483009.092115976, 94, 44, 50, 330.273725847777, 45
1, 2213097, 1263727, 949370, 9483318.289324744, 74, 34, 40, 309.1972087668518, 35
1, 2213130, 1263760, 949370, 9483569.567497436, 33, 33, 0, 251.27817269284301, 33
1, 2213175, 1263805, 949370, 9483842.569503848, 45, 45, 0, 273.00200641113514, 45
51, 2213285, 1263835, 949450, 9484185.622687895, 110, 30, 80, 343.0531840464366, 32
1, 2213371, 1263881, 949490, 9484508.448852543, 86, 46, 40, 322.82616464756694, 47
1, 2213413, 1263923, 949490, 9484776.421842044, 42, 42, 0, 267.97298950218305, 42
1, 2213459, 1263969, 949490, 9485051.050910758, 46, 46, 0, 274.6290687140218, 46
51, 2213555, 1264015, 949540, 9485383.367826773, 96, 46, 50, 332.31691601465747, 47
1, 2213624, 1264054, 949570, 9485687.479968483, 69, 39, 30, 304.1121417102006, 40
1, 2213667, 1264097, 949570, 9485957.154928686, 43, 43, 0, 269.6749602031015, 43
1, 2213776, 1264136, 949640, 9486300.269560186, 109, 39, 70, 343.114631499574, 41
51, 2213876, 1264186, 949690, 9486636.597326202, 100, 50, 50, 336.327766016838, 51
1, 2213957, 1264237, 949720, 9486954.897326203, 81, 51, 30, 318.3, 52
1, 2213994, 1264274, 949720, 9487213.929897659, 37, 37, 0, 259.03257145596604, 37
1, 2214073, 1264313, 949760, 9487528.960647788, 79, 39, 40, 315.03075013013313, 40
51, 2214201, 1264361, 949840, 9487888.11921389, 128, 48, 80, 359.1585661014858, 50
1, 2214243, 1264403, 949840, 9488156.092203392, 42, 42, 0, 267.97298950218305, 42
1, 2214325, 1264445, 949880, 9488474.513873234, 82, 42, 40, 318.42166984345636, 43
51, 2214419, 1264489, 949930, 9488804.787599083, 94, 44, 50, 330.273725847777, 45
1, 2214464, 1264534, 949930, 9489077.789605495, 45, 45, 0, 273.00200641113514, 45
1, 2214528, 1264568, 949960, 9489375.53231797, 64, 34, 30, 297.742712474619, 35
1, 2214565, 1264605, 949960, 9489634.564889425, 37, 37, 0, 259.03257145596604, 37
51, 2214726, 1264646, 950080, 9490016.275186026, 161, 41, 120, 381.7102966008917, 44
1, 2214766, 1264686, 950080, 9490280.761871964, 40, 40, 0, 264.4866859365871, 40
1, 2214811, 1264731, 950080, 9490553.763878375, 45, 45, 0, 273.00200641113514, 45
51, 2214900, 1264770, 950130, 9490878.81174394, 89, 39, 50, 325.0478655640733, 40
1, 2214973, 1264803, 950170, 9491186.81302251, 73, 33, 40, 308.00127856917646, 34
1, 2215044, 1264844, 950200, 9491493.391333329, 71, 41, 30, 306.57831081870995, 42
51, 2215137, 1264887, 950250, 9491822.633613236, 93, 43, 50, 329.24227990714814, 44
1, 2215179, 1264929, 950250, 9492090.606602738, 42, 42, 0, 267.97298950218305, 42
1, 2215251, 1264971, 950280, 9492398.401665762, 72, 42, 30, 307.79506302439404, 43
1, 2215296, 1265016, 950280, 9492671.403672174, 45, 45, 0, 273.00200641113514, 45
51, 2215431, 1265061, 950370, 9493035.469482115, 135, 45, 90, 364.06580994024984, 47
1, 2215474, 1265104, 950370, 9493305.144442318, 43, 43, 0, 269.6749602031015, 43
1, 2215551, 1265141, 950410, 9493617.870106084, 77, 37, 40, 312.72566376652986, 38
1, 2215631, 1265191, 950440, 9493935.03986233, 80, 50, 30, 317.1697562442441, 51
1, 2215670, 1265230, 950440, 9494197.739802273, 39, 39, 0, 262.6999399439383, 39
51, 2215769, 1265279, 950490, 9494533.074016826, 99, 49, 50, 335.33421455299043, 50
1, 2215844, 1265314, 950530, 9494843.457112465, 75, 35, 40, 310.38309563827124, 36
1, 2215887, 1265357, 950530, 9495113.132072669, 43, 43, 0, 269.6749602031015, 43
51, 2215977, 1265397, 950580, 9495439.239101492, 90, 40, 50, 326.1070288241023, 41
1, 2216089, 1265439, 950650, 9495785.154413832, 112, 42, 70, 345.91531233955715, 44
1, 2216143, 1265493, 950650, 9496072.035014916, 54, 54, 0, 286.88060108295343, 54
1, 2216222, 1265532, 950690, 9496387.065765046, 79, 39, 40, 315.03075013013313, 40
1, 2216257, 1265567, 950690, 9496642.295692956, 35, 35, 0, 255.22992790977875, 35
51, 2216348, 1265608, 950740, 9496969.454754895, 91, 41, 50, 327.1590619387661, 42
1, 2216428, 1265648, 950780, 9497285.62451114, 80, 40, 40, 316.1697562442441, 41
1, 2216501, 1265691, 950810, 9497594.62578971, 73, 43, 30, 309.00127856917646, 44
1, 2216547, 1265737, 950810, 9497869.254858423, 46, 46, 0, 274.6290687140218, 46
51, 2216635, 1265775, 950860, 9498193.236289784, 88, 38, 50, 323.98143136087856, 39
1, 2216715, 1265815, 950900, 9498509.40604603, 80, 40, 40, 316.1697562442441, 41
1, 2216748, 1265848, 950900, 9498760.684218721, 33, 33, 0, 251.27817269284301, 33
1, 2216825, 1265885, 950940, 9499073.409882488, 77, 37, 40, 312.72566376652986, 38
1, 2216902, 1265932, 950970, 9499387.135546254, 77, 47, 30, 313.72566376652986, 48
51, 2217001, 1265981, 951020, 9499722.469760807, 99, 49, 50, 335.33421455299043, 50
1, 2217046, 1266026, 951020, 9499995.471767219, 45, 45, 0, 273.00200641113514, 45
1, 2217108, 1266058, 951050, 9500290.578393549, 62, 32, 30, 295.1066263296683, 33
51, 2217248, 1266108, 951140, 9500658.757456373, 140, 50, 90, 368.1790628250393, 52
1, 2217297, 1266157, 951140, 9500938.13258748, 49, 49, 0, 279.3751311064591, 49
1, 2217339, 1266199, 951140, 9501206.10557698, 42, 42, 0, 267.97298950218305, 42
1, 2217386, 1266246, 951140, 9501482.33862685, 47, 47, 0, 276.2330498695885, 47
1, 2217423, 1266283, 951140, 9501741.371198306, 37, 37, 0, 259.03257145596604, 37
51, 2217572, 1266312, 951260, 9502113.850013, 149, 29, 120, 372.4788146945047, 32
1, 2217609, 1266349, 951260, 9502372.882584456, 37, 37, 0, 259.03257145596604, 37
1, 2217648, 1266388, 951260, 9502635.5825244, 39, 39, 0, 262.6999399439383, 39
1, 2217719, 1266429, 951290, 9502942.16083522, 71, 41, 30, 306.57831081870995, 42
1, 2217755, 1266465, 951290, 9503199.309809498, 36, 36, 0, 257.1489742783178, 36
51, 2217918, 1266508, 951410, 9503582.521232978, 163, 43, 120, 383.21142347822723, 46
1, 2217962, 1266552, 951410, 9503853.872190667, 44, 44, 0, 271.35095769013947, 44
1, 2218009, 1266599, 951410, 9504130.105240537, 47, 47, 0, 276.2330498695885, 47
1, 2218084, 1266644, 951440, 9504441.488336176, 75, 45, 30, 311.38309563827124, 46
51, 2218178, 1266688, 951490, 9504771.762062024, 94, 44, 50, 330.273725847777, 45
1, 2218253, 1266723, 951530, 9505082.145157663, 75, 35, 40, 310.38309563827124, 36
1, 2218290, 1266760, 951530, 9505341.177729119, 37, 37, 0, 259.03257145596604, 37
1, 2218339, 1266809, 951530, 9505620.552860225, 49, 49, 0, 279.3751311064591, 49
51, 2218490, 1266840, 951650, 9505994.598231431, 151, 31, 120, 374.04537120670284, 34
1, 2218527, 1266877, 951650, 9506253.630802887, 37, 37, 0, 259.03257145596604, 37
1, 2218564, 1266914, 951650, 9506512.663374342, 37, 37, 0, 259.03257145596604, 37
1, 2218683, 1266963, 951720, 9506864.946769545, 119, 49, 70, 352.28339520229764, 51
51, 2218775, 1267005, 951770, 9507193.150871012, 92, 42, 50, 328.20410146824725, 43
1, 2218802, 1267032, 951770, 9507431.501576709, 27, 27, 0, 238.35070569547776, 27
1, 2218912, 1267072, 951840, 9507775.554760756, 110, 40, 70, 344.0531840464366, 42
51, 2218996, 1267106, 951890, 9508095.19477116, 84, 34, 50, 319.64001040350905, 35
1, 2219031, 1267141, 951890, 9508350.42469907, 35, 35, 0, 255.22992790977875, 35
1, 2219067, 1267177, 951890, 9508607.573673349, 36, 36, 0, 257.1489742783178, 36
51, 2219192, 1267212, 951980, 9508963.143825836, 125, 35, 90, 355.57015248821097, 37
1, 2219228, 1267248, 951980, 9509220.292800115, 36, 36, 0, 257.1489742783178, 36
1, 2219300, 1267290, 952010, 9509528.08786314, 72, 42, 30, 307.79506302439404, 43
1, 2219333, 1267323, 952010, 9509779.366035832, 33, 33, 0, 251.27817269284301, 33
51, 2219420, 1267360, 952060, 9510102.27361683, 87, 37, 50, 322.9075809977351, 38
1, 2219502, 1267402, 952100, 9510420.695286673, 82, 42, 40, 318.42166984345636, 43
1, 2219533, 1267433, 952100, 9510667.85639285, 31, 31, 0, 247.1611061770567, 31
1, 2219581, 1267481, 952100, 9510945.67119544, 48, 48, 0, 277.8148025904985, 48
1, 2219688, 1267518, 952170, 9511286.89334071, 107, 37, 70, 341.2221452697031, 39
51, 2219777, 1267557, 952220, 9511611.941206275, 89, 39, 50, 325.0478655640733, 40
1, 2219861, 1267601, 952260, 9511932.581216678, 84, 44, 40, 320.64001040350905, 45
1, 2219901, 1267641, 952260, 9512197.067902615, 40, 40, 0, 264.4866859365871, 40
1, 2219986, 1267686, 952300, 9512518.804930286, 85, 45, 40, 321.73702767108114, 46
51, 2220066, 1267716, 952350, 9512833.974686531, 80, 30, 50, 315.1697562442441, 31
1, 2220139, 1267759, 952380, 9513142.975965101, 73, 43, 30, 309.00127856917646, 44
1, 2220178, 1267798, 952380, 9513405.675905045, 39, 39, 0, 262.6999399439383, 39
1, 2220208, 1267828, 952380, 9513650.710636977, 30, 30, 0, 245.0347319320716, 30
1, 2220315, 1267865, 952450, 9513991.932782248, 107, 37, 70, 341.2221452697031, 39
51, 2220403, 1267903, 952500, 9514315.914213609, 88, 38, 50, 323.98143136087856, 39
1, 2220442, 1267942, 952500, 9514578.614153553, 39, 39, 0, 262.6999399439383, 39
1, 2220479, 1267979, 952500, 9514837.646725008, 37, 37, 0, 259.03257145596604, 37
51, 2220560, 1268010, 952550, 9515153.946725009, 81, 31, 50, 316.3, 32
1, 2220601, 1268051, 952550, 9515420.190678453, 41, 41, 0, 266.24395344352433, 41
1, 2220707, 1268087, 952620, 9515760.458722062, 106, 36, 70, 340.2680436096278, 38
1, 2220747, 1268127, 952620, 9516024.945408, 40, 40, 0, 264.4866859365871, 40
1, 2220825, 1268165, 952660, 9516338.82819462, 78, 38, 40, 313.8827866200841, 39
51, 2220910, 1268200, 952710, 9516659.565222291, 85, 35, 50, 320.73702767108114, 36
1, 2220952, 1268242, 952710, 9516927.538211793, 42, 42, 0, 267.97298950218305, 42
1, 2221021, 1268281, 952740, 9517231.650353502, 69, 39, 30, 304.1121417102006, 40
1, 2221109, 1268329, 952780, 9517556.631784864, 88, 48, 40, 324.98143136087856, 49
1, 2221153, 1268373, 952780, 9517827.982742554, 44, 44, 0, 271.35095769013947, 44
51, 2221272, 1268412, 952860, 9518179.266137756, 119, 39, 80, 351.28339520229764, 41
1, 2221351, 1268451, 952900, 9518494.296887886, 79, 39, 40, 315.03075013013313, 40
1, 2221395, 1268495, 952900, 9518765.647845576, 44, 44, 0, 271.35095769013947, 44
1, 2221423, 1268523, 952900, 9519006.280508954, 28, 28, 0, 240.63266337912057, 28
51, 2221515, 1268565, 952950, 9519334.484610422, 92, 42, 50, 328.20410146824725, 43
1, 2221584, 1268604, 952980, 9519638.596752131, 69, 39, 30, 304.1121417102006, 40
1, 2221659, 1268639, 953020, 9519948.97984777, 75, 35, 40, 310.38309563827124, 36
1, 2221705, 1268685, 953020, 9520223.608916484, 46, 46, 0, 274.6290687140218, 46
51, 2221796, 1268726, 953070, 9520550.767978422, 91, 41, 50, 327.1590619387661, 42
1, 2221830, 1268760, 953070, 9520804.0416187, 34, 34, 0, 253.2736402766418, 34
1, 2221901, 1268801, 953100, 9521110.619929519, 71, 41, 30, 306.57831081870995, 42
51, 2221988, 1268838, 953150, 9521433.527510516, 87, 37, 50, 322.9075809977351, 38
1, 2222095, 1268875, 953220, 9521774.749655787, 107, 37, 70, 341.2221452697031, 39
1, 2222129, 1268909, 953220, 9522028.023296064, 34, 34, 0, 253.2736402766418, 34
1, 2222168, 1268948, 953220, 9522290.723236008, 39, 39, 0, 262.6999399439383, 39
51, 2222254, 1268984, 953270, 9522612.549400656, 86, 36, 50, 321.82616464756694, 37
1, 2222329, 1269029, 953300, 9522923.932496294, 75, 45, 30, 311.38309563827124, 46
1, 2222417, 1269077, 953340, 9523248.913927656, 88, 48, 40, 324.98143136087856, 49
51, 2222536, 1269116, 953420, 9523600.197322858, 119, 39, 80, 351.28339520229764, 41
1, 2222618, 1269158, 953460, 9523918.618992701, 82, 42, 40, 318.42166984345636, 43
1, 2222663, 1269203, 953460, 9524191.620999113, 45, 45, 0, 273.00200641113514, 45
1, 2222705, 1269245, 953460, 9524459.593988614, 42, 42, 0, 267.97298950218305, 42
1, 2222774, 1269284, 953490, 9524763.706130324, 69, 39, 30, 304.1121417102006, 40
51, 2222908, 1269328, 953580, 9525126.938946243, 134, 44, 90, 363.23281591860336, 46
1, 2222942, 1269362, 953580, 9525380.21258652, 34, 34, 0, 253.2736402766418, 34
1, 2222976, 1269396, 953580, 9525633.486226797, 34, 34, 0, 253.2736402766418, 34
1, 2223007, 1269427, 953580, 9525880.647332974, 31, 31, 0, 247.1611061770567, 31
1, 2223079, 1269469, 953610, 9526188.442395998, 72, 42, 30, 307.79506302439404, 43
51, 2223174, 1269514, 953660, 9526519.740960134, 95, 45, 50, 331.2985641352145, 46
1, 2223259, 1269559, 953700, 9526841.477987805, 85, 45, 40, 321.73702767108114, 46
1, 2223294, 1269594, 953700, 9527096.707915716, 35, 35, 0, 255.22992790977875, 35
1, 2223340, 1269640, 953700, 9527371.33698443, 46, 46, 0, 274.6290687140218, 46
1, 2223451, 1269681, 953770, 9527716.32370247, 111, 41, 70, 344.9867180408456, 43
51, 2223546, 1269726, 953820, 9528047.622266605, 95, 45, 50, 331.2985641352145, 46
1, 2223585, 1269765, 953820, 9528310.32220655, 39, 39, 0, 262.6999399439383, 39
1, 2223643, 1269793, 953850, 9528599.989108657, 58, 28, 30, 289.66690210718946, 29
1, 2223687, 1269837, 953850, 9528871.340066347, 44, 44, 0, 271.35095769013947, 44
1, 2223773, 1269883, 953890, 9529194.166230995, 86, 46, 40, 322.82616464756694, 47
51, 2223864, 1269924, 953940, 9529521.325292934, 91, 41, 50, 327.1590619387661, 42
1, 2223905, 1269965, 953940, 9529787.569246378, 41, 41, 0, 266.24395344352433, 41
1, 2223978, 1270008, 953970, 9530096.570524948, 73, 43, 30, 309.00127856917646, 44
51, 2224074, 1270054, 954020, 9530428.887440963, 96, 46, 50, 332.31691601465747, 47
1, 2224121, 1270101, 954020, 9530705.120490832, 47, 47, 0, 276.2330498695885, 47
1, 2224207, 1270147, 954060, 9531027.94665548, 86, 46, 40, 322.82616464756694, 47
1, 2224247, 1270187, 954060, 9531292.433341417, 40, 40, 0, 264.4866859365871, 40
51, 2224344, 1270234, 954110, 9531625.76224069, 97, 47, 50, 333.3288992714996, 48
1, 2224420, 1270280, 954140, 9531938.321413063, 76, 46, 30, 312.5591723737189, 47
1, 2224469, 1270329, 954140, 9532217.696544169, 49, 49, 0, 279.3751311064591, 49
51, 2224598, 1270368, 954230, 9532576.71014466, 129, 39, 90, 359.01360049114555, 41
1, 2224643, 1270413, 954230, 9532849.712151071, 45, 45, 0, 273.00200641113514, 45
1, 2224694, 1270464, 954230, 9533132.14666285, 51, 51, 0, 282.43451177837886, 51
1, 2224732, 1270502, 954230, 9533393.02904247, 38, 38, 0, 260.88237961983884, 38
51, 2224895, 1270545, 954350, 9533776.240465948, 163, 43, 120, 383.21142347822723, 46
1, 2224926, 1270576, 954350, 9534023.401572125, 31, 31, 0, 247.1611061770567, 31
1, 2225002, 1270622, 954380, 9534335.960744498, 76, 46, 30, 312.5591723737189, 47
51, 2225125, 1270655, 954470, 9534689.78531576, 123, 33, 90, 353.8245712617827, 35
1, 2225164, 1270694, 954470, 9534952.485255703, 39, 39, 0, 262.6999399439383, 39
1, 2225197, 1270727, 954470, 9535203.763428396, 33, 33, 0, 251.27817269284301, 33
1, 2225239, 1270769, 954470, 9535471.736417897, 42, 42, 0, 267.97298950218305, 42
51, 2225408, 1270818, 954590, 9535859.391545443, 169, 49, 120, 387.65512754639894, 52
1, 2225445, 1270855, 954590, 9536118.424116898, 37, 37, 0, 259.03257145596604, 37
1, 2225487, 1270897, 954590, 9536386.3971064, 42, 42, 0, 267.97298950218305, 42
1, 2225521, 1270931, 954590, 9536639.670746677, 34, 34, 0, 253.2736402766418, 34
1, 2225629, 1270969, 954660, 9536981.841726223, 108, 38, 70, 342.1709795470626, 40
51, 2225723, 1271013, 954710, 9537312.115452072, 94, 44, 50, 330.273725847777, 45
1, 2225761, 1271051, 954710, 9537572.997831691, 38, 38, 0, 260.88237961983884, 38
1, 2225832, 1271082, 954750, 9537878.57614251, 71, 31, 40, 305.57831081870995, 32
1, 2225884, 1271134, 954750, 9538162.51110394, 52, 52, 0, 283.93496142826496, 52
1, 2225962, 1271182, 954780, 9538477.39389056, 78, 48, 30, 314.8827866200841, 49
51, 2226057, 1271227, 954830, 9538808.692454696, 95, 45, 50, 331.2985641352145, 46
1, 2226100, 1271270, 954830, 9539078.3674149, 43, 43, 0, 269.6749602031015, 43
1, 2226178, 1271308, 954870, 9539392.25020152, 78, 38, 40, 313.8827866200841, 39
1, 2226229, 1271359, 954870, 9539674.684713298, 51, 51, 0, 282.43451177837886, 51
51, 2226314, 1271394, 954920, 9539995.42174097, 85, 35, 50, 320.73702767108114, 36
1, 2226388, 1271438, 954950, 9540305.618949737, 74, 44, 30, 310.1972087668518, 45
1, 2226426, 1271476, 954950, 9540566.501329357, 38, 38, 0, 260.88237961983884, 38
1, 2226503, 1271513, 954990, 9540879.226993123, 77, 37, 40, 312.72566376652986, 38
51, 2226587, 1271547, 955040, 9541198.867003527, 84, 34, 50, 319.64001040350905, 35
1, 2226706, 1271596, 955110, 9541551.15039873, 119, 49, 70, 352.28339520229764, 51
1, 2226749, 1271639, 955110, 9541820.825358933, 43, 43, 0, 269.6749602031015, 43
1, 2226790, 1271680, 955110, 9542087.069312377, 41, 41, 0, 266.24395344352433, 41
51, 2226873, 1271713, 955160, 9542405.604260307, 83, 33, 50, 318.5349479292333, 34
1, 2226985, 1271755, 955230, 9542751.519572647, 112, 42, 70, 345.91531233955715, 44
1, 2227021, 1271791, 955230, 9543008.668546926, 36, 36, 0, 257.1489742783178, 36
51, 2227102, 1271822, 955280, 9543324.968546927, 81, 31, 50, 316.3, 32
1, 2227137, 1271857, 955280, 9543580.198474837, 35, 35, 0, 255.22992790977875, 35
1, 2227249, 1271899, 955350, 9543926.113787178, 112, 42, 70, 345.91531233955715, 44
1, 2227287, 1271937, 955350, 9544186.996166797, 38, 38, 0, 260.88237961983884, 38
51, 2227379, 1271979, 955400, 9544515.200268265, 92, 42, 50, 328.20410146824725, 43
1, 2227457, 1272017, 955440, 9544829.083054885, 78, 38, 40, 313.8827866200841, 39
1, 2227489, 1272049, 955440, 9545078.324477885, 32, 32, 0, 249.24142300054422, 32
1, 2227560, 1272090, 955470, 9545384.902788704, 71, 41, 30, 306.57831081870995, 42
1, 2227635, 1272125, 955510, 9545695.285884343, 75, 35, 40, 310.38309563827124, 36
51, 2227723, 1272163, 955560, 9546019.267315704, 88, 38, 50, 323.98143136087856, 39
1, 2227809, 1272219, 955590, 9546343.093480352, 86, 56, 30, 323.82616464756694, 57
1, 2227896, 1272266, 955630, 9546667.00106135, 87, 47, 40, 323.9075809977351, 48
51, 2227990, 1272310, 955680, 9546997.274787199, 94, 44, 50, 330.273725847777, 45
1, 2228043, 1272363, 955680, 9547282.69157484, 53, 53, 0, 285.4167876408086, 53
1, 2228118, 1272398, 955720, 9547593.074670479, 75, 35, 40, 310.38309563827124, 36
1, 2228151, 1272431, 955720, 9547844.352843171, 33, 33, 0, 251.27817269284301, 33
1, 2228226, 1272476, 955750, 9548155.73593881, 75, 45, 30, 311.38309563827124, 46
51, 2228364, 1272524, 955840, 9548522.279868362, 138, 48, 90, 366.54392955194305, 50
1, 2228402, 1272562, 955840, 9548783.162247982, 38, 38, 0, 260.88237961983884, 38
1, 2228467, 1272597, 955870, 9549082.203399425, 65, 35, 30, 299.04115144336777, 36
1, 2228510, 1272640, 955870, 9549351.878359629, 43, 43, 0, 269.6749602031015, 43
51, 2228604, 1272684, 955920, 9549682.152085477, 94, 44, 50, 330.273725847777, 45
1, 2228647, 1272727, 955920, 9549951.827045681, 43, 43, 0, 269.6749602031015, 43
1, 2228727, 1272767, 955960, 9550267.996801926, 80, 40, 40, 316.1697562442441, 41
51, 2228847, 1272807, 956040, 9550620.171893891, 120, 40, 80, 352.1750919646873, 42
1, 2228893, 1272853, 956040, 9550894.800962605, 46, 46, 0, 274.6290687140218, 46
1, 2228970, 1272890, 956080, 9551207.52662637, 77, 37, 40, 312.72566376652986, 38
51, 2229060, 1272930, 956130, 9551533.633655194, 90, 40, 50, 326.1070288241023, 41
1, 2229104, 1272974, 956130, 9551804.984612884, 44, 44, 0, 271.35095769013947, 44
1, 2229154, 1273024, 956130, 9552085.899407731, 50, 50, 0, 280.9147948472494, 50
1, 2229215, 1273055, 956160, 9552379.667646999, 61, 31, 30, 293.7682392671241, 32
51, 2229341, 1273091, 956250, 9552736.104542881, 126, 36, 90, 356.43689588345075, 38
1, 2229383, 1273133, 956250, 9553004.077532383, 42, 42, 0, 267.97298950218305, 42
1, 2229417, 1273167, 956250, 9553257.35117266, 34, 34, 0, 253.2736402766418, 34
1, 2229497, 1273207, 956290, 9553573.520928904, 80, 40, 40, 316.1697562442441, 41
1, 2229571, 1273251, 956320, 9553883.718137672, 74, 44, 30, 310.1972087668518, 45
51, 2229701, 1273291, 956410, 9554243.58297521, 130, 40, 90, 359.86483753851803, 42
1, 2229768, 1273328, 956440, 9554545.183530468, 67, 37, 30, 301.6005552576305, 38
1, 2229842, 1273362, 956480, 9554854.380739236, 74, 34, 40, 309.1972087668518, 35
1, 2229879, 1273399, 956480, 9555113.413310692, 37, 37, 0, 259.03257145596604, 37
51, 2229969, 1273439, 956530, 9555439.520339515, 90, 40, 50, 326.1070288241023, 41
1, 2230014, 1273484, 956530, 9555712.522345927, 45, 45, 0, 273.00200641113514, 45
1, 2230054, 1273524, 956530, 9555977.009031864, 40, 40, 0, 264.4866859365871, 40
1, 2230120, 1273560, 956560, 9556277.336020142, 66, 36, 30, 300.32698827717985, 37
51, 2230262, 1273612, 956650, 9556647.137052698, 142, 52, 90, 369.8010325565812, 54
1, 2230326, 1273646, 956680, 9556944.879765173, 64, 34, 30, 297.742712474619, 35
1, 2230362, 1273682, 956680, 9557202.028739452, 36, 36, 0, 257.1489742783178, 36
1, 2230442, 1273722, 956720, 9557518.198495697, 80, 40, 40, 316.1697562442441, 41
1, 2230502, 1273752, 956750, 9557810.61426407, 60, 30, 30, 292.41576837137404, 31
51, 2230591, 1273791, 956800, 9558135.662129633, 89, 39, 50, 325.0478655640733, 40
1, 2230639, 1273839, 956800, 9558413.476932224, 48, 48, 0, 277.8148025904985, 48
1, 2230667, 1273867, 956800, 9558654.109595602, 28, 28, 0, 240.63266337912057, 28
1, 2230708, 1273908, 956800, 9558920.353549046, 41, 41, 0, 266.24395344352433, 41
1, 2230787, 1273947, 956840, 9559235.384299176, 79, 39, 40, 315.03075013013313, 40
51, 2230915, 1273995, 956920, 9559594.542865278, 128, 48, 80, 359.1585661014858, 50
1, 2230948, 1274028, 956920, 9559845.82103797, 33, 33, 0, 251.27817269284301, 33
1, 2230986, 1274066, 956920, 9560106.70341759, 38, 38, 0, 260.88237961983884, 38
1, 2231051, 1274101, 956950, 9560405.744569033, 65, 35, 30, 299.04115144336777, 36
51, 2231189, 1274149, 957040, 9560772.288498586, 138, 48, 90, 366.54392955194305, 50
1, 2231236, 1274196, 957040, 9561048.521548456, 47, 47, 0, 276.2330498695885, 47
1, 2231313, 1274243, 957070, 9561362.247212222, 77, 47, 30, 313.72566376652986, 48
1, 2231364, 1274294, 957070, 9561644.681724, 51, 51, 0, 282.43451177837886, 51
1, 2231411, 1274341, 957070, 9561920.91477387, 47, 47, 0, 276.2330498695885, 47
51, 2231540, 1274380, 957160, 9562279.928374361, 129, 39, 90, 359.01360049114555, 41
1, 2231573, 1274413, 957160, 9562531.206547054, 33, 33, 0, 251.27817269284301, 33
1, 2231623, 1274463, 957160, 9562812.1213419, 50, 50, 0, 280.9147948472494, 50
1, 2231693, 1274503, 957190, 9563117.472102752, 70, 40, 30, 305.3507608519078, 41
51, 2231819, 1274539, 957280, 9563473.908998635, 126, 36, 90, 356.43689588345075, 38
1, 2231860, 1274580, 957280, 9563740.152952079, 41, 41, 0, 266.24395344352433, 41
1, 2231963, 1274613, 957350, 9564077.526202135, 103, 33, 70, 337.37325005549695, 35
1, 2231995, 1274645, 957350, 9564326.767625134, 32, 32, 0, 249.24142300054422, 32
1, 2232065, 1274685, 957380, 9564632.118385985, 70, 40, 30, 305.3507608519078, 41
51, 2232159, 1274729, 957430, 9564962.392111834, 94, 44, 50, 330.273725847777, 45
1, 2232200, 1274770, 957430, 9565228.636065278, 41, 41, 0, 266.24395344352433, 41
1, 2232272, 1274802, 957470, 9565535.431128303, 72, 32, 40, 306.79506302439404, 33
1, 2232323, 1274853, 957470, 9565817.865640081, 51, 51, 0, 282.43451177837886, 51
1, 2232365, 1274895, 957470, 9566085.838629583, 42, 42, 0, 267.97298950218305, 42
51, 2232481, 1274931, 957550, 9566434.420433074, 116, 36, 80, 348.5818034911291, 38
1, 2232515, 1274965, 957550, 9566687.694073351, 34, 34, 0, 253.2736402766418, 34
1, 2232626, 1275006, 957620, 9567032.680791391, 111, 41, 70, 344.9867180408456, 43
51, 2232715, 1275045, 957670, 9567357.728656955, 89, 39, 50, 325.0478655640733, 40
1, 2232756, 1275086, 957670, 9567623.9726104, 41, 41, 0, 266.24395344352433, 41
1, 2232799, 1275129, 957670, 9567893.647570603, 43, 43, 0, 269.6749602031015, 43
51, 2232923, 1275173, 957750, 9568249.346967151, 124, 44, 80, 355.6993965481514, 46
1, 2233007, 1275217, 957790, 9568569.986977555, 84, 44, 40, 320.64001040350905, 45
1, 2233066, 1275246, 957820, 9568861.035777802, 59, 29, 30, 291.0488002476036, 30
51, 2233193, 1275283, 957910, 9569218.3354601, 127, 37, 90, 357.2996822992933, 39
1, 2233231, 1275321, 957910, 9569479.21783972, 38, 38, 0, 260.88237961983884, 38
1, 2233276, 1275366, 957910, 9569752.219846131, 45, 45, 0, 273.00200641113514, 45
1, 2233354, 1275404, 957950, 9570066.102632752, 78, 38, 40, 313.8827866200841, 39
1, 2233409, 1275429, 957980, 9570351.529614285, 55, 25, 30, 285.42698153315007, 26
51, 2233499, 1275469, 958030, 9570677.636643108, 90, 40, 50, 326.1070288241023, 41
1, 2233535, 1275505, 958030, 9570934.785617387, 36, 36, 0, 257.1489742783178, 36
1, 2233607, 1275537, 958070, 9571241.580680411, 72, 32, 40, 306.79506302439404, 33
1, 2233682, 1275582, 958100, 9571552.96377605, 75, 45, 30, 311.38309563827124, 46
51, 2233777, 1275627, 958150, 9571884.262340186, 95, 45, 50, 331.2985641352145, 46
1, 2233817, 1275667, 958150, 9572148.749026123, 40, 40, 0, 264.4866859365871, 40
1, 2233896, 1275706, 958190, 9572463.779776253, 79, 39, 40, 315.03075013013313, 40
1, 2233934, 1275744, 958190, 9572724.662155872, 38, 38, 0, 260.88237961983884, 38
1, 2233978, 1275788, 958190, 9572996.013113562, 44, 44, 0, 271.35095769013947, 44
51, 2234144, 1275834, 958310, 9573381.457381196, 166, 46, 120, 385.4442676339201, 49
1, 2234181, 1275871, 958310, 9573640.489952652, 37, 37, 0, 259.03257145596604, 37
1, 2234230, 1275920, 958310, 9573919.865083758, 49, 49, 0, 279.3751311064591, 49
1, 2234270, 1275960, 958310, 9574184.351769695, 40, 40, 0, 264.4866859365871, 40
51, 2234351, 1275991, 958360, 9574500.651769696, 81, 31, 50, 316.3, 32
1, 2234411, 1276021, 958390, 9574793.067538068, 60, 30, 30, 292.41576837137404, 31
1, 2234494, 1276064, 958430, 9575112.602485998, 83, 43, 40, 319.5349479292333, 44
1, 2234532, 1276102, 958430, 9575373.484865617, 38, 38, 0, 260.88237961983884, 38
51, 2234651, 1276141, 958510, 9575724.76826082, 119, 39, 80, 351.28339520229764, 41
1, 2234689, 1276179, 958510, 9575985.65064044, 38, 38, 0, 260.88237961983884, 38
1, 2234767, 1276217, 958550, 9576299.53342706, 78, 38, 40, 313.8827866200841, 39
1, 2234829, 1276249, 958580, 9576594.64005339, 62, 32, 30, 295.1066263296683, 33
51, 2234964, 1276294, 958670, 9576958.70586333, 135, 45, 90, 364.06580994024984, 47
1, 2234999, 1276329, 958670, 9577213.935791241, 35, 35, 0, 255.22992790977875, 35
1, 2235036, 1276366, 958670, 9577472.968362696, 37, 37, 0, 259.03257145596604, 37
1, 2235076, 1276406, 958670, 9577737.455048634, 40, 40, 0, 264.4866859365871, 40
1, 2235105, 1276435, 958670, 9577980.314627344, 29, 29, 0, 242.8595787106084, 29
51, 2235267, 1276477, 958790, 9578362.776761845, 162, 42, 120, 382.4621345008163, 45
1, 2235310, 1276520, 958790, 9578632.451722048, 43, 43, 0, 269.6749602031015, 43
1, 2235379, 1276549, 958830, 9578935.563863758, 69, 29, 40, 303.1121417102006, 30
51, 2235504, 1276594, 958910, 9579292.134016246, 125, 45, 80, 356.57015248821097, 47
1, 2235541, 1276631, 958910, 9579551.166587701, 37, 37, 0, 259.03257145596604, 37
1, 2235618, 1276668, 958950, 9579863.892251467, 77, 37, 40, 312.72566376652986, 38
51, 2235707, 1276707, 959000, 9580188.940117031, 89, 39, 50, 325.0478655640733, 40
1, 2235748, 1276748, 959000, 9580455.184070475, 41, 41, 0, 266.24395344352433, 41
1, 2235801, 1276801, 959000, 9580740.600858117, 53, 53, 0, 285.4167876408086, 53
1, 2235869, 1276839, 959030, 9581043.463029219, 68, 38, 30, 302.86217110259, 39
51, 2235962, 1276882, 959080, 9581372.705309127, 93, 43, 50, 329.24227990714814, 44
1, 2236077, 1276927, 959150, 9581721.377526188, 115, 45, 70, 348.6722170622053, 47
1, 2236119, 1276969, 959150, 9581989.35051569, 42, 42, 0, 267.97298950218305, 42
51, 2236240, 1277010, 959230, 9582342.412994726, 121, 41, 80, 353.06247903554, 43
1, 2236271, 1277041, 959230, 9582589.574100902, 31, 31, 0, 247.1611061770567, 31
1, 2236306, 1277076, 959230, 9582844.804028813, 35, 35, 0, 255.22992790977875, 35
51, 2236438, 1277118, 959320, 9583206.36015124, 132, 42, 90, 361.55612242701943, 44
1, 2236474, 1277154, 959320, 9583463.50912552, 36, 36, 0, 257.1489742783178, 36
1, 2236542, 1277192, 959350, 9583766.371296622, 68, 38, 30, 302.86217110259, 39
51, 2236671, 1277231, 959440, 9584125.384897113, 129, 39, 90, 359.01360049114555, 41
1, 2236709, 1277269, 959440, 9584386.267276732, 38, 38, 0, 260.88237961983884, 38
1, 2236744, 1277304, 959440, 9584641.497204643, 35, 35, 0, 255.22992790977875, 35
1, 2236794, 1277354, 959440, 9584922.41199949, 50, 50, 0, 280.9147948472494, 50
1, 2236905, 1277395, 959510, 9585267.39871753, 111, 41, 70, 344.9867180408456, 43
51, 2236998, 1277438, 959560, 9585596.640997438, 93, 43, 50, 329.24227990714814, 44
1, 2237066, 1277466, 959600, 9585898.50316854, 68, 28, 40, 301.86217110259, 29
1, 2237108, 1277508, 959600, 9586166.476158042, 42, 42, 0, 267.97298950218305, 42
1, 2237153, 1277553, 959600, 9586439.478164453, 45, 45, 0, 273.00200641113514, 45
51, 2237249, 1277599, 959650, 9586771.795080468, 96, 46, 50, 332.31691601465747, 47
1, 2237324, 1277644, 959680, 9587083.178176107, 75, 45, 30, 311.38309563827124, 46
1, 2237369, 1277689, 959680, 9587356.180182518, 45, 45, 0, 273.00200641113514, 45
1, 2237477, 1277727, 959750, 9587698.351162065, 108, 38, 70, 342.1709795470626, 40
51, 2237560, 1277760, 959800, 9588016.886109995, 83, 33, 50, 318.5349479292333, 34
1, 2237606, 1277806, 959800, 9588291.515178708, 46, 46, 0, 274.6290687140218, 46
1, 2237640, 1277840, 959800, 9588544.788818985, 34, 34, 0, 253.2736402766418, 34
1, 2237689, 1277889, 959800, 9588824.163950091, 49, 49, 0, 279.3751311064591, 49
1, 2237780, 1277940, 959840, 9589152.32301203, 91, 51, 40, 328.1590619387661, 52
51, 2237901, 1277981, 959920, 9589505.385491066, 121, 41, 80, 353.06247903554, 43
1, 2237936, 1278016, 959920, 9589760.615418976, 35, 35, 0, 255.22992790977875, 35
1, 2238005, 1278055, 959950, 9590064.727560686, 69, 39, 30, 304.1121417102006, 40
1, 2238043, 1278093, 959950, 9590325.609940305, 38, 38, 0, 260.88237961983884, 38
1, 2238126, 1278136, 959990, 9590645.144888235, 83, 43, 40, 319.5349479292333, 44
51, 2238210, 1278170, 960040, 9590964.784898639, 84, 34, 50, 319.64001040350905, 35
1, 2238288, 1278218, 960070, 9591279.66768526, 78, 48, 30, 314.8827866200841, 49
1, 2238357, 1278247, 960110, 9591582.779826969, 69, 29, 40, 303.1121417102006, 30
1, 2238389, 1278279, 960110, 9591832.021249969, 32, 32, 0, 249.24142300054422, 32
51, 2238488, 1278328, 960160, 9592167.355464522, 99, 49, 50, 335.33421455299043, 50
1, 2238527, 1278367, 960160, 9592430.055404466, 39, 39, 0, 262.6999399439383, 39
1, 2238570, 1278410, 960160, 9592699.73036467, 43, 43, 0, 269.6749602031015, 43
1, 2238646, 1278456, 960190, 9593012.289537042, 76, 46, 30, 312.5591723737189, 47
1, 2238723, 1278493, 960230, 9593325.015200809, 77, 37, 40, 312.72566376652986, 38
51, 2238819, 1278539, 960280, 9593657.332116824, 96, 46, 50, 332.31691601465747, 47
1, 2238860, 1278580, 960280, 9593923.576070268, 41, 41, 0, 266.24395344352433, 41
1, 2238967, 1278617, 960350, 9594264.798215538, 107, 37, 70, 341.2221452697031, 39
1, 2239004, 1278654, 960350, 9594523.830786994, 37, 37, 0, 259.03257145596604, 37
51, 2239088, 1278688, 960400, 9594843.470797397, 84, 34, 50, 319.64001040350905, 35
1, 2239126, 1278726, 960400, 9595104.353177017, 38, 38, 0, 260.88237961983884, 38
1, 2239196, 1278756, 960440, 9595408.703937868, 70, 30, 40, 304.3507608519078, 31
1, 2239263, 1278793, 960470, 9595710.304493126, 67, 37, 30, 301.6005552576305, 38
1, 2239313, 1278843, 960470, 9595991.219287973, 50, 50, 0, 280.9147948472494, 50
51, 2239407, 1278887, 960520, 9596321.493013822, 94, 44, 50, 330.273725847777, 45
1, 2239440, 1278920, 960520, 9596572.771186514, 33, 33, 0, 251.27817269284301, 33
1, 2239512, 1278962, 960550, 9596880.566249538, 72, 42, 30, 307.79506302439404, 43
1, 2239586, 1278996, 960590, 9597189.763458306, 74, 34, 40, 309.1972087668518, 35
1, 2239628, 1279038, 960590, 9597457.736447807, 42, 42, 0, 267.97298950218305, 42
51, 2239727, 1279087, 960640, 9597793.07066236, 99, 49, 50, 335.33421455299043, 50
1, 2239800, 1279120, 960680, 9598101.07194093, 73, 33, 40, 308.00127856917646, 34
1, 2239872, 1279162, 960710, 9598408.867003955, 72, 42, 30, 307.79506302439404, 43
1, 2239906, 1279196, 960710, 9598662.140644232, 34, 34, 0, 253.2736402766418, 34
51, 2240045, 1279245, 960800, 9599029.503806533, 139, 49, 90, 367.36316230125203, 51
1, 2240082, 1279282, 960800, 9599288.536377989, 37, 37, 0, 259.03257145596604, 37
1, 2240144, 1279314, 960830, 9599583.643004319, 62, 32, 30, 295.1066263296683, 33
1, 2240226, 1279356, 960870, 9599902.064674161, 82, 42, 40, 318.42166984345636, 43
51, 2240318, 1279398, 960920, 9600230.268775629, 92, 42, 50, 328.20410146824725, 43
1, 2240361, 1279441, 960920, 9600499.943735832, 43, 43, 0, 269.6749602031015, 43
1, 2240431, 1279481, 960950, 9600805.294496683, 70, 40, 30, 305.3507608519078, 41
1, 2240479, 1279529, 960950, 9601083.109299274, 48, 48, 0, 277.8148025904985, 48
1, 2240528, 1279548, 960980, 9601359.58443038, 49, 19, 30, 276.47513110645906, 20
51, 2240657, 1279587, 961070, 9601718.59803087, 129, 39, 90, 359.01360049114555, 41
1, 2240696, 1279626, 961070, 9601981.297970815, 39, 39, 0, 262.6999399439383, 39
1, 2240744, 1279674, 961070, 9602259.112773405, 48, 48, 0, 277.8148025904985, 48
1, 2240828, 1279718, 961110, 9602579.752783809, 84, 44, 40, 320.64001040350905, 45
1, 2240877, 1279767, 961110, 9602859.127914915, 49, 49, 0, 279.3751311064591, 49
51, 2240995, 1279805, 961190, 9603209.515240084, 118, 38, 80, 350.3873251689181, 40
1, 2241038, 1279848, 961190, 9603479.190200288, 43, 43, 0, 269.6749602031015, 43
1, 2241081, 1279891, 961190, 9603748.865160491, 43, 43, 0, 269.6749602031015, 43
1, 2241167, 1279937, 961230, 9604071.69132514, 86, 46, 40, 322.82616464756694, 47
51, 2241252, 1279972, 961280, 9604392.42835281, 85, 35, 50, 320.73702767108114, 36
1, 2241287, 1280007, 961280, 9604647.658280721, 35, 35, 0, 255.22992790977875, 35
1, 2241357, 1280047, 961310, 9604953.009041572, 70, 40, 30, 305.3507608519078, 41
1, 2241445, 1280095, 961350, 9605277.990472933, 88, 48, 40, 324.98143136087856, 49
1, 2241481, 1280131, 961350, 9605535.139447212, 36, 36, 0, 257.1489742783178, 36
51, 2241576, 1280176, 961400, 9605866.438011348, 95, 45, 50, 331.2985641352145, 46
1, 2241642, 1280212, 961430, 9606166.764999626, 66, 36, 30, 300.32698827717985, 37
1, 2241683, 1280253, 961430, 9606433.00895307, 41, 41, 0, 266.24395344352433, 41
1, 2241758, 1280288, 961470, 9606743.39204871, 75, 35, 40, 310.38309563827124, 36
51, 2241851, 1280331, 961520, 9607072.634328617, 93, 43, 50, 329.24227990714814, 44
1, 2241887, 1280367, 961520, 9607329.783302896, 36, 36, 0, 257.1489742783178, 36
1, 2241923, 1280403, 961520, 9607586.932277175, 36, 36, 0, 257.1489742783178, 36
51, 2242043, 1280443, 961600, 9607939.10736914, 120, 40, 80, 352.1750919646873, 42
1, 2242123, 1280483, 961640, 9608255.277125385, 80, 40, 40, 316.1697562442441, 41
1, 2242159, 1280519, 961640, 9608512.426099664, 36, 36, 0, 257.1489742783178, 36
1, 2242231, 1280561, 961670, 9608820.221162688, 72, 42, 30, 307.79506302439404, 43
51, 2242320, 1280600, 961720, 9609145.269028252, 89, 39, 50, 325.0478655640733, 40
1, 2242401, 1280641, 961760, 9609462.569028253, 81, 41, 40, 317.3, 42
1, 2242439, 1280679, 961760, 9609723.451407872, 38, 38, 0, 260.88237961983884, 38
1, 2242475, 1280715, 961760, 9609980.600382151, 36, 36, 0, 257.1489742783178, 36
51, 2242630, 1280750, 961880, 9610357.744534688, 155, 35, 120, 377.14415253747273, 38
1, 2242667, 1280787, 961880, 9610616.777106144, 37, 37, 0, 259.03257145596604, 37
1, 2242716, 1280836, 961880, 9610896.15223725, 49, 49, 0, 279.3751311064591, 49
51, 2242803, 1280873, 961930, 9611219.059818247, 87, 37, 50, 322.9075809977351, 38
1, 2242882, 1280912, 961970, 9611534.090568377, 79, 39, 40, 315.03075013013313, 40
1, 2242922, 1280952, 961970, 9611798.577254314, 40, 40, 0, 264.4866859365871, 40
1, 2242988, 1280988, 962000, 9612098.904242592, 66, 36, 30, 300.32698827717985, 37
1, 2243020, 1281020, 962000, 9612348.145665592, 32, 32, 0, 249.24142300054422, 32
51, 2243142, 1281052, 962090, 9612701.091284145, 122, 32, 90, 352.9456185537469, 34
1, 2243213, 1281093, 962120, 9613007.669594964, 71, 41, 30, 306.57831081870995, 42
1, 2243254, 1281134, 962120, 9613273.913548408, 41, 41, 0, 266.24395344352433, 41
51, 2243380, 1281180, 962200, 9613631.35044429, 126, 46, 80, 357.43689588345075, 48
1, 2243430, 1281230, 962200, 9613912.265239138, 50, 50, 0, 280.9147948472494, 50
1, 2243554, 1281284, 962270, 9614268.964635687, 124, 54, 70, 356.6993965481514, 56
51, 2243644, 1281324, 962320, 9614595.07166451, 90, 40, 50, 326.1070288241023, 41
1, 2243719, 1281359, 962360, 9614905.45476015, 75, 35, 40, 310.38309563827124, 36
1, 2243759, 1281399, 962360, 9615169.941446086, 40, 40, 0, 264.4866859365871, 40
1, 2243830, 1281440, 962390, 9615476.519756906, 71, 41, 30, 306.57831081870995, 42
1, 2243875, 1281485, 962390, 9615749.521763317, 45, 45, 0, 273.00200641113514, 45
51, 2243997, 1281517, 962480, 9616102.46738187, 122, 32, 90, 352.9456185537469, 34
1, 2244067, 1281557, 962510, 9616407.818142721, 70, 40, 30, 305.3507608519078, 41
1, 2244098, 1281588, 962510, 9616654.979248898, 31, 31, 0, 247.1611061770567, 31
1, 2244178, 1281628, 962550, 9616971.149005143, 80, 40, 40, 316.1697562442441, 41
51, 2244303, 1281673, 962630, 9617327.71915763, 125, 45, 80, 356.57015248821097, 47
1, 2244357, 1281727, 962630, 9617614.599758714, 54, 54, 0, 286.88060108295343, 54
1, 2244394, 1281764, 962630, 9617873.63233017, 37, 37, 0, 259.03257145596604, 37
1, 2244473, 1281803, 962670, 9618188.6630803, 79, 39, 40, 315.03075013013313, 40
51, 2244564, 1281844, 962720, 9618515.822142238, 91, 41, 50, 327.1590619387661, 42
1, 2244670, 1281880, 962790, 9618856.090185847, 106, 36, 70, 340.2680436096278, 38
1, 2244708, 1281918, 962790, 9619116.972565467, 38, 38, 0, 260.88237961983884, 38
1, 2244793, 1281963, 962830, 9619438.709593138, 85, 45, 40, 321.73702767108114, 46
51, 2244887, 1282007, 962880, 9619768.983318986, 94, 44, 50, 330.273725847777, 45
1, 2244925, 1282045, 962880, 9620029.865698606, 38, 38, 0, 260.88237961983884, 38
1, 2244968, 1282088, 962880, 9620299.54065881, 43, 43, 0, 269.6749602031015, 43
1, 2245081, 1282131, 962950, 9620646.379702678, 113, 43, 70, 346.83904386951343, 45
51, 2245178, 1282178, 963000, 9620979.70860195, 97, 47, 50, 333.3288992714996, 48
1, 2245217, 1282217, 963000, 9621242.408541894, 39, 39, 0, 262.6999399439383, 39
1, 2245293, 1282253, 963040, 9621553.967714267, 76, 36, 40, 311.5591723737189, 37
1, 2245330, 1282290, 963040, 9621813.000285722, 37, 37, 0, 259.03257145596604, 37
51, 2245447, 1282327, 963120, 9622162.487102522, 117, 37, 80, 349.4868167986058, 39
1, 2245496, 1282376, 963120, 9622441.862233628, 49, 49, 0, 279.3751311064591, 49
1, 2245537, 1282417, 963120, 9622708.106187072, 41, 41, 0, 266.24395344352433, 41
1, 2245614, 1282454, 963160, 9623020.831850838, 77, 37, 40, 312.72566376652986, 38
1, 2245655, 1282495, 963160, 9623287.075804282, 41, 41, 0, 266.24395344352433, 41
51, 2245740, 1282530, 963210, 9623607.812831953, 85, 35, 50, 320.73702767108114, 36
1, 2245850, 1282570, 963280, 9623951.866016, 110, 40, 70, 344.0531840464366, 42
1, 2245896, 1282616, 963280, 9624226.495084714, 46, 46, 0, 274.6290687140218, 46
51, 2245980, 1282650, 963330, 9624546.135095118, 84, 34, 50, 319.64001040350905, 35
1, 2246026, 1282696, 963330, 9624820.764163831, 46, 46, 0, 274.6290687140218, 46
1, 2246060, 1282730, 963330, 9625074.037804108, 34, 34, 0, 253.2736402766418, 34
1, 2246136, 1282766, 963370, 9625385.596976481, 76, 36, 40, 311.5591723737189, 37
51, 2246266, 1282816, 963450, 9625746.46181402, 130, 50, 80, 360.86483753851803, 52
1, 2246294, 1282844, 963450, 9625987.094477398, 28, 28, 0, 240.63266337912057, 28
1, 2246375, 1282885, 963490, 9626304.394477399, 81, 41, 40, 317.3, 42
1, 2246412, 1282922, 963490, 9626563.427048855, 37, 37, 0, 259.03257145596604, 37
51, 2246535, 1282965, 963570, 9626918.251620116, 123, 43, 80, 354.8245712617827, 45
1, 2246578, 1283008, 963570, 9627187.92658032, 43, 43, 0, 269.6749602031015, 43
1, 2246662, 1283052, 963610, 9627508.566590723, 84, 44, 40, 320.64001040350905, 45
1, 2246710, 1283100, 963610, 9627786.381393313, 48, 48, 0, 277.8148025904985, 48
51, 2246796, 1283136, 963660, 9628108.207557961, 86, 36, 50, 321.82616464756694, 37
1, 2246857, 1283167, 963690, 9628401.975797229, 61, 31, 30, 293.7682392671241, 32
1, 2246907, 1283217, 963690, 9628682.890592076, 50, 50, 0, 280.9147948472494, 50
1, 2246981, 1283261, 963720, 9628993.087800844, 74, 44, 30, 310.1972087668518, 45
1, 2247070, 1283310, 963760, 9629319.135666408, 89, 49, 40, 326.0478655640733, 50
51, 2247167, 1283357, 963810, 9629652.46456568, 97, 47, 50, 333.3288992714996, 48
1, 2247204, 1283394, 963810, 9629911.497137135, 37, 37, 0, 259.03257145596604, 37
1, 2247285, 1283445, 963840, 9630229.797137136, 81, 51, 30, 318.3, 52
1, 2247368, 1283488, 963880, 9630549.332085066, 83, 43, 40, 319.5349479292333, 44
51, 2247482, 1283522, 963960, 9630896.090072757, 114, 34, 80, 346.75798769167545, 36
1, 2247526, 1283566, 963960, 9631167.441030446, 44, 44, 0, 271.35095769013947, 44
1, 2247603, 1283603, 964000, 9631480.166694213, 77, 37, 40, 312.72566376652986, 38
1, 2247638, 1283638, 964000, 9631735.396622123, 35, 35, 0, 255.22992790977875, 35
51, 2247740, 1283690, 964050, 9632073.693804905, 102, 52, 50, 338.29718278112654, 53
1, 2247779, 1283729, 964050, 9632336.393744849, 39, 39, 0, 262.6999399439383, 39
1, 2247849, 1283769, 964080, 9632641.7445057, 70, 40, 30, 305.3507608519078, 41
1, 2247925, 1283805, 964120, 9632953.303678073, 76, 36, 40, 311.5591723737189, 37
51, 2248051, 1283851, 964200, 9633310.740573956, 126, 46, 80, 357.43689588345075, 48
1, 2248093, 1283893, 964200, 9633578.713563457, 42, 42, 0, 267.97298950218305, 42
1, 2248127, 1283927, 964200, 9633831.987203734, 34, 34, 0, 253.2736402766418, 34
51, 2248245, 1283965, 964280, 9634182.374528904, 118, 38, 80, 350.3873251689181, 40
1, 2248331, 1284011, 964320, 9634505.200693551, 86, 46, 40, 322.82616464756694, 47
1, 2248371, 1284051, 964320, 9634769.687379489, 40, 40, 0, 264.4866859365871, 40
1, 2248409, 1284089, 964320, 9635030.569759108, 38, 38, 0, 260.88237961983884, 38
51, 2248498, 1284128, 964370, 9635355.617624672, 89, 39, 50, 325.0478655640733, 40
1, 2248545, 1284175, 964370, 9635631.850674542, 47, 47, 0, 276.2330498695885, 47
1, 2248618, 1284218, 964400, 9635940.851953112, 73, 43, 30, 309.00127856917646, 44
51, 2248750, 1284260, 964490, 9636302.40807554, 132, 42, 90, 361.55612242701943, 44
1, 2248783, 1284293, 964490, 9636553.686248232, 33, 33, 0, 251.27817269284301, 33
1, 2248848, 1284328, 964520, 9636852.727399675, 65, 35, 30, 299.04115144336777, 36
1, 2248877, 1284357, 964520, 9637095.586978385, 29, 29, 0, 242.8595787106084, 29
51, 2249001, 1284401, 964600, 9637451.286374934, 124, 44, 80, 355.6993965481514, 46
1, 2249042, 1284442, 964600, 9637717.530328378, 41, 41, 0, 266.24395344352433, 41
1, 2249116, 1284476, 964640, 9638026.727537146, 74, 34, 40, 309.1972087668518, 35
1, 2249145, 1284505, 964640, 9638269.587115856, 29, 29, 0, 242.8595787106084, 29
51, 2249234, 1284544, 964690, 9638594.63498142, 89, 39, 50, 325.0478655640733, 40
1, 2249312, 1284582, 964730, 9638908.51776804, 78, 38, 40, 313.8827866200841, 39
1, 2249379, 1284619, 964760, 9639210.118323298, 67, 37, 30, 301.6005552576305, 38
51, 2249465, 1284655, 964810, 9639531.944487946, 86, 36, 50, 321.82616464756694, 37
1, 2249500, 1284690, 964810, 9639787.174415857, 35, 35, 0, 255.22992790977875, 35
1, 2249610, 1284730, 964880, 9640131.227599904, 110, 40, 70, 344.0531840464366, 42
51, 2249699, 1284769, 964930, 9640456.275465468, 89, 39, 50, 325.0478655640733, 40
1, 2249764, 1284804, 964960, 9640755.316616911, 65, 35, 30, 299.04115144336777, 36
1, 2249799, 1284839, 964960, 9641010.546544822, 35, 35, 0, 255.22992790977875, 35
1, 2249874, 1284884, 964990, 9641321.92964046, 75, 45, 30, 311.38309563827124, 46
1, 2249921, 1284931, 964990, 9641598.16269033, 47, 47, 0, 276.2330498695885, 47
51, 2250059, 1284979, 965080, 9641964.706619883, 138, 48, 90, 366.54392955194305, 50
1, 2250136, 1285026, 965110, 9642278.43228365, 77, 47, 30, 313.72566376652986, 48
1, 2250175, 1285065, 965110, 9642541.132223593, 39, 39, 0, 262.6999399439383, 39
51, 2250267, 1285107, 965160, 9642869.33632506, 92, 42, 50, 328.20410146824725, 43
1, 2250337, 1285147, 965190, 9643174.687085912, 70, 40, 30, 305.3507608519078, 41
1, 2250419, 1285189, 965230, 9643493.108755754, 82, 42, 40, 318.42166984345636, 43
1, 2250455, 1285225, 965230, 9643750.257730033, 36, 36, 0, 257.1489742783178, 36
51, 2250544, 1285264, 965280, 9644075.305595597, 89, 39, 50, 325.0478655640733, 40
1, 2250612, 1285302, 965310, 9644378.1677667, 68, 38, 30, 302.86217110259, 39
1, 2250697, 1285347, 965350, 9644699.90479437, 85, 45, 40, 321.73702767108114, 46
1, 2250765, 1285385, 965380, 9645002.766965473, 68, 38, 30, 302.86217110259, 39
51, 2250860, 1285430, 965430, 9645334.06552961, 95, 45, 50, 331.2985641352145, 46
1, 2250900, 1285470, 965430, 9645598.552215546, 40, 40, 0, 264.4866859365871, 40
1, 2250940, 1285510, 965430, 9645863.038901484, 40, 40, 0, 264.4866859365871, 40
1, 2251024, 1285554, 965470, 9646183.678911887, 84, 44, 40, 320.64001040350905, 45
51, 2251114, 1285594, 965520, 9646509.78594071, 90, 40, 50, 326.1070288241023, 41
1, 2251180, 1285630, 965550, 9646810.112928988, 66, 36, 30, 300.32698827717985, 37
1, 2251265, 1285675, 965590, 9647131.84995666, 85, 45, 40, 321.73702767108114, 46
51, 2251354, 1285714, 965640, 9647456.897822224, 89, 39, 50, 325.0478655640733, 40
1, 2251397, 1285757, 965640, 9647726.572782427, 43, 43, 0, 269.6749602031015, 43
1, 2251432, 1285792, 965640, 9647981.802710338, 35, 35, 0, 255.22992790977875, 35
1, 2251511, 1285831, 965680, 9648296.833460467, 79, 39, 40, 315.03075013013313, 40
1, 2251577, 1285867, 965710, 9648597.160448745, 66, 36, 30, 300.32698827717985, 37
51, 2251676, 1285916, 965760, 9648932.494663298, 99, 49, 50, 335.33421455299043, 50
1, 2251751, 1285951, 965800, 9649242.877758937, 75, 35, 40, 310.38309563827124, 36
1, 2251789, 1285989, 965800, 9649503.760138556, 38, 38, 0, 260.88237961983884, 38
1, 2251854, 1286024, 965830, 9649802.80129, 65, 35, 30, 299.04115144336777, 36
51, 2251943, 1286063, 965880, 9650127.849155564, 89, 39, 50, 325.0478655640733, 40
1, 2251981, 1286101, 965880, 9650388.731535183, 38, 38, 0, 260.88237961983884, 38
1, 2252019, 1286139, 965880, 9650649.613914803, 38, 38, 0, 260.88237961983884, 38
1, 2252097, 1286177, 965920, 9650963.496701423, 78, 38, 40, 313.8827866200841, 39
51, 2252213, 1286213, 966000, 9651312.078504914, 116, 36, 80, 348.5818034911291, 38
1, 2252254, 1286254, 966000, 9651578.322458358, 41, 41, 0, 266.24395344352433, 41
1, 2252287, 1286287, 966000, 9651829.60063105, 33, 33, 0, 251.27817269284301, 33
1, 2252314, 1286314, 966000, 9652067.951336747, 27, 27, 0, 238.35070569547776, 27
51, 2252440, 1286360, 966080, 9652425.38823263, 126, 46, 80, 357.43689588345075, 48
1, 2252523, 1286403, 966120, 9652744.92318056, 83, 43, 40, 319.5349479292333, 44
1, 2252563, 1286443, 966120, 9653009.409866497, 40, 40, 0, 264.4866859365871, 40
1, 2252610, 1286490, 966120, 9653285.642916366, 47, 47, 0, 276.2330498695885, 47
51, 2252762, 1286522, 966240, 9653660.467224924, 152, 32, 120, 374.8243085566414, 35
1, 2252797, 1286557, 966240, 9653915.697152834, 35, 35, 0, 255.22992790977875, 35
1, 2252842, 1286602, 966240, 9654188.699159246, 45, 45, 0, 273.00200641113514, 45
1, 2252913, 1286643, 966270, 9654495.277470065, 71, 41, 30, 306.57831081870995, 42
51, 2252991, 1286671, 966320, 9654808.160256686, 78, 28, 50, 312.8827866200841, 29
1, 2253075, 1286715, 966360, 9655128.80026709, 84, 44, 40, 320.64001040350905, 45
1, 2253122, 1286762, 966360, 9655405.033316959, 47, 47, 0, 276.2330498695885, 47
51, 2253222, 1286812, 966410, 9655741.361082975, 100, 50, 50, 336.327766016838, 51
1, 2253300, 1286860, 966440, 9656056.243869595, 78, 48, 30, 314.8827866200841, 49
1, 2253343, 1286903, 966440, 9656325.918829799, 43, 43, 0, 269.6749602031015, 43
1, 2253387, 1286947, 966440, 9656597.269787489, 44, 44, 0, 271.35095769013947, 44
1, 2253475, 1286995, 966480, 9656922.25121885, 88, 48, 40, 324.98143136087856, 49
51, 2253559, 1287029, 966530, 9657241.891229253, 84, 34, 50, 319.64001040350905, 35
1, 2253662, 1287062, 966600, 9657579.26447931, 103, 33, 70, 337.37325005549695, 35
1, 2253707, 1287107, 966600, 9657852.26648572, 45, 45, 0, 273.00200641113514, 45
51, 2253795, 1287145, 966650, 9658176.247917082, 88, 38, 50, 323.98143136087856, 39
1, 2253861, 1287181, 966680, 9658476.57490536, 66, 36, 30, 300.32698827717985, 37
1, 2253942, 1287222, 966720, 9658793.87490536, 81, 41, 40, 317.3, 42
1, 2253975, 1287255, 966720, 9659045.153078053, 33, 33, 0, 251.27817269284301, 33
1, 2254016, 1287296, 966720, 9659311.397031497, 41, 41, 0, 266.24395344352433, 41
51, 2254131, 1287331, 966800, 9659659.069248559, 115, 35, 80, 347.6722170622053, 37
1, 2254212, 1287372, 966840, 9659976.36924856, 81, 41, 40, 317.3, 42
1, 2254279, 1287409, 966870, 9660277.969803818, 67, 37, 30, 301.6005552576305, 38
1, 2254311, 1287441, 966870, 9660527.211226817, 32, 32, 0, 249.24142300054422, 32
51, 2254401, 1287481, 966920, 9660853.31825564, 90, 40, 50, 326.1070288241023, 41
1, 2254441, 1287521, 966920, 9661117.804941578, 40, 40, 0, 264.4866859365871, 40
1, 2254518, 1287558, 966960, 9661430.530605344, 77, 37, 40, 312.72566376652986, 38
51, 2254605, 1287595, 967010, 9661753.438186342, 87, 37, 50, 322.9075809977351, 38
1, 2254679, 1287639, 967040, 9662063.63539511, 74, 44, 30, 310.1972087668518, 45
1, 2254762, 1287682, 967080, 9662383.17034304, 83, 43, 40, 319.5349479292333, 44
1, 2254794, 1287714, 967080, 9662632.41176604, 32, 32, 0, 249.24142300054422, 32
51, 2254881, 1287751, 967130, 9662955.319347037, 87, 37, 50, 322.9075809977351, 38
1, 2254997, 1287797, 967200, 9663304.901150528, 116, 46, 70, 349.5818034911291, 48
1, 2255035, 1287835, 967200, 9663565.783530148, 38, 38, 0, 260.88237961983884, 38
1, 2255080, 1287880, 967200, 9663838.78553656, 45, 45, 0, 273.00200641113514, 45
1, 2255157, 1287917, 967240, 9664151.511200326, 77, 37, 40, 312.72566376652986, 38
51, 2255244, 1287954, 967290, 9664474.418781323, 87, 37, 50, 322.9075809977351, 38
1, 2255286, 1287996, 967290, 9664742.391770825, 42, 42, 0, 267.97298950218305, 42
1, 2255358, 1288038, 967320, 9665050.18683385, 72, 42, 30, 307.79506302439404, 43
51, 2255451, 1288081, 967370, 9665379.429113757, 93, 43, 50, 329.24227990714814, 44
1, 2255520, 1288120, 967400, 9665683.541255467, 69, 39, 30, 304.1121417102006, 40
1, 2255599, 1288159, 967440, 9665998.572005596, 79, 39, 40, 315.03075013013313, 40
1, 2255638, 1288198, 967440, 9666261.27194554, 39, 39, 0, 262.6999399439383, 39
51, 2255730, 1288240, 967490, 9666589.476047007, 92, 42, 50, 328.20410146824725, 43
1, 2255801, 1288281, 967520, 9666896.054357827, 71, 41, 30, 306.57831081870995, 42
1, 2255854, 1288334, 967520, 9667181.471145468, 53, 53, 0, 285.4167876408086, 53
1, 2255891, 1288371, 967520, 9667440.503716923, 37, 37, 0, 259.03257145596604, 37
1, 2255973, 1288413, 967560, 9667758.925386766, 82, 42, 40, 318.42166984345636, 43
51, 2256067, 1288457, 967610, 9668089.199112615, 94, 44, 50, 330.273725847777, 45
1, 2256102, 1288492, 967610, 9668344.429040525, 35, 35, 0, 255.22992790977875, 35
1, 2256175, 1288535, 967640, 9668653.430319095, 73, 43, 30, 309.00127856917646, 44
51, 2256306, 1288576, 967730, 9669014.142647311, 131, 41, 90, 360.7123282155055, 43
1, 2256355, 1288625, 967730, 9669293.517778417, 49, 49, 0, 279.3751311064591, 49
1, 2256385, 1288655, 967730, 9669538.55251035, 30, 30, 0, 245.0347319320716, 30
1, 2256469, 1288699, 967770, 9669859.192520753, 84, 44, 40, 320.64001040350905, 45
1, 2256542, 1288742, 967800, 9670168.193799322, 73, 43, 30, 309.00127856917646, 44
51, 2256629, 1288779, 967850, 9670491.10138032, 87, 37, 50, 322.9075809977351, 38
1, 2256719, 1288829, 967890, 9670818.208409144, 90, 50, 40, 327.1070288241023, 51
1, 2256763, 1288873, 967890, 9671089.559366833, 44, 44, 0, 271.35095769013947, 44
1, 2256811, 1288921, 967890, 9671367.374169424, 48, 48, 0, 277.8148025904985, 48
51, 2256904, 1288964, 967940, 9671696.616449332, 93, 43, 50, 329.24227990714814, 44
1, 2256979, 1289009, 967970, 9672007.99954497, 75, 45, 30, 311.38309563827124, 46
1, 2257017, 1289047, 967970, 9672268.88192459, 38, 38, 0, 260.88237961983884, 38
1, 2257095, 1289085, 968010, 9672582.76471121, 78, 38, 40, 313.8827866200841, 39
51, 2257185, 1289125, 968060, 9672908.871740034, 90, 40, 50, 326.1070288241023, 41
1, 2257298, 1289168, 968130, 9673255.710783903, 113, 43, 70, 346.83904386951343, 45
1, 2257342, 1289212, 968130, 9673527.061741592, 44, 44, 0, 271.35095769013947, 44
51, 2257429, 1289249, 968180, 9673849.96932259, 87, 37, 50, 322.9075809977351, 38
1, 2257476, 1289296, 968180, 9674126.20237246, 47, 47, 0, 276.2330498695885, 47
1, 2257505, 1289325, 968180, 9674369.06195117, 29, 29, 0, 242.8595787106084, 29
1, 2257578, 1289358, 968220, 9674677.06322974, 73, 33, 40, 308.00127856917646, 34
1, 2257643, 1289393, 968250, 9674976.104381183, 65, 35, 30, 299.04115144336777, 36
51, 2257723, 1289423, 968300, 9675291.274137428, 80, 30, 50, 315.1697562442441, 31
1, 2257802, 1289462, 968340, 9675606.304887557, 79, 39, 40, 315.03075013013313, 40
1, 2257875, 1289505, 968370, 9675915.306166127, 73, 43, 30, 309.00127856917646, 44
1, 2257919, 1289549, 968370, 9676186.657123817, 44, 44, 0, 271.35095769013947, 44
51, 2258011, 1289591, 968420, 9676514.861225285, 92, 42, 50, 328.20410146824725, 43
1, 2258058, 1289638, 968420, 9676791.094275154, 47, 47, 0, 276.2330498695885, 47
1, 2258175, 1289685, 968490, 9677141.581091953, 117, 47, 70, 350.4868167986058, 49
1, 2258220, 1289730, 968490, 9677414.583098365, 45, 45, 0, 273.00200641113514, 45
51, 2258310, 1289770, 968540, 9677740.690127188, 90, 40, 50, 326.1070288241023, 41
1, 2258351, 1289811, 968540, 9678006.934080632, 41, 41, 0, 266.24395344352433, 41
1, 2258421, 1289851, 968570, 9678312.284841483, 70, 40, 30, 305.3507608519078, 41
1, 2258499, 1289889, 968610, 9678626.167628104, 78, 38, 40, 313.8827866200841, 39
51, 2258593, 1289933, 968660, 9678956.441353953, 94, 44, 50, 330.273725847777, 45
1, 2258633, 1289973, 968660, 9679220.92803989, 40, 40, 0, 264.4866859365871, 40
1, 2258670, 1290010, 968660, 9679479.960611345, 37, 37, 0, 259.03257145596604, 37
1, 2258747, 1290057, 968690, 9679793.686275112, 77, 47, 30, 313.72566376652986, 48
51, 2258880, 1290100, 968780, 9680156.082544154, 133, 43, 90, 362.3962690412072, 45
1, 2258927, 1290147, 968780, 9680432.315594023, 47, 47, 0, 276.2330498695885, 47
1, 2258957, 1290177, 968780, 9680677.350325955, 30, 30, 0, 245.0347319320716, 30
51, 2259075, 1290215, 968860, 9681027.737651125, 118, 38, 80, 350.3873251689181, 40
1, 2259109, 1290249, 968860, 9681281.011291401, 34, 34, 0, 253.2736402766418, 34
1, 2259143, 1290283, 968860, 9681534.284931678, 34, 34, 0, 253.2736402766418, 34
1, 2259230, 1290330, 968900, 9681858.192512676, 87, 47, 40, 323.9075809977351, 48
51, 2259355, 1290375, 968980, 9682214.762665164, 125, 45, 80, 356.57015248821097, 47
1, 2259398, 1290418, 968980, 9682484.437625367, 43, 43, 0, 269.6749602031015, 43
1, 2259473, 1290453, 969020, 9682794.820721006, 75, 35, 40, 310.38309563827124, 36
1, 2259520, 1290500, 969020, 9683071.053770876, 47, 47, 0, 276.2330498695885, 47
1, 2259627, 1290537, 969090, 9683412.275916146, 107, 37, 70, 341.2221452697031, 39
51, 2259715, 1290575, 969140, 9683736.257347507, 88, 38, 50, 323.98143136087856, 39
1, 2259782, 1290612, 969170, 9684037.857902765, 67, 37, 30, 301.6005552576305, 38
1, 2259829, 1290659, 969170, 9684314.090952635, 47, 47, 0, 276.2330498695885, 47
1, 2259904, 1290694, 969210, 9684624.474048274, 75, 35, 40, 310.38309563827124, 36
1, 2259950, 1290740, 969210, 9684899.103116987, 46, 46, 0, 274.6290687140218, 46
51, 2260040, 1290780, 969260, 9685225.21014581, 90, 40, 50, 326.1070288241023, 41
1, 2260102, 1290812, 969290, 9685520.31677214, 62, 32, 30, 295.1066263296683, 33
1, 2260141, 1290851, 969290, 9685783.016712084, 39, 39, 0, 262.6999399439383, 39
1, 2260201, 1290881, 969320, 9686075.432480456, 60, 30, 30, 292.41576837137404, 31
1, 2260285, 1290925, 969360, 9686396.07249086, 84, 44, 40, 320.64001040350905, 45
51, 2260409, 1290969, 969440, 9686751.771887409, 124, 44, 80, 355.6993965481514, 46
1, 2260504, 1291024, 969480, 9687084.070451545, 95, 55, 40, 332.2985641352145, 56
1, 2260549, 1291069, 969480, 9687357.072457956, 45, 45, 0, 273.00200641113514, 45
1, 2260587, 1291107, 969480, 9687617.954837576, 38, 38, 0, 260.88237961983884, 38
51, 2260674, 1291144, 969530, 9687940.862418573, 87, 37, 50, 322.9075809977351, 38
1, 2260739, 1291179, 969560, 9688239.903570017, 65, 35, 30, 299.04115144336777, 36
1, 2260818, 1291218, 969600, 9688554.934320146, 79, 39, 40, 315.03075013013313, 40
1, 2260890, 1291260, 969630, 9688862.72938317, 72, 42, 30, 307.79506302439404, 43
51, 2260983, 1291303, 969680, 9689191.971663078, 93, 43, 50, 329.24227990714814, 44
1, 2261023, 1291343, 969680, 9689456.458349016, 40, 40, 0, 264.4866859365871, 40
1, 2261068, 1291388, 969680, 9689729.460355427, 45, 45, 0, 273.00200641113514, 45
1, 2261128, 1291418, 969710, 9690021.876123799, 60, 30, 30, 292.41576837137404, 31
51, 2261250, 1291450, 969800, 9690374.821742352, 122, 32, 90, 352.9456185537469, 34
1, 2261293, 1291493, 969800, 9690644.496702556, 43, 43, 0, 269.6749602031015, 43
1, 2261327, 1291527, 969800, 9690897.770342832, 34, 34, 0, 253.2736402766418, 34
1, 2261367, 1291567, 969800, 9691162.25702877, 40, 40, 0, 264.4866859365871, 40
51, 2261453, 1291603, 969850, 9691484.083193418, 86, 36, 50, 321.82616464756694, 37
1, 2261531, 1291651, 969880, 9691798.965980038, 78, 48, 30, 314.8827866200841, 49
1, 2261606, 1291686, 969920, 9692109.349075677, 75, 35, 40, 310.38309563827124, 36
1, 2261672, 1291722, 969950, 9692409.676063955, 66, 36, 30, 300.32698827717985, 37
51, 2261807, 1291767, 970040, 9692773.741873896, 135, 45, 90, 364.06580994024984, 47
1, 2261880, 1291810, 970070, 9693082.743152466, 73, 43, 30, 309.00127856917646, 44
1, 2261960, 1291850, 970110, 9693398.91290871, 80, 40, 40, 316.1697562442441, 41
1, 2262009, 1291899, 970110, 9693678.288039817, 49, 49, 0, 279.3751311064591, 49
1, 2262055, 1291945, 970110, 9693952.91710853, 46, 46, 0, 274.6290687140218, 46
51, 2262185, 1291985, 970200, 9694312.781946069, 130, 40, 90, 359.86483753851803, 42
1, 2262250, 1292020, 970230, 9694611.823097512, 65, 35, 30, 299.04115144336777, 36
1, 2262294, 1292064, 970230, 9694883.174055202, 44, 44, 0, 271.35095769013947, 44
1, 2262327, 1292097, 970230, 9695134.452227894, 33, 33, 0, 251.27817269284301, 33
51, 2262429, 1292149, 970280, 9695472.749410676, 102, 52, 50, 338.29718278112654, 53
1, 2262468, 1292188, 970280, 9695735.44935062, 39, 39, 0, 262.6999399439383, 39
1, 2262571, 1292221, 970350, 9696072.822600676, 103, 33, 70, 337.37325005549695, 35
51, 2262657, 1292257, 970400, 9696394.648765324, 86, 36, 50, 321.82616464756694, 37
1, 2262694, 1292294, 970400, 9696653.68133678, 37, 37, 0, 259.03257145596604, 37
1, 2262724, 1292324, 970400, 9696898.716068711, 30, 30, 0, 245.0347319320716, 30
51, 2262886, 1292366, 970520, 9697281.178203212, 162, 42, 120, 382.4621345008163, 45
1, 2262932, 1292412, 970520, 9697555.807271926, 46, 46, 0, 274.6290687140218, 46
1, 2263013, 1292453, 970560, 9697873.107271926, 81, 41, 40, 317.3, 42
1, 2263045, 1292485, 970560, 9698122.348694926, 32, 32, 0, 249.24142300054422, 32
51, 2263133, 1292523, 970610, 9698446.330126287, 88, 38, 50, 323.98143136087856, 39
1, 2263171, 1292561, 970610, 9698707.212505907, 38, 38, 0, 260.88237961983884, 38
1, 2263237, 1292597, 970640, 9699007.539494185, 66, 36, 30, 300.32698827717985, 37
51, 2263375, 1292645, 970730, 9699374.083423737, 138, 48, 90, 366.54392955194305, 50
1, 2263409, 1292679, 970730, 9699627.357064014, 34, 34, 0, 253.2736402766418, 34
1, 2263450, 1292720, 970730, 9699893.601017458, 41, 41, 0, 266.24395344352433, 41
1, 2263554, 1292754, 970800, 9700231.944704216, 104, 34, 70, 338.343686757474, 36
51, 2263647, 1292797, 970850, 9700561.186984124, 93, 43, 50, 329.24227990714814, 44
1, 2263682, 1292832, 970850, 9700816.416912034, 35, 35, 0, 255.22992790977875, 35
1, 2263756, 1292876, 970880, 9701126.614120802, 74, 44, 30, 310.1972087668518, 45
1, 2263804, 1292924, 970880, 9701404.428923393, 48, 48, 0, 277.8148025904985, 48
51, 2263963, 1292963, 971000, 9701784.627785865, 159, 39, 120, 380.1988624723894, 42
1, 2264000, 1293000, 971000, 9702043.66035732, 37, 37, 0, 259.03257145596604, 37
1, 2264069, 1293029, 971040, 9702346.77249903, 69, 29, 40, 303.1121417102006, 30
1, 2264109, 1293069, 971040, 9702611.259184968, 40, 40, 0, 264.4866859365871, 40
1, 2264182, 1293112, 971070, 9702920.260463538, 73, 43, 30, 309.00127856917646, 44
51, 2264314, 1293154, 971160, 9703281.816585965, 132, 42, 90, 361.55612242701943, 44
1, 2264391, 1293201, 971190, 9703595.542249732, 77, 47, 30, 313.72566376652986, 48
1, 2264431, 1293241, 971190, 9703860.028935669, 40, 40, 0, 264.4866859365871, 40
51, 2264558, 1293278, 971280, 9704217.328617968, 127, 37, 90, 357.2996822992933, 39
1, 2264627, 1293317, 971310, 9704521.440759677, 69, 39, 30, 304.1121417102006, 40
1, 2264705, 1293355, 971350, 9704835.323546298, 78, 38, 40, 313.8827866200841, 39
51, 2264801, 1293401, 971400, 9705167.640462313, 96, 46, 50, 332.31691601465747, 47
1, 2264842, 1293442, 971400, 9705433.884415757, 41, 41, 0, 266.24395344352433, 41
1, 2264883, 1293483, 971400, 9705700.128369201, 41, 41, 0, 266.24395344352433, 41
1, 2264962, 1293532, 971430, 9706016.15911933, 79, 49, 30, 316.03075013013313, 50
51, 2265095, 1293575, 971520, 9706378.555388372, 133, 43, 90, 362.3962690412072, 45
1, 2265137, 1293617, 971520, 9706646.528377874, 42, 42, 0, 267.97298950218305, 42
1, 2265188, 1293668, 971520, 9706928.962889653, 51, 51, 0, 282.43451177837886, 51
51, 2265316, 1293706, 971610, 9707287.121455755, 128, 38, 90, 358.1585661014858, 40
1, 2265369, 1293759, 971610, 9707572.538243396, 53, 53, 0, 285.4167876408086, 53
1, 2265433, 1293793, 971640, 9707870.280955872, 64, 34, 30, 297.742712474619, 35
1, 2265510, 1293830, 971680, 9708183.006619638, 77, 37, 40, 312.72566376652986, 38
51, 2265597, 1293867, 971730, 9708505.914200636, 87, 37, 50, 322.9075809977351, 38
1, 2265637, 1293907, 971730, 9708770.400886573, 40, 40, 0, 264.4866859365871, 40
1, 2265677, 1293947, 971730, 9709034.88757251, 40, 40, 0, 264.4866859365871, 40
1, 2265712, 1293982, 971730, 9709290.11750042, 35, 35, 0, 255.22992790977875, 35
51, 2265837, 1294027, 971810, 9709646.687652908, 125, 45, 80, 356.57015248821097, 47
1, 2265926, 1294076, 971850, 9709972.735518472, 89, 49, 40, 326.0478655640733, 50
1, 2266006, 1294126, 971880, 9710289.905274717, 80, 50, 30, 317.1697562442441, 51
51, 2266095, 1294165, 971930, 9710614.953140281, 89, 39, 50, 325.0478655640733, 40
1, 2266140, 1294210, 971930, 9710887.955146693, 45, 45, 0, 273.00200641113514, 45
1, 2266178, 1294248, 971930, 9711148.837526312, 38, 38, 0, 260.88237961983884, 38
1, 2266282, 1294282, 972000, 9711487.18121307, 104, 34, 70, 338.343686757474, 36
51, 2266382, 1294332, 972050, 9711823.508979086, 100, 50, 50, 336.327766016838, 51
1, 2266424, 1294374, 972050, 9712091.481968587, 42, 42, 0, 267.97298950218305, 42
1, 2266469, 1294419, 972050, 9712364.483974999, 45, 45, 0, 273.00200641113514, 45
1, 2266522, 1294472, 972050, 9712649.90076264, 53, 53, 0, 285.4167876408086, 53
51, 2266626, 1294526, 972100, 9712990.144449398, 104, 54, 50, 340.243686757474, 55
1, 2266740, 1294570, 972170, 9713337.902437089, 114, 44, 70, 347.75798769167545, 46
1, 2266779, 1294609, 972170, 9713600.602377033, 39, 39, 0, 262.6999399439383, 39
1, 2266830, 1294660, 972170, 9713883.036888812, 51, 51, 0, 282.43451177837886, 51
51, 2266914, 1294694, 972220, 9714202.676899215, 84, 34, 50, 319.64001040350905, 35
1, 2266991, 1294741, 972250, 9714516.402562981, 77, 47, 30, 313.72566376652986, 48
1, 2267027, 1294777, 972250, 9714773.55153726, 36, 36, 0, 257.1489742783178, 36
51, 2267152, 1294812, 972340, 9715129.121689748, 125, 35, 90, 355.57015248821097, 37
1, 2267191, 1294851, 972340, 9715391.821629692, 39, 39, 0, 262.6999399439383, 39
1, 2267269, 1294899, 972370, 9715706.704416312, 78, 48, 30, 314.8827866200841, 49
1, 2267336, 1294926, 972410, 9716007.30497157, 67, 27, 40, 300.6005552576305, 28
1, 2267376, 1294966, 972410, 9716271.791657507, 40, 40, 0, 264.4866859365871, 40
51, 2267464, 1295004, 972460, 9716595.773088869, 88, 38, 50, 323.98143136087856, 39
1, 2267533, 1295043, 972490, 9716899.885230578, 69, 39, 30, 304.1121417102006, 40
1, 2267618, 1295088, 972530, 9717221.62225825, 85, 45, 40, 321.73702767108114, 46
1, 2267688, 1295128, 972560, 9717526.9730191, 70, 40, 30, 305.3507608519078, 41
51, 2267784, 1295174, 972610, 9717859.289935116, 96, 46, 50, 332.31691601465747, 47
1, 2267858, 1295218, 972640, 9718169.487143883, 74, 44, 30, 310.1972087668518, 45
1, 2267895, 1295255, 972640, 9718428.519715339, 37, 37, 0, 259.03257145596604, 37
1, 2267927, 1295287, 972640, 9718677.761138339, 32, 32, 0, 249.24142300054422, 32
1, 2268008, 1295328, 972680, 9718995.06113834, 81, 41, 40, 317.3, 42
51, 2268101, 1295371, 972730, 9719324.303418247, 93, 43, 50, 329.24227990714814, 44
1, 2268145, 1295415, 972730, 9719595.654375937, 44, 44, 0, 271.35095769013947, 44
1, 2268212, 1295452, 972760, 9719897.254931195, 67, 37, 30, 301.6005552576305, 38
1, 2268293, 1295493, 972800, 9720214.554931195, 81, 41, 40, 317.3, 42
51, 2268414, 1295534, 972880, 9720567.617410231, 121, 41, 80, 353.06247903554, 43
1, 2268453, 1295573, 972880, 9720830.317350175, 39, 39, 0, 262.6999399439383, 39
1, 2268489, 1295609, 972880, 9721087.466324454, 36, 36, 0, 257.1489742783178, 36
1, 2268521, 1295641, 972880, 9721336.707747454, 32, 32, 0, 249.24142300054422, 32
51, 2268681, 1295681, 973000, 9721717.663629461, 160, 40, 120, 380.95588200778457, 43
1, 2268720, 1295720, 973000, 9721980.363569405, 39, 39, 0, 262.6999399439383, 39
1, 2268763, 1295763, 973000, 9722250.038529608, 43, 43, 0, 269.6749602031015, 43
51, 2268890, 1295800, 973090, 9722607.338211907, 127, 37, 90, 357.2996822992933, 39
1, 2268932, 1295842, 973090, 9722875.311201409, 42, 42, 0, 267.97298950218305, 42
1, 2268979, 1295889, 973090, 9723151.544251278, 47, 47, 0, 276.2330498695885, 47
1, 2269048, 1295928, 973120, 9723455.656392988, 69, 39, 30, 304.1121417102006, 40
51, 2269188, 1295978, 973210, 9723823.835455813, 140, 50, 90, 368.1790628250393, 52
1, 2269259, 1296019, 973240, 9724130.413766632, 71, 41, 30, 306.57831081870995, 42
1, 2269293, 1296053, 973240, 9724383.687406909, 34, 34, 0, 253.2736402766418, 34
1, 2269336, 1296096, 973240, 9724653.362367112, 43, 43, 0, 269.6749602031015, 43
51, 2269416, 1296126, 973290, 9724968.532123357, 80, 30, 50, 315.1697562442441, 31
1, 2269458, 1296168, 973290, 9725236.505112858, 42, 42, 0, 267.97298950218305, 42
1, 2269577, 1296217, 973360, 9725588.788508061, 119, 49, 70, 352.28339520229764, 51
51, 2269664, 1296254, 973410, 9725911.69608906, 87, 37, 50, 322.9075809977351, 38
1, 2269710, 1296300, 973410, 9726186.325157773, 46, 46, 0, 274.6290687140218, 46
1, 2269748, 1296338, 973410, 9726447.207537392, 38, 38, 0, 260.88237961983884, 38
1, 2269810, 1296370, 973440, 9726742.314163722, 62, 32, 30, 295.1066263296683, 33
51, 2269900, 1296410, 973490, 9727068.421192545, 90, 40, 50, 326.1070288241023, 41
1, 2269980, 1296450, 973530, 9727384.59094879, 80, 40, 40, 316.1697562442441, 41
1, 2270017, 1296487, 973530, 9727643.623520246, 37, 37, 0, 259.03257145596604, 37
1, 2270087, 1296527, 973560, 9727948.974281097, 70, 40, 30, 305.3507608519078, 41
1, 2270122, 1296562, 973560, 9728204.204209007, 35, 35, 0, 255.22992790977875, 35
51, 2270286, 1296606, 973680, 9728588.162399843, 164, 44, 120, 383.9581908363381, 47
1, 2270331, 1296651, 973680, 9728861.164406255, 45, 45, 0, 273.00200641113514, 45
1, 2270368, 1296688, 973680, 9729120.19697771, 37, 37, 0, 259.03257145596604, 37
1, 2270444, 1296734, 973710, 9729432.756150084, 76, 46, 30, 312.5591723737189, 47
51, 2270529, 1296769, 973760, 9729753.493177755, 85, 35, 50, 320.73702767108114, 36
1, 2270613, 1296813, 973800, 9730074.133188158, 84, 44, 40, 320.64001040350905, 45
1, 2270652, 1296852, 973800, 9730336.833128102, 39, 39, 0, 262.6999399439383, 39
1, 2270696, 1296896, 973800, 9730608.184085792, 44, 44, 0, 271.35095769013947, 44
51, 2270829, 1296939, 973890, 9730970.580354834, 133, 43, 90, 362.3962690412072, 45
1, 2270898, 1296978, 973920, 9731274.692496544, 69, 39, 30, 304.1121417102006, 40
1, 2270932, 1297012, 973920, 9731527.96613682, 34, 34, 0, 253.2736402766418, 34
1, 2270976, 1297056, 973920, 9731799.31709451, 44, 44, 0, 271.35095769013947, 44
51, 2271062, 1297092, 973970, 9732121.143259158, 86, 36, 50, 321.82616464756694, 37
1, 2271188, 1297148, 974040, 9732479.580155041, 126, 56, 70, 358.43689588345075, 58
1, 2271229, 1297189, 974040, 9732745.824108485, 41, 41, 0, 266.24395344352433, 41
51, 2271316, 1297226, 974090, 9733068.731689483, 87, 37, 50, 322.9075809977351, 38
1, 2271422, 1297262, 974160, 9733408.999733092, 106, 36, 70, 340.2680436096278, 38
1, 2271459, 1297299, 974160, 9733668.032304548, 37, 37, 0, 259.03257145596604, 37
51, 2271553, 1297343, 974210, 9733998.306030396, 94, 44, 50, 330.273725847777, 45
1, 2271635, 1297385, 974250, 9734316.727700239, 82, 42, 40, 318.42166984345636, 43
1, 2271693, 1297443, 974250, 9734609.294602346, 58, 58, 0, 292.5669021071895, 58
1, 2271761, 1297481, 974280, 9734912.156773448, 68, 38, 30, 302.86217110259, 39
51, 2271861, 1297531, 974330, 9735248.484539464, 100, 50, 50, 336.327766016838, 51
1, 2271935, 1297565, 974370, 9735557.681748232, 74, 34, 40, 309.1972087668518, 35
1, 2271969, 1297599, 974370, 9735810.955388509, 34, 34, 0, 253.2736402766418, 34
1, 2272036, 1297626, 974410, 9736111.555943767, 67, 27, 40, 300.6005552576305, 28
51, 2272122, 1297662, 974460, 9736433.382108415, 86, 36, 50, 321.82616464756694, 37
1, 2272188, 1297698, 974490, 9736733.709096693, 66, 36, 30, 300.32698827717985, 37
1, 2272275, 1297745, 974530, 9737057.61667769, 87, 47, 40, 323.9075809977351, 48
1, 2272318, 1297788, 974530, 9737327.291637894, 43, 43, 0, 269.6749602031015, 43
1, 2272380, 1297820, 974560, 9737622.398264224, 62, 32, 30, 295.1066263296683, 33
51, 2272472, 1297862, 974610, 9737950.602365691, 92, 42, 50, 328.20410146824725, 43
1, 2272551, 1297901, 974650, 9738265.63311582, 79, 39, 40, 315.03075013013313, 40
1, 2272586, 1297936, 974650, 9738520.863043731, 35, 35, 0, 255.22992790977875, 35
1, 2272660, 1297970, 974690, 9738830.060252499, 74, 34, 40, 309.1972087668518, 35
51, 2272781, 1298011, 974770, 9739183.122731535, 121, 41, 80, 353.06247903554, 43
1, 2272825, 1298055, 974770, 9739454.473689225, 44, 44, 0, 271.35095769013947, 44
1, 2272864, 1298094, 974770, 9739717.173629168, 39, 39, 0, 262.6999399439383, 39
51, 2272956, 1298136, 974820, 9740045.377730636, 92, 42, 50, 328.20410146824725, 43
1, 2273057, 1298167, 974890, 9740380.79311861, 101, 31, 70, 335.41538797227, 33
1, 2273103, 1298213, 974890, 9740655.422187323, 46, 46, 0, 274.6290687140218, 46
1, 2273150, 1298260, 974890, 9740931.655237192, 47, 47, 0, 276.2330498695885, 47
1, 2273224, 1298304, 974920, 9741241.85244596, 74, 44, 30, 310.1972087668518, 45
51, 2273355, 1298345, 975010, 9741602.564774176, 131, 41, 90, 360.7123282155055, 43
1, 2273403, 1298393, 975010, 9741880.379576767, 48, 48, 0, 277.8148025904985, 48
1, 2273521, 1298441, 975080, 9742231.766901936, 118, 48, 70, 351.3873251689181, 50
1, 2273555, 1298475, 975080, 9742485.040542213, 34, 34, 0, 253.2736402766418, 34
1, 2273593, 1298513, 975080, 9742745.922921833, 38, 38, 0, 260.88237961983884, 38
51, 2273679, 1298549, 975130, 9743067.74908648, 86, 36, 50, 321.82616464756694, 37
1, 2273742, 1298582, 975160, 9743364.180411207, 63, 33, 30, 296.43132472612575, 34
1, 2273783, 1298623, 975160, 9743630.42436465, 41, 41, 0, 266.24395344352433, 41
1, 2273869, 1298669, 975200, 9743953.250529299, 86, 46, 40, 322.82616464756694, 47
51, 2273964, 1298714, 975250, 9744284.549093435, 95, 45, 50, 331.2985641352145, 46
1, 2273995, 1298745, 975250, 9744531.710199611, 31, 31, 0, 247.1611061770567, 31
1, 2274065, 1298785, 975280, 9744837.060960462, 70, 40, 30, 305.3507608519078, 41
1, 2274104, 1298824, 975280, 9745099.760900406, 39, 39, 0, 262.6999399439383, 39
51, 2274198, 1298868, 975330, 9745430.034626255, 94, 44, 50, 330.273725847777, 45
1, 2274312, 1298912, 975400, 9745777.792613946, 114, 44, 70, 347.75798769167545, 46
1, 2274365, 1298965, 975400, 9746063.209401587, 53, 53, 0, 285.4167876408086, 53
1, 2274404, 1299004, 975400, 9746325.90934153, 39, 39, 0, 262.6999399439383, 39
51, 2274492, 1299042, 975450, 9746649.890772892, 88, 38, 50, 323.98143136087856, 39
1, 2274566, 1299076, 975490, 9746959.08798166, 74, 34, 40, 309.1972087668518, 35
1, 2274612, 1299122, 975490, 9747233.717050374, 46, 46, 0, 274.6290687140218, 46
1, 2274686, 1299166, 975520, 9747543.914259141, 74, 44, 30, 310.1972087668518, 45
1, 2274727, 1299207, 975520, 9747810.158212585, 41, 41, 0, 266.24395344352433, 41
51, 2274858, 1299248, 975610, 9748170.870540801, 131, 41, 90, 360.7123282155055, 43
1, 2274898, 1299288, 975610, 9748435.357226739, 40, 40, 0, 264.4866859365871, 40
1, 2275013, 1299333, 975680, 9748784.0294438, 115, 45, 70, 348.6722170622053, 47
51, 2275112, 1299382, 975730, 9749119.363658354, 99, 49, 50, 335.33421455299043, 50
1, 2275151, 1299421, 975730, 9749382.063598298, 39, 39, 0, 262.6999399439383, 39
1, 2275231, 1299461, 975770, 9749698.233354542, 80, 40, 40, 316.1697562442441, 41
51, 2275322, 1299502, 975820, 9750025.39241648, 91, 41, 50, 327.1590619387661, 42
1, 2275435, 1299545, 975890, 9750372.23146035, 113, 43, 70, 346.83904386951343, 45
1, 2275478, 1299588, 975890, 9750641.906420553, 43, 43, 0, 269.6749602031015, 43
1, 2275509, 1299619, 975890, 9750889.06752673, 31, 31, 0, 247.1611061770567, 31
51, 2275604, 1299664, 975940, 9751220.366090866, 95, 45, 50, 331.2985641352145, 46
1, 2275685, 1299705, 975980, 9751537.666090867, 81, 41, 40, 317.3, 42
1, 2275760, 1299750, 976010, 9751849.049186505, 75, 45, 30, 311.38309563827124, 46
1, 2275786, 1299776, 976010, 9752085.059272941, 26, 26, 0, 236.01008643532256, 26
1, 2275865, 1299815, 976050, 9752400.09002307, 79, 39, 40, 315.03075013013313, 40
51, 2275956, 1299856, 976100, 9752727.24908501, 91, 41, 50, 327.1590619387661, 42
1, 2276025, 1299895, 976130, 9753031.361226719, 69, 39, 30, 304.1121417102006, 40
1, 2276113, 1299943, 976170, 9753356.34265808, 88, 48, 40, 324.98143136087856, 49
1, 2276177, 1299977, 976200, 9753654.085370556, 64, 34, 30, 297.742712474619, 35
51, 2276264, 1300014, 976250, 9753976.992951553, 87, 37, 50, 322.9075809977351, 38
1, 2276305, 1300055, 976250, 9754243.236904997, 41, 41, 0, 266.24395344352433, 41
1, 2276387, 1300097, 976290, 9754561.65857484, 82, 42, 40, 318.42166984345636, 43
51, 2276475, 1300135, 976340, 9754885.640006201, 88, 38, 50, 323.98143136087856, 39
1, 2276555, 1300185, 976370, 9755202.809762446, 80, 50, 30, 317.1697562442441, 51
1, 2276590, 1300220, 976370, 9755458.039690357, 35, 35, 0, 255.22992790977875, 35
1, 2276653, 1300253, 976400, 9755754.471015083, 63, 33, 30, 296.43132472612575, 34
51, 2276788, 1300298, 976490, 9756118.536825024, 135, 45, 90, 364.06580994024984, 47
1, 2276825, 1300335, 976490, 9756377.569396479, 37, 37, 0, 259.03257145596604, 37
1, 2276896, 1300366, 976530, 9756683.147707298, 71, 31, 40, 305.57831081870995, 32
1, 2276941, 1300411, 976530, 9756956.14971371, 45, 45, 0, 273.00200641113514, 45
51, 2277068, 1300458, 976610, 9757314.449396009, 127, 47, 80, 358.2996822992933, 49
1, 2277114, 1300504, 976610, 9757589.078464722, 46, 46, 0, 274.6290687140218, 46
1, 2277180, 1300540, 976640, 9757889.405453, 66, 36, 30, 300.32698827717985, 37
51, 2277307, 1300577, 976730, 9758246.705135299, 127, 37, 90, 357.2996822992933, 39
1, 2277353, 1300623, 976730, 9758521.334204013, 46, 46, 0, 274.6290687140218, 46
1, 2277387, 1300657, 976730, 9758774.60784429, 34, 34, 0, 253.2736402766418, 34
1, 2277463, 1300693, 976770, 9759086.167016663, 76, 36, 40, 311.5591723737189, 37
51, 2277578, 1300728, 976850, 9759433.839233724, 115, 35, 80, 347.6722170622053, 37
1, 2277620, 1300770, 976850, 9759701.812223226, 42, 42, 0, 267.97298950218305, 42
1, 2277647, 1300797, 976850, 9759940.162928922, 27, 27, 0, 238.35070569547776, 27
51, 2277769, 1300839, 976930, 9760294.108547475, 122, 42, 80, 353.9456185537469, 44
1, 2277809, 1300879, 976930, 9760558.595233412, 40, 40, 0, 264.4866859365871, 40
1, 2277916, 1300916, 977000, 9760899.817378683, 107, 37, 70, 341.2221452697031, 39
1, 2277958, 1300958, 977000, 9761167.790368184, 42, 42, 0, 267.97298950218305, 42
51, 2278042, 1300992, 977050, 9761487.430378588, 84, 34, 50, 319.64001040350905, 35
1, 2278101, 1301021, 977080, 9761778.479178835, 59, 29, 30, 291.0488002476036, 30
1, 2278177, 1301057, 977120, 9762090.038351208, 76, 36, 40, 311.5591723737189, 37
51, 2278273, 1301103, 977170, 9762422.355267223, 96, 46, 50, 332.31691601465747, 47
1, 2278313, 1301143, 977170, 9762686.84195316, 40, 40, 0, 264.4866859365871, 40
1, 2278375, 1301175, 977200, 9762981.94857949, 62, 32, 30, 295.1066263296683, 33
1, 2278456, 1301216, 977240, 9763299.24857949, 81, 41, 40, 317.3, 42
51, 2278550, 1301260, 977290, 9763629.52230534, 94, 44, 50, 330.273725847777, 45
1, 2278628, 1301298, 977330, 9763943.40509196, 78, 38, 40, 313.8827866200841, 39
1, 2278659, 1301329, 977330, 9764190.566198137, 31, 31, 0, 247.1611061770567, 31
1, 2278699, 1301369, 977330, 9764455.052884074, 40, 40, 0, 264.4866859365871, 40
51, 2278867, 1301417, 977450, 9764841.973458441, 168, 48, 120, 386.9205743678508, 51
1, 2278904, 1301454, 977450, 9765101.006029896, 37, 37, 0, 259.03257145596604, 37
1, 2278948, 1301498, 977450, 9765372.356987586, 44, 44, 0, 271.35095769013947, 44
1, 2279029, 1301539, 977490, 9765689.656987587, 81, 41, 40, 317.3, 42
51, 2279115, 1301575, 977540, 9766011.483152235, 86, 36, 50, 321.82616464756694, 37
1, 2279191, 1301621, 977570, 9766324.042324608, 76, 46, 30, 312.5591723737189, 47
1, 2279237, 1301667, 977570, 9766598.671393322, 46, 46, 0, 274.6290687140218, 46
1, 2279319, 1301709, 977610, 9766917.093063165, 82, 42, 40, 318.42166984345636, 43
51, 2279439, 1301749, 977690, 9767269.26815513, 120, 40, 80, 352.1750919646873, 42
1, 2279485, 1301795, 977690, 9767543.897223843, 46, 46, 0, 274.6290687140218, 46
1, 2279521, 1301831, 977690, 9767801.046198122, 36, 36, 0, 257.1489742783178, 36
1, 2279561, 1301871, 977690, 9768065.53288406, 40, 40, 0, 264.4866859365871, 40
51, 2279690, 1301910, 977780, 9768424.54648455, 129, 39, 90, 359.01360049114555, 41
1, 2279728, 1301948, 977780, 9768685.42886417, 38, 38, 0, 260.88237961983884, 38
1, 2279799, 1301989, 977810, 9768992.00717499, 71, 41, 30, 306.57831081870995, 42
1, 2279835, 1302025, 977810, 9769249.156149268, 36, 36, 0, 257.1489742783178, 36
51, 2279994, 1302064, 977930, 9769629.35501174, 159, 39, 120, 380.1988624723894, 42
1, 2280037, 1302107, 977930, 9769899.029971944, 43, 43, 0, 269.6749602031015, 43
1, 2280084, 1302154, 977930, 9770175.263021814, 47, 47, 0, 276.2330498695885, 47
1, 2280157, 1302197, 977960, 9770484.264300384, 73, 43, 30, 309.00127856917646, 44
51, 2280290, 1302240, 978050, 9770846.660569426, 133, 43, 90, 362.3962690412072, 45
1, 2280364, 1302284, 978080, 9771156.857778193, 74, 44, 30, 310.1972087668518, 45
1, 2280410, 1302330, 978080, 9771431.486846907, 46, 46, 0, 274.6290687140218, 46
1, 2280459, 1302379, 978080, 9771710.861978013, 49, 49, 0, 279.3751311064591, 49
51, 2280584, 1302414, 978170, 9772066.4321305, 125, 35, 90, 355.57015248821097, 37
1, 2280619, 1302449, 978170, 9772321.662058411, 35, 35, 0, 255.22992790977875, 35
1, 2280657, 1302487, 978170, 9772582.54443803, 38, 38, 0, 260.88237961983884, 38
51, 2280769, 1302519, 978250, 9772927.459750371, 112, 32, 80, 344.91531233955715, 34
1, 2280816, 1302566, 978250, 9773203.69280024, 47, 47, 0, 276.2330498695885, 47
1, 2280852, 1302602, 978250, 9773460.84177452, 36, 36, 0, 257.1489742783178, 36
51, 2281014, 1302644, 978370, 9773843.30390902, 162, 42, 120, 382.4621345008163, 45
1, 2281052, 1302682, 978370, 9774104.18628864, 38, 38, 0, 260.88237961983884, 38
1, 2281089, 1302719, 978370, 9774363.218860095, 37, 37, 0, 259.03257145596604, 37
51, 2281179, 1302759, 978420, 9774689.325888919, 90, 40, 50, 326.1070288241023, 41
1, 2281213, 1302793, 978420, 9774942.599529196, 34, 34, 0, 253.2736402766418, 34
1, 2281260, 1302840, 978420, 9775218.832579065, 47, 47, 0, 276.2330498695885, 47
1, 2281369, 1302879, 978490, 9775561.947210565, 109, 39, 70, 343.114631499574, 41
51, 2281460, 1302920, 978540, 9775889.106272504, 91, 41, 50, 327.1590619387661, 42
1, 2281497, 1302957, 978540, 9776148.13884396, 37, 37, 0, 259.03257145596604, 37
1, 2281580, 1303000, 978580, 9776467.67379189, 83, 43, 40, 319.5349479292333, 44
51, 2281701, 1303041, 978660, 9776820.736270925, 121, 41, 80, 353.06247903554, 43
1, 2281733, 1303073, 978660, 9777069.977693925, 32, 32, 0, 249.24142300054422, 32
1, 2281768, 1303108, 978660, 9777325.207621835, 35, 35, 0, 255.22992790977875, 35
51, 2281897, 1303147, 978750, 9777684.221222326, 129, 39, 90, 359.01360049114555, 41
1, 2281942, 1303192, 978750, 9777957.223228738, 45, 45, 0, 273.00200641113514, 45
1, 2282015, 1303235, 978780, 9778266.224507308, 73, 43, 30, 309.00127856917646, 44
51, 2282101, 1303271, 978830, 9778588.050671956, 86, 36, 50, 321.82616464756694, 37
1, 2282201, 1303301, 978900, 9778922.478437973, 100, 30, 70, 334.42776601683795, 32
1, 2282241, 1303341, 978900, 9779186.96512391, 40, 40, 0, 264.4866859365871, 40
51, 2282335, 1303385, 978950, 9779517.23884976, 94, 44, 50, 330.273725847777, 45
1, 2282377, 1303427, 978950, 9779785.21183926, 42, 42, 0, 267.97298950218305, 42
1, 2282481, 1303461, 979020, 9780123.555526018, 104, 34, 70, 338.343686757474, 36
1, 2282518, 1303498, 979020, 9780382.588097474, 37, 37, 0, 259.03257145596604, 37
51, 2282603, 1303533, 979070, 9780703.325125145, 85, 35, 50, 320.73702767108114, 36
1, 2282687, 1303577, 979110, 9781023.965135548, 84, 44, 40, 320.64001040350905, 45
1, 2282758, 1303618, 979140, 9781330.543446368, 71, 41, 30, 306.57831081870995, 42
1, 2282793, 1303653, 979140, 9781585.773374278, 35, 35, 0, 255.22992790977875, 35
1, 2282837, 1303697, 979140, 9781857.124331968, 44, 44, 0, 271.35095769013947, 44
51, 2282927, 1303737, 979190, 9782183.231360791, 90, 40, 50, 326.1070288241023, 41
1, 2283001, 1303771, 979230, 9782492.428569559, 74, 34, 40, 309.1972087668518, 35
1, 2283039, 1303809, 979230, 9782753.310949178, 38, 38, 0, 260.88237961983884, 38
1, 2283146, 1303846, 979300, 9783094.533094449, 107, 37, 70, 341.2221452697031, 39
51, 2283230, 1303880, 979350, 9783414.173104852, 84, 34, 50, 319.64001040350905, 35
1, 2283278, 1303928, 979350, 9783691.987907443, 48, 48, 0, 277.8148025904985, 48
1, 2283330, 1303980, 979350, 9783975.922868872, 52, 52, 0, 283.93496142826496, 52
51, 2283458, 1304018, 979440, 9784334.081434974, 128, 38, 90, 358.1585661014858, 40
1, 2283522, 1304052, 979470, 9784631.82414745, 64, 34, 30, 297.742712474619, 35
1, 2283562, 1304092, 979470, 9784896.310833387, 40, 40, 0, 264.4866859365871, 40
1, 2283603, 1304133, 979470, 9785162.554786831, 41, 41, 0, 266.24395344352433, 41
51, 2283691, 1304171, 979520, 9785486.536218192, 88, 38, 50, 323.98143136087856, 39
1, 2283798, 1304208, 979590, 9785827.758363463, 107, 37, 70, 341.2221452697031, 39
1, 2283838, 1304248, 979590, 9786092.2450494, 40, 40, 0, 264.4866859365871, 40
1, 2283877, 1304287, 979590, 9786354.944989344, 39, 39, 0, 262.6999399439383, 39
51, 2283993, 1304323, 979670, 9786703.526792835, 116, 36, 80, 348.5818034911291, 38
1, 2284032, 1304362, 979670, 9786966.22673278, 39, 39, 0, 262.6999399439383, 39
1, 2284116, 1304406, 979710, 9787286.866743183, 84, 44, 40, 320.64001040350905, 45
1, 2284179, 1304439, 979740, 9787583.298067909, 63, 33, 30, 296.43132472612575, 34
51, 2284275, 1304485, 979790, 9787915.614983924, 96, 46, 50, 332.31691601465747, 47
1, 2284317, 1304527, 979790, 9788183.587973425, 42, 42, 0, 267.97298950218305, 42
1, 2284363, 1304573, 979790, 9788458.217042139, 46, 46, 0, 274.6290687140218, 46
1, 2284449, 1304619, 979830, 9788781.043206787, 86, 46, 40, 322.82616464756694, 47
51, 2284539, 1304659, 979880, 9789107.15023561, 90, 40, 50, 326.1070288241023, 41
1, 2284612, 1304702, 979910, 9789416.15151418, 73, 43, 30, 309.00127856917646, 44
1, 2284659, 1304749, 979910, 9789692.38456405, 47, 47, 0, 276.2330498695885, 47
1, 2284704, 1304794, 979910, 9789965.386570461, 45, 45, 0, 273.00200641113514, 45
51, 2284836, 1304836, 980000, 9790326.942692889, 132, 42, 90, 361.55612242701943, 44
1, 2284871, 1304871, 980000, 9790582.1726208, 35, 35, 0, 255.22992790977875, 35
1, 2284918, 1304918, 980000, 9790858.405670669, 47, 47, 0, 276.2330498695885, 47
1, 2285030, 1304960, 980070, 9791204.32098301, 112, 42, 70, 345.91531233955715, 44
51, 2285119, 1304999, 980120, 9791529.368848573, 89, 39, 50, 325.0478655640733, 40
1, 2285166, 1305046, 980120, 9791805.601898443, 47, 47, 0, 276.2330498695885, 47
1, 2285241, 1305091, 980150, 9792116.984994082, 75, 45, 30, 311.38309563827124, 46
1, 2285276, 1305126, 980150, 9792372.214921992, 35, 35, 0, 255.22992790977875, 35
51, 2285421, 1305181, 980240, 9792744.424930189, 145, 55, 90, 372.2100081956181, 57
1, 2285462, 1305222, 980240, 9793010.668883633, 41, 41, 0, 266.24395344352433, 41
1, 2285498, 1305258, 980240, 9793267.817857912, 36, 36, 0, 257.1489742783178, 36
1, 2285544, 1305304, 980240, 9793542.446926625, 46, 46, 0, 274.6290687140218, 46
51, 2285710, 1305350, 980360, 9793927.89119426, 166, 46, 120, 385.4442676339201, 49
1, 2285756, 1305396, 980360, 9794202.520262973, 46, 46, 0, 274.6290687140218, 46
1, 2285792, 1305432, 980360, 9794459.669237252, 36, 36, 0, 257.1489742783178, 36
1, 2285836, 1305476, 980360, 9794731.020194942, 44, 44, 0, 271.35095769013947, 44
1, 2285908, 1305508, 980400, 9795037.815257967, 72, 32, 40, 306.79506302439404, 33
51, 2285997, 1305547, 980450, 9795362.86312353, 89, 39, 50, 325.0478655640733, 40
1, 2286060, 1305580, 980480, 9795659.294448256, 63, 33, 30, 296.43132472612575, 34
1, 2286105, 1305625, 980480, 9795932.296454668, 45, 45, 0, 273.00200641113514, 45
51, 2286218, 1305658, 980560, 9796278.135498537, 113, 33, 80, 345.83904386951343, 35
1, 2286259, 1305699, 980560, 9796544.37945198, 41, 41, 0, 266.24395344352433, 41
1, 2286333, 1305733, 980600, 9796853.576660749, 74, 34, 40, 309.1972087668518, 35
1, 2286367, 1305767, 980600, 9797106.850301025, 34, 34, 0, 253.2736402766418, 34
51, 2286462, 1305812, 980650, 9797438.148865161, 95, 45, 50, 331.2985641352145, 46
1, 2286508, 1305858, 980650, 9797712.777933875, 46, 46, 0, 274.6290687140218, 46
1, 2286571, 1305891, 980680, 9798009.209258601, 63, 33, 30, 296.43132472612575, 34
1, 2286660, 1305940, 980720, 9798335.257124165, 89, 49, 40, 326.0478655640733, 50
51, 2286754, 1305984, 980770, 9798665.530850014, 94, 44, 50, 330.273725847777, 45
1, 2286791, 1306021, 980770, 9798924.56342147, 37, 37, 0, 259.03257145596604, 37
1, 2286836, 1306066, 980770, 9799197.56542788, 45, 45, 0, 273.00200641113514, 45
51, 2286967, 1306107, 980860, 9799558.277756097, 131, 41, 90, 360.7123282155055, 43
1, 2287036, 1306146, 980890, 9799862.389897807, 69, 39, 30, 304.1121417102006, 40
1, 2287086, 1306196, 980890, 9800143.304692654, 50, 50, 0, 280.9147948472494, 50
1, 2287126, 1306236, 980890, 9800407.791378591, 40, 40, 0, 264.4866859365871, 40
51, 2287239, 1306269, 980970, 9800753.63042246, 113, 33, 80, 345.83904386951343, 35
1, 2287314, 1306304, 981010, 9801064.013518099, 75, 35, 40, 310.38309563827124, 36
1, 2287356, 1306346, 981010, 9801331.9865076, 42, 42, 0, 267.97298950218305, 42
1, 2287394, 1306384, 981010, 9801592.86888722, 38, 38, 0, 260.88237961983884, 38
51, 2287488, 1306428, 981060, 9801923.142613068, 94, 44, 50, 330.273725847777, 45
1, 2287522, 1306462, 981060, 9802176.416253345, 34, 34, 0, 253.2736402766418, 34
1, 2287589, 1306499, 981090, 9802478.016808603, 67, 37, 30, 301.6005552576305, 38
51, 2287715, 1306535, 981180, 9802834.453704486, 126, 36, 90, 356.43689588345075, 38
1, 2287782, 1306572, 981210, 9803136.054259744, 67, 37, 30, 301.6005552576305, 38
1, 2287829, 1306619, 981210, 9803412.287309613, 47, 47, 0, 276.2330498695885, 47
51, 2287965, 1306665, 981300, 9803777.182606649, 136, 46, 90, 364.89529703482884, 48
1, 2288010, 1306710, 981300, 9804050.18461306, 45, 45, 0, 273.00200641113514, 45
1, 2288055, 1306755, 981300, 9804323.186619472, 45, 45, 0, 273.00200641113514, 45
51, 2288167, 1306787, 981380, 9804668.101931812, 112, 32, 80, 344.91531233955715, 34
1, 2288204, 1306824, 981380, 9804927.134503268, 37, 37, 0, 259.03257145596604, 37
1, 2288289, 1306869, 981420, 9805248.871530939, 85, 45, 40, 321.73702767108114, 46
51, 2288387, 1306917, 981470, 9805583.206159303, 98, 48, 50, 334.33462836457886, 49
1, 2288433, 1306963, 981470, 9805857.835228017, 46, 46, 0, 274.6290687140218, 46
1, 2288470, 1307000, 981470, 9806116.867799472, 37, 37, 0, 259.03257145596604, 37
1, 2288531, 1307031, 981500, 9806410.63603874, 61, 31, 30, 293.7682392671241, 32
51, 2288611, 1307061, 981550, 9806725.805794984, 80, 30, 50, 315.1697562442441, 31
1, 2288697, 1307107, 981590, 9807048.631959632, 86, 46, 40, 322.82616464756694, 47
1, 2288737, 1307147, 981590, 9807313.11864557, 40, 40, 0, 264.4866859365871, 40
1, 2288773, 1307183, 981590, 9807570.267619848, 36, 36, 0, 257.1489742783178, 36
51, 2288931, 1307221, 981710, 9807949.706829105, 158, 38, 120, 379.43920925585275, 41
1, 2288971, 1307261, 981710, 9808214.193515042, 40, 40, 0, 264.4866859365871, 40
1, 2289008, 1307298, 981710, 9808473.226086497, 37, 37, 0, 259.03257145596604, 37
1, 2289087, 1307337, 981750, 9808788.256836627, 79, 39, 40, 315.03075013013313, 40
51, 2289183, 1307383, 981800, 9809120.573752642, 96, 46, 50, 332.31691601465747, 47
1, 2289226, 1307426, 981800, 9809390.248712845, 43, 43, 0, 269.6749602031015, 43
1, 2289327, 1307457, 981870, 9809725.664100818, 101, 31, 70, 335.41538797227, 33
1, 2289364, 1307494, 981870, 9809984.696672274, 37, 37, 0, 259.03257145596604, 37
51, 2289496, 1307536, 981960, 9810346.252794702, 132, 42, 90, 361.55612242701943, 44
1, 2289531, 1307571, 981960, 9810601.482722612, 35, 35, 0, 255.22992790977875, 35
1, 2289568, 1307608, 981960, 9810860.515294068, 37, 37, 0, 259.03257145596604, 37
1, 2289641, 1307651, 981990, 9811169.516572637, 73, 43, 30, 309.00127856917646, 44
51, 2289731, 1307691, 982040, 9811495.62360146, 90, 40, 50, 326.1070288241023, 41
1, 2289818, 1307738, 982080, 9811819.531182459, 87, 47, 40, 323.9075809977351, 48
1, 2289891, 1307781, 982110, 9812128.532461029, 73, 43, 30, 309.00127856917646, 44
1, 2289930, 1307820, 982110, 9812391.232400972, 39, 39, 0, 262.6999399439383, 39
51, 2290065, 1307875, 982190, 9812756.298210913, 135, 55, 80, 365.06580994024984, 57
1, 2290144, 1307914, 982230, 9813071.328961043, 79, 39, 40, 315.03075013013313, 40
1, 2290191, 1307961, 982230, 9813347.562010912, 47, 47, 0, 276.2330498695885, 47
1, 2290229, 1307999, 982230, 9813608.444390532, 38, 38, 0, 260.88237961983884, 38
1, 2290276, 1308046, 982230, 9813884.677440401, 47, 47, 0, 276.2330498695885, 47
51, 2290399, 1308089, 982310, 9814239.502011662, 123, 43, 80, 354.8245712617827, 45
1, 2290473, 1308123, 982350, 9814548.69922043, 74, 34, 40, 309.1972087668518, 35
1, 2290512, 1308162, 982350, 9814811.399160374, 39, 39, 0, 262.6999399439383, 39
51, 2290601, 1308201, 982400, 9815136.447025938, 89, 39, 50, 325.0478655640733, 40
1, 2290672, 1308242, 982430, 9815443.025336757, 71, 41, 30, 306.57831081870995, 42
1, 2290712, 1308282, 982430, 9815707.512022695, 40, 40, 0, 264.4866859365871, 40
51, 2290795, 1308315, 982480, 9816026.046970624, 83, 33, 50, 318.5349479292333, 34
1, 2290869, 1308349, 982520, 9816335.244179392, 74, 34, 40, 309.1972087668518, 35
1, 2290941, 1308391, 982550, 9816643.039242417, 72, 42, 30, 307.79506302439404, 43
1, 2290969, 1308419, 982550, 9816883.671905795, 28, 28, 0, 240.63266337912057, 28
1, 2291040, 1308460, 982580, 9817190.250216614, 71, 41, 30, 306.57831081870995, 42
51, 2291128, 1308498, 982630, 9817514.231647976, 88, 38, 50, 323.98143136087856, 39
1, 2291212, 1308542, 982670, 9817834.87165838, 84, 44, 40, 320.64001040350905, 45
1, 2291281, 1308581, 982700, 9818138.983800089, 69, 39, 30, 304.1121417102006, 40
51, 2291376, 1308626, 982750, 9818470.282364225, 95, 45, 50, 331.2985641352145, 46
1, 2291411, 1308661, 982750, 9818725.512292136, 35, 35, 0, 255.22992790977875, 35
1, 2291454, 1308704, 982750, 9818995.187252339, 43, 43, 0, 269.6749602031015, 43
1, 2291532, 1308742, 982790, 9819309.07003896, 78, 38, 40, 313.8827866200841, 39
1, 2291573, 1308783, 982790, 9819575.313992403, 41, 41, 0, 266.24395344352433, 41
51, 2291702, 1308832, 982870, 9819935.327592894, 129, 49, 80, 360.01360049114555, 51
1, 2291733, 1308863, 982870, 9820182.488699071, 31, 31, 0, 247.1611061770567, 31
1, 2291772, 1308902, 982870, 9820445.188639015, 39, 39, 0, 262.6999399439383, 39
1, 2291849, 1308939, 982910, 9820757.914302781, 77, 37, 40, 312.72566376652986, 38
51, 2291931, 1308971, 982960, 9821075.335972624, 82, 32, 50, 317.42166984345636, 33
1, 2291977, 1309017, 982960, 9821349.965041338, 46, 46, 0, 274.6290687140218, 46
1, 2292047, 1309057, 982990, 9821655.315802189, 70, 40, 30, 305.3507608519078, 41
1, 2292084, 1309094, 982990, 9821914.348373644, 37, 37, 0, 259.03257145596604, 37
51, 2292247, 1309137, 983110, 9822297.559797123, 163, 43, 120, 383.21142347822723, 46
1, 2292281, 1309171, 983110, 9822550.8334374, 34, 34, 0, 253.2736402766418, 34
1, 2292354, 1309204, 983150, 9822858.83471597, 73, 33, 40, 308.00127856917646, 34
1, 2292403, 1309253, 983150, 9823138.209847076, 49, 49, 0, 279.3751311064591, 49
51, 2292505, 1309305, 983200, 9823476.507029857, 102, 52, 50, 338.29718278112654, 53
1, 2292532, 1309332, 983200, 9823714.857735554, 27, 27, 0, 238.35070569547776, 27
1, 2292609, 1309379, 983230, 9824028.58339932, 77, 47, 30, 313.72566376652986, 48
1, 2292686, 1309416, 983270, 9824341.309063086, 77, 37, 40, 312.72566376652986, 38
1, 2292748, 1309448, 983300, 9824636.415689416, 62, 32, 30, 295.1066263296683, 33
51, 2292838, 1309488, 983350, 9824962.52271824, 90, 40, 50, 326.1070288241023, 41
1, 2292880, 1309530, 983350, 9825230.495707741, 42, 42, 0, 267.97298950218305, 42
1, 2292922, 1309572, 983350, 9825498.468697242, 42, 42, 0, 267.97298950218305, 42
51, 2293083, 1309613, 983470, 9825880.178993843, 161, 41, 120, 381.7102966008917, 44
1, 2293127, 1309657, 983470, 9826151.529951533, 44, 44, 0, 271.35095769013947, 44
1, 2293169, 1309699, 983470, 9826419.502941035, 42, 42, 0, 267.97298950218305, 42
1, 2293249, 1309739, 983510, 9826735.67269728, 80, 40, 40, 316.1697562442441, 41
51, 2293373, 1309783, 983590, 9827091.372093828, 124, 44, 80, 355.6993965481514, 46
1, 2293421, 1309831, 983590, 9827369.18689642, 48, 48, 0, 277.8148025904985, 48
1, 2293457, 1309867, 983590, 9827626.335870698, 36, 36, 0, 257.1489742783178, 36
1, 2293498, 1309908, 983590, 9827892.579824142, 41, 41, 0, 266.24395344352433, 41
51, 2293620, 1309940, 983680, 9828245.525442695, 122, 32, 90, 352.9456185537469, 34
1, 2293663, 1309983, 983680, 9828515.200402899, 43, 43, 0, 269.6749602031015, 43
1, 2293735, 1310025, 983710, 9828822.995465923, 72, 42, 30, 307.79506302439404, 43
51, 2293870, 1310070, 983800, 9829187.061275864, 135, 45, 90, 364.06580994024984, 47
1, 2293909, 1310109, 983800, 9829449.761215808, 39, 39, 0, 262.6999399439383, 39
1, 2293978, 1310148, 983830, 9829753.873357518, 69, 39, 30, 304.1121417102006, 40
51, 2294066, 1310186, 983880, 9830077.854788879, 88, 38, 50, 323.98143136087856, 39
1, 2294101, 1310221, 983880, 9830333.08471679, 35, 35, 0, 255.22992790977875, 35
1, 2294135, 1310255, 983880, 9830586.358357066, 34, 34, 0, 253.2736402766418, 34
1, 2294243, 1310293, 983950, 9830928.529336613, 108, 38, 70, 342.1709795470626, 40
51, 2294333, 1310333, 984000, 9831254.636365436, 90, 40, 50, 326.1070288241023, 41
1, 2294368, 1310368, 984000, 9831509.866293347, 35, 35, 0, 255.22992790977875, 35
1, 2294406, 1310406, 984000, 9831770.748672966, 38, 38, 0, 260.88237961983884, 38
1, 2294477, 1310447, 984030, 9832077.326983785, 71, 41, 30, 306.57831081870995, 42
51, 2294614, 1310494, 984120, 9832443.04830599, 137, 47, 90, 365.72132220485213, 49
1, 2294649, 1310529, 984120, 9832698.2782339, 35, 35, 0, 255.22992790977875, 35
1, 2294723, 1310563, 984160, 9833007.475442668, 74, 34, 40, 309.1972087668518, 35
1, 2294790, 1310600, 984190, 9833309.075997926, 67, 37, 30, 301.6005552576305, 38
1, 2294823, 1310633, 984190, 9833560.354170619, 33, 33, 0, 251.27817269284301, 33
51, 2294956, 1310676, 984280, 9833922.75043966, 133, 43, 90, 362.3962690412072, 45
1, 2295038, 1310728, 984310, 9834242.172109503, 82, 52, 30, 319.42166984345636, 53
1, 2295080, 1310770, 984310, 9834510.145099005, 42, 42, 0, 267.97298950218305, 42
1, 2295140, 1310800, 984340, 9834802.560867377, 60, 30, 30, 292.41576837137404, 31
51, 2295271, 1310841, 984430, 9835163.273195593, 131, 41, 90, 360.7123282155055, 43
1, 2295315, 1310885, 984430, 9835434.624153282, 44, 44, 0, 271.35095769013947, 44
1, 2295386, 1310926, 984460, 9835741.202464102, 71, 41, 30, 306.57831081870995, 42
1, 2295429, 1310969, 984460, 9836010.877424305, 43, 43, 0, 269.6749602031015, 43
51, 2295521, 1311011, 984510, 9836339.081525773, 92, 42, 50, 328.20410146824725, 43
1, 2295627, 1311047, 984580, 9836679.349569382, 106, 36, 70, 340.2680436096278, 38
1, 2295667, 1311087, 984580, 9836943.83625532, 40, 40, 0, 264.4866859365871, 40
1, 2295699, 1311119, 984580, 9837193.077678319, 32, 32, 0, 249.24142300054422, 32
1, 2295778, 1311158, 984620, 9837508.108428448, 79, 39, 40, 315.03075013013313, 40
51, 2295903, 1311203, 984700, 9837864.678580936, 125, 45, 80, 356.57015248821097, 47
1, 2295938, 1311238, 984700, 9838119.908508847, 35, 35, 0, 255.22992790977875, 35
1, 2296008, 1311278, 984730, 9838425.259269698, 70, 40, 30, 305.3507608519078, 41
1, 2296047, 1311317, 984730, 9838687.959209641, 39, 39, 0, 262.6999399439383, 39
1, 2296085, 1311355, 984730, 9838948.84158926, 38, 38, 0, 260.88237961983884, 38
51, 2296244, 1311394, 984850, 9839329.040451733, 159, 39, 120, 380.1988624723894, 42
1, 2296288, 1311438, 984850, 9839600.391409423, 44, 44, 0, 271.35095769013947, 44
1, 2296326, 1311476, 984850, 9839861.273789043, 38, 38, 0, 260.88237961983884, 38
1, 2296399, 1311519, 984880, 9840170.275067613, 73, 43, 30, 309.00127856917646, 44
51, 2296492, 1311562, 984930, 9840499.51734752, 93, 43, 50, 329.24227990714814, 44
1, 2296562, 1311602, 984960, 9840804.868108371, 70, 40, 30, 305.3507608519078, 41
1, 2296643, 1311643, 985000, 9841122.168108372, 81, 41, 40, 317.3, 42
51, 2296740, 1311690, 985050, 9841455.497007644, 97, 47, 50, 333.3288992714996, 48
1, 2296781, 1311731, 985050, 9841721.740961088, 41, 41, 0, 266.24395344352433, 41
1, 2296823, 1311773, 985050, 9841989.71395059, 42, 42, 0, 267.97298950218305, 42
1, 2296856, 1311806, 985050, 9842240.992123282, 33, 33, 0, 251.27817269284301, 33
1, 2296923, 1311843, 985080, 9842542.59267854, 67, 37, 30, 301.6005552576305, 38
51, 2297056, 1311886, 985170, 9842904.988947581, 133, 43, 90, 362.3962690412072, 45
1, 2297098, 1311928, 985170, 9843172.961937083, 42, 42, 0, 267.97298950218305, 42
1, 2297182, 1311972, 985210, 9843493.601947486, 84, 44, 40, 320.64001040350905, 45
1, 2297215, 1312005, 985210, 9843744.880120179, 33, 33, 0, 251.27817269284301, 33
1, 2297261, 1312051, 985210, 9844019.509188892, 46, 46, 0, 274.6290687140218, 46
51, 2297383, 1312093, 985290, 9844373.454807445, 122, 42, 80, 353.9456185537469, 44
1, 2297460, 1312130, 985330, 9844686.180471212, 77, 37, 40, 312.72566376652986, 38
1, 2297530, 1312170, 985360, 9844991.531232063, 70, 40, 30, 305.3507608519078, 41
1, 2297571, 1312211, 985360, 9845257.775185507, 41, 41, 0, 266.24395344352433, 41
51, 2297673, 1312233, 985440, 9845593.172368288, 102, 22, 80, 335.39718278112656, 24
1, 2297739, 1312259, 985480, 9845892.499356566, 66, 26, 40, 299.32698827717985, 27
1, 2297780, 1312300, 985480, 9846158.74331001, 41, 41, 0, 266.24395344352433, 41
51, 2297864, 1312334, 985530, 9846478.383320414, 84, 34, 50, 319.64001040350905, 35
1, 2297935, 1312375, 985560, 9846784.961631233, 71, 41, 30, 306.57831081870995, 42
1, 2297985, 1312425, 985560, 9847065.87642608, 50, 50, 0, 280.9147948472494, 50
1, 2298064, 1312464, 985600, 9847380.90717621, 79, 39, 40, 315.03075013013313, 40
51, 2298146, 1312496, 985650, 9847698.328846052, 82, 32, 50, 317.42166984345636, 33
1, 2298177, 1312527, 985650, 9847945.489952229, 31, 31, 0, 247.1611061770567, 31
1, 2298212, 1312562, 985650, 9848200.71988014, 35, 35, 0, 255.22992790977875, 35
1, 2298290, 1312610, 985680, 9848515.60266676, 78, 48, 30, 314.8827866200841, 49
51, 2298413, 1312643, 985770, 9848869.427238021, 123, 33, 90, 353.8245712617827, 35
1, 2298456, 1312686, 985770, 9849139.102198225, 43, 43, 0, 269.6749602031015, 43
1, 2298492, 1312722, 985770, 9849396.251172503, 36, 36, 0, 257.1489742783178, 36
1, 2298549, 1312779, 985770, 9849687.420793008, 57, 57, 0, 291.1696205054472, 57
51, 2298688, 1312828, 985860, 9850054.78395531, 139, 49, 90, 367.36316230125203, 51
1, 2298748, 1312858, 985890, 9850347.199723681, 60, 30, 30, 292.41576837137404, 31
1, 2298788, 1312898, 985890, 9850611.686409619, 40, 40, 0, 264.4866859365871, 40
1, 2298851, 1312931, 985920, 9850908.117734345, 63, 33, 30, 296.43132472612575, 34
51, 2298988, 1312978, 986010, 9851273.83905655, 137, 47, 90, 365.72132220485213, 49
1, 2299021, 1313011, 986010, 9851525.117229242, 33, 33, 0, 251.27817269284301, 33
1, 2299052, 1313042, 986010, 9851772.278335419, 31, 31, 0, 247.1611061770567, 31
51, 2299176, 1313086, 986090, 9852127.977731967, 124, 44, 80, 355.6993965481514, 46
1, 2299215, 1313125, 986090, 9852390.677671911, 39, 39, 0, 262.6999399439383, 39
1, 2299301, 1313171, 986130, 9852713.50383656, 86, 46, 40, 322.82616464756694, 47
1, 2299335, 1313205, 986130, 9852966.777476836, 34, 34, 0, 253.2736402766418, 34
51, 2299431, 1313251, 986180, 9853299.094392851, 96, 46, 50, 332.31691601465747, 47
1, 2299496, 1313286, 986210, 9853598.135544294, 65, 35, 30, 299.04115144336777, 36
1, 2299544, 1313334, 986210, 9853875.950346885, 48, 48, 0, 277.8148025904985, 48
1, 2299650, 1313370, 986280, 9854216.218390495, 106, 36, 70, 340.2680436096278, 38
51, 2299745, 1313415, 986330, 9854547.51695463, 95, 45, 50, 331.2985641352145, 46
1, 2299821, 1313461, 986360, 9854860.076127004, 76, 46, 30, 312.5591723737189, 47
1, 2299904, 1313504, 986400, 9855179.611074934, 83, 43, 40, 319.5349479292333, 44
1, 2299941, 1313541, 986400, 9855438.64364639, 37, 37, 0, 259.03257145596604, 37
51, 2300058, 1313578, 986480, 9855788.130463189, 117, 37, 80, 349.4868167986058, 39
1, 2300103, 1313623, 986480, 9856061.1324696, 45, 45, 0, 273.00200641113514, 45
1, 2300181, 1313661, 986520, 9856375.01525622, 78, 38, 40, 313.8827866200841, 39
1, 2300220, 1313700, 986520, 9856637.715196164, 39, 39, 0, 262.6999399439383, 39
1, 2300285, 1313735, 986550, 9856936.756347608, 65, 35, 30, 299.04115144336777, 36
51, 2300374, 1313774, 986600, 9857261.804213172, 89, 39, 50, 325.0478655640733, 40
1, 2300418, 1313818, 986600, 9857533.155170862, 44, 44, 0, 271.35095769013947, 44
1, 2300454, 1313854, 986600, 9857790.30414514, 36, 36, 0, 257.1489742783178, 36
51, 2300620, 1313900, 986720, 9858175.748412775, 166, 46, 120, 385.4442676339201, 49
1, 2300660, 1313940, 986720, 9858440.235098712, 40, 40, 0, 264.4866859365871, 40
1, 2300708, 1313988, 986720, 9858718.049901303, 48, 48, 0, 277.8148025904985, 48
1, 2300788, 1314028, 986760, 9859034.219657548, 80, 40, 40, 316.1697562442441, 41
51, 2300871, 1314061, 986810, 9859352.754605478, 83, 33, 50, 318.5349479292333, 34
1, 2300949, 1314109, 986840, 9859667.637392098, 78, 48, 30, 314.8827866200841, 49
1, 2301024, 1314144, 986880, 9859978.020487737, 75, 35, 40, 310.38309563827124, 36
51, 2301114, 1314184, 986930, 9860304.12751656, 90, 40, 50, 326.1070288241023, 41
1, 2301155, 1314225, 986930, 9860570.371470004, 41, 41, 0, 266.24395344352433, 41
1, 2301262, 1314262, 987000, 9860911.593615275, 107, 37, 70, 341.2221452697031, 39
1, 2301294, 1314294, 987000, 9861160.835038275, 32, 32, 0, 249.24142300054422, 32
51, 2301403, 1314353, 987050, 9861505.849669775, 109, 59, 50, 345.01463149957397, 60
1, 2301477, 1314397, 987080, 9861816.046878543, 74, 44, 30, 310.1972087668518, 45
1, 2301514, 1314434, 987080, 9862075.079449998, 37, 37, 0, 259.03257145596604, 37
1, 2301599, 1314479, 987120, 9862396.81647767, 85, 45, 40, 321.73702767108114, 46
51, 2301688, 1314518, 987170, 9862721.864343233, 89, 39, 50, 325.0478655640733, 40
1, 2301723, 1314553, 987170, 9862977.094271144, 35, 35, 0, 255.22992790977875, 35
1, 2301809, 1314599, 987210, 9863299.920435792, 86, 46, 40, 322.82616464756694, 47
51, 2301923, 1314633, 987290, 9863646.678423483, 114, 34, 80, 346.75798769167545, 36
1, 2301958, 1314668, 987290, 9863901.908351393, 35, 35, 0, 255.22992790977875, 35
1, 2302040, 1314710, 987330, 9864220.330021236, 82, 42, 40, 318.42166984345636, 43
51, 2302133, 1314753, 987380, 9864549.572301144, 93, 43, 50, 329.24227990714814, 44
1, 2302175, 1314795, 987380, 9864817.545290645, 42, 42, 0, 267.97298950218305, 42
1, 2302242, 1314832, 987410, 9865119.145845903, 67, 37, 30, 301.6005552576305, 38
1, 2302329, 1314879, 987450, 9865443.0534269, 87, 47, 40, 323.9075809977351, 48
51, 2302423, 1314923, 987500, 9865773.32715275, 94, 44, 50, 330.273725847777, 45
1, 2302459, 1314959, 987500, 9866030.476127028, 36, 36, 0, 257.1489742783178, 36
1, 2302540, 1315000, 987540, 9866347.77612703, 81, 41, 40, 317.3, 42
51, 2302627, 1315037, 987590, 9866670.683708027, 87, 37, 50, 322.9075809977351, 38
1, 2302693, 1315073, 987620, 9866971.010696305, 66, 36, 30, 300.32698827717985, 37
1, 2302738, 1315118, 987620, 9867244.012702717, 45, 45, 0, 273.00200641113514, 45
1, 2302788, 1315168, 987620, 9867524.927497564, 50, 50, 0, 280.9147948472494, 50
1, 2302838, 1315218, 987620, 9867805.842292411, 50, 50, 0, 280.9147948472494, 50
51, 2303001, 1315261, 987740, 9868189.05371589, 163, 43, 120, 383.21142347822723, 46
1, 2303043, 1315303, 987740, 9868457.026705392, 42, 42, 0, 267.97298950218305, 42
1, 2303082, 1315342, 987740, 9868719.726645336, 39, 39, 0, 262.6999399439383, 39
1, 2303165, 1315395, 987770, 9869040.261593265, 83, 53, 30, 320.5349479292333, 54
51, 2303291, 1315431, 987860, 9869396.698489148, 126, 36, 90, 356.43689588345075, 38
1, 2303325, 1315465, 987860, 9869649.972129425, 34, 34, 0, 253.2736402766418, 34
1, 2303394, 1315504, 987890, 9869954.084271135, 69, 39, 30, 304.1121417102006, 40
1, 2303432, 1315542, 987890, 9870214.966650754, 38, 38, 0, 260.88237961983884, 38
1, 2303518, 1315588, 987930, 9870537.792815402, 86, 46, 40, 322.82616464756694, 47
51, 2303610, 1315630, 987980, 9870865.99691687, 92, 42, 50, 328.20410146824725, 43
1, 2303647, 1315667, 987980, 9871125.029488325, 37, 37, 0, 259.03257145596604, 37
1, 2303763, 1315713, 988050, 9871474.611291816, 116, 46, 70, 349.5818034911291, 48
1, 2303806, 1315756, 988050, 9871744.28625202, 43, 43, 0, 269.6749602031015, 43
51, 2303932, 1315792, 988140, 9872100.723147903, 126, 36, 90, 356.43689588345075, 38
1, 2303978, 1315838, 988140, 9872375.352216616, 46, 46, 0, 274.6290687140218, 46
1, 2304041, 1315871, 988170, 9872671.783541342, 63, 33, 30, 296.43132472612575, 34
1, 2304080, 1315910, 988170, 9872934.483481286, 39, 39, 0, 262.6999399439383, 39
1, 2304113, 1315943, 988170, 9873185.761653978, 33, 33, 0, 251.27817269284301, 33
51, 2304234, 1315974, 988260, 9873537.824133014, 121, 31, 90, 352.06247903554, 33
1, 2304302, 1316012, 988290, 9873840.686304117, 68, 38, 30, 302.86217110259, 39
1, 2304342, 1316052, 988290, 9874105.172990054, 40, 40, 0, 264.4866859365871, 40
1, 2304378, 1316088, 988290, 9874362.321964333, 36, 36, 0, 257.1489742783178, 36
51, 2304505, 1316125, 988380, 9874719.621646632, 127, 37, 90, 357.2996822992933, 39
1, 2304552, 1316172, 988380, 9874995.854696501, 47, 47, 0, 276.2330498695885, 47
1, 2304595, 1316215, 988380, 9875265.529656705, 43, 43, 0, 269.6749602031015, 43
1, 2304669, 1316259, 988410, 9875575.726865472, 74, 44, 30, 310.1972087668518, 45
51, 2304763, 1316303, 988460, 9875906.00059132, 94, 44, 50, 330.273725847777, 45
1, 2304788, 1316328, 988460, 9876139.60738907, 25, 25, 0, 233.60679774997897, 25
1, 2304865, 1316365, 988500, 9876452.333052836, 77, 37, 40, 312.72566376652986, 38
1, 2304924, 1316394, 988530, 9876743.381853083, 59, 29, 30, 291.0488002476036, 30
51, 2305059, 1316439, 988620, 9877107.447663024, 135, 45, 90, 364.06580994024984, 47
1, 2305100, 1316480, 988620, 9877373.691616468, 41, 41, 0, 266.24395344352433, 41
1, 2305147, 1316527, 988620, 9877649.924666338, 47, 47, 0, 276.2330498695885, 47
1, 2305187, 1316567, 988620, 9877914.411352275, 40, 40, 0, 264.4866859365871, 40
51, 2305276, 1316606, 988670, 9878239.459217839, 89, 39, 50, 325.0478655640733, 40
1, 2305335, 1316635, 988700, 9878530.508018086, 59, 29, 30, 291.0488002476036, 30
1, 2305414, 1316674, 988740, 9878845.538768215, 79, 39, 40, 315.03075013013313, 40
1, 2305464, 1316724, 988740, 9879126.453563062, 50, 50, 0, 280.9147948472494, 50
51, 2305564, 1316774, 988790, 9879462.781329079, 100, 50, 50, 336.327766016838, 51
1, 2305609, 1316819, 988790, 9879735.78333549, 45, 45, 0, 273.00200641113514, 45
1, 2305681, 1316861, 988820, 9880043.578398515, 72, 42, 30, 307.79506302439404, 43
1, 2305760, 1316900, 988860, 9880358.609148644, 79, 39, 40, 315.03075013013313, 40
51, 2305852, 1316942, 988910, 9880686.813250111, 92, 42, 50, 328.20410146824725, 43
1, 2305922, 1316982, 988940, 9880992.164010962, 70, 40, 30, 305.3507608519078, 41
1, 2305968, 1317028, 988940, 9881266.793079676, 46, 46, 0, 274.6290687140218, 46
1, 2306007, 1317067, 988940, 9881529.49301962, 39, 39, 0, 262.6999399439383, 39
51, 2306131, 1317101, 989030, 9881884.192416169, 124, 34, 90, 354.6993965481514, 36
1, 2306173, 1317143, 989030, 9882152.16540567, 42, 42, 0, 267.97298950218305, 42
1, 2306216, 1317186, 989030, 9882421.840365874, 43, 43, 0, 269.6749602031015, 43
51, 2306330, 1317220, 989110, 9882768.598353565, 114, 34, 80, 346.75798769167545, 36
1, 2306405, 1317255, 989150, 9883078.981449204, 75, 35, 40, 310.38309563827124, 36
1, 2306439, 1317289, 989150, 9883332.25508948, 34, 34, 0, 253.2736402766418, 34
51, 2306527, 1317327, 989200, 9883656.236520842, 88, 38, 50, 323.98143136087856, 39
1, 2306607, 1317377, 989230, 9883973.406277087, 80, 50, 30, 317.1697562442441, 51
1, 2306641, 1317411, 989230, 9884226.679917363, 34, 34, 0, 253.2736402766418, 34
51, 2306732, 1317452, 989280, 9884553.838979302, 91, 41, 50, 327.1590619387661, 42
1, 2306813, 1317493, 989320, 9884871.138979303, 81, 41, 40, 317.3, 42
1, 2306879, 1317529, 989350, 9885171.46596758, 66, 36, 30, 300.32698827717985, 37
1, 2306914, 1317564, 989350, 9885426.695895491, 35, 35, 0, 255.22992790977875, 35
51, 2307006, 1317606, 989400, 9885754.899996959, 92, 42, 50, 328.20410146824725, 43
1, 2307044, 1317644, 989400, 9886015.782376578, 38, 38, 0, 260.88237961983884, 38
1, 2307129, 1317689, 989440, 9886337.51940425, 85, 45, 40, 321.73702767108114, 46
1, 2307195, 1317725, 989470, 9886637.846392527, 66, 36, 30, 300.32698827717985, 37
51, 2307283, 1317763, 989520, 9886961.827823889, 88, 38, 50, 323.98143136087856, 39
1, 2307331, 1317811, 989520, 9887239.64262648, 48, 48, 0, 277.8148025904985, 48
1, 2307372, 1317852, 989520, 9887505.886579923, 41, 41, 0, 266.24395344352433, 41
1, 2307447, 1317897, 989550, 9887817.269675562, 75, 45, 30, 311.38309563827124, 46
51, 2307578, 1317938, 989640, 9888177.982003778, 131, 41, 90, 360.7123282155055, 43
1, 2307627, 1317987, 989640, 9888457.357134884, 49, 49, 0, 279.3751311064591, 49
1, 2307699, 1318029, 989670, 9888765.152197909, 72, 42, 30, 307.79506302439404, 43
51, 2307794, 1318074, 989720, 9889096.450762045, 95, 45, 50, 331.2985641352145, 46
1, 2307825, 1318105, 989720, 9889343.611868221, 31, 31, 0, 247.1611061770567, 31
1, 2307896, 1318136, 989760, 9889649.19017904, 71, 31, 40, 305.57831081870995, 32
51, 2307983, 1318173, 989810, 9889972.097760038, 87, 37, 50, 322.9075809977351, 38
1, 2308021, 1318211, 989810, 9890232.980139658, 38, 38, 0, 260.88237961983884, 38
1, 2308087, 1318247, 989840, 9890533.307127936, 66, 36, 30, 300.32698827717985, 37
1, 2308126, 1318286, 989840, 9890796.00706788, 39, 39, 0, 262.6999399439383, 39
1, 2308236, 1318326, 989910, 9891140.060251927, 110, 40, 70, 344.0531840464366, 42
51, 2308330, 1318370, 989960, 9891470.333977776, 94, 44, 50, 330.273725847777, 45
1, 2308375, 1318415, 989960, 9891743.335984187, 45, 45, 0, 273.00200641113514, 45
1, 2308441, 1318451, 989990, 9892043.662972465, 66, 36, 30, 300.32698827717985, 37
1, 2308520, 1318490, 990030, 9892358.693722595, 79, 39, 40, 315.03075013013313, 40
1, 2308601, 1318541, 990060, 9892676.993722595, 81, 51, 30, 318.3, 52
51, 2308695, 1318585, 990110, 9893007.267448444, 94, 44, 50, 330.273725847777, 45
1, 2308775, 1318625, 990150, 9893323.437204689, 80, 40, 40, 316.1697562442441, 41
1, 2308823, 1318673, 990150, 9893601.25200728, 48, 48, 0, 277.8148025904985, 48
1, 2308860, 1318710, 990150, 9893860.284578735, 37, 37, 0, 259.03257145596604, 37
51, 2308984, 1318754, 990230, 9894215.983975284, 124, 44, 80, 355.6993965481514, 46
1, 2309034, 1318804, 990230, 9894496.898770131, 50, 50, 0, 280.9147948472494, 50
1, 2309081, 1318851, 990230, 9894773.13182, 47, 47, 0, 276.2330498695885, 47
1, 2309171, 1318901, 990270, 9895100.238848824, 90, 50, 40, 327.1070288241023, 51
51, 2309300, 1318950, 990350, 9895460.252449315, 129, 49, 80, 360.01360049114555, 51
1, 2309339, 1318989, 990350, 9895722.952389259, 39, 39, 0, 262.6999399439383, 39
1, 2309418, 1319038, 990380, 9896038.983139388, 79, 49, 30, 316.03075013013313, 50
1, 2309494, 1319074, 990420, 9896350.542311762, 76, 36, 40, 311.5591723737189, 37
1, 2309536, 1319116, 990420, 9896618.515301263, 42, 42, 0, 267.97298950218305, 42
51, 2309620, 1319150, 990470, 9896938.155311666, 84, 34, 50, 319.64001040350905, 35
1, 2309680, 1319180, 990500, 9897230.571080038, 60, 30, 30, 292.41576837137404, 31
1, 2309712, 1319212, 990500, 9897479.812503038, 32, 32, 0, 249.24142300054422, 32
1, 2309793, 1319253, 990540, 9897797.112503039, 81, 41, 40, 317.3, 42
51, 2309908, 1319288, 990620, 9898144.7847201, 115, 35, 80, 347.6722170622053, 37
1, 2309948, 1319328, 990620, 9898409.271406038, 40, 40, 0, 264.4866859365871, 40
1, 2309984, 1319364, 990620, 9898666.420380317, 36, 36, 0, 257.1489742783178, 36
1, 2310018, 1319398, 990620, 9898919.694020594, 34, 34, 0, 253.2736402766418, 34
51, 2310141, 1319431, 990710, 9899273.518591855, 123, 33, 90, 353.8245712617827, 35
1, 2310215, 1319475, 990740, 9899583.715800622, 74, 44, 30, 310.1972087668518, 45
1, 2310254, 1319514, 990740, 9899846.415740566, 39, 39, 0, 262.6999399439383, 39
51, 2310341, 1319551, 990790, 9900169.323321564, 87, 37, 50, 322.9075809977351, 38
1, 2310414, 1319584, 990830, 9900477.324600134, 73, 33, 40, 308.00127856917646, 34
1, 2310459, 1319629, 990830, 9900750.326606546, 45, 45, 0, 273.00200641113514, 45
1, 2310497, 1319667, 990830, 9901011.208986165, 38, 38, 0, 260.88237961983884, 38
51, 2310615, 1319705, 990910, 9901361.596311335, 118, 38, 80, 350.3873251689181, 40
1, 2310692, 1319742, 990950, 9901674.3219751, 77, 37, 40, 312.72566376652986, 38
1, 2310723, 1319773, 990950, 9901921.483081277, 31, 31, 0, 247.1611061770567, 31
1, 2310772, 1319822, 990950, 9902200.858212383, 49, 49, 0, 279.3751311064591, 49
51, 2310865, 1319865, 991000, 9902530.100492291, 93, 43, 50, 329.24227990714814, 44
1, 2310967, 1319897, 991070, 9902866.497675072, 102, 32, 70, 336.39718278112656, 34
1, 2311004, 1319934, 991070, 9903125.530246528, 37, 37, 0, 259.03257145596604, 37
1, 2311080, 1319970, 991110, 9903437.089418901, 76, 36, 40, 311.5591723737189, 37
1, 2311111, 1320001, 991110, 9903684.250525078, 31, 31, 0, 247.1611061770567, 31
51, 2311197, 1320037, 991160, 9904006.076689726, 86, 36, 50, 321.82616464756694, 37
1, 2311274, 1320074, 991200, 9904318.802353492, 77, 37, 40, 312.72566376652986, 38
1, 2311337, 1320107, 991230, 9904615.233678218, 63, 33, 30, 296.43132472612575, 34
1, 2311372, 1320142, 991230, 9904870.463606128, 35, 35, 0, 255.22992790977875, 35
1, 2311424, 1320194, 991230, 9905154.398567557, 52, 52, 0, 283.93496142826496, 52
51, 2311551, 1320241, 991310, 9905512.698249856, 127, 47, 80, 358.2996822992933, 49
1, 2311590, 1320280, 991310, 9905775.3981898, 39, 39, 0, 262.6999399439383, 39
1, 2311697, 1320317, 991380, 9906116.62033507, 107, 37, 70, 341.2221452697031, 39
1, 2311732, 1320352, 991380, 9906371.85026298, 35, 35, 0, 255.22992790977875, 35
51, 2311828, 1320398, 991430, 9906704.167178996, 96, 46, 50, 332.31691601465747, 47
1, 2311933, 1320433, 991500, 9907043.47576629, 105, 35, 70, 339.30858729436795, 37
1, 2311975, 1320475, 991500, 9907311.448755791, 42, 42, 0, 267.97298950218305, 42
1, 2311999, 1320499, 991500, 9907542.585139731, 24, 24, 0, 231.13638394006432, 24
51, 2312089, 1320539, 991550, 9907868.692168554, 90, 40, 50, 326.1070288241023, 41
1, 2312165, 1320575, 991590, 9908180.251340928, 76, 36, 40, 311.5591723737189, 37
1, 2312205, 1320615, 991590, 9908444.738026865, 40, 40, 0, 264.4866859365871, 40
1, 2312276, 1320656, 991620, 9908751.316337684, 71, 41, 30, 306.57831081870995, 42
51, 2312367, 1320697, 991670, 9909078.475399623, 91, 41, 50, 327.1590619387661, 42
1, 2312440, 1320740, 991700, 9909387.476678193, 73, 43, 30, 309.00127856917646, 44
1, 2312515, 1320775, 991740, 9909697.859773831, 75, 35, 40, 310.38309563827124, 36
1, 2312564, 1320824, 991740, 9909977.234904937, 49, 49, 0, 279.3751311064591, 49
51, 2312720, 1320860, 991860, 9910355.146789242, 156, 36, 120, 377.9118843049396, 39
1, 2312765, 1320905, 991860, 9910628.148795653, 45, 45, 0, 273.00200641113514, 45
1, 2312809, 1320949, 991860, 9910899.499753343, 44, 44, 0, 271.35095769013947, 44
1, 2312851, 1320991, 991860, 9911167.472742844, 42, 42, 0, 267.97298950218305, 42
51, 2312998, 1321018, 991980, 9911538.373197367, 147, 27, 120, 370.90045452270937, 30
1, 2313032, 1321052, 991980, 9911791.646837644, 34, 34, 0, 253.2736402766418, 34
1, 2313077, 1321097, 991980, 9912064.648844056, 45, 45, 0, 273.00200641113514, 45
1, 2313147, 1321137, 992010, 9912369.999604907, 70, 40, 30, 305.3507608519078, 41
51, 2313276, 1321176, 992100, 9912729.013205398, 129, 39, 90, 359.01360049114555, 41
1, 2313345, 1321215, 992130, 9913033.125347108, 69, 39, 30, 304.1121417102006, 40
1, 2313383, 1321253, 992130, 9913294.007726727, 38, 38, 0, 260.88237961983884, 38
1, 2313420, 1321290, 992130, 9913553.040298183, 37, 37, 0, 259.03257145596604, 37
51, 2313543, 1321333, 992210, 9913907.864869444, 123, 43, 80, 354.8245712617827, 45
1, 2313630, 1321380, 992250, 9914231.772450441, 87, 47, 40, 323.9075809977351, 48
1, 2313667, 1321417, 992250, 9914490.805021897, 37, 37, 0, 259.03257145596604, 37
1, 2313750, 1321470, 992280, 9914811.339969827, 83, 53, 30, 320.5349479292333, 54
51, 2313847, 1321517, 992330, 9915144.668869099, 97, 47, 50, 333.3288992714996, 48
1, 2313882, 1321552, 992330, 9915399.89879701, 35, 35, 0, 255.22992790977875, 35
1, 2313996, 1321596, 992400, 9915747.6567847, 114, 44, 70, 347.75798769167545, 46
1, 2314034, 1321634, 992400, 9916008.53916432, 38, 38, 0, 260.88237961983884, 38
51, 2314129, 1321679, 992450, 9916339.837728456, 95, 45, 50, 331.2985641352145, 46
1, 2314197, 1321717, 992480, 9916642.699899558, 68, 38, 30, 302.86217110259, 39
1, 2314238, 1321758, 992480, 9916908.943853002, 41, 41, 0, 266.24395344352433, 41
1, 2314306, 1321786, 992520, 9917210.806024104, 68, 28, 40, 301.86217110259, 29
1, 2314348, 1321828, 992520, 9917478.779013606, 42, 42, 0, 267.97298950218305, 42
51, 2314438, 1321868, 992570, 9917804.88604243, 90, 40, 50, 326.1070288241023, 41
1, 2314485, 1321915, 992570, 9918081.119092299, 47, 47, 0, 276.2330498695885, 47
1, 2314560, 1321960, 992600, 9918392.502187937, 75, 45, 30, 311.38309563827124, 46
1, 2314602, 1322002, 992600, 9918660.475177439, 42, 42, 0, 267.97298950218305, 42
51, 2314728, 1322038, 992690, 9919016.912073322, 126, 36, 90, 356.43689588345075, 38
1, 2314769, 1322079, 992690, 9919283.156026766, 41, 41, 0, 266.24395344352433, 41
1, 2314814, 1322124, 992690, 9919556.158033177, 45, 45, 0, 273.00200641113514, 45
51, 2314975, 1322165, 992810, 9919937.868329778, 161, 41, 120, 381.7102966008917, 44
1, 2315022, 1322212, 992810, 9920214.101379648, 47, 47, 0, 276.2330498695885, 47
1, 2315062, 1322252, 992810, 9920478.588065585, 40, 40, 0, 264.4866859365871, 40
1, 2315106, 1322296, 992810, 9920749.939023275, 44, 44, 0, 271.35095769013947, 44
51, 2315224, 1322334, 992890, 9921100.326348444, 118, 38, 80, 350.3873251689181, 40
1, 2315295, 1322365, 992930, 9921405.904659264, 71, 31, 40, 305.57831081870995, 32
1, 2315333, 1322403, 992930, 9921666.787038883, 38, 38, 0, 260.88237961983884, 38
51, 2315488, 1322438, 993050, 9922043.93119142, 155, 35, 120, 377.14415253747273, 38
1, 2315523, 1322473, 993050, 9922299.16111933, 35, 35, 0, 255.22992790977875, 35
1, 2315563, 1322513, 993050, 9922563.647805268, 40, 40, 0, 264.4866859365871, 40
51, 2315683, 1322553, 993130, 9922915.822897233, 120, 40, 80, 352.1750919646873, 42
1, 2315773, 1322603, 993170, 9923242.929926056, 90, 50, 40, 327.1070288241023, 51
1, 2315809, 1322639, 993170, 9923500.078900335, 36, 36, 0, 257.1489742783178, 36
51, 2315899, 1322679, 993220, 9923826.185929159, 90, 40, 50, 326.1070288241023, 41
1, 2315982, 1322722, 993260, 9924145.720877089, 83, 43, 40, 319.5349479292333, 44
1, 2316024, 1322764, 993260, 9924413.69386659, 42, 42, 0, 267.97298950218305, 42
1, 2316092, 1322802, 993290, 9924716.556037692, 68, 38, 30, 302.86217110259, 39
51, 2316177, 1322837, 993340, 9925037.293065364, 85, 35, 50, 320.73702767108114, 36
1, 2316218, 1322878, 993340, 9925303.537018808, 41, 41, 0, 266.24395344352433, 41
1, 2316297, 1322927, 993370, 9925619.567768937, 79, 49, 30, 316.03075013013313, 50
51, 2316415, 1322955, 993460, 9925968.955094106, 118, 28, 90, 349.3873251689181, 30
1, 2316464, 1323004, 993460, 9926248.330225212, 49, 49, 0, 279.3751311064591, 49
1, 2316507, 1323047, 993460, 9926518.005185416, 43, 43, 0, 269.6749602031015, 43
1, 2316594, 1323094, 993500, 9926841.912766414, 87, 47, 40, 323.9075809977351, 48
51, 2316681, 1323131, 993550, 9927164.820347412, 87, 37, 50, 322.9075809977351, 38
1, 2316746, 1323166, 993580, 9927463.861498855, 65, 35, 30, 299.04115144336777, 36
1, 2316790, 1323210, 993580, 9927735.212456545, 44, 44, 0, 271.35095769013947, 44
51, 2316891, 1323261, 993630, 9928072.527844517, 101, 51, 50, 337.31538797227006, 52
1, 2316971, 1323301, 993670, 9928388.697600761, 80, 40, 40, 316.1697562442441, 41
1, 2317038, 1323338, 993700, 9928690.29815602, 67, 37, 30, 301.6005552576305, 38
1, 2317070, 1323370, 993700, 9928939.539579019, 32, 32, 0, 249.24142300054422, 32
51, 2317158, 1323408, 993750, 9929263.52101038, 88, 38, 50, 323.98143136087856, 39
1, 2317236, 1323446, 993790, 9929577.403797, 78, 38, 40, 313.8827866200841, 39
1, 2317266, 1323476, 993790, 9929822.438528933, 30, 30, 0, 245.0347319320716, 30
1, 2317343, 1323513, 993830, 9930135.164192699, 77, 37, 40, 312.72566376652986, 38
1, 2317427, 1323567, 993860, 9930456.804203102, 84, 54, 30, 321.64001040350905, 55
51, 2317522, 1323612, 993910, 9930788.102767238, 95, 45, 50, 331.2985641352145, 46
1, 2317569, 1323659, 993910, 9931064.335817108, 47, 47, 0, 276.2330498695885, 47
1, 2317632, 1323692, 993940, 9931360.767141834, 63, 33, 30, 296.43132472612575, 34
1, 2317711, 1323731, 993980, 9931675.797891963, 79, 39, 40, 315.03075013013313, 40
1, 2317749, 1323769, 993980, 9931936.680271583, 38, 38, 0, 260.88237961983884, 38
51, 2317850, 1323820, 994030, 9932273.995659554, 101, 51, 50, 337.31538797227006, 52
1, 2317927, 1323857, 994070, 9932586.72132332, 77, 37, 40, 312.72566376652986, 38
1, 2317972, 1323902, 994070, 9932859.723329732, 45, 45, 0, 273.00200641113514, 45
1, 2318046, 1323946, 994100, 9933169.9205385, 74, 44, 30, 310.1972087668518, 45
51, 2318138, 1323988, 994150, 9933498.124639967, 92, 42, 50, 328.20410146824725, 43
1, 2318212, 1324032, 994180, 9933808.321848735, 74, 44, 30, 310.1972087668518, 45
1, 2318254, 1324074, 994180, 9934076.294838237, 42, 42, 0, 267.97298950218305, 42
1, 2318334, 1324114, 994220, 9934392.464594482, 80, 40, 40, 316.1697562442441, 41
1, 2318401, 1324151, 994250, 9934694.06514974, 67, 37, 30, 301.6005552576305, 38
51, 2318489, 1324189, 994300, 9935018.0465811, 88, 38, 50, 323.98143136087856, 39
1, 2318570, 1324230, 994340, 9935335.346581101, 81, 41, 40, 317.3, 42
1, 2318608, 1324268, 994340, 9935596.22896072, 38, 38, 0, 260.88237961983884, 38
51, 2318700, 1324310, 994390, 9935924.433062188, 92, 42, 50, 328.20410146824725, 43
1, 2318749, 1324359, 994390, 9936203.808193294, 49, 49, 0, 279.3751311064591, 49
1, 2318860, 1324400, 994460, 9936548.794911334, 111, 41, 70, 344.9867180408456, 43
1, 2318902, 1324442, 994460, 9936816.767900836, 42, 42, 0, 267.97298950218305, 42
1, 2318950, 1324490, 994460, 9937094.582703426, 48, 48, 0, 277.8148025904985, 48
51, 2319113, 1324533, 994580, 9937477.794126906, 163, 43, 120, 383.21142347822723, 46
1, 2319152, 1324572, 994580, 9937740.49406685, 39, 39, 0, 262.6999399439383, 39
1, 2319190, 1324610, 994580, 9938001.376446469, 38, 38, 0, 260.88237961983884, 38
1, 2319233, 1324653, 994580, 9938271.051406672, 43, 43, 0, 269.6749602031015, 43
1, 2319304, 1324694, 994610, 9938577.629717492, 71, 41, 30, 306.57831081870995, 42
51, 2319432, 1324732, 994700, 9938935.788283594, 128, 38, 90, 358.1585661014858, 40
1, 2319473, 1324773, 994700, 9939202.032237038, 41, 41, 0, 266.24395344352433, 41
1, 2319511, 1324811, 994700, 9939462.914616657, 38, 38, 0, 260.88237961983884, 38
51, 2319629, 1324849, 994780, 9939813.301941827, 118, 38, 80, 350.3873251689181, 40
1, 2319666, 1324886, 994780, 9940072.334513282, 37, 37, 0, 259.03257145596604, 37
1, 2319713, 1324933, 994780, 9940348.567563152, 47, 47, 0, 276.2330498695885, 47
1, 2319802, 1324982, 994820, 9940674.615428716, 89, 49, 40, 326.0478655640733, 50
51, 2319887, 1325017, 994870, 9940995.352456387, 85, 35, 50, 320.73702767108114, 36
1, 2319993, 1325053, 994940, 9941335.620499996, 106, 36, 70, 340.2680436096278, 38
1, 2320029, 1325089, 994940, 9941592.769474275, 36, 36, 0, 257.1489742783178, 36
1, 2320103, 1325133, 994970, 9941902.966683043, 74, 44, 30, 310.1972087668518, 45
1, 2320143, 1325173, 994970, 9942167.45336898, 40, 40, 0, 264.4866859365871, 40
51, 2320229, 1325209, 995020, 9942489.279533628, 86, 36, 50, 321.82616464756694, 37
1, 2320274, 1325254, 995020, 9942762.28154004, 45, 45, 0, 273.00200641113514, 45
1, 2320357, 1325297, 995060, 9943081.81648797, 83, 43, 40, 319.5349479292333, 44
1, 2320404, 1325344, 995060, 9943358.04953784, 47, 47, 0, 276.2330498695885, 47
51, 2320535, 1325395, 995140, 9943719.761866055, 131, 51, 80, 361.7123282155055, 53
1, 2320606, 1325426, 995180, 9944025.340176875, 71, 31, 40, 305.57831081870995, 32
1, 2320685, 1325475, 995210, 9944341.370927004, 79, 49, 30, 316.03075013013313, 50
1, 2320726, 1325516, 995210, 9944607.614880448, 41, 41, 0, 266.24395344352433, 41
1, 2320787, 1325547, 995240, 9944901.383119715, 61, 31, 30, 293.7682392671241, 32
51, 2320918, 1325588, 995330, 9945262.095447931, 131, 41, 90, 360.7123282155055, 43
1, 2320946, 1325616, 995330, 9945502.72811131, 28, 28, 0, 240.63266337912057, 28
1, 2320987, 1325657, 995330, 9945768.972064754, 41, 41, 0, 266.24395344352433, 41
1, 2321058, 1325698, 995360, 9946075.550375573, 71, 41, 30, 306.57831081870995, 42
51, 2321187, 1325737, 995450, 9946434.563976064, 129, 39, 90, 359.01360049114555, 41
1, 2321221, 1325771, 995450, 9946687.837616341, 34, 34, 0, 253.2736402766418, 34
1, 2321286, 1325806, 995480, 9946986.878767785, 65, 35, 30, 299.04115144336777, 36
51, 2321420, 1325850, 995570, 9947350.111583704, 134, 44, 90, 363.23281591860336, 46
1, 2321458, 1325888, 995570, 9947610.993963324, 38, 38, 0, 260.88237961983884, 38
1, 2321544, 1325934, 995610, 9947933.820127971, 86, 46, 40, 322.82616464756694, 47
1, 2321611, 1325971, 995640, 9948235.42068323, 67, 37, 30, 301.6005552576305, 38
51, 2321709, 1326019, 995690, 9948569.755311593, 98, 48, 50, 334.33462836457886, 49
1, 2321747, 1326057, 995690, 9948830.637691213, 38, 38, 0, 260.88237961983884, 38
1, 2321841, 1326111, 995730, 9949161.911417061, 94, 54, 40, 331.273725847777, 55
1, 2321914, 1326154, 995760, 9949470.912695631, 73, 43, 30, 309.00127856917646, 44
51, 2322004, 1326194, 995810, 9949797.019724455, 90, 40, 50, 326.1070288241023, 41
1, 2322050, 1326240, 995810, 9950071.648793168, 46, 46, 0, 274.6290687140218, 46
1, 2322132, 1326282, 995850, 9950390.070463011, 82, 42, 40, 318.42166984345636, 43
1, 2322206, 1326326, 995880, 9950700.267671779, 74, 44, 30, 310.1972087668518, 45
51, 2322291, 1326361, 995930, 9951021.00469945, 85, 35, 50, 320.73702767108114, 36
1, 2322336, 1326406, 995930, 9951294.006705862, 45, 45, 0, 273.00200641113514, 45
1, 2322418, 1326448, 995970, 9951612.428375704, 82, 42, 40, 318.42166984345636, 43
51, 2322505, 1326485, 996020, 9951935.335956702, 87, 37, 50, 322.9075809977351, 38
1, 2322550, 1326530, 996020, 9952208.337963114, 45, 45, 0, 273.00200641113514, 45
1, 2322615, 1326565, 996050, 9952507.379114557, 65, 35, 30, 299.04115144336777, 36
1, 2322646, 1326596, 996050, 9952754.540220734, 31, 31, 0, 247.1611061770567, 31
51, 2322771, 1326631, 996140, 9953110.110373221, 125, 35, 90, 355.57015248821097, 37
1, 2322826, 1326686, 996140, 9953398.437354755, 55, 55, 0, 288.32698153315005, 55
1, 2322865, 1326725, 996140, 9953661.137294699, 39, 39, 0, 262.6999399439383, 39
1, 2322941, 1326761, 996180, 9953972.696467072, 76, 36, 40, 311.5591723737189, 37
51, 2323061, 1326801, 996260, 9954324.871559037, 120, 40, 80, 352.1750919646873, 42
1, 2323102, 1326842, 996260, 9954591.115512481, 41, 41, 0, 266.24395344352433, 41
1, 2323146, 1326886, 996260, 9954862.46647017, 44, 44, 0, 271.35095769013947, 44
1, 2323184, 1326924, 996260, 9955123.34884979, 38, 38, 0, 260.88237961983884, 38
51, 2323347, 1326967, 996380, 9955506.56027327, 163, 43, 120, 383.21142347822723, 46
1, 2323392, 1327012, 996380, 9955779.56227968, 45, 45, 0, 273.00200641113514, 45
1, 2323439, 1327059, 996380, 9956055.79532955, 47, 47, 0, 276.2330498695885, 47
1, 2323477, 1327097, 996380, 9956316.67770917, 38, 38, 0, 260.88237961983884, 38
51, 2323601, 1327141, 996460, 9956672.377105718, 124, 44, 80, 355.6993965481514, 46
1, 2323633, 1327173, 996460, 9956921.618528718, 32, 32, 0, 249.24142300054422, 32
1, 2323744, 1327214, 996530, 9957266.605246758, 111, 41, 70, 344.9867180408456, 43
1, 2323783, 1327253, 996530, 9957529.305186702, 39, 39, 0, 262.6999399439383, 39
1, 2323857, 1327287, 996570, 9957838.50239547, 74, 34, 40, 309.1972087668518, 35
51, 2323944, 1327324, 996620, 9958161.409976467, 87, 37, 50, 322.9075809977351, 38
1, 2324008, 1327358, 996650, 9958459.152688943, 64, 34, 30, 297.742712474619, 35
1, 2324092, 1327402, 996690, 9958779.792699346, 84, 44, 40, 320.64001040350905, 45
1, 2324131, 1327441, 996690, 9959042.49263929, 39, 39, 0, 262.6999399439383, 39
1, 2324171, 1327481, 996690, 9959306.979325227, 40, 40, 0, 264.4866859365871, 40
51, 2324304, 1327524, 996780, 9959669.37559427, 133, 43, 90, 362.3962690412072, 45
1, 2324349, 1327569, 996780, 9959942.377600681, 45, 45, 0, 273.00200641113514, 45
1, 2324417, 1327607, 996810, 9960245.239771783, 68, 38, 30, 302.86217110259, 39
1, 2324449, 1327639, 996810, 9960494.481194783, 32, 32, 0, 249.24142300054422, 32
51, 2324531, 1327671, 996860, 9960811.902864626, 82, 32, 50, 317.42166984345636, 33
1, 2324612, 1327712, 996900, 9961129.202864626, 81, 41, 40, 317.3, 42
1, 2324694, 1327764, 996930, 9961448.62453447, 82, 52, 30, 319.42166984345636, 53
1, 2324732, 1327802, 996930, 9961709.506914089, 38, 38, 0, 260.88237961983884, 38
1, 2324799, 1327829, 996970, 9962010.107469346, 67, 27, 40, 300.6005552576305, 28
51, 2324891, 1327871, 997020, 9962338.311570814, 92, 42, 50, 328.20410146824725, 43
1, 2324928, 1327908, 997020, 9962597.34414227, 37, 37, 0, 259.03257145596604, 37
1, 2325038, 1327948, 997090, 9962941.397326317, 110, 40, 70, 344.0531840464366, 42
51, 2325133, 1327993, 997140, 9963272.695890453, 95, 45, 50, 331.2985641352145, 46
1, 2325166, 1328026, 997140, 9963523.974063145, 33, 33, 0, 251.27817269284301, 33
1, 2325276, 1328066, 997210, 9963868.027247192, 110, 40, 70, 344.0531840464366, 42
51, 2325363, 1328103, 997260, 9964190.93482819, 87, 37, 50, 322.9075809977351, 38
1, 2325406, 1328146, 997260, 9964460.609788394, 43, 43, 0, 269.6749602031015, 43
1, 2325451, 1328191, 997260, 9964733.611794805, 45, 45, 0, 273.00200641113514, 45
1, 2325499, 1328239, 997260, 9965011.426597396, 48, 48, 0, 277.8148025904985, 48
51, 2325663, 1328283, 997380, 9965395.384788232, 164, 44, 120, 383.9581908363381, 47
1, 2325714, 1328334, 997380, 9965677.81930001, 51, 51, 0, 282.43451177837886, 51
1, 2325814, 1328364, 997450, 9966012.247066028, 100, 30, 70, 334.42776601683795, 32
1, 2325853, 1328403, 997450, 9966274.947005972, 39, 39, 0, 262.6999399439383, 39
1, 2325885, 1328435, 997450, 9966524.188428972, 32, 32, 0, 249.24142300054422, 32
51, 2326048, 1328478, 997570, 9966907.399852451, 163, 43, 120, 383.21142347822723, 46
1, 2326079, 1328509, 997570, 9967154.560958628, 31, 31, 0, 247.1611061770567, 31
1, 2326151, 1328551, 997600, 9967462.356021652, 72, 42, 30, 307.79506302439404, 43
51, 2326280, 1328590, 997690, 9967821.369622143, 129, 39, 90, 359.01360049114555, 41
1, 2326315, 1328625, 997690, 9968076.599550053, 35, 35, 0, 255.22992790977875, 35
1, 2326347, 1328657, 997690, 9968325.840973053, 32, 32, 0, 249.24142300054422, 32
1, 2326411, 1328691, 997720, 9968623.583685528, 64, 34, 30, 297.742712474619, 35
1, 2326486, 1328726, 997760, 9968933.966781167, 75, 35, 40, 310.38309563827124, 36
51, 2326572, 1328762, 997810, 9969255.792945815, 86, 36, 50, 321.82616464756694, 37
1, 2326620, 1328810, 997810, 9969533.607748406, 48, 48, 0, 277.8148025904985, 48
1, 2326699, 1328849, 997850, 9969848.638498535, 79, 39, 40, 315.03075013013313, 40
1, 2326736, 1328886, 997850, 9970107.67106999, 37, 37, 0, 259.03257145596604, 37
1, 2326803, 1328923, 997880, 9970409.271625249, 67, 37, 30, 301.6005552576305, 38
51, 2326927, 1328957, 997970, 9970763.971021798, 124, 34, 90, 354.6993965481514, 36
1, 2326965, 1328995, 997970, 9971024.853401417, 38, 38, 0, 260.88237961983884, 38
1, 2327007, 1329037, 997970, 9971292.826390918, 42, 42, 0, 267.97298950218305, 42
1, 2327051, 1329081, 997970, 9971564.177348608, 44, 44, 0, 271.35095769013947, 44
1, 2327088, 1329118, 997970, 9971823.209920064, 37, 37, 0, 259.03257145596604, 37
51, 2327256, 1329166, 998090, 9972210.13049443, 168, 48, 120, 386.9205743678508, 51
1, 2327288, 1329198, 998090, 9972459.37191743, 32, 32, 0, 249.24142300054422, 32
1, 2327328, 1329238, 998090, 9972723.858603368, 40, 40, 0, 264.4866859365871, 40
1, 2327415, 1329285, 998130, 9973047.766184365, 87, 47, 40, 323.9075809977351, 48
51, 2327507, 1329327, 998180, 9973375.970285833, 92, 42, 50, 328.20410146824725, 43
1, 2327578, 1329368, 998210, 9973682.548596652, 71, 41, 30, 306.57831081870995, 42
1, 2327629, 1329419, 998210, 9973964.983108431, 51, 51, 0, 282.43451177837886, 51
1, 2327705, 1329455, 998250, 9974276.542280804, 76, 36, 40, 311.5591723737189, 37
51, 2327826, 1329496, 998330, 9974629.60475984, 121, 41, 80, 353.06247903554, 43
1, 2327865, 1329535, 998330, 9974892.304699784, 39, 39, 0, 262.6999399439383, 39
1, 2327899, 1329569, 998330, 9975145.578340061, 34, 34, 0, 253.2736402766418, 34
1, 2327940, 1329610, 998330, 9975411.822293505, 41, 41, 0, 266.24395344352433, 41
51, 2328079, 1329659, 998420, 9975779.185455807, 139, 49, 90, 367.36316230125203, 51
1, 2328148, 1329698, 998450, 9976083.297597516, 69, 39, 30, 304.1121417102006, 40
1, 2328184, 1329734, 998450, 9976340.446571795, 36, 36, 0, 257.1489742783178, 36
1, 2328221, 1329771, 998450, 9976599.47914325, 37, 37, 0, 259.03257145596604, 37
51, 2328315, 1329815, 998500, 9976929.7528691, 94, 44, 50, 330.273725847777, 45
1, 2328345, 1329845, 998500, 9977174.787601031, 30, 30, 0, 245.0347319320716, 30
1, 2328454, 1329884, 998570, 9977517.902232531, 109, 39, 70, 343.114631499574, 41
51, 2328547, 1329927, 998620, 9977847.14451244, 93, 43, 50, 329.24227990714814, 44
1, 2328629, 1329969, 998660, 9978165.566182282, 82, 42, 40, 318.42166984345636, 43
1, 2328692, 1330002, 998690, 9978461.997507008, 63, 33, 30, 296.43132472612575, 34
51, 2328784, 1330044, 998740, 9978790.201608475, 92, 42, 50, 328.20410146824725, 43
1, 2328820, 1330080, 998740, 9979047.350582754, 36, 36, 0, 257.1489742783178, 36
1, 2328888, 1330118, 998770, 9979350.212753857, 68, 38, 30, 302.86217110259, 39
51, 2329015, 1330155, 998860, 9979707.512436155, 127, 37, 90, 357.2996822992933, 39
1, 2329051, 1330191, 998860, 9979964.661410434, 36, 36, 0, 257.1489742783178, 36
1, 2329125, 1330235, 998890, 9980274.858619202, 74, 44, 30, 310.1972087668518, 45
1, 2329171, 1330281, 998890, 9980549.487687916, 46, 46, 0, 274.6290687140218, 46
51, 2329306, 1330326, 998980, 9980913.553497856, 135, 45, 90, 364.06580994024984, 47
1, 2329334, 1330354, 998980, 9981154.186161235, 28, 28, 0, 240.63266337912057, 28
1, 2329368, 1330388, 998980, 9981407.459801512, 34, 34, 0, 253.2736402766418, 34
1, 2329413, 1330433, 998980, 9981680.461807923, 45, 45, 0, 273.00200641113514, 45
51, 2329577, 1330477, 999100, 9982064.41999876, 164, 44, 120, 383.9581908363381, 47
1, 2329609, 1330509, 999100, 9982313.661421759, 32, 32, 0, 249.24142300054422, 32
1, 2329679, 1330549, 999130, 9982619.01218261, 70, 40, 30, 305.3507608519078, 41
1, 2329723, 1330593, 999130, 9982890.3631403, 44, 44, 0, 271.35095769013947, 44
51, 2329844, 1330624, 999220, 9983242.425619336, 121, 31, 90, 352.06247903554, 33
1, 2329881, 1330661, 999220, 9983501.458190791, 37, 37, 0, 259.03257145596604, 37
1, 2329950, 1330700, 999250, 9983805.570332501, 69, 39, 30, 304.1121417102006, 40
1, 2330042, 1330752, 999290, 9984134.774433969, 92, 52, 40, 329.20410146824725, 53
51, 2330149, 1330779, 999370, 9984474.99657924, 107, 27, 80, 340.2221452697031, 29
1, 2330229, 1330819, 999410, 9984791.166335484, 80, 40, 40, 316.1697562442441, 41
1, 2330267, 1330857, 999410, 9985052.048715103, 38, 38, 0, 260.88237961983884, 38
51, 2330391, 1330901, 999490, 9985407.748111652, 124, 44, 80, 355.6993965481514, 46
1, 2330427, 1330937, 999490, 9985664.897085931, 36, 36, 0, 257.1489742783178, 36
1, 2330504, 1330974, 999530, 9985977.622749697, 77, 37, 40, 312.72566376652986, 38
1, 2330546, 1331016, 999530, 9986245.595739199, 42, 42, 0, 267.97298950218305, 42
51, 2330640, 1331060, 999580, 9986575.869465047, 94, 44, 50, 330.273725847777, 45
1, 2330683, 1331103, 999580, 9986845.544425251, 43, 43, 0, 269.6749602031015, 43
1, 2330757, 1331147, 999610, 9987155.741634019, 74, 44, 30, 310.1972087668518, 45
1, 2330844, 1331194, 999650, 9987479.649215017, 87, 47, 40, 323.9075809977351, 48
51, 2330932, 1331232, 999700, 9987803.630646378, 88, 38, 50, 323.98143136087856, 39
1, 2330973, 1331273, 999700, 9988069.874599822, 41, 41, 0, 266.24395344352433, 41
1, 2331047, 1331317, 999730, 9988380.07180859, 74, 44, 30, 310.1972087668518, 45
1, 2331090, 1331360, 999730, 9988649.746768793, 43, 43, 0, 269.6749602031015, 43
1, 2331166, 1331406, 999760, 9988962.305941166, 76, 46, 30, 312.5591723737189, 47
51, 2331286, 1331436, 999850, 9989313.481033131, 120, 30, 90, 351.1750919646873, 32
1, 2331328, 1331478, 999850, 9989581.454022633, 42, 42, 0, 267.97298950218305, 42
1, 2331377, 1331527, 999850, 9989860.829153739, 49, 49, 0, 279.3751311064591, 49
1, 2331438, 1331558, 999880, 9990154.597393006, 61, 31, 30, 293.7682392671241, 32
51, 2331563, 1331593, 999970, 9990510.167545494, 125, 35, 90, 355.57015248821097, 37
1, 2331609, 1331639, 999970, 9990784.796614207, 46, 46, 0, 274.6290687140218, 46
1, 2331667, 1331697, 999970, 9991077.363516314, 58, 58, 0, 292.5669021071895, 58
1, 2331713, 1331743, 999970, 9991351.992585028, 46, 46, 0, 274.6290687140218, 46
1, 2331791, 1331781, 1000010, 9991665.875371648, 78, 38, 40, 313.8827866200841, 39
51, 2331901, 1331811, 1000090, 9992008.928555695, 110, 30, 80, 343.0531840464366, 32
1, 2331935, 1331845, 1000090, 9992262.202195972, 34, 34, 0, 253.2736402766418, 34
1, 2331978, 1331888, 1000090, 9992531.877156176, 43, 43, 0, 269.6749602031015, 43
1, 2332019, 1331929, 1000090, 9992798.12110962, 41, 41, 0, 266.24395344352433, 41
51, 2332148, 1331968, 1000180, 9993157.13471011, 129, 39, 90, 359.01360049114555, 41
1, 2332216, 1332006, 1000210, 9993459.996881213, 68, 38, 30, 302.86217110259, 39
1, 2332256, 1332046, 1000210, 9993724.48356715, 40, 40, 0, 264.4866859365871, 40
1, 2332304, 1332094, 1000210, 9994002.298369741, 48, 48, 0, 277.8148025904985, 48
51, 2332394, 1332134, 1000260, 9994328.405398564, 90, 40, 50, 326.1070288241023, 41
1, 2332483, 1332183, 1000300, 9994654.453264128, 89, 49, 40, 326.0478655640733, 50
1, 2332519, 1332219, 1000300, 9994911.602238407, 36, 36, 0, 257.1489742783178, 36
1, 2332582, 1332252, 1000330, 9995208.033563133, 63, 33, 30, 296.43132472612575, 34
51, 2332723, 1332303, 1000420, 9995577.025235798, 141, 51, 90, 368.9916726654594, 53
1, 2332797, 1332347, 1000450, 9995887.222444566, 74, 44, 30, 310.1972087668518, 45
1, 2332835, 1332385, 1000450, 9996148.104824185, 38, 38, 0, 260.88237961983884, 38
51, 2332913, 1332413, 1000500, 9996460.987610806, 78, 28, 50, 312.8827866200841, 29
1, 2332956, 1332456, 1000500, 9996730.66257101, 43, 43, 0, 269.6749602031015, 43
1, 2333071, 1332501, 1000570, 9997079.334788071, 115, 45, 70, 348.6722170622053, 47
1, 2333106, 1332536, 1000570, 9997334.564715981, 35, 35, 0, 255.22992790977875, 35
51, 2333191, 1332571, 1000620, 9997655.301743653, 85, 35, 50, 320.73702767108114, 36
1, 2333267, 1332607, 1000660, 9997966.860916026, 76, 36, 40, 311.5591723737189, 37
1, 2333295, 1332635, 1000660, 9998207.493579404, 28, 28, 0, 240.63266337912057, 28
1, 2333364, 1332674, 1000690, 9998511.605721114, 69, 39, 30, 304.1121417102006, 40
51, 2333505, 1332725, 1000780, 9998880.59739378, 141, 51, 90, 368.9916726654594, 53
1, 2333551, 1332771, 1000780, 9999155.226462493, 46, 46, 0, 274.6290687140218, 46
1, 2333592, 1332812, 1000780, 9999421.470415937, 41, 41, 0, 266.24395344352433, 41
1, 2333638, 1332858, 1000780, 9999696.09948465, 46, 46, 0, 274.6290687140218, 46
51, 2333770, 1332900, 1000870, 10000057.655607078, 132, 42, 90, 361.55612242701943, 44
1, 2333838, 1332938, 1000900, 10000360.51777818, 68, 38, 30, 302.86217110259, 39
1, 2333872, 1332972, 1000900, 10000613.791418457, 34, 34, 0, 253.2736402766418, 34
1, 2333987, 1333017, 1000970, 10000962.46363552, 115, 45, 70, 348.6722170622053, 47
51, 2334082, 1333062, 1001020, 10001293.762199655, 95, 45, 50, 331.2985641352145, 46
1, 2334147, 1333097, 1001050, 10001592.803351099, 65, 35, 30, 299.04115144336777, 36
1, 2334228, 1333138, 1001090, 10001910.1033511, 81, 41, 40, 317.3, 42
1, 2334270, 1333180, 1001090, 10002178.0763406, 42, 42, 0, 267.97298950218305, 42
51, 2334361, 1333221, 1001140, 10002505.23540254, 91, 41, 50, 327.1590619387661, 42
1, 2334409, 1333269, 1001140, 10002783.05020513, 48, 48, 0, 277.8148025904985, 48
1, 2334450, 1333310, 1001140, 10003049.294158574, 41, 41, 0, 266.24395344352433, 41
1, 2334525, 1333355, 1001170, 10003360.677254213, 75, 45, 30, 311.38309563827124, 46
51, 2334649, 1333389, 1001260, 10003715.376650762, 124, 34, 90, 354.6993965481514, 36
1, 2334690, 1333430, 1001260, 10003981.620604206, 41, 41, 0, 266.24395344352433, 41
1, 2334764, 1333474, 1001290, 10004291.817812974, 74, 44, 30, 310.1972087668518, 45
1, 2334797, 1333507, 1001290, 10004543.095985666, 33, 33, 0, 251.27817269284301, 33
1, 2334837, 1333547, 1001290, 10004807.582671603, 40, 40, 0, 264.4866859365871, 40
51, 2334918, 1333578, 1001340, 10005123.882671604, 81, 31, 50, 316.3, 32
1, 2335000, 1333620, 1001380, 10005442.304341447, 82, 42, 40, 318.42166984345636, 43
1, 2335062, 1333652, 1001410, 10005737.410967777, 62, 32, 30, 295.1066263296683, 33
51, 2335155, 1333695, 1001460, 10006066.653247684, 93, 43, 50, 329.24227990714814, 44
1, 2335234, 1333734, 1001500, 10006381.683997814, 79, 39, 40, 315.03075013013313, 40
1, 2335285, 1333785, 1001500, 10006664.118509592, 51, 51, 0, 282.43451177837886, 51
1, 2335329, 1333829, 1001500, 10006935.469467282, 44, 44, 0, 271.35095769013947, 44
51, 2335421, 1333871, 1001550, 10007263.67356875, 92, 42, 50, 328.20410146824725, 43
1, 2335535, 1333915, 1001620, 10007611.43155644, 114, 44, 70, 347.75798769167545, 46
1, 2335573, 1333953, 1001620, 10007872.31393606, 38, 38, 0, 260.88237961983884, 38
1, 2335613, 1333993, 1001620, 10008136.800621998, 40, 40, 0, 264.4866859365871, 40
1, 2335656, 1334036, 1001620, 10008406.475582201, 43, 43, 0, 269.6749602031015, 43
51, 2335773, 1334073, 1001700, 10008755.962399, 117, 37, 80, 349.4868167986058, 39
1, 2335804, 1334104, 1001700, 10009003.123505177, 31, 31, 0, 247.1611061770567, 31
1, 2335880, 1334140, 1001740, 10009314.68267755, 76, 36, 40, 311.5591723737189, 37
1, 2335914, 1334174, 1001740, 10009567.956317827, 34, 34, 0, 253.2736402766418, 34
1, 2335954, 1334214, 1001740, 10009832.443003764, 40, 40, 0, 264.4866859365871, 40
51, 2336126, 1334266, 1001860, 10010222.287685467, 172, 52, 120, 389.8446817033767, 55
1, 2336175, 1334315, 1001860, 10010501.662816573, 49, 49, 0, 279.3751311064591, 49
1, 2336255, 1334355, 1001900, 10010817.832572818, 80, 40, 40, 316.1697562442441, 41
1, 2336294, 1334394, 1001900, 10011080.532512762, 39, 39, 0, 262.6999399439383, 39
51, 2336416, 1334426, 1001990, 10011433.478131315, 122, 32, 90, 352.9456185537469, 34
1, 2336462, 1334472, 1001990, 10011708.107200028, 46, 46, 0, 274.6290687140218, 46
1, 2336536, 1334516, 1002020, 10012018.304408796, 74, 44, 30, 310.1972087668518, 45
1, 2336567, 1334547, 1002020, 10012265.465514973, 31, 31, 0, 247.1611061770567, 31
1, 2336628, 1334578, 1002050, 10012559.23375424, 61, 31, 30, 293.7682392671241, 32
51, 2336758, 1334618, 1002140, 10012919.098591778, 130, 40, 90, 359.86483753851803, 42
1, 2336831, 1334661, 1002170, 10013228.099870348, 73, 43, 30, 309.00127856917646, 44
1, 2336909, 1334699, 1002210, 10013541.982656969, 78, 38, 40, 313.8827866200841, 39
51, 2337010, 1334750, 1002260, 10013879.29804494, 101, 51, 50, 337.31538797227006, 52
1, 2337054, 1334794, 1002260, 10014150.64900263, 44, 44, 0, 271.35095769013947, 44
1, 2337097, 1334837, 1002260, 10014420.323962834, 43, 43, 0, 269.6749602031015, 43
51, 2337187, 1334877, 1002310, 10014746.430991657, 90, 40, 50, 326.1070288241023, 41
1, 2337291, 1334911, 1002380, 10015084.774678415, 104, 34, 70, 338.343686757474, 36
1, 2337326, 1334946, 1002380, 10015340.004606325, 35, 35, 0, 255.22992790977875, 35
1, 2337361, 1334981, 1002380, 10015595.234534236, 35, 35, 0, 255.22992790977875, 35
51, 2337484, 1335014, 1002470, 10015949.059105497, 123, 33, 90, 353.8245712617827, 35
1, 2337523, 1335053, 1002470, 10016211.75904544, 39, 39, 0, 262.6999399439383, 39
1, 2337598, 1335098, 1002500, 10016523.14214108, 75, 45, 30, 311.38309563827124, 46
1, 2337670, 1335130, 1002540, 10016829.937204104, 72, 32, 40, 306.79506302439404, 33
51, 2337763, 1335173, 1002590, 10017159.179484012, 93, 43, 50, 329.24227990714814, 44
1, 2337805, 1335215, 1002590, 10017427.152473513, 42, 42, 0, 267.97298950218305, 42
1, 2337848, 1335258, 1002590, 10017696.827433717, 43, 43, 0, 269.6749602031015, 43
1, 2337959, 1335299, 1002660, 10018041.814151756, 111, 41, 70, 344.9867180408456, 43
51, 2338052, 1335342, 1002710, 10018371.056431664, 93, 43, 50, 329.24227990714814, 44
1, 2338092, 1335382, 1002710, 10018635.543117601, 40, 40, 0, 264.4866859365871, 40
1, 2338172, 1335422, 1002750, 10018951.712873846, 80, 40, 40, 316.1697562442441, 41
51, 2338257, 1335457, 1002800, 10019272.449901517, 85, 35, 50, 320.73702767108114, 36
1, 2338299, 1335499, 1002800, 10019540.422891019, 42, 42, 0, 267.97298950218305, 42
1, 2338408, 1335538, 1002870, 10019883.537522519, 109, 39, 70, 343.114631499574, 41
51, 2338496, 1335576, 1002920, 10020207.51895388, 88, 38, 50, 323.98143136087856, 39
1, 2338533, 1335613, 1002920, 10020466.551525336, 37, 37, 0, 259.03257145596604, 37
1, 2338565, 1335645, 1002920, 10020715.792948335, 32, 32, 0, 249.24142300054422, 32
1, 2338674, 1335684, 1002990, 10021058.907579836, 109, 39, 70, 343.114631499574, 41
1, 2338717, 1335727, 1002990, 10021328.582540039, 43, 43, 0, 269.6749602031015, 43
51, 2338839, 1335769, 1003070, 10021682.528158592, 122, 42, 80, 353.9456185537469, 44
1, 2338928, 1335818, 1003110, 10022008.576024156, 89, 49, 40, 326.0478655640733, 50
1, 2338970, 1335860, 1003110, 10022276.549013657, 42, 42, 0, 267.97298950218305, 42
1, 2339035, 1335895, 1003140, 10022575.590165101, 65, 35, 30, 299.04115144336777, 36
51, 2339127, 1335937, 1003190, 10022903.794266568, 92, 42, 50, 328.20410146824725, 43
1, 2339207, 1335977, 1003230, 10023219.964022813, 80, 40, 40, 316.1697562442441, 41
1, 2339254, 1336024, 1003230, 10023496.197072683, 47, 47, 0, 276.2330498695885, 47
1, 2339321, 1336061, 1003260, 10023797.79762794, 67, 37, 30, 301.6005552576305, 38
1, 2339355, 1336095, 1003260, 10024051.071268218, 34, 34, 0, 253.2736402766418, 34
51, 2339450, 1336140, 1003310, 10024382.369832354, 95, 45, 50, 331.2985641352145, 46
1, 2339494, 1336184, 1003310, 10024653.720790043, 44, 44, 0, 271.35095769013947, 44
1, 2339571, 1336221, 1003350, 10024966.44645381, 77, 37, 40, 312.72566376652986, 38
1, 2339609, 1336259, 1003350, 10025227.32883343, 38, 38, 0, 260.88237961983884, 38
1, 2339683, 1336303, 1003380, 10025537.526042197, 74, 44, 30, 310.1972087668518, 45
51, 2339809, 1336339, 1003470, 10025893.96293808, 126, 36, 90, 356.43689588345075, 38
1, 2339884, 1336384, 1003500, 10026205.346033718, 75, 45, 30, 311.38309563827124, 46
1, 2339925, 1336425, 1003500, 10026471.589987163, 41, 41, 0, 266.24395344352433, 41
1, 2339951, 1336451, 1003500, 10026707.600073598, 26, 26, 0, 236.01008643532256, 26
51, 2340075, 1336485, 1003590, 10027062.299470147, 124, 34, 90, 354.6993965481514, 36
1, 2340119, 1336529, 1003590, 10027333.650427837, 44, 44, 0, 271.35095769013947, 44
1, 2340190, 1336570, 1003620, 10027640.228738656, 71, 41, 30, 306.57831081870995, 42
51, 2340320, 1336610, 1003710, 10028000.093576195, 130, 40, 90, 359.86483753851803, 42
1, 2340371, 1336661, 1003710, 10028282.528087974, 51, 51, 0, 282.43451177837886, 51
1, 2340480, 1336700, 1003780, 10028625.642719474, 109, 39, 70, 343.114631499574, 41
51, 2340561, 1336731, 1003830, 10028941.942719474, 81, 31, 50, 316.3, 32
1, 2340606, 1336776, 1003830, 10029214.944725886, 45, 45, 0, 273.00200641113514, 45
1, 2340687, 1336817, 1003870, 10029532.244725887, 81, 41, 40, 317.3, 42
51, 2340779, 1336859, 1003920, 10029860.448827354, 92, 42, 50, 328.20410146824725, 43
1, 2340823, 1336903, 1003920, 10030131.799785044, 44, 44, 0, 271.35095769013947, 44
1, 2340896, 1336946, 1003950, 10030440.801063614, 73, 43, 30, 309.00127856917646, 44
1, 2340976, 1336986, 1003990, 10030756.970819859, 80, 40, 40, 316.1697562442441, 41
51, 2341065, 1337025, 1004040, 10031082.018685423, 89, 39, 50, 325.0478655640733, 40
1, 2341136, 1337066, 1004070, 10031388.596996242, 71, 41, 30, 306.57831081870995, 42
1, 2341174, 1337104, 1004070, 10031649.479375862, 38, 38, 0, 260.88237961983884, 38
1, 2341255, 1337145, 1004110, 10031966.779375862, 81, 41, 40, 317.3, 42
51, 2341352, 1337192, 1004160, 10032300.108275134, 97, 47, 50, 333.3288992714996, 48
1, 2341392, 1337232, 1004160, 10032564.594961071, 40, 40, 0, 264.4866859365871, 40
1, 2341434, 1337274, 1004160, 10032832.567950573, 42, 42, 0, 267.97298950218305, 42
1, 2341502, 1337312, 1004190, 10033135.430121675, 68, 38, 30, 302.86217110259, 39
51, 2341581, 1337341, 1004240, 10033449.460871805, 79, 29, 50, 314.03075013013313, 30
1, 2341700, 1337390, 1004310, 10033801.744267007, 119, 49, 70, 352.28339520229764, 51
1, 2341737, 1337427, 1004310, 10034060.776838463, 37, 37, 0, 259.03257145596604, 37
51, 2341826, 1337466, 1004360, 10034385.824704027, 89, 39, 50, 325.0478655640733, 40
1, 2341861, 1337501, 1004360, 10034641.054631937, 35, 35, 0, 255.22992790977875, 35
1, 2341898, 1337538, 1004360, 10034900.087203393, 37, 37, 0, 259.03257145596604, 37
1, 2341973, 1337583, 1004390, 10035211.470299032, 75, 45, 30, 311.38309563827124, 46
51, 2342100, 1337620, 1004480, 10035568.76998133, 127, 37, 90, 357.2996822992933, 39
1, 2342138, 1337658, 1004480, 10035829.65236095, 38, 38, 0, 260.88237961983884, 38
1, 2342171, 1337691, 1004480, 10036080.930533642, 33, 33, 0, 251.27817269284301, 33
1, 2342237, 1337727, 1004510, 10036381.25752192, 66, 36, 30, 300.32698827717985, 37
51, 2342330, 1337770, 1004560, 10036710.499801828, 93, 43, 50, 329.24227990714814, 44
1, 2342415, 1337815, 1004600, 10037032.236829499, 85, 45, 40, 321.73702767108114, 46
1, 2342450, 1337850, 1004600, 10037287.46675741, 35, 35, 0, 255.22992790977875, 35
1, 2342526, 1337896, 1004630, 10037600.025929783, 76, 46, 30, 312.5591723737189, 47
51, 2342614, 1337934, 1004680, 10037924.007361144, 88, 38, 50, 323.98143136087856, 39
1, 2342661, 1337981, 1004680, 10038200.240411013, 47, 47, 0, 276.2330498695885, 47
1, 2342762, 1338012, 1004750, 10038535.655798987, 101, 31, 70, 335.41538797227, 33
1, 2342804, 1338054, 1004750, 10038803.628788488, 42, 42, 0, 267.97298950218305, 42
51, 2342923, 1338093, 1004830, 10039154.91218369, 119, 39, 80, 351.28339520229764, 41
1, 2342962, 1338132, 1004830, 10039417.612123635, 39, 39, 0, 262.6999399439383, 39
1, 2343029, 1338169, 1004860, 10039719.212678893, 67, 37, 30, 301.6005552576305, 38
1, 2343108, 1338208, 1004900, 10040034.243429022, 79, 39, 40, 315.03075013013313, 40
1, 2343151, 1338251, 1004900, 10040303.918389225, 43, 43, 0, 269.6749602031015, 43
51, 2343271, 1338291, 1004980, 10040656.09348119, 120, 40, 80, 352.1750919646873, 42
1, 2343350, 1338330, 1005020, 10040971.12423132, 79, 39, 40, 315.03075013013313, 40
1, 2343389, 1338369, 1005020, 10041233.824171264, 39, 39, 0, 262.6999399439383, 39
1, 2343428, 1338408, 1005020, 10041496.524111208, 39, 39, 0, 262.6999399439383, 39
51, 2343543, 1338433, 1005110, 10041843.19632827, 115, 25, 90, 346.6722170622053, 27
1, 2343610, 1338470, 1005140, 10042144.796883527, 67, 37, 30, 301.6005552576305, 38
1, 2343649, 1338509, 1005140, 10042407.496823471, 39, 39, 0, 262.6999399439383, 39
1, 2343722, 1338552, 1005170, 10042716.498102041, 73, 43, 30, 309.00127856917646, 44
1, 2343760, 1338590, 1005170, 10042977.38048166, 38, 38, 0, 260.88237961983884, 38
51, 2343883, 1338623, 1005260, 10043331.205052922, 123, 33, 90, 353.8245712617827, 35
1, 2343927, 1338667, 1005260, 10043602.556010611, 44, 44, 0, 271.35095769013947, 44
1, 2343963, 1338703, 1005260, 10043859.70498489, 36, 36, 0, 257.1489742783178, 36
1, 2344050, 1338750, 1005300, 10044183.612565888, 87, 47, 40, 323.9075809977351, 48
51, 2344162, 1338782, 1005380, 10044528.527878229, 112, 32, 80, 344.91531233955715, 34
1, 2344243, 1338823, 1005420, 10044845.82787823, 81, 41, 40, 317.3, 42
1, 2344301, 1338851, 1005450, 10045135.494780337, 58, 28, 30, 289.66690210718946, 29
51, 2344397, 1338897, 1005500, 10045467.811696352, 96, 46, 50, 332.31691601465747, 47
1, 2344475, 1338935, 1005540, 10045781.694482973, 78, 38, 40, 313.8827866200841, 39
1, 2344545, 1338975, 1005570, 10046087.045243824, 70, 40, 30, 305.3507608519078, 41
1, 2344591, 1339021, 1005570, 10046361.674312538, 46, 46, 0, 274.6290687140218, 46
1, 2344631, 1339061, 1005570, 10046626.160998475, 40, 40, 0, 264.4866859365871, 40
51, 2344727, 1339107, 1005620, 10046958.47791449, 96, 46, 50, 332.31691601465747, 47
1, 2344807, 1339147, 1005660, 10047274.647670735, 80, 40, 40, 316.1697562442441, 41
1, 2344845, 1339185, 1005660, 10047535.530050354, 38, 38, 0, 260.88237961983884, 38
1, 2344909, 1339219, 1005690, 10047833.27276283, 64, 34, 30, 297.742712474619, 35
1, 2344947, 1339257, 1005690, 10048094.155142449, 38, 38, 0, 260.88237961983884, 38
51, 2345050, 1339310, 1005740, 10048433.428392503, 103, 53, 50, 339.27325005549693, 54
1, 2345129, 1339349, 1005780, 10048748.459142633, 79, 39, 40, 315.03075013013313, 40
1, 2345181, 1339401, 1005780, 10049032.394104062, 52, 52, 0, 283.93496142826496, 52
1, 2345249, 1339439, 1005810, 10049335.256275164, 68, 38, 30, 302.86217110259, 39
1, 2345290, 1339480, 1005810, 10049601.500228608, 41, 41, 0, 266.24395344352433, 41
51, 2345443, 1339513, 1005930, 10049977.100624925, 153, 33, 120, 375.6003963155711, 36
1, 2345485, 1339555, 1005930, 10050245.073614426, 42, 42, 0, 267.97298950218305, 42
1, 2345527, 1339597, 1005930, 10050513.046603927, 42, 42, 0, 267.97298950218305, 42
51, 2345617, 1339637, 1005980, 10050839.15363275, 90, 40, 50, 326.1070288241023, 41
1, 2345694, 1339674, 1006020, 10051151.879296517, 77, 37, 40, 312.72566376652986, 38
1, 2345738, 1339718, 1006020, 10051423.230254207, 44, 44, 0, 271.35095769013947, 44
1, 2345803, 1339753, 1006050, 10051722.27140565, 65, 35, 30, 299.04115144336777, 36
51, 2345887, 1339787, 1006100, 10052041.911416054, 84, 34, 50, 319.64001040350905, 35
1, 2345926, 1339826, 1006100, 10052304.611355998, 39, 39, 0, 262.6999399439383, 39
1, 2345992, 1339862, 1006130, 10052604.938344276, 66, 36, 30, 300.32698827717985, 37
1, 2346080, 1339910, 1006170, 10052929.919775637, 88, 48, 40, 324.98143136087856, 49
51, 2346196, 1339946, 1006250, 10053278.501579128, 116, 36, 80, 348.5818034911291, 38
1, 2346240, 1339990, 1006250, 10053549.852536818, 44, 44, 0, 271.35095769013947, 44
1, 2346286, 1340036, 1006250, 10053824.481605532, 46, 46, 0, 274.6290687140218, 46
51, 2346410, 1340070, 1006340, 10054179.18100208, 124, 34, 90, 354.6993965481514, 36
1, 2346448, 1340108, 1006340, 10054440.0633817, 38, 38, 0, 260.88237961983884, 38
1, 2346485, 1340145, 1006340, 10054699.095953155, 37, 37, 0, 259.03257145596604, 37
51, 2346598, 1340178, 1006420, 10055044.934997024, 113, 33, 80, 345.83904386951343, 35
1, 2346686, 1340226, 1006460, 10055369.916428385, 88, 48, 40, 324.98143136087856, 49
1, 2346720, 1340260, 1006460, 10055623.190068662, 34, 34, 0, 253.2736402766418, 34
1, 2346790, 1340300, 1006490, 10055928.540829513, 70, 40, 30, 305.3507608519078, 41
1, 2346823, 1340333, 1006490, 10056179.819002206, 33, 33, 0, 251.27817269284301, 33
51, 2346943, 1340363, 1006580, 10056530.99409417, 120, 30, 90, 351.1750919646873, 32
1, 2346985, 1340405, 1006580, 10056798.967083672, 42, 42, 0, 267.97298950218305, 42
1, 2347022, 1340442, 1006580, 10057057.999655128, 37, 37, 0, 259.03257145596604, 37
51, 2347106, 1340476, 1006630, 10057377.639665531, 84, 34, 50, 319.64001040350905, 35
1, 2347183, 1340523, 1006660, 10057691.365329297, 77, 47, 30, 313.72566376652986, 48
1, 2347266, 1340566, 1006700, 10058010.900277227, 83, 43, 40, 319.5349479292333, 44
1, 2347304, 1340604, 1006700, 10058271.782656847, 38, 38, 0, 260.88237961983884, 38
1, 2347339, 1340639, 1006700, 10058527.012584757, 35, 35, 0, 255.22992790977875, 35
51, 2347509, 1340689, 1006820, 10058915.399898442, 170, 50, 120, 388.38731368472776, 53
1, 2347545, 1340725, 1006820, 10059172.54887272, 36, 36, 0, 257.1489742783178, 36
1, 2347591, 1340771, 1006820, 10059447.177941434, 46, 46, 0, 274.6290687140218, 46
1, 2347643, 1340823, 1006820, 10059731.112902863, 52, 52, 0, 283.93496142826496, 52
51, 2347726, 1340856, 1006870, 10060049.647850793, 83, 33, 50, 318.5349479292333, 34
1, 2347759, 1340889, 1006870, 10060300.926023485, 33, 33, 0, 251.27817269284301, 33
1, 2347872, 1340932, 1006940, 10060647.765067354, 113, 43, 70, 346.83904386951343, 45
51, 2347962, 1340972, 1006990, 10060973.872096177, 90, 40, 50, 326.1070288241023, 41
1, 2348004, 1341014, 1006990, 10061241.845085679, 42, 42, 0, 267.97298950218305, 42
1, 2348044, 1341054, 1006990, 10061506.331771616, 40, 40, 0, 264.4866859365871, 40
1, 2348153, 1341093, 1007060, 10061849.446403116, 109, 39, 70, 343.114631499574, 41
1, 2348200, 1341140, 1007060, 10062125.679452986, 47, 47, 0, 276.2330498695885, 47
51, 2348290, 1341180, 1007110, 10062451.786481809, 90, 40, 50, 326.1070288241023, 41
1, 2348327, 1341217, 1007110, 10062710.819053264, 37, 37, 0, 259.03257145596604, 37
1, 2348396, 1341256, 1007140, 10063014.931194974, 69, 39, 30, 304.1121417102006, 40
1, 2348481, 1341301, 1007180, 10063336.668222645, 85, 45, 40, 321.73702767108114, 46
1, 2348512, 1341332, 1007180, 10063583.829328822, 31, 31, 0, 247.1611061770567, 31
51, 2348609, 1341379, 1007230, 10063917.158228094, 97, 47, 50, 333.3288992714996, 48
1, 2348694, 1341424, 1007270, 10064238.895255765, 85, 45, 40, 321.73702767108114, 46
1, 2348736, 1341466, 1007270, 10064506.868245266, 42, 42, 0, 267.97298950218305, 42
51, 2348855, 1341505, 1007350, 10064858.15164047, 119, 39, 80, 351.28339520229764, 41
1, 2348899, 1341549, 1007350, 10065129.502598159, 44, 44, 0, 271.35095769013947, 44
1, 2348983, 1341593, 1007390, 10065450.142608562, 84, 44, 40, 320.64001040350905, 45
1, 2349029, 1341639, 1007390, 10065724.771677276, 46, 46, 0, 274.6290687140218, 46
51, 2349117, 1341677, 1007440, 10066048.753108637, 88, 38, 50, 323.98143136087856, 39
1, 2349182, 1341712, 1007470, 10066347.79426008, 65, 35, 30, 299.04115144336777, 36
1, 2349231, 1341761, 1007470, 10066627.169391187, 49, 49, 0, 279.3751311064591, 49
51, 2349363, 1341803, 1007560, 10066988.725513615, 132, 42, 90, 361.55612242701943, 44
1, 2349431, 1341841, 1007590, 10067291.587684717, 68, 38, 30, 302.86217110259, 39
1, 2349473, 1341883, 1007590, 10067559.560674218, 42, 42, 0, 267.97298950218305, 42
1, 2349507, 1341917, 1007590, 10067812.834314495, 34, 34, 0, 253.2736402766418, 34
51, 2349642, 1341962, 1007680, 10068176.900124436, 135, 45, 90, 364.06580994024984, 47
1, 2349708, 1341998, 1007710, 10068477.227112714, 66, 36, 30, 300.32698827717985, 37
1, 2349746, 1342036, 1007710, 10068738.109492334, 38, 38, 0, 260.88237961983884, 38
51, 2349873, 1342073, 1007800, 10069095.409174632, 127, 37, 90, 357.2996822992933, 39
1, 2349944, 1342114, 1007830, 10069401.987485452, 71, 41, 30, 306.57831081870995, 42
1, 2349985, 1342155, 1007830, 10069668.231438896, 41, 41, 0, 266.24395344352433, 41
1, 2350058, 1342188, 1007870, 10069976.232717466, 73, 33, 40, 308.00127856917646, 34
51, 2350177, 1342227, 1007950, 10070327.516112668, 119, 39, 80, 351.28339520229764, 41
1, 2350259, 1342269, 1007990, 10070645.937782511, 82, 42, 40, 318.42166984345636, 43
1, 2350298, 1342308, 1007990, 10070908.637722455, 39, 39, 0, 262.6999399439383, 39
51, 2350382, 1342342, 1008040, 10071228.277732858, 84, 34, 50, 319.64001040350905, 35
1, 2350464, 1342384, 1008080, 10071546.699402701, 82, 42, 40, 318.42166984345636, 43
1, 2350498, 1342418, 1008080, 10071799.973042978, 34, 34, 0, 253.2736402766418, 34
51, 2350617, 1342457, 1008160, 10072151.25643818, 119, 39, 80, 351.28339520229764, 41
1, 2350654, 1342494, 1008160, 10072410.289009636, 37, 37, 0, 259.03257145596604, 37
1, 2350763, 1342533, 1008230, 10072753.403641136, 109, 39, 70, 343.114631499574, 41
1, 2350803, 1342573, 1008230, 10073017.890327074, 40, 40, 0, 264.4866859365871, 40
1, 2350847, 1342617, 1008230, 10073289.241284763, 44, 44, 0, 271.35095769013947, 44
51, 2350943, 1342663, 1008280, 10073621.558200778, 96, 46, 50, 332.31691601465747, 47
1, 2350976, 1342696, 1008280, 10073872.83637347, 33, 33, 0, 251.27817269284301, 33
1, 2351056, 1342736, 1008320, 10074189.006129716, 80, 40, 40, 316.1697562442441, 41
1, 2351132, 1342782, 1008350, 10074501.565302089, 76, 46, 30, 312.5591723737189, 47
1, 2351176, 1342826, 1008350, 10074772.916259779, 44, 44, 0, 271.35095769013947, 44
51, 2351306, 1342866, 1008440, 10075132.781097317, 130, 40, 90, 359.86483753851803, 42
1, 2351343, 1342903, 1008440, 10075391.813668773, 37, 37, 0, 259.03257145596604, 37
1, 2351378, 1342938, 1008440, 10075647.043596683, 35, 35, 0, 255.22992790977875, 35
51, 2351514, 1342984, 1008530, 10076011.938893719, 136, 46, 90, 364.89529703482884, 48
1, 2351592, 1343032, 1008560, 10076326.821680339, 78, 48, 30, 314.8827866200841, 49
1, 2351623, 1343063, 1008560, 10076573.982786516, 31, 31, 0, 247.1611061770567, 31
1, 2351665, 1343105, 1008560, 10076841.955776017, 42, 42, 0, 267.97298950218305, 42
51, 2351796, 1343146, 1008650, 10077202.668104233, 131, 41, 90, 360.7123282155055, 43
1, 2351833, 1343183, 1008650, 10077461.700675689, 37, 37, 0, 259.03257145596604, 37
1, 2351877, 1343227, 1008650, 10077733.051633378, 44, 44, 0, 271.35095769013947, 44
1, 2351948, 1343268, 1008680, 10078039.629944198, 71, 41, 30, 306.57831081870995, 42
1, 2352021, 1343301, 1008720, 10078347.631222768, 73, 33, 40, 308.00127856917646, 34
51, 2352138, 1343338, 1008800, 10078697.118039567, 117, 37, 80, 349.4868167986058, 39
1, 2352173, 1343373, 1008800, 10078952.347967478, 35, 35, 0, 255.22992790977875, 35
1, 2352239, 1343399, 1008840, 10079251.674955755, 66, 26, 40, 299.32698827717985, 27
1, 2352273, 1343433, 1008840, 10079504.948596032, 34, 34, 0, 253.2736402766418, 34
1, 2352315, 1343475, 1008840, 10079772.921585534, 42, 42, 0, 267.97298950218305, 42
51, 2352407, 1343517, 1008890, 10080101.125687001, 92, 42, 50, 328.20410146824725, 43
1, 2352479, 1343559, 1008920, 10080408.920750026, 72, 42, 30, 307.79506302439404, 43
1, 2352516, 1343596, 1008920, 10080667.953321481, 37, 37, 0, 259.03257145596604, 37
1, 2352593, 1343633, 1008960, 10080980.678985247, 77, 37, 40, 312.72566376652986, 38
51, 2352681, 1343671, 1009010, 10081304.660416609, 88, 38, 50, 323.98143136087856, 39
1, 2352752, 1343712, 1009040, 10081611.238727428, 71, 41, 30, 306.57831081870995, 42
1, 2352788, 1343748, 1009040, 10081868.387701707, 36, 36, 0, 257.1489742783178, 36
1, 2352863, 1343783, 1009080, 10082178.770797346, 75, 35, 40, 310.38309563827124, 36
1, 2352904, 1343824, 1009080, 10082445.01475079, 41, 41, 0, 266.24395344352433, 41
51, 2353021, 1343861, 1009160, 10082794.50156759, 117, 37, 80, 349.4868167986058, 39
1, 2353058, 1343898, 1009160, 10083053.534139045, 37, 37, 0, 259.03257145596604, 37
1, 2353125, 1343935, 1009190, 10083355.134694302, 67, 37, 30, 301.6005552576305, 38
51, 2353259, 1343979, 1009280, 10083718.367510222, 134, 44, 90, 363.23281591860336, 46
1, 2353289, 1344009, 1009280, 10083963.402242154, 30, 30, 0, 245.0347319320716, 30
1, 2353333, 1344053, 1009280, 10084234.753199844, 44, 44, 0, 271.35095769013947, 44
51, 2353455, 1344095, 1009360, 10084588.698818397, 122, 42, 80, 353.9456185537469, 44
1, 2353534, 1344134, 1009400, 10084903.729568526, 79, 39, 40, 315.03075013013313, 40
1, 2353572, 1344172, 1009400, 10085164.611948146, 38, 38, 0, 260.88237961983884, 38
1, 2353611, 1344211, 1009400, 10085427.31188809, 39, 39, 0, 262.6999399439383, 39
1, 2353647, 1344247, 1009400, 10085684.460862368, 36, 36, 0, 257.1489742783178, 36
51, 2353736, 1344286, 1009450, 10086009.508727932, 89, 39, 50, 325.0478655640733, 40
1, 2353840, 1344320, 1009520, 10086347.85241469, 104, 34, 70, 338.343686757474, 36
1, 2353877, 1344357, 1009520, 10086606.884986145, 37, 37, 0, 259.03257145596604, 37
1, 2353945, 1344395, 1009550, 10086909.747157248, 68, 38, 30, 302.86217110259, 39
51, 2354035, 1344435, 1009600, 10087235.854186071, 90, 40, 50, 326.1070288241023, 41
1, 2354112, 1344482, 1009630, 10087549.579849837, 77, 47, 30, 313.72566376652986, 48
1, 2354153, 1344523, 1009630, 10087815.823803281, 41, 41, 0, 266.24395344352433, 41
1, 2354227, 1344557, 1009670, 10088125.02101205, 74, 34, 40, 309.1972087668518, 35
51, 2354316, 1344596, 1009720, 10088450.068877613, 89, 39, 50, 325.0478655640733, 40
1, 2354381, 1344631, 1009750, 10088749.110029057, 65, 35, 30, 299.04115144336777, 36
1, 2354419, 1344669, 1009750, 10089009.992408676, 38, 38, 0, 260.88237961983884, 38
1, 2354495, 1344705, 1009790, 10089321.55158105, 76, 36, 40, 311.5591723737189, 37
1, 2354536, 1344746, 1009790, 10089587.795534493, 41, 41, 0, 266.24395344352433, 41
51, 2354627, 1344787, 1009840, 10089914.954596432, 91, 41, 50, 327.1590619387661, 42
1, 2354670, 1344830, 1009840, 10090184.629556635, 43, 43, 0, 269.6749602031015, 43
1, 2354731, 1344861, 1009870, 10090478.397795903, 61, 31, 30, 293.7682392671241, 32
51, 2354857, 1344897, 1009960, 10090834.834691785, 126, 36, 90, 356.43689588345075, 38
1, 2354904, 1344944, 1009960, 10091111.067741655, 47, 47, 0, 276.2330498695885, 47
1, 2354975, 1344985, 1009990, 10091417.646052474, 71, 41, 30, 306.57831081870995, 42
1, 2355053, 1345023, 1010030, 10091731.528839095, 78, 38, 40, 313.8827866200841, 39
1, 2355123, 1345063, 1010060, 10092036.879599946, 70, 40, 30, 305.3507608519078, 41
51, 2355261, 1345111, 1010150, 10092403.423529498, 138, 48, 90, 366.54392955194305, 50
1, 2355302, 1345152, 1010150, 10092669.667482942, 41, 41, 0, 266.24395344352433, 41
1, 2355345, 1345195, 1010150, 10092939.342443146, 43, 43, 0, 269.6749602031015, 43
1, 2355385, 1345235, 1010150, 10093203.829129083, 40, 40, 0, 264.4866859365871, 40
51, 2355474, 1345274, 1010200, 10093528.876994647, 89, 39, 50, 325.0478655640733, 40
1, 2355580, 1345310, 1010270, 10093869.145038256, 106, 36, 70, 340.2680436096278, 38
1, 2355620, 1345350, 1010270, 10094133.631724194, 40, 40, 0, 264.4866859365871, 40
1, 2355696, 1345386, 1010310, 10094445.190896567, 76, 36, 40, 311.5591723737189, 37
1, 2355730, 1345420, 1010310, 10094698.464536844, 34, 34, 0, 253.2736402766418, 34
51, 2355853, 1345463, 1010390, 10095053.289108105, 123, 43, 80, 354.8245712617827, 45
1, 2355924, 1345494, 1010430, 10095358.867418924, 71, 31, 40, 305.57831081870995, 32
1, 2356000, 1345540, 1010460, 10095671.426591298, 76, 46, 30, 312.5591723737189, 47
1, 2356046, 1345586, 1010460, 10095946.055660011, 46, 46, 0, 274.6290687140218, 46
51, 2356176, 1345626, 1010550, 10096305.92049755, 130, 40, 90, 359.86483753851803, 42
1, 2356239, 1345659, 1010580, 10096602.351822276, 63, 33, 30, 296.43132472612575, 34
1, 2356317, 1345697, 1010620, 10096916.234608896, 78, 38, 40, 313.8827866200841, 39
1, 2356352, 1345732, 1010620, 10097171.464536807, 35, 35, 0, 255.22992790977875, 35
51, 2356438, 1345768, 1010670, 10097493.290701455, 86, 36, 50, 321.82616464756694, 37
1, 2356519, 1345809, 1010710, 10097810.590701455, 81, 41, 40, 317.3, 42
1, 2356554, 1345844, 1010710, 10098065.820629366, 35, 35, 0, 255.22992790977875, 35
1, 2356637, 1345897, 1010740, 10098386.355577296, 83, 53, 30, 320.5349479292333, 54
51, 2356730, 1345940, 1010790, 10098715.597857203, 93, 43, 50, 329.24227990714814, 44
1, 2356771, 1345981, 1010790, 10098981.841810647, 41, 41, 0, 266.24395344352433, 41
1, 2356805, 1346015, 1010790, 10099235.115450924, 34, 34, 0, 253.2736402766418, 34
1, 2356918, 1346058, 1010860, 10099581.954494793, 113, 43, 70, 346.83904386951343, 45
51, 2357004, 1346094, 1010910, 10099903.78065944, 86, 36, 50, 321.82616464756694, 37
1, 2357042, 1346132, 1010910, 10100164.66303906, 38, 38, 0, 260.88237961983884, 38
1, 2357085, 1346175, 1010910, 10100434.337999264, 43, 43, 0, 269.6749602031015, 43
1, 2357120, 1346210, 1010910, 10100689.567927174, 35, 35, 0, 255.22992790977875, 35
1, 2357194, 1346244, 1010950, 10100998.765135942, 74, 34, 40, 309.1972087668518, 35
51, 2357311, 1346281, 1011030, 10101348.251952741, 117, 37, 80, 349.4868167986058, 39
1, 2357349, 1346319, 1011030, 10101609.13433236, 38, 38, 0, 260.88237961983884, 38
1, 2357421, 1346361, 1011060, 10101916.929395385, 72, 42, 30, 307.79506302439404, 43
1, 2357465, 1346405, 1011060, 10102188.280353075, 44, 44, 0, 271.35095769013947, 44
51, 2357631, 1346451, 1011180, 10102573.72462071, 166, 46, 120, 385.4442676339201, 49
1, 2357677, 1346497, 1011180, 10102848.353689423, 46, 46, 0, 274.6290687140218, 46
1, 2357720, 1346540, 1011180, 10103118.028649626, 43, 43, 0, 269.6749602031015, 43
1, 2357802, 1346582, 1011220, 10103436.450319469, 82, 42, 40, 318.42166984345636, 43
1, 2357841, 1346621, 1011220, 10103699.150259413, 39, 39, 0, 262.6999399439383, 39
51, 2357961, 1346661, 1011300, 10104051.325351378, 120, 40, 80, 352.1750919646873, 42
1, 2358035, 1346695, 1011340, 10104360.522560146, 74, 34, 40, 309.1972087668518, 35
1, 2358075, 1346735, 1011340, 10104625.009246083, 40, 40, 0, 264.4866859365871, 40
1, 2358117, 1346777, 1011340, 10104892.982235584, 42, 42, 0, 267.97298950218305, 42
51, 2358199, 1346809, 1011390, 10105210.403905427, 82, 32, 50, 317.42166984345636, 33
1, 2358265, 1346845, 1011420, 10105510.730893705, 66, 36, 30, 300.32698827717985, 37
1, 2358347, 1346887, 1011460, 10105829.152563548, 82, 42, 40, 318.42166984345636, 43
1, 2358391, 1346931, 1011460, 10106100.503521238, 44, 44, 0, 271.35095769013947, 44
51, 2358495, 1346985, 1011510, 10106440.747207996, 104, 54, 50, 340.243686757474, 55
1, 2358564, 1347014, 1011550, 10106743.859349705, 69, 29, 40, 303.1121417102006, 30
1, 2358629, 1347049, 1011580, 10107042.900501149, 65, 35, 30, 299.04115144336777, 36
1, 2358675, 1347095, 1011580, 10107317.529569862, 46, 46, 0, 274.6290687140218, 46
51, 2358766, 1347136, 1011630, 10107644.688631801, 91, 41, 50, 327.1590619387661, 42
1, 2358806, 1347176, 1011630, 10107909.175317738, 40, 40, 0, 264.4866859365871, 40
1, 2358883, 1347213, 1011670, 10108221.900981504, 77, 37, 40, 312.72566376652986, 38
1, 2358922, 1347252, 1011670, 10108484.600921448, 39, 39, 0, 262.6999399439383, 39
1, 2358990, 1347290, 1011700, 10108787.46309255, 68, 38, 30, 302.86217110259, 39
51, 2359083, 1347333, 1011750, 10109116.705372458, 93, 43, 50, 329.24227990714814, 44
1, 2359132, 1347382, 1011750, 10109396.080503564, 49, 49, 0, 279.3751311064591, 49
1, 2359210, 1347420, 1011790, 10109709.963290185, 78, 38, 40, 313.8827866200841, 39
1, 2359281, 1347461, 1011820, 10110016.541601004, 71, 41, 30, 306.57831081870995, 42
51, 2359380, 1347510, 1011870, 10110351.875815557, 99, 49, 50, 335.33421455299043, 50
1, 2359420, 1347550, 1011870, 10110616.362501495, 40, 40, 0, 264.4866859365871, 40
1, 2359501, 1347591, 1011910, 10110933.662501495, 81, 41, 40, 317.3, 42
51, 2359590, 1347630, 1011960, 10111258.71036706, 89, 39, 50, 325.0478655640733, 40
1, 2359655, 1347665, 1011990, 10111557.751518503, 65, 35, 30, 299.04115144336777, 36
1, 2359694, 1347704, 1011990, 10111820.451458447, 39, 39, 0, 262.6999399439383, 39
1, 2359772, 1347742, 1012030, 10112134.334245067, 78, 38, 40, 313.8827866200841, 39
51, 2359892, 1347782, 1012110, 10112486.509337032, 120, 40, 80, 352.1750919646873, 42
1, 2359926, 1347816, 1012110, 10112739.78297731, 34, 34, 0, 253.2736402766418, 34
1, 2359960, 1347850, 1012110, 10112993.056617586, 34, 34, 0, 253.2736402766418, 34
1, 2360072, 1347892, 1012180, 10113338.971929926, 112, 42, 70, 345.91531233955715, 44
1, 2360117, 1347937, 1012180, 10113611.973936338, 45, 45, 0, 273.00200641113514, 45
51, 2360210, 1347980, 1012230, 10113941.216216246, 93, 43, 50, 329.24227990714814, 44
1, 2360249, 1348019, 1012230, 10114203.91615619, 39, 39, 0, 262.6999399439383, 39
1, 2360321, 1348061, 1012260, 10114511.711219214, 72, 42, 30, 307.79506302439404, 43
1, 2360416, 1348116, 1012300, 10114844.00978335, 95, 55, 40, 332.2985641352145, 56
1, 2360449, 1348149, 1012300, 10115095.287956042, 33, 33, 0, 251.27817269284301, 33
51, 2360568, 1348188, 1012380, 10115446.571351245, 119, 39, 80, 351.28339520229764, 41
1, 2360612, 1348232, 1012380, 10115717.922308935, 44, 44, 0, 271.35095769013947, 44
1, 2360720, 1348270, 1012450, 10116060.093288481, 108, 38, 70, 342.1709795470626, 40
1, 2360763, 1348313, 1012450, 10116329.768248685, 43, 43, 0, 269.6749602031015, 43
1, 2360809, 1348359, 1012450, 10116604.397317398, 46, 46, 0, 274.6290687140218, 46
51, 2360895, 1348395, 1012500, 10116926.223482046, 86, 36, 50, 321.82616464756694, 37
1, 2360973, 1348433, 1012540, 10117240.106268667, 78, 38, 40, 313.8827866200841, 39
1, 2361047, 1348477, 1012570, 10117550.303477434, 74, 44, 30, 310.1972087668518, 45
1, 2361086, 1348516, 1012570, 10117813.003417378, 39, 39, 0, 262.6999399439383, 39
1, 2361169, 1348559, 1012610, 10118132.538365308, 83, 43, 40, 319.5349479292333, 44
51, 2361262, 1348602, 1012660, 10118461.780645216, 93, 43, 50, 329.24227990714814, 44
1, 2361305, 1348645, 1012660, 10118731.45560542, 43, 43, 0, 269.6749602031015, 43
1, 2361386, 1348686, 1012700, 10119048.75560542, 81, 41, 40, 317.3, 42
1, 2361449, 1348719, 1012730, 10119345.186930146, 63, 33, 30, 296.43132472612575, 34
51, 2361542, 1348762, 1012780, 10119674.429210054, 93, 43, 50, 329.24227990714814, 44
1, 2361588, 1348808, 1012780, 10119949.058278767, 46, 46, 0, 274.6290687140218, 46
1, 2361633, 1348853, 1012780, 10120222.060285179, 45, 45, 0, 273.00200641113514, 45
1, 2361716, 1348896, 1012820, 10120541.595233109, 83, 43, 40, 319.5349479292333, 44
1, 2361762, 1348942, 1012820, 10120816.224301822, 46, 46, 0, 274.6290687140218, 46
51, 2361883, 1348983, 1012900, 10121169.286780858, 121, 41, 80, 353.06247903554, 43
1, 2361925, 1349025, 1012900, 10121437.25977036, 42, 42, 0, 267.97298950218305, 42
1, 2361969, 1349069, 1012900, 10121708.61072805, 44, 44, 0, 271.35095769013947, 44
1, 2362048, 1349108, 1012940, 10122023.641478179, 79, 39, 40, 315.03075013013313, 40
51, 2362174, 1349154, 1013020, 10122381.078374062, 126, 46, 80, 357.43689588345075, 48
1, 2362217, 1349197, 1013020, 10122650.753334265, 43, 43, 0, 269.6749602031015, 43
1, 2362258, 1349238, 1013020, 10122916.99728771, 41, 41, 0, 266.24395344352433, 41
51, 2362349, 1349279, 1013070, 10123244.156349648, 91, 41, 50, 327.1590619387661, 42
1, 2362419, 1349309, 1013110, 10123548.507110499, 70, 30, 40, 304.3507608519078, 31
1, 2362497, 1349357, 1013140, 10123863.38989712, 78, 48, 30, 314.8827866200841, 49
51, 2362583, 1349393, 1013190, 10124185.216061767, 86, 36, 50, 321.82616464756694, 37
1, 2362649, 1349429, 1013220, 10124485.543050045, 66, 36, 30, 300.32698827717985, 37
1, 2362735, 1349475, 1013260, 10124808.369214693, 86, 46, 40, 322.82616464756694, 47
1, 2362780, 1349520, 1013260, 10125081.371221105, 45, 45, 0, 273.00200641113514, 45
51, 2362865, 1349555, 1013310, 10125402.108248776, 85, 35, 50, 320.73702767108114, 36
1, 2362944, 1349604, 1013340, 10125718.138998905, 79, 49, 30, 316.03075013013313, 50
1, 2362984, 1349644, 1013340, 10125982.625684842, 40, 40, 0, 264.4866859365871, 40
51, 2363116, 1349686, 1013430, 10126344.18180727, 132, 42, 90, 361.55612242701943, 44
1, 2363189, 1349729, 1013460, 10126653.18308584, 73, 43, 30, 309.00127856917646, 44
1, 2363224, 1349764, 1013460, 10126908.41301375, 35, 35, 0, 255.22992790977875, 35
1, 2363304, 1349804, 1013500, 10127224.582769996, 80, 40, 40, 316.1697562442441, 41
51, 2363392, 1349842, 1013550, 10127548.564201357, 88, 38, 50, 323.98143136087856, 39
1, 2363433, 1349883, 1013550, 10127814.8081548, 41, 41, 0, 266.24395344352433, 41
1, 2363535, 1349915, 1013620, 10128151.205337582, 102, 32, 70, 336.39718278112656, 34
1, 2363577, 1349957, 1013620, 10128419.178327084, 42, 42, 0, 267.97298950218305, 42
1, 2363621, 1350001, 1013620, 10128690.529284773, 44, 44, 0, 271.35095769013947, 44
51, 2363718, 1350048, 1013670, 10129023.858184045, 97, 47, 50, 333.3288992714996, 48
1, 2363761, 1350091, 1013670, 10129293.533144249, 43, 43, 0, 269.6749602031015, 43
1, 2363844, 1350134, 1013710, 10129613.068092179, 83, 43, 40, 319.5349479292333, 44
1, 2363905, 1350165, 1013740, 10129906.836331446, 61, 31, 30, 293.7682392671241, 32
51, 2364001, 1350211, 1013790, 10130239.15324746, 96, 46, 50, 332.31691601465747, 47
1, 2364084, 1350264, 1013820, 10130559.68819539, 83, 53, 30, 320.5349479292333, 54
1, 2364126, 1350306, 1013820, 10130827.661184892, 42, 42, 0, 267.97298950218305, 42
1, 2364174, 1350354, 1013820, 10131105.475987483, 48, 48, 0, 277.8148025904985, 48
1, 2364245, 1350385, 1013860, 10131411.054298302, 71, 31, 40, 305.57831081870995, 32
51, 2364336, 1350426, 1013910, 10131738.21336024, 91, 41, 50, 327.1590619387661, 42
1, 2364448, 1350468, 1013980, 10132084.128672581, 112, 42, 70, 345.91531233955715, 44
1, 2364497, 1350517, 1013980, 10132363.503803687, 49, 49, 0, 279.3751311064591, 49
1, 2364575, 1350565, 1014010, 10132678.386590308, 78, 48, 30, 314.8827866200841, 49
51, 2364665, 1350605, 1014060, 10133004.49361913, 90, 40, 50, 326.1070288241023, 41
1, 2364718, 1350658, 1014060, 10133289.910406772, 53, 53, 0, 285.4167876408086, 53
1, 2364804, 1350704, 1014100, 10133612.73657142, 86, 46, 40, 322.82616464756694, 47
51, 2364891, 1350741, 1014150, 10133935.644152418, 87, 37, 50, 322.9075809977351, 38
1, 2364957, 1350777, 1014180, 10134235.971140696, 66, 36, 30, 300.32698827717985, 37
1, 2365031, 1350811, 1014220, 10134545.168349463, 74, 34, 40, 309.1972087668518, 35
1, 2365071, 1350851, 1014220, 10134809.6550354, 40, 40, 0, 264.4866859365871, 40
51, 2365183, 1350883, 1014300, 10135154.570347741, 112, 32, 80, 344.91531233955715, 34
1, 2365220, 1350920, 1014300, 10135413.602919197, 37, 37, 0, 259.03257145596604, 37
1, 2365288, 1350948, 1014340, 10135715.465090299, 68, 28, 40, 301.86217110259, 29
51, 2365374, 1350984, 1014390, 10136037.291254947, 86, 36, 50, 321.82616464756694, 37
1, 2365416, 1351026, 1014390, 10136305.264244448, 42, 42, 0, 267.97298950218305, 42
1, 2365492, 1351072, 1014420, 10136617.823416822, 76, 46, 30, 312.5591723737189, 47
1, 2365574, 1351114, 1014460, 10136936.245086664, 82, 42, 40, 318.42166984345636, 43
1, 2365604, 1351144, 1014460, 10137181.279818596, 30, 30, 0, 245.0347319320716, 30
51, 2365693, 1351183, 1014510, 10137506.32768416, 89, 39, 50, 325.0478655640733, 40
1, 2365732, 1351222, 1014510, 10137769.027624104, 39, 39, 0, 262.6999399439383, 39
1, 2365812, 1351262, 1014550, 10138085.197380349, 80, 40, 40, 316.1697562442441, 41
1, 2365881, 1351301, 1014580, 10138389.309522059, 69, 39, 30, 304.1121417102006, 40
51, 2365971, 1351341, 1014630, 10138715.416550882, 90, 40, 50, 326.1070288241023, 41
1, 2366013, 1351383, 1014630, 10138983.389540384, 42, 42, 0, 267.97298950218305, 42
1, 2366089, 1351419, 1014670, 10139294.948712757, 76, 36, 40, 311.5591723737189, 37
1, 2366155, 1351455, 1014700, 10139595.275701035, 66, 36, 30, 300.32698827717985, 37
51, 2366286, 1351496, 1014790, 10139955.98802925, 131, 41, 90, 360.7123282155055, 43
1, 2366322, 1351532, 1014790, 10140213.13700353, 36, 36, 0, 257.1489742783178, 36
1, 2366360, 1351570, 1014790, 10140474.01938315, 38, 38, 0, 260.88237961983884, 38
1, 2366440, 1351610, 1014830, 10140790.189139394, 80, 40, 40, 316.1697562442441, 41
51, 2366536, 1351656, 1014880, 10141122.50605541, 96, 46, 50, 332.31691601465747, 47
1, 2366642, 1351692, 1014950, 10141462.774099018, 106, 36, 70, 340.2680436096278, 38
1, 2366681, 1351731, 1014950, 10141725.474038962, 39, 39, 0, 262.6999399439383, 39
1, 2366756, 1351776, 1014980, 10142036.857134601, 75, 45, 30, 311.38309563827124, 46
51, 2366876, 1351806, 1015070, 10142388.032226566, 120, 30, 90, 351.1750919646873, 32
1, 2366913, 1351843, 1015070, 10142647.064798022, 37, 37, 0, 259.03257145596604, 37
1, 2366951, 1351881, 1015070, 10142907.947177641, 38, 38, 0, 260.88237961983884, 38
1, 2366989, 1351919, 1015070, 10143168.82955726, 38, 38, 0, 260.88237961983884, 38
51, 2367078, 1351958, 1015120, 10143493.877422825, 89, 39, 50, 325.0478655640733, 40
1, 2367187, 1351997, 1015190, 10143836.992054325, 109, 39, 70, 343.114631499574, 41
1, 2367225, 1352035, 1015190, 10144097.874433944, 38, 38, 0, 260.88237961983884, 38
1, 2367274, 1352084, 1015190, 10144377.24956505, 49, 49, 0, 279.3751311064591, 49
1, 2367315, 1352125, 1015190, 10144643.493518494, 41, 41, 0, 266.24395344352433, 41
51, 2367395, 1352155, 1015240, 10144958.663274739, 80, 30, 50, 315.1697562442441, 31
1, 2367506, 1352196, 1015310, 10145303.649992779, 111, 41, 70, 344.9867180408456, 43
1, 2367549, 1352239, 1015310, 10145573.324952982, 43, 43, 0, 269.6749602031015, 43
51, 2367669, 1352279, 1015390, 10145925.500044947, 120, 40, 80, 352.1750919646873, 42
1, 2367708, 1352318, 1015390, 10146188.199984891, 39, 39, 0, 262.6999399439383, 39
1, 2367743, 1352353, 1015390, 10146443.429912802, 35, 35, 0, 255.22992790977875, 35
51, 2367871, 1352391, 1015480, 10146801.588478904, 128, 38, 90, 358.1585661014858, 40
1, 2367912, 1352432, 1015480, 10147067.832432348, 41, 41, 0, 266.24395344352433, 41
1, 2368011, 1352461, 1015550, 10147401.266646901, 99, 29, 70, 333.43421455299045, 31
1, 2368052, 1352502, 1015550, 10147667.510600345, 41, 41, 0, 266.24395344352433, 41
1, 2368137, 1352547, 1015590, 10147989.247628016, 85, 45, 40, 321.73702767108114, 46
51, 2368238, 1352598, 1015640, 10148326.563015988, 101, 51, 50, 337.31538797227006, 52
1, 2368281, 1352641, 1015640, 10148596.237976192, 43, 43, 0, 269.6749602031015, 43
1, 2368361, 1352681, 1015680, 10148912.407732436, 80, 40, 40, 316.1697562442441, 41
1, 2368424, 1352714, 1015710, 10149208.839057162, 63, 33, 30, 296.43132472612575, 34
51, 2368514, 1352754, 1015760, 10149534.946085986, 90, 40, 50, 326.1070288241023, 41
1, 2368626, 1352796, 1015830, 10149880.861398326, 112, 42, 70, 345.91531233955715, 44
1, 2368671, 1352841, 1015830, 10150153.863404738, 45, 45, 0, 273.00200641113514, 45
1, 2368711, 1352881, 1015830, 10150418.350090675, 40, 40, 0, 264.4866859365871, 40
51, 2368797, 1352917, 1015880, 10150740.176255323, 86, 36, 50, 321.82616464756694, 37
1, 2368865, 1352955, 1015910, 10151043.038426425, 68, 38, 30, 302.86217110259, 39
1, 2368947, 1352997, 1015950, 10151361.460096268, 82, 42, 40, 318.42166984345636, 43
1, 2368995, 1353045, 1015950, 10151639.274898859, 48, 48, 0, 277.8148025904985, 48
1, 2369038, 1353088, 1015950, 10151908.949859062, 43, 43, 0, 269.6749602031015, 43
51, 2369132, 1353132, 1016000, 10152239.22358491, 94, 44, 50, 330.273725847777, 45
1, 2369171, 1353171, 1016000, 10152501.923524855, 39, 39, 0, 262.6999399439383, 39
1, 2369286, 1353216, 1016070, 10152850.595741916, 115, 45, 70, 348.6722170622053, 47
51, 2369380, 1353260, 1016120, 10153180.869467765, 94, 44, 50, 330.273725847777, 45
1, 2369413, 1353293, 1016120, 10153432.147640457, 33, 33, 0, 251.27817269284301, 33
1, 2369494, 1353334, 1016160, 10153749.447640458, 81, 41, 40, 317.3, 42
1, 2369528, 1353368, 1016160, 10154002.721280735, 34, 34, 0, 253.2736402766418, 34
51, 2369649, 1353409, 1016240, 10154355.78375977, 121, 41, 80, 353.06247903554, 43
1, 2369694, 1353454, 1016240, 10154628.785766182, 45, 45, 0, 273.00200641113514, 45
1, 2369774, 1353494, 1016280, 10154944.955522427, 80, 40, 40, 316.1697562442441, 41
1, 2369813, 1353533, 1016280, 10155207.655462371, 39, 39, 0, 262.6999399439383, 39
51, 2369980, 1353580, 1016400, 10155593.839091808, 167, 47, 120, 386.1836294370035, 50
1, 2370021, 1353621, 1016400, 10155860.083045252, 41, 41, 0, 266.24395344352433, 41
1, 2370059, 1353659, 1016400, 10156120.965424871, 38, 38, 0, 260.88237961983884, 38
51, 2370149, 1353699, 1016450, 10156447.072453694, 90, 40, 50, 326.1070288241023, 41
1, 2370182, 1353732, 1016450, 10156698.350626387, 33, 33, 0, 251.27817269284301, 33
1, 2370262, 1353772, 1016490, 10157014.520382632, 80, 40, 40, 316.1697562442441, 41
51, 2370386, 1353816, 1016570, 10157370.21977918, 124, 44, 80, 355.6993965481514, 46
1, 2370472, 1353862, 1016610, 10157693.045943828, 86, 46, 40, 322.82616464756694, 47
1, 2370506, 1353896, 1016610, 10157946.319584105, 34, 34, 0, 253.2736402766418, 34
51, 2370601, 1353941, 1016660, 10158277.618148241, 95, 45, 50, 331.2985641352145, 46
1, 2370673, 1353983, 1016690, 10158585.413211266, 72, 42, 30, 307.79506302439404, 43
1, 2370756, 1354026, 1016730, 10158904.948159195, 83, 43, 40, 319.5349479292333, 44
1, 2370789, 1354059, 1016730, 10159156.226331888, 33, 33, 0, 251.27817269284301, 33
51, 2370946, 1354096, 1016850, 10159534.903225007, 157, 37, 120, 378.67689311792185, 40
1, 2370989, 1354139, 1016850, 10159804.57818521, 43, 43, 0, 269.6749602031015, 43
1, 2371063, 1354173, 1016890, 10160113.775393978, 74, 34, 40, 309.1972087668518, 35
1, 2371107, 1354217, 1016890, 10160385.126351668, 44, 44, 0, 271.35095769013947, 44
51, 2371227, 1354257, 1016970, 10160737.301443633, 120, 40, 80, 352.1750919646873, 42
1, 2371300, 1354290, 1017010, 10161045.302722203, 73, 33, 40, 308.00127856917646, 34
1, 2371343, 1354333, 1017010, 10161314.977682406, 43, 43, 0, 269.6749602031015, 43
1, 2371420, 1354370, 1017050, 10161627.703346172, 77, 37, 40, 312.72566376652986, 38
51, 2371511, 1354411, 1017100, 10161954.86240811, 91, 41, 50, 327.1590619387661, 42
1, 2371578, 1354448, 1017130, 10162256.462963369, 67, 37, 30, 301.6005552576305, 38
1, 2371661, 1354491, 1017170, 10162575.997911299, 83, 43, 40, 319.5349479292333, 44
1, 2371704, 1354534, 1017170, 10162845.672871502, 43, 43, 0, 269.6749602031015, 43
1, 2371744, 1354574, 1017170, 10163110.15955744, 40, 40, 0, 264.4866859365871, 40
51, 2371909, 1354619, 1017290, 10163494.862020861, 165, 45, 120, 384.7024634215721, 48
1, 2371933, 1354643, 1017290, 10163725.9984048, 24, 24, 0, 231.13638394006432, 24
1, 2371996, 1354676, 1017320, 10164022.429729527, 63, 33, 30, 296.43132472612575, 34
51, 2372082, 1354712, 1017370, 10164344.255894175, 86, 36, 50, 321.82616464756694, 37
1, 2372117, 1354747, 1017370, 10164599.485822085, 35, 35, 0, 255.22992790977875, 35
1, 2372195, 1354785, 1017410, 10164913.368608706, 78, 38, 40, 313.8827866200841, 39
51, 2372297, 1354837, 1017460, 10165251.665791487, 102, 52, 50, 338.29718278112654, 53
1, 2372360, 1354870, 1017490, 10165548.097116213, 63, 33, 30, 296.43132472612575, 34
1, 2372407, 1354917, 1017490, 10165824.330166083, 47, 47, 0, 276.2330498695885, 47
1, 2372474, 1354954, 1017520, 10166125.93072134, 67, 37, 30, 301.6005552576305, 38
1, 2372519, 1354999, 1017520, 10166398.932727752, 45, 45, 0, 273.00200641113514, 45
51, 2372673, 1355033, 1017640, 10166775.30639475, 154, 34, 120, 376.37366699756114, 37
1, 2372719, 1355079, 1017640, 10167049.935463464, 46, 46, 0, 274.6290687140218, 46
1, 2372758, 1355118, 1017640, 10167312.635403408, 39, 39, 0, 262.6999399439383, 39
1, 2372799, 1355159, 1017640, 10167578.879356852, 41, 41, 0, 266.24395344352433, 41
51, 2372931, 1355201, 1017730, 10167940.43547928, 132, 42, 90, 361.55612242701943, 44
1, 2372974, 1355244, 1017730, 10168210.110439483, 43, 43, 0, 269.6749602031015, 43
1, 2373043, 1355283, 1017760, 10168514.222581193, 69, 39, 30, 304.1121417102006, 40
1, 2373124, 1355324, 1017800, 10168831.522581194, 81, 41, 40, 317.3, 42
51, 2373219, 1355369, 1017850, 10169162.82114533, 95, 45, 50, 331.2985641352145, 46
1, 2373291, 1355401, 1017890, 10169469.616208354, 72, 32, 40, 306.79506302439404, 33
1, 2373328, 1355438, 1017890, 10169728.64877981, 37, 37, 0, 259.03257145596604, 37
1, 2373406, 1355486, 1017920, 10170043.53156643, 78, 48, 30, 314.8827866200841, 49
1, 2373437, 1355517, 1017920, 10170290.692672607, 31, 31, 0, 247.1611061770567, 31
51, 2373517, 1355547, 1017970, 10170605.862428851, 80, 30, 50, 315.1697562442441, 31
1, 2373568, 1355598, 1017970, 10170888.29694063, 51, 51, 0, 282.43451177837886, 51
1, 2373674, 1355634, 1018040, 10171228.56498424, 106, 36, 70, 340.2680436096278, 38
51, 2373767, 1355677, 1018090, 10171557.807264147, 93, 43, 50, 329.24227990714814, 44
1, 2373832, 1355712, 1018120, 10171856.84841559, 65, 35, 30, 299.04115144336777, 36
1, 2373918, 1355758, 1018160, 10172179.674580239, 86, 46, 40, 322.82616464756694, 47
1, 2373971, 1355811, 1018160, 10172465.09136788, 53, 53, 0, 285.4167876408086, 53
51, 2374104, 1355854, 1018250, 10172827.487636922, 133, 43, 90, 362.3962690412072, 45
1, 2374150, 1355900, 1018250, 10173102.116705636, 46, 46, 0, 274.6290687140218, 46
1, 2374220, 1355940, 1018280, 10173407.467466487, 70, 40, 30, 305.3507608519078, 41
1, 2374259, 1355979, 1018280, 10173670.16740643, 39, 39, 0, 262.6999399439383, 39
51, 2374390, 1356020, 1018370, 10174030.879734647, 131, 41, 90, 360.7123282155055, 43
1, 2374441, 1356071, 1018370, 10174313.314246425, 51, 51, 0, 282.43451177837886, 51
1, 2374473, 1356103, 1018370, 10174562.555669425, 32, 32, 0, 249.24142300054422, 32
51, 2374562, 1356142, 1018420, 10174887.603534989, 89, 39, 50, 325.0478655640733, 40
1, 2374629, 1356179, 1018450, 10175189.204090247, 67, 37, 30, 301.6005552576305, 38
1, 2374710, 1356220, 1018490, 10175506.504090248, 81, 41, 40, 317.3, 42
51, 2374794, 1356254, 1018540, 10175826.144100651, 84, 34, 50, 319.64001040350905, 35
1, 2374838, 1356298, 1018540, 10176097.495058341, 44, 44, 0, 271.35095769013947, 44
1, 2374941, 1356331, 1018610, 10176434.868308397, 103, 33, 70, 337.37325005549695, 35
1, 2374984, 1356374, 1018610, 10176704.5432686, 43, 43, 0, 269.6749602031015, 43
51, 2375076, 1356416, 1018660, 10177032.747370068, 92, 42, 50, 328.20410146824725, 43
1, 2375147, 1356457, 1018690, 10177339.325680887, 71, 41, 30, 306.57831081870995, 42
1, 2375242, 1356512, 1018730, 10177671.624245023, 95, 55, 40, 332.2985641352145, 56
51, 2375371, 1356561, 1018810, 10178031.637845514, 129, 49, 80, 360.01360049114555, 51
1, 2375452, 1356602, 1018850, 10178348.937845515, 81, 41, 40, 317.3, 42
1, 2375488, 1356638, 1018850, 10178606.086819794, 36, 36, 0, 257.1489742783178, 36
1, 2375569, 1356679, 1018890, 10178923.386819795, 81, 41, 40, 317.3, 42
51, 2375695, 1356725, 1018970, 10179280.823715677, 126, 46, 80, 357.43689588345075, 48
1, 2375739, 1356769, 1018970, 10179552.174673367, 44, 44, 0, 271.35095769013947, 44
1, 2375768, 1356798, 1018970, 10179795.034252077, 29, 29, 0, 242.8595787106084, 29
1, 2375804, 1356834, 1018970, 10180052.183226356, 36, 36, 0, 257.1489742783178, 36
1, 2375877, 1356877, 1019000, 10180361.184504926, 73, 43, 30, 309.00127856917646, 44
51, 2376002, 1356912, 1019090, 10180716.754657414, 125, 35, 90, 355.57015248821097, 37
1, 2376034, 1356944, 1019090, 10180965.996080413, 32, 32, 0, 249.24142300054422, 32
1, 2376072, 1356982, 1019090, 10181226.878460033, 38, 38, 0, 260.88237961983884, 38
1, 2376155, 1357025, 1019130, 10181546.413407963, 83, 43, 40, 319.5349479292333, 44
51, 2376235, 1357055, 1019180, 10181861.583164208, 80, 30, 50, 315.1697562442441, 31
1, 2376294, 1357084, 1019210, 10182152.631964454, 59, 29, 30, 291.0488002476036, 30
1, 2376338, 1357128, 1019210, 10182423.982922144, 44, 44, 0, 271.35095769013947, 44
51, 2376468, 1357168, 1019300, 10182783.847759683, 130, 40, 90, 359.86483753851803, 42
1, 2376508, 1357208, 1019300, 10183048.33444562, 40, 40, 0, 264.4866859365871, 40
1, 2376586, 1357246, 1019340, 10183362.21723224, 78, 38, 40, 313.8827866200841, 39
1, 2376659, 1357289, 1019370, 10183671.21851081, 73, 43, 30, 309.00127856917646, 44
51, 2376734, 1357314, 1019420, 10183980.60160645, 75, 25, 50, 309.38309563827124, 26
1, 2376772, 1357352, 1019420, 10184241.483986069, 38, 38, 0, 260.88237961983884, 38
1, 2376845, 1357395, 1019450, 10184550.485264638, 73, 43, 30, 309.00127856917646, 44
1, 2376919, 1357429, 1019490, 10184859.682473406, 74, 34, 40, 309.1972087668518, 35
51, 2377020, 1357480, 1019540, 10185196.997861378, 101, 51, 50, 337.31538797227006, 52
1, 2377090, 1357520, 1019570, 10185502.348622229, 70, 40, 30, 305.3507608519078, 41
1, 2377131, 1357561, 1019570, 10185768.592575673, 41, 41, 0, 266.24395344352433, 41
51, 2377215, 1357595, 1019620, 10186088.232586076, 84, 34, 50, 319.64001040350905, 35
1, 2377250, 1357630, 1019620, 10186343.462513987, 35, 35, 0, 255.22992790977875, 35
1, 2377324, 1357664, 1019660, 10186652.659722755, 74, 34, 40, 309.1972087668518, 35
51, 2377409, 1357699, 1019710, 10186973.396750426, 85, 35, 50, 320.73702767108114, 36
1, 2377483, 1357743, 1019740, 10187283.593959194, 74, 44, 30, 310.1972087668518, 45
1, 2377558, 1357778, 1019780, 10187593.977054833, 75, 35, 40, 310.38309563827124, 36
1, 2377596, 1357816, 1019780, 10187854.859434452, 38, 38, 0, 260.88237961983884, 38
1, 2377663, 1357853, 1019810, 10188156.45998971, 67, 37, 30, 301.6005552576305, 38
51, 2377749, 1357889, 1019860, 10188478.286154358, 86, 36, 50, 321.82616464756694, 37
1, 2377791, 1357931, 1019860, 10188746.25914386, 42, 42, 0, 267.97298950218305, 42
1, 2377898, 1357968, 1019930, 10189087.48128913, 107, 37, 70, 341.2221452697031, 39
51, 2377987, 1358007, 1019980, 10189412.529154694, 89, 39, 50, 325.0478655640733, 40
1, 2378016, 1358036, 1019980, 10189655.388733404, 29, 29, 0, 242.8595787106084, 29
1, 2378061, 1358081, 1019980, 10189928.390739815, 45, 45, 0, 273.00200641113514, 45
1, 2378145, 1358125, 1020020, 10190249.030750219, 84, 44, 40, 320.64001040350905, 45
1, 2378184, 1358164, 1020020, 10190511.730690163, 39, 39, 0, 262.6999399439383, 39
51, 2378315, 1358215, 1020100, 10190873.443018379, 131, 51, 80, 361.7123282155055, 53
1, 2378351, 1358251, 1020100, 10191130.591992658, 36, 36, 0, 257.1489742783178, 36
1, 2378424, 1358284, 1020140, 10191438.593271228, 73, 33, 40, 308.00127856917646, 34
1, 2378460, 1358320, 1020140, 10191695.742245506, 36, 36, 0, 257.1489742783178, 36
51, 2378553, 1358363, 1020190, 10192024.984525414, 93, 43, 50, 329.24227990714814, 44
1, 2378623, 1358403, 1020220, 10192330.335286265, 70, 40, 30, 305.3507608519078, 41
1, 2378706, 1358446, 1020260, 10192649.870234195, 83, 43, 40, 319.5349479292333, 44
1, 2378747, 1358487, 1020260, 10192916.11418764, 41, 41, 0, 266.24395344352433, 41
51, 2378841, 1358531, 1020310, 10193246.387913488, 94, 44, 50, 330.273725847777, 45
1, 2378871, 1358561, 1020310, 10193491.42264542, 30, 30, 0, 245.0347319320716, 30
1, 2378911, 1358601, 1020310, 10193755.909331357, 40, 40, 0, 264.4866859365871, 40
1, 2378973, 1358633, 1020340, 10194051.015957687, 62, 32, 30, 295.1066263296683, 33
1, 2379054, 1358674, 1020380, 10194368.315957688, 81, 41, 40, 317.3, 42
51, 2379149, 1358719, 1020430, 10194699.614521824, 95, 45, 50, 331.2985641352145, 46
1, 2379254, 1358754, 1020500, 10195038.923109118, 105, 35, 70, 339.30858729436795, 37
1, 2379299, 1358799, 1020500, 10195311.92511553, 45, 45, 0, 273.00200641113514, 45
1, 2379349, 1358849, 1020500, 10195592.839910377, 50, 50, 0, 280.9147948472494, 50
51, 2379479, 1358899, 1020580, 10195953.704747915, 130, 50, 80, 360.86483753851803, 52
1, 2379568, 1358948, 1020620, 10196279.75261348, 89, 49, 40, 326.0478655640733, 50
1, 2379607, 1358987, 1020620, 10196542.452553423, 39, 39, 0, 262.6999399439383, 39
1, 2379675, 1359025, 1020650, 10196845.314724525, 68, 38, 30, 302.86217110259, 39
1, 2379755, 1359065, 1020690, 10197161.48448077, 80, 40, 40, 316.1697562442441, 41
51, 2379844, 1359104, 1020740, 10197486.532346334, 89, 39, 50, 325.0478655640733, 40
1, 2379878, 1359138, 1020740, 10197739.805986611, 34, 34, 0, 253.2736402766418, 34
1, 2379964, 1359184, 1020780, 10198062.63215126, 86, 46, 40, 322.82616464756694, 47
1, 2380042, 1359232, 1020810, 10198377.51493788, 78, 48, 30, 314.8827866200841, 49
51, 2380120, 1359260, 1020860, 10198690.3977245, 78, 28, 50, 312.8827866200841, 29
1, 2380156, 1359296, 1020860, 10198947.546698779, 36, 36, 0, 257.1489742783178, 36
1, 2380233, 1359333, 1020900, 10199260.272362545, 77, 37, 40, 312.72566376652986, 38
51, 2380354, 1359374, 1020980, 10199613.334841581, 121, 41, 80, 353.06247903554, 43
1, 2380431, 1359411, 1021020, 10199926.060505347, 77, 37, 40, 312.72566376652986, 38
1, 2380475, 1359455, 1021020, 10200197.411463037, 44, 44, 0, 271.35095769013947, 44
1, 2380523, 1359503, 1021020, 10200475.226265628, 48, 48, 0, 277.8148025904985, 48
1, 2380628, 1359538, 1021090, 10200814.534852922, 105, 35, 70, 339.30858729436795, 37
51, 2380716, 1359576, 1021140, 10201138.516284283, 88, 38, 50, 323.98143136087856, 39
1, 2380755, 1359615, 1021140, 10201401.216224227, 39, 39, 0, 262.6999399439383, 39
1, 2380793, 1359653, 1021140, 10201662.098603847, 38, 38, 0, 260.88237961983884, 38
1, 2380843, 1359703, 1021140, 10201943.013398694, 50, 50, 0, 280.9147948472494, 50
51, 2381006, 1359746, 1021260, 10202326.224822173, 163, 43, 120, 383.21142347822723, 46
1, 2381051, 1359791, 1021260, 10202599.226828584, 45, 45, 0, 273.00200641113514, 45
1, 2381100, 1359840, 1021260, 10202878.60195969, 49, 49, 0, 279.3751311064591, 49
1, 2381136, 1359876, 1021260, 10203135.75093397, 36, 36, 0, 257.1489742783178, 36
1, 2381209, 1359919, 1021290, 10203444.75221254, 73, 43, 30, 309.00127856917646, 44
51, 2381304, 1359964, 1021340, 10203776.050776675, 95, 45, 50, 331.2985641352145, 46
1, 2381391, 1360011, 1021380, 10204099.958357673, 87, 47, 40, 323.9075809977351, 48
1, 2381427, 1360047, 1021380, 10204357.107331952, 36, 36, 0, 257.1489742783178, 36
51, 2381507, 1360077, 1021430, 10204672.277088197, 80, 30, 50, 315.1697562442441, 31
1, 2381548, 1360118, 1021430, 10204938.521041641, 41, 41, 0, 266.24395344352433, 41
1, 2381657, 1360157, 1021500, 10205281.635673141, 109, 39, 70, 343.114631499574, 41
51, 2381750, 1360200, 1021550, 10205610.877953049, 93, 43, 50, 329.24227990714814, 44
1, 2381814, 1360234, 1021580, 10205908.620665524, 64, 34, 30, 297.742712474619, 35
1, 2381852, 1360272, 1021580, 10206169.503045144, 38, 38, 0, 260.88237961983884, 38
1, 2381935, 1360315, 1021620, 10206489.037993073, 83, 43, 40, 319.5349479292333, 44
51, 2382055, 1360355, 1021700, 10206841.213085039, 120, 40, 80, 352.1750919646873, 42
1, 2382096, 1360396, 1021700, 10207107.457038483, 41, 41, 0, 266.24395344352433, 41
1, 2382127, 1360427, 1021700, 10207354.61814466, 31, 31, 0, 247.1611061770567, 31
1, 2382208, 1360468, 1021740, 10207671.91814466, 81, 41, 40, 317.3, 42
51, 2382300, 1360510, 1021790, 10208000.122246128, 92, 42, 50, 328.20410146824725, 43
1, 2382338, 1360548, 1021790, 10208261.004625747, 38, 38, 0, 260.88237961983884, 38
1, 2382409, 1360589, 1021820, 10208567.582936566, 71, 41, 30, 306.57831081870995, 42
1, 2382449, 1360629, 1021820, 10208832.069622504, 40, 40, 0, 264.4866859365871, 40
1, 2382529, 1360669, 1021860, 10209148.239378748, 80, 40, 40, 316.1697562442441, 41
51, 2382623, 1360713, 1021910, 10209478.513104597, 94, 44, 50, 330.273725847777, 45
1, 2382663, 1360753, 1021910, 10209742.999790534, 40, 40, 0, 264.4866859365871, 40
1, 2382724, 1360784, 1021940, 10210036.768029802, 61, 31, 30, 293.7682392671241, 32
51, 2382850, 1360820, 1022030, 10210393.204925684, 126, 36, 90, 356.43689588345075, 38
1, 2382886, 1360856, 1022030, 10210650.353899963, 36, 36, 0, 257.1489742783178, 36
1, 2382985, 1360885, 1022100, 10210983.788114516, 99, 29, 70, 333.43421455299045, 31
1, 2383016, 1360916, 1022100, 10211230.949220693, 31, 31, 0, 247.1611061770567, 31
51, 2383148, 1360958, 1022190, 10211592.50534312, 132, 42, 90, 361.55612242701943, 44
1, 2383190, 1361000, 1022190, 10211860.478332622, 42, 42, 0, 267.97298950218305, 42
1, 2383228, 1361038, 1022190, 10212121.360712241, 38, 38, 0, 260.88237961983884, 38
1, 2383272, 1361082, 1022190, 10212392.711669931, 44, 44, 0, 271.35095769013947, 44
1, 2383341, 1361121, 1022220, 10212696.823811641, 69, 39, 30, 304.1121417102006, 40
51, 2383436, 1361166, 1022270, 10213028.122375777, 95, 45, 50, 331.2985641352145, 46
1, 2383526, 1361216, 1022310, 10213355.2294046, 90, 50, 40, 327.1070288241023, 51
1, 2383570, 1361260, 1022310, 10213626.58036229, 44, 44, 0, 271.35095769013947, 44
1, 2383635, 1361295, 1022340, 10213925.621513734, 65, 35, 30, 299.04115144336777, 36
51, 2383721, 1361331, 1022390, 10214247.447678382, 86, 36, 50, 321.82616464756694, 37
1, 2383798, 1361368, 1022430, 10214560.173342148, 77, 37, 40, 312.72566376652986, 38
1, 2383876, 1361416, 1022460, 10214875.056128768, 78, 48, 30, 314.8827866200841, 49
1, 2383920, 1361460, 1022460, 10215146.407086458, 44, 44, 0, 271.35095769013947, 44
51, 2384011, 1361501, 1022510, 10215473.566148397, 91, 41, 50, 327.1590619387661, 42
1, 2384052, 1361542, 1022510, 10215739.81010184, 41, 41, 0, 266.24395344352433, 41
1, 2384153, 1361573, 1022580, 10216075.225489814, 101, 31, 70, 335.41538797227, 33
1, 2384193, 1361613, 1022580, 10216339.712175751, 40, 40, 0, 264.4866859365871, 40
1, 2384226, 1361646, 1022580, 10216590.990348443, 33, 33, 0, 251.27817269284301, 33
51, 2384357, 1361697, 1022660, 10216952.70267666, 131, 51, 80, 361.7123282155055, 53
1, 2384397, 1361737, 1022660, 10217217.189362597, 40, 40, 0, 264.4866859365871, 40
1, 2384462, 1361772, 1022690, 10217516.23051404, 65, 35, 30, 299.04115144336777, 36
1, 2384539, 1361809, 1022730, 10217828.956177806, 77, 37, 40, 312.72566376652986, 38
1, 2384590, 1361860, 1022730, 10218111.390689585, 51, 51, 0, 282.43451177837886, 51
51, 2384681, 1361901, 1022780, 10218438.549751524, 91, 41, 50, 327.1590619387661, 42
1, 2384723, 1361943, 1022780, 10218706.522741025, 42, 42, 0, 267.97298950218305, 42
1, 2384807, 1361987, 1022820, 10219027.162751429, 84, 44, 40, 320.64001040350905, 45
1, 2384873, 1362023, 1022850, 10219327.489739707, 66, 36, 30, 300.32698827717985, 37
1, 2384907, 1362057, 1022850, 10219580.763379984, 34, 34, 0, 253.2736402766418, 34
51, 2385046, 1362106, 1022940, 10219948.126542285, 139, 49, 90, 367.36316230125203, 51
1, 2385082, 1362142, 1022940, 10220205.275516564, 36, 36, 0, 257.1489742783178, 36
1, 2385116, 1362176, 1022940, 10220458.54915684, 34, 34, 0, 253.2736402766418, 34
51, 2385239, 1362219, 1023020, 10220813.373728102, 123, 43, 80, 354.8245712617827, 45
1, 2385277, 1362257, 1023020, 10221074.256107721, 38, 38, 0, 260.88237961983884, 38
1, 2385362, 1362302, 1023060, 10221395.993135393, 85, 45, 40, 321.73702767108114, 46
51, 2385458, 1362348, 1023110, 10221728.310051408, 96, 46, 50, 332.31691601465747, 47
1, 2385535, 1362385, 1023150, 10222041.035715174, 77, 37, 40, 312.72566376652986, 38
1, 2385607, 1362427, 1023180, 10222348.830778198, 72, 42, 30, 307.79506302439404, 43
1, 2385688, 1362468, 1023220, 10222666.130778199, 81, 41, 40, 317.3, 42
51, 2385807, 1362507, 1023300, 10223017.414173402, 119, 39, 80, 351.28339520229764, 41
1, 2385859, 1362559, 1023300, 10223301.34913483, 52, 52, 0, 283.93496142826496, 52
1, 2385909, 1362609, 1023300, 10223582.263929678, 50, 50, 0, 280.9147948472494, 50
1, 2385951, 1362651, 1023300, 10223850.23691918, 42, 42, 0, 267.97298950218305, 42
51, 2386111, 1362691, 1023420, 10224231.192801187, 160, 40, 120, 380.95588200778457, 43
1, 2386156, 1362736, 1023420, 10224504.194807598, 45, 45, 0, 273.00200641113514, 45
1, 2386190, 1362770, 1023420, 10224757.468447875, 34, 34, 0, 253.2736402766418, 34
1, 2386229, 1362809, 1023420, 10225020.16838782, 39, 39, 0, 262.6999399439383, 39
51, 2386316, 1362846, 1023470, 10225343.075968817, 87, 37, 50, 322.9075809977351, 38
1, 2386383, 1362883, 1023500, 10225644.676524075, 67, 37, 30, 301.6005552576305, 38
1, 2386467, 1362927, 1023540, 10225965.316534478, 84, 44, 40, 320.64001040350905, 45
51, 2386560, 1362970, 1023590, 10226294.558814386, 93, 43, 50, 329.24227990714814, 44
1, 2386594, 1363004, 1023590, 10226547.832454663, 34, 34, 0, 253.2736402766418, 34
1, 2386678, 1363048, 1023630, 10226868.472465066, 84, 44, 40, 320.64001040350905, 45
1, 2386717, 1363087, 1023630, 10227131.17240501, 39, 39, 0, 262.6999399439383, 39
51, 2386842, 1363132, 1023710, 10227487.742557498, 125, 45, 80, 356.57015248821097, 47
1, 2386880, 1363170, 1023710, 10227748.624937117, 38, 38, 0, 260.88237961983884, 38
1, 2386917, 1363207, 1023710, 10228007.657508573, 37, 37, 0, 259.03257145596604, 37
1, 2387003, 1363253, 1023750, 10228330.48367322, 86, 46, 40, 322.82616464756694, 47
1, 2387076, 1363296, 1023780, 10228639.48495179, 73, 43, 30, 309.00127856917646, 44
51, 2387203, 1363333, 1023870, 10228996.78463409, 127, 37, 90, 357.2996822992933, 39
1, 2387248, 1363378, 1023870, 10229269.7866405, 45, 45, 0, 273.00200641113514, 45
1, 2387276, 1363406, 1023870, 10229510.41930388, 28, 28, 0, 240.63266337912057, 28
1, 2387393, 1363453, 1023940, 10229860.906120678, 117, 47, 70, 350.4868167986058, 49
51, 2387483, 1363493, 1023990, 10230187.013149502, 90, 40, 50, 326.1070288241023, 41
1, 2387523, 1363533, 1023990, 10230451.499835439, 40, 40, 0, 264.4866859365871, 40
1, 2387594, 1363564, 1024030, 10230757.078146258, 71, 31, 40, 305.57831081870995, 32
1, 2387637, 1363607, 1024030, 10231026.753106462, 43, 43, 0, 269.6749602031015, 43
51, 2387753, 1363643, 1024110, 10231375.334909953, 116, 36, 80, 348.5818034911291, 38
1, 2387796, 1363686, 1024110, 10231645.009870157, 43, 43, 0, 269.6749602031015, 43
1, 2387841, 1363731, 1024110, 10231918.011876568, 45, 45, 0, 273.00200641113514, 45
1, 2387926, 1363776, 1024150, 10232239.74890424, 85, 45, 40, 321.73702767108114, 46
1, 2387967, 1363817, 1024150, 10232505.992857683, 41, 41, 0, 266.24395344352433, 41
51, 2388059, 1363859, 1024200, 10232834.196959151, 92, 42, 50, 328.20410146824725, 43
1, 2388118, 1363888, 1024230, 10233125.245759398, 59, 29, 30, 291.0488002476036, 30
1, 2388148, 1363918, 1024230, 10233370.28049133, 30, 30, 0, 245.0347319320716, 30
51, 2388273, 1363953, 1024320, 10233725.850643817, 125, 35, 90, 355.57015248821097, 37
1, 2388319, 1363999, 1024320, 10234000.479712531, 46, 46, 0, 274.6290687140218, 46
1, 2388362, 1364042, 1024320, 10234270.154672734, 43, 43, 0, 269.6749602031015, 43
1, 2388430, 1364080, 1024350, 10234573.016843837, 68, 38, 30, 302.86217110259, 39
1, 2388474, 1364124, 1024350, 10234844.367801527, 44, 44, 0, 271.35095769013947, 44
51, 2388600, 1364160, 1024440, 10235200.80469741, 126, 36, 90, 356.43689588345075, 38
1, 2388642, 1364202, 1024440, 10235468.77768691, 42, 42, 0, 267.97298950218305, 42
1, 2388686, 1364246, 1024440, 10235740.1286446, 44, 44, 0, 271.35095769013947, 44
1, 2388751, 1364281, 1024470, 10236039.169796044, 65, 35, 30, 299.04115144336777, 36
1, 2388835, 1364325, 1024510, 10236359.809806447, 84, 44, 40, 320.64001040350905, 45
51, 2388925, 1364365, 1024560, 10236685.91683527, 90, 40, 50, 326.1070288241023, 41
1, 2388958, 1364398, 1024560, 10236937.195007963, 33, 33, 0, 251.27817269284301, 33
1, 2389038, 1364438, 1024600, 10237253.364764208, 80, 40, 40, 316.1697562442441, 41
51, 2389122, 1364472, 1024650, 10237573.004774611, 84, 34, 50, 319.64001040350905, 35
1, 2389195, 1364515, 1024680, 10237882.006053181, 73, 43, 30, 309.00127856917646, 44
1, 2389235, 1364555, 1024680, 10238146.492739119, 40, 40, 0, 264.4866859365871, 40
1, 2389272, 1364592, 1024680, 10238405.525310574, 37, 37, 0, 259.03257145596604, 37
51, 2389399, 1364629, 1024770, 10238762.824992873, 127, 37, 90, 357.2996822992933, 39
1, 2389462, 1364662, 1024800, 10239059.256317599, 63, 33, 30, 296.43132472612575, 34
1, 2389505, 1364705, 1024800, 10239328.931277802, 43, 43, 0, 269.6749602031015, 43
1, 2389544, 1364744, 1024800, 10239591.631217746, 39, 39, 0, 262.6999399439383, 39
51, 2389680, 1364790, 1024890, 10239956.526514782, 136, 46, 90, 364.89529703482884, 48
1, 2389712, 1364822, 1024890, 10240205.767937781, 32, 32, 0, 249.24142300054422, 32
1, 2389743, 1364853, 1024890, 10240452.929043958, 31, 31, 0, 247.1611061770567, 31
1, 2389805, 1364885, 1024920, 10240748.035670288, 62, 32, 30, 295.1066263296683, 33
51, 2389935, 1364925, 1025010, 10241107.900507826, 130, 40, 90, 359.86483753851803, 42
1, 2390003, 1364963, 1025040, 10241410.762678929, 68, 38, 30, 302.86217110259, 39
1, 2390080, 1365000, 1025080, 10241723.488342695, 77, 37, 40, 312.72566376652986, 38
1, 2390121, 1365041, 1025080, 10241989.732296139, 41, 41, 0, 266.24395344352433, 41
51, 2390251, 1365091, 1025160, 10242350.597133677, 130, 50, 80, 360.86483753851803, 52
1, 2390291, 1365131, 1025160, 10242615.083819615, 40, 40, 0, 264.4866859365871, 40
1, 2390339, 1365179, 1025160, 10242892.898622205, 48, 48, 0, 277.8148025904985, 48
1, 2390379, 1365219, 1025160, 10243157.385308143, 40, 40, 0, 264.4866859365871, 40
51, 2390544, 1365264, 1025280, 10243542.087771565, 165, 45, 120, 384.7024634215721, 48
1, 2390587, 1365307, 1025280, 10243811.762731768, 43, 43, 0, 269.6749602031015, 43
1, 2390622, 1365342, 1025280, 10244066.992659679, 35, 35, 0, 255.22992790977875, 35
1, 2390704, 1365384, 1025320, 10244385.414329521, 82, 42, 40, 318.42166984345636, 43
51, 2390789, 1365419, 1025370, 10244706.151357193, 85, 35, 50, 320.73702767108114, 36
1, 2390830, 1365460, 1025370, 10244972.395310637, 41, 41, 0, 266.24395344352433, 41
1, 2390901, 1365501, 1025400, 10245278.973621456, 71, 41, 30, 306.57831081870995, 42
1, 2390939, 1365539, 1025400, 10245539.856001075, 38, 38, 0, 260.88237961983884, 38
51, 2391070, 1365580, 1025490, 10245900.568329291, 131, 41, 90, 360.7123282155055, 43
1, 2391104, 1365614, 1025490, 10246153.841969568, 34, 34, 0, 253.2736402766418, 34
1, 2391162, 1365642, 1025520, 10246443.508871676, 58, 28, 30, 289.66690210718946, 29
1, 2391208, 1365688, 1025520, 10246718.13794039, 46, 46, 0, 274.6290687140218, 46
1, 2391250, 1365730, 1025520, 10246986.110929891, 42, 42, 0, 267.97298950218305, 42
51, 2391337, 1365767, 1025570, 10247309.01851089, 87, 37, 50, 322.9075809977351, 38
1, 2391454, 1365814, 1025640, 10247659.505327689, 117, 47, 70, 350.4868167986058, 49
1, 2391500, 1365860, 1025640, 10247934.134396402, 46, 46, 0, 274.6290687140218, 46
51, 2391620, 1365900, 1025720, 10248286.309488367, 120, 40, 80, 352.1750919646873, 42
1, 2391654, 1365934, 1025720, 10248539.583128644, 34, 34, 0, 253.2736402766418, 34
1, 2391698, 1365978, 1025720, 10248810.934086334, 44, 44, 0, 271.35095769013947, 44
1, 2391774, 1366014, 1025760, 10249122.493258707, 76, 36, 40, 311.5591723737189, 37
51, 2391895, 1366055, 1025840, 10249475.555737743, 121, 41, 80, 353.06247903554, 43
1, 2391928, 1366088, 1025840, 10249726.833910435, 33, 33, 0, 251.27817269284301, 33
1, 2391968, 1366128, 1025840, 10249991.320596373, 40, 40, 0, 264.4866859365871, 40
1, 2392077, 1366167, 1025910, 10250334.435227873, 109, 39, 70, 343.114631499574, 41
51, 2392162, 1366202, 1025960, 10250655.172255544, 85, 35, 50, 320.73702767108114, 36
1, 2392204, 1366244, 1025960, 10250923.145245045, 42, 42, 0, 267.97298950218305, 42
1, 2392241, 1366281, 1025960, 10251182.1778165, 37, 37, 0, 259.03257145596604, 37
1, 2392330, 1366330, 1026000, 10251508.225682065, 89, 49, 40, 326.0478655640733, 50
51, 2392442, 1366362, 1026080, 10251853.140994405, 112, 32, 80, 344.91531233955715, 34
1, 2392481, 1366401, 1026080, 10252115.84093435, 39, 39, 0, 262.6999399439383, 39
1, 2392509, 1366429, 1026080, 10252356.473597728, 28, 28, 0, 240.63266337912057, 28
1, 2392578, 1366468, 1026110, 10252660.585739437, 69, 39, 30, 304.1121417102006, 40
51, 2392713, 1366513, 1026200, 10253024.651549378, 135, 45, 90, 364.06580994024984, 47
1, 2392749, 1366549, 1026200, 10253281.800523657, 36, 36, 0, 257.1489742783178, 36
1, 2392785, 1366585, 1026200, 10253538.949497936, 36, 36, 0, 257.1489742783178, 36
1, 2392850, 1366620, 1026230, 10253837.99064938, 65, 35, 30, 299.04115144336777, 36
51, 2392977, 1366657, 1026320, 10254195.290331678, 127, 37, 90, 357.2996822992933, 39
1, 2393048, 1366698, 1026350, 10254501.868642498, 71, 41, 30, 306.57831081870995, 42
1, 2393082, 1366732, 1026350, 10254755.142282775, 34, 34, 0, 253.2736402766418, 34
1, 2393166, 1366776, 1026390, 10255075.782293178, 84, 44, 40, 320.64001040350905, 45
1, 2393205, 1366815, 1026390, 10255338.482233122, 39, 39, 0, 262.6999399439383, 39
51, 2393327, 1366857, 1026470, 10255692.427851675, 122, 42, 80, 353.9456185537469, 44
1, 2393359, 1366889, 1026470, 10255941.669274675, 32, 32, 0, 249.24142300054422, 32
1, 2393441, 1366931, 1026510, 10256260.090944517, 82, 42, 40, 318.42166984345636, 43
1, 2393486, 1366976, 1026510, 10256533.092950929, 45, 45, 0, 273.00200641113514, 45
51, 2393576, 1367016, 1026560, 10256859.199979752, 90, 40, 50, 326.1070288241023, 41
1, 2393688, 1367058, 1026630, 10257205.115292093, 112, 42, 70, 345.91531233955715, 44
1, 2393718, 1367088, 1026630, 10257450.150024025, 30, 30, 0, 245.0347319320716, 30
1, 2393783, 1367123, 1026660, 10257749.191175468, 65, 35, 30, 299.04115144336777, 36
1, 2393823, 1367163, 1026660, 10258013.677861406, 40, 40, 0, 264.4866859365871, 40
51, 2393945, 1367195, 1026750, 10258366.623479959, 122, 32, 90, 352.9456185537469, 34
1, 2394016, 1367236, 1026780, 10258673.201790778, 71, 41, 30, 306.57831081870995, 42
1, 2394055, 1367275, 1026780, 10258935.901730722, 39, 39, 0, 262.6999399439383, 39
1, 2394098, 1367318, 1026780, 10259205.576690925, 43, 43, 0, 269.6749602031015, 43
1, 2394215, 1367365, 1026850, 10259556.063507725, 117, 47, 70, 350.4868167986058, 49
51, 2394318, 1367418, 1026900, 10259895.33675778, 103, 53, 50, 339.27325005549693, 54
1, 2394346, 1367446, 1026900, 10260135.969421158, 28, 28, 0, 240.63266337912057, 28
1, 2394379, 1367479, 1026900, 10260387.24759385, 33, 33, 0, 251.27817269284301, 33
51, 2394519, 1367529, 1026990, 10260755.426656675, 140, 50, 90, 368.1790628250393, 52
1, 2394555, 1367565, 1026990, 10261012.575630954, 36, 36, 0, 257.1489742783178, 36
1, 2394627, 1367607, 1027020, 10261320.370693978, 72, 42, 30, 307.79506302439404, 43
1, 2394669, 1367649, 1027020, 10261588.34368348, 42, 42, 0, 267.97298950218305, 42
51, 2394794, 1367694, 1027100, 10261944.913835967, 125, 45, 80, 356.57015248821097, 47
1, 2394830, 1367730, 1027100, 10262202.062810246, 36, 36, 0, 257.1489742783178, 36
1, 2394944, 1367774, 1027170, 10262549.820797937, 114, 44, 70, 347.75798769167545, 46
1, 2394979, 1367809, 1027170, 10262805.050725847, 35, 35, 0, 255.22992790977875, 35
51, 2395070, 1367850, 1027220, 10263132.209787786, 91, 41, 50, 327.1590619387661, 42
1, 2395100, 1367880, 1027220, 10263377.244519718, 30, 30, 0, 245.0347319320716, 30
1, 2395176, 1367916, 1027260, 10263688.803692091, 76, 36, 40, 311.5591723737189, 37
51, 2395267, 1367957, 1027310, 10264015.96275403, 91, 41, 50, 327.1590619387661, 42
1, 2395342, 1368002, 1027340, 10264327.345849669, 75, 45, 30, 311.38309563827124, 46
1, 2395387, 1368047, 1027340, 10264600.34785608, 45, 45, 0, 273.00200641113514, 45
1, 2395427, 1368087, 1027340, 10264864.834542017, 40, 40, 0, 264.4866859365871, 40
1, 2395504, 1368124, 1027380, 10265177.560205784, 77, 37, 40, 312.72566376652986, 38
51, 2395632, 1368172, 1027460, 10265536.718771886, 128, 48, 80, 359.1585661014858, 50
1, 2395680, 1368220, 1027460, 10265814.533574477, 48, 48, 0, 277.8148025904985, 48
1, 2395749, 1368259, 1027490, 10266118.645716187, 69, 39, 30, 304.1121417102006, 40
1, 2395788, 1368298, 1027490, 10266381.34565613, 39, 39, 0, 262.6999399439383, 39
51, 2395929, 1368349, 1027580, 10266750.337328795, 141, 51, 90, 368.9916726654594, 53
1, 2395966, 1368386, 1027580, 10267009.36990025, 37, 37, 0, 259.03257145596604, 37
1, 2396045, 1368425, 1027620, 10267324.40065038, 79, 39, 40, 315.03075013013313, 40
1, 2396086, 1368466, 1027620, 10267590.644603824, 41, 41, 0, 266.24395344352433, 41
51, 2396248, 1368508, 1027740, 10267973.106738325, 162, 42, 120, 382.4621345008163, 45
1, 2396282, 1368542, 1027740, 10268226.380378602, 34, 34, 0, 253.2736402766418, 34
1, 2396359, 1368579, 1027780, 10268539.106042368, 77, 37, 40, 312.72566376652986, 38
1, 2396397, 1368617, 1027780, 10268799.988421988, 38, 38, 0, 260.88237961983884, 38
1, 2396437, 1368657, 1027780, 10269064.475107925, 40, 40, 0, 264.4866859365871, 40
51, 2396533, 1368703, 1027830, 10269396.79202394, 96, 46, 50, 332.31691601465747, 47
1, 2396598, 1368738, 1027860, 10269695.833175384, 65, 35, 30, 299.04115144336777, 36
1, 2396678, 1368778, 1027900, 10270012.002931628, 80, 40, 40, 316.1697562442441, 41
1, 2396715, 1368815, 1027900, 10270271.035503084, 37, 37, 0, 259.03257145596604, 37
51, 2396802, 1368852, 1027950, 10270593.943084082, 87, 37, 50, 322.9075809977351, 38
1, 2396846, 1368896, 1027950, 10270865.294041771, 44, 44, 0, 271.35095769013947, 44
1, 2396892, 1368942, 1027950, 10271139.923110485, 46, 46, 0, 274.6290687140218, 46
1, 2396964, 1368984, 1027980, 10271447.71817351, 72, 42, 30, 307.79506302439404, 43
51, 2397089, 1369019, 1028070, 10271803.288325997, 125, 35, 90, 355.57015248821097, 37
1, 2397161, 1369061, 1028100, 10272111.083389021, 72, 42, 30, 307.79506302439404, 43
1, 2397208, 1369108, 1028100, 10272387.316438891, 47, 47, 0, 276.2330498695885, 47
1, 2397293, 1369153, 1028140, 10272709.053466562, 85, 45, 40, 321.73702767108114, 46
1, 2397326, 1369186, 1028140, 10272960.331639254, 33, 33, 0, 251.27817269284301, 33
51, 2397447, 1369227, 1028220, 10273313.39411829, 121, 41, 80, 353.06247903554, 43
1, 2397481, 1369261, 1028220, 10273566.667758567, 34, 34, 0, 253.2736402766418, 34
1, 2397510, 1369290, 1028220, 10273809.527337277, 29, 29, 0, 242.8595787106084, 29
1, 2397597, 1369337, 1028260, 10274133.434918275, 87, 47, 40, 323.9075809977351, 48
51, 2397693, 1369383, 1028310, 10274465.75183429, 96, 46, 50, 332.31691601465747, 47
1, 2397733, 1369423, 1028310, 10274730.238520227, 40, 40, 0, 264.4866859365871, 40
1, 2397799, 1369459, 1028340, 10275030.565508505, 66, 36, 30, 300.32698827717985, 37
1, 2397848, 1369508, 1028340, 10275309.940639611, 49, 49, 0, 279.3751311064591, 49
51, 2397969, 1369539, 1028430, 10275662.003118647, 121, 31, 90, 352.06247903554, 33
1, 2398010, 1369580, 1028430, 10275928.247072091, 41, 41, 0, 266.24395344352433, 41
1, 2398079, 1369619, 1028460, 10276232.359213801, 69, 39, 30, 304.1121417102006, 40
51, 2398210, 1369660, 1028550, 10276593.071542017, 131, 41, 90, 360.7123282155055, 43
1, 2398253, 1369703, 1028550, 10276862.74650222, 43, 43, 0, 269.6749602031015, 43
1, 2398294, 1369744, 1028550, 10277128.990455665, 41, 41, 0, 266.24395344352433, 41
51, 2398453, 1369783, 1028670, 10277509.189318137, 159, 39, 120, 380.1988624723894, 42
1, 2398495, 1369825, 1028670, 10277777.162307639, 42, 42, 0, 267.97298950218305, 42
1, 2398537, 1369867, 1028670, 10278045.13529714, 42, 42, 0, 267.97298950218305, 42
1, 2398570, 1369900, 1028670, 10278296.413469832, 33, 33, 0, 251.27817269284301, 33
51, 2398698, 1369948, 1028750, 10278655.572035935, 128, 48, 80, 359.1585661014858, 50
1, 2398737, 1369987, 1028750, 10278918.271975879, 39, 39, 0, 262.6999399439383, 39
1, 2398815, 1370025, 1028790, 10279232.154762499, 78, 38, 40, 313.8827866200841, 39
1, 2398841, 1370051, 1028790, 10279468.164848935, 26, 26, 0, 236.01008643532256, 26
1, 2398873, 1370083, 1028790, 10279717.406271935, 32, 32, 0, 249.24142300054422, 32
51, 2399001, 1370131, 1028870, 10280076.564838037, 128, 48, 80, 359.1585661014858, 50
1, 2399046, 1370176, 1028870, 10280349.566844448, 45, 45, 0, 273.00200641113514, 45
1, 2399083, 1370213, 1028870, 10280608.599415904, 37, 37, 0, 259.03257145596604, 37
1, 2399154, 1370244, 1028910, 10280914.177726723, 71, 31, 40, 305.57831081870995, 32
51, 2399238, 1370278, 1028960, 10281233.817737127, 84, 34, 50, 319.64001040350905, 35
1, 2399310, 1370320, 1028990, 10281541.612800151, 72, 42, 30, 307.79506302439404, 43
1, 2399341, 1370351, 1028990, 10281788.773906328, 31, 31, 0, 247.1611061770567, 31
1, 2399374, 1370384, 1028990, 10282040.05207902, 33, 33, 0, 251.27817269284301, 33
51, 2399517, 1370437, 1029080, 10282410.659261465, 143, 53, 90, 370.6071824456716, 55
1, 2399556, 1370476, 1029080, 10282673.359201409, 39, 39, 0, 262.6999399439383, 39
1, 2399630, 1370520, 1029110, 10282983.556410177, 74, 44, 30, 310.1972087668518, 45
51, 2399724, 1370564, 1029160, 10283313.830136025, 94, 44, 50, 330.273725847777, 45
1, 2399798, 1370598, 1029200, 10283623.027344793, 74, 34, 40, 309.1972087668518, 35
1, 2399845, 1370645, 1029200, 10283899.260394663, 47, 47, 0, 276.2330498695885, 47
1, 2399870, 1370670, 1029200, 10284132.867192412, 25, 25, 0, 233.60679774997897, 25
1, 2399908, 1370708, 1029200, 10284393.749572031, 38, 38, 0, 260.88237961983884, 38
51, 2400027, 1370747, 1029280, 10284745.032967234, 119, 39, 80, 351.28339520229764, 41
1, 2400104, 1370784, 1029320, 10285057.758631, 77, 37, 40, 312.72566376652986, 38
1, 2400176, 1370826, 1029350, 10285365.553694025, 72, 42, 30, 307.79506302439404, 43
1, 2400217, 1370867, 1029350, 10285631.797647469, 41, 41, 0, 266.24395344352433, 41
51, 2400327, 1370897, 1029430, 10285974.850831516, 110, 30, 80, 343.0531840464366, 32
1, 2400370, 1370940, 1029430, 10286244.52579172, 43, 43, 0, 269.6749602031015, 43
1, 2400452, 1370982, 1029470, 10286562.947461562, 82, 42, 40, 318.42166984345636, 43
51, 2400532, 1371012, 1029520, 10286878.117217807, 80, 30, 50, 315.1697562442441, 31
1, 2400602, 1371052, 1029550, 10287183.467978658, 70, 40, 30, 305.3507608519078, 41
1, 2400643, 1371093, 1029550, 10287449.711932102, 41, 41, 0, 266.24395344352433, 41
1, 2400716, 1371136, 1029580, 10287758.713210672, 73, 43, 30, 309.00127856917646, 44
51, 2400847, 1371177, 1029670, 10288119.425538888, 131, 41, 90, 360.7123282155055, 43
1, 2400888, 1371218, 1029670, 10288385.669492332, 41, 41, 0, 266.24395344352433, 41
1, 2400925, 1371255, 1029670, 10288644.702063788, 37, 37, 0, 259.03257145596604, 37
1, 2400996, 1371296, 1029700, 10288951.280374607, 71, 41, 30, 306.57831081870995, 42
51, 2401088, 1371338, 1029750, 10289279.484476075, 92, 42, 50, 328.20410146824725, 43
1, 2401128, 1371378, 1029750, 10289543.971162012, 40, 40, 0, 264.4866859365871, 40
1, 2401217, 1371427, 1029790, 10289870.019027576, 89, 49, 40, 326.0478655640733, 50
1, 2401259, 1371469, 1029790, 10290137.992017077, 42, 42, 0, 267.97298950218305, 42
51, 2401389, 1371519, 1029870, 10290498.856854616, 130, 50, 80, 360.86483753851803, 52
1, 2401438, 1371568, 1029870, 10290778.231985722, 49, 49, 0, 279.3751311064591, 49
1, 2401519, 1371609, 1029910, 10291095.531985722, 81, 41, 40, 317.3, 42
51, 2401608, 1371648, 1029960, 10291420.579851286, 89, 39, 50, 325.0478655640733, 40
1, 2401661, 1371701, 1029960, 10291705.996638928, 53, 53, 0, 285.4167876408086, 53
1, 2401702, 1371742, 1029960, 10291972.240592372, 41, 41, 0, 266.24395344352433, 41
1, 2401778, 1371788, 1029990, 10292284.799764745, 76, 46, 30, 312.5591723737189, 47
51, 2401906, 1371826, 1030080, 10292642.958330847, 128, 38, 90, 358.1585661014858, 40
1, 2401951, 1371871, 1030080, 10292915.960337259, 45, 45, 0, 273.00200641113514, 45
1, 2402027, 1371907, 1030120, 10293227.519509632, 76, 36, 40, 311.5591723737189, 37
51, 2402117, 1371947, 1030170, 10293553.626538455, 90, 40, 50, 326.1070288241023, 41
1, 2402158, 1371988, 1030170, 10293819.8704919, 41, 41, 0, 266.24395344352433, 41
1, 2402229, 1372029, 1030200, 10294126.448802719, 71, 41, 30, 306.57831081870995, 42
1, 2402268, 1372068, 1030200, 10294389.148742663, 39, 39, 0, 262.6999399439383, 39
1, 2402378, 1372108, 1030270, 10294733.20192671, 110, 40, 70, 344.0531840464366, 42
51, 2402470, 1372150, 1030320, 10295061.406028178, 92, 42, 50, 328.20410146824725, 43
1, 2402545, 1372195, 1030350, 10295372.789123816, 75, 45, 30, 311.38309563827124, 46
1, 2402583, 1372233, 1030350, 10295633.671503436, 38, 38, 0, 260.88237961983884, 38
1, 2402698, 1372278, 1030420, 10295982.343720498, 115, 45, 70, 348.6722170622053, 47
51, 2402789, 1372319, 1030470, 10296309.502782436, 91, 41, 50, 327.1590619387661, 42
1, 2402829, 1372359, 1030470, 10296573.989468373, 40, 40, 0, 264.4866859365871, 40
1, 2402914, 1372404, 1030510, 10296895.726496045, 85, 45, 40, 321.73702767108114, 46
1, 2402950, 1372440, 1030510, 10297152.875470323, 36, 36, 0, 257.1489742783178, 36
51, 2403076, 1372486, 1030590, 10297510.312366206, 126, 46, 80, 357.43689588345075, 48
1, 2403161, 1372531, 1030630, 10297832.049393877, 85, 45, 40, 321.73702767108114, 46
1, 2403195, 1372565, 1030630, 10298085.323034154, 34, 34, 0, 253.2736402766418, 34
51, 2403292, 1372612, 1030680, 10298418.651933426, 97, 47, 50, 333.3288992714996, 48
1, 2403355, 1372645, 1030710, 10298715.083258152, 63, 33, 30, 296.43132472612575, 34
1, 2403434, 1372684, 1030750, 10299030.114008281, 79, 39, 40, 315.03075013013313, 40
1, 2403468, 1372718, 1030750, 10299283.387648558, 34, 34, 0, 253.2736402766418, 34
51, 2403555, 1372755, 1030800, 10299606.295229556, 87, 37, 50, 322.9075809977351, 38
1, 2403620, 1372790, 1030830, 10299905.336381, 65, 35, 30, 299.04115144336777, 36
1, 2403662, 1372832, 1030830, 10300173.309370501, 42, 42, 0, 267.97298950218305, 42
1, 2403700, 1372870, 1030830, 10300434.19175012, 38, 38, 0, 260.88237961983884, 38
51, 2403860, 1372910, 1030950, 10300815.147632128, 160, 40, 120, 380.95588200778457, 43
1, 2403893, 1372943, 1030950, 10301066.42580482, 33, 33, 0, 251.27817269284301, 33
1, 2403954, 1372974, 1030980, 10301360.194044087, 61, 31, 30, 293.7682392671241, 32
1, 2404042, 1373022, 1031020, 10301685.175475448, 88, 48, 40, 324.98143136087856, 49
1, 2404080, 1373060, 1031020, 10301946.057855068, 38, 38, 0, 260.88237961983884, 38
51, 2404173, 1373103, 1031070, 10302275.300134975, 93, 43, 50, 329.24227990714814, 44
1, 2404254, 1373144, 1031110, 10302592.600134976, 81, 41, 40, 317.3, 42
1, 2404320, 1373180, 1031140, 10302892.927123254, 66, 36, 30, 300.32698827717985, 37
1, 2404399, 1373219, 1031180, 10303207.957873384, 79, 39, 40, 315.03075013013313, 40
51, 2404492, 1373262, 1031230, 10303537.200153291, 93, 43, 50, 329.24227990714814, 44
1, 2404529, 1373299, 1031230, 10303796.232724747, 37, 37, 0, 259.03257145596604, 37
1, 2404604, 1373344, 1031260, 10304107.615820386, 75, 45, 30, 311.38309563827124, 46
51, 2404728, 1373378, 1031350, 10304462.315216934, 124, 34, 90, 354.6993965481514, 36
1, 2404769, 1373419, 1031350, 10304728.559170378, 41, 41, 0, 266.24395344352433, 41
1, 2404842, 1373462, 1031380, 10305037.560448948, 73, 43, 30, 309.00127856917646, 44
51, 2404931, 1373501, 1031430, 10305362.608314512, 89, 39, 50, 325.0478655640733, 40
1, 2405007, 1373537, 1031470, 10305674.167486886, 76, 36, 40, 311.5591723737189, 37
1, 2405072, 1373572, 1031500, 10305973.208638329, 65, 35, 30, 299.04115144336777, 36
1, 2405109, 1373609, 1031500, 10306232.241209785, 37, 37, 0, 259.03257145596604, 37
51, 2405199, 1373649, 1031550, 10306558.348238608, 90, 40, 50, 326.1070288241023, 41
1, 2405275, 1373685, 1031590, 10306869.907410981, 76, 36, 40, 311.5591723737189, 37
1, 2405346, 1373726, 1031620, 10307176.4857218, 71, 41, 30, 306.57831081870995, 42
1, 2405379, 1373759, 1031620, 10307427.763894493, 33, 33, 0, 251.27817269284301, 33
51, 2405528, 1373788, 1031740, 10307800.242709188, 149, 29, 120, 372.4788146945047, 32
1, 2405569, 1373829, 1031740, 10308066.486662632, 41, 41, 0, 266.24395344352433, 41
1, 2405608, 1373868, 1031740, 10308329.186602576, 39, 39, 0, 262.6999399439383, 39
1, 2405637, 1373897, 1031740, 10308572.046181286, 29, 29, 0, 242.8595787106084, 29
1, 2405719, 1373939, 1031780, 10308890.467851128, 82, 42, 40, 318.42166984345636, 43
51, 2405809, 1373979, 1031830, 10309216.574879952, 90, 40, 50, 326.1070288241023, 41
1, 2405872, 1374012, 1031860, 10309513.006204678, 63, 33, 30, 296.43132472612575, 34
1, 2405916, 1374056, 1031860, 10309784.357162368, 44, 44, 0, 271.35095769013947, 44
1, 2405956, 1374096, 1031860, 10310048.843848305, 40, 40, 0, 264.4866859365871, 40
51, 2406105, 1374125, 1031980, 10310421.322663, 149, 29, 120, 372.4788146945047, 32
1, 2406143, 1374163, 1031980, 10310682.20504262, 38, 38, 0, 260.88237961983884, 38
1, 2406184, 1374204, 1031980, 10310948.448996063, 41, 41, 0, 266.24395344352433, 41
1, 2406259, 1374239, 1032020, 10311258.832091702, 75, 35, 40, 310.38309563827124, 36
51, 2406347, 1374277, 1032070, 10311582.813523063, 88, 38, 50, 323.98143136087856, 39
1, 2406390, 1374320, 1032070, 10311852.488483267, 43, 43, 0, 269.6749602031015, 43
1, 2406450, 1374350, 1032100, 10312144.904251639, 60, 30, 30, 292.41576837137404, 31
1, 2406493, 1374393, 1032100, 10312414.579211842, 43, 43, 0, 269.6749602031015, 43
51, 2406623, 1374433, 1032190, 10312774.44404938, 130, 40, 90, 359.86483753851803, 42
1, 2406659, 1374469, 1032190, 10313031.59302366, 36, 36, 0, 257.1489742783178, 36
1, 2406701, 1374511, 1032190, 10313299.566013161, 42, 42, 0, 267.97298950218305, 42
1, 2406813, 1374553, 1032260, 10313645.481325502, 112, 42, 70, 345.91531233955715, 44
1, 2406853, 1374593, 1032260, 10313909.968011439, 40, 40, 0, 264.4866859365871, 40
51, 2406978, 1374638, 1032340, 10314266.538163926, 125, 45, 80, 356.57015248821097, 47
1, 2407013, 1374673, 1032340, 10314521.768091837, 35, 35, 0, 255.22992790977875, 35
1, 2407045, 1374705, 1032340, 10314771.009514837, 32, 32, 0, 249.24142300054422, 32
1, 2407121, 1374751, 1032370, 10315083.56868721, 76, 46, 30, 312.5591723737189, 47
51, 2407249, 1374789, 1032460, 10315441.727253312, 128, 38, 90, 358.1585661014858, 40
1, 2407296, 1374836, 1032460, 10315717.960303182, 47, 47, 0, 276.2330498695885, 47
1, 2407376, 1374876, 1032500, 10316034.130059427, 80, 40, 40, 316.1697562442441, 41
51, 2407469, 1374919, 1032550, 10316363.372339334, 93, 43, 50, 329.24227990714814, 44
1, 2407578, 1374958, 1032620, 10316706.486970834, 109, 39, 70, 343.114631499574, 41
1, 2407619, 1374999, 1032620, 10316972.730924278, 41, 41, 0, 266.24395344352433, 41
1, 2407698, 1375038, 1032660, 10317287.761674408, 79, 39, 40, 315.03075013013313, 40
1, 2407758, 1375068, 1032690, 10317580.17744278, 60, 30, 30, 292.41576837137404, 31
51, 2407852, 1375112, 1032740, 10317910.451168628, 94, 44, 50, 330.273725847777, 45
1, 2407888, 1375148, 1032740, 10318167.600142907, 36, 36, 0, 257.1489742783178, 36
1, 2407978, 1375198, 1032780, 10318494.70717173, 90, 50, 40, 327.1070288241023, 51
51, 2408103, 1375243, 1032860, 10318851.277324218, 125, 45, 80, 356.57015248821097, 47
1, 2408142, 1375282, 1032860, 10319113.977264162, 39, 39, 0, 262.6999399439383, 39
1, 2408226, 1375326, 1032900, 10319434.617274566, 84, 44, 40, 320.64001040350905, 45
1, 2408260, 1375360, 1032900, 10319687.890914842, 34, 34, 0, 253.2736402766418, 34
51, 2408371, 1375391, 1032980, 10320031.877632882, 111, 31, 80, 343.9867180408456, 33
1, 2408422, 1375442, 1032980, 10320314.312144661, 51, 51, 0, 282.43451177837886, 51
1, 2408453, 1375473, 1032980, 10320561.473250838, 31, 31, 0, 247.1611061770567, 31
1, 2408533, 1375513, 1033020, 10320877.643007083, 80, 40, 40, 316.1697562442441, 41
1, 2408570, 1375550, 1033020, 10321136.675578538, 37, 37, 0, 259.03257145596604, 37
51, 2408667, 1375597, 1033070, 10321470.00447781, 97, 47, 50, 333.3288992714996, 48
1, 2408734, 1375634, 1033100, 10321771.605033068, 67, 37, 30, 301.6005552576305, 38
1, 2408774, 1375674, 1033100, 10322036.091719005, 40, 40, 0, 264.4866859365871, 40
51, 2408939, 1375719, 1033220, 10322420.794182427, 165, 45, 120, 384.7024634215721, 48
1, 2408984, 1375764, 1033220, 10322693.796188839, 45, 45, 0, 273.00200641113514, 45
1, 2409024, 1375804, 1033220, 10322958.282874776, 40, 40, 0, 264.4866859365871, 40
1, 2409061, 1375841, 1033220, 10323217.315446232, 37, 37, 0, 259.03257145596604, 37
1, 2409135, 1375885, 1033250, 10323527.512655, 74, 44, 30, 310.1972087668518, 45
51, 2409266, 1375926, 1033340, 10323888.224983215, 131, 41, 90, 360.7123282155055, 43
1, 2409339, 1375969, 1033370, 10324197.226261785, 73, 43, 30, 309.00127856917646, 44
1, 2409387, 1376017, 1033370, 10324475.041064376, 48, 48, 0, 277.8148025904985, 48
1, 2409465, 1376055, 1033410, 10324788.923850996, 78, 38, 40, 313.8827866200841, 39
51, 2409583, 1376093, 1033490, 10325139.311176166, 118, 38, 80, 350.3873251689181, 40
1, 2409615, 1376125, 1033490, 10325388.552599166, 32, 32, 0, 249.24142300054422, 32
1, 2409660, 1376170, 1033490, 10325661.554605577, 45, 45, 0, 273.00200641113514, 45
1, 2409734, 1376214, 1033520, 10325971.751814345, 74, 44, 30, 310.1972087668518, 45
51, 2409829, 1376259, 1033570, 10326303.05037848, 95, 45, 50, 331.2985641352145, 46
1, 2409906, 1376296, 1033610, 10326615.776042247, 77, 37, 40, 312.72566376652986, 38
1, 2409940, 1376330, 1033610, 10326869.049682524, 34, 34, 0, 253.2736402766418, 34
1, 2409977, 1376367, 1033610, 10327128.08225398, 37, 37, 0, 259.03257145596604, 37
1, 2410020, 1376410, 1033610, 10327397.757214183, 43, 43, 0, 269.6749602031015, 43
51, 2410146, 1376456, 1033690, 10327755.194110066, 126, 46, 80, 357.43689588345075, 48
1, 2410183, 1376493, 1033690, 10328014.226681521, 37, 37, 0, 259.03257145596604, 37
1, 2410268, 1376538, 1033730, 10328335.963709192, 85, 45, 40, 321.73702767108114, 46
51, 2410389, 1376579, 1033810, 10328689.026188228, 121, 41, 80, 353.06247903554, 43
1, 2410477, 1376627, 1033850, 10329014.00761959, 88, 48, 40, 324.98143136087856, 49
1, 2410523, 1376673, 1033850, 10329288.636688303, 46, 46, 0, 274.6290687140218, 46
1, 2410555, 1376705, 1033850, 10329537.878111303, 32, 32, 0, 249.24142300054422, 32
1, 2410604, 1376754, 1033850, 10329817.253242409, 49, 49, 0, 279.3751311064591, 49
51, 2410755, 1376785, 1033970, 10330191.298613615, 151, 31, 120, 374.04537120670284, 34
1, 2410789, 1376819, 1033970, 10330444.572253892, 34, 34, 0, 253.2736402766418, 34
1, 2410859, 1376849, 1034010, 10330748.923014743, 70, 30, 40, 304.3507608519078, 31
1, 2410931, 1376891, 1034040, 10331056.718077768, 72, 42, 30, 307.79506302439404, 43
51, 2411017, 1376927, 1034090, 10331378.544242416, 86, 36, 50, 321.82616464756694, 37
1, 2411094, 1376964, 1034130, 10331691.269906182, 77, 37, 40, 312.72566376652986, 38
1, 2411139, 1377009, 1034130, 10331964.271912593, 45, 45, 0, 273.00200641113514, 45
1, 2411176, 1377046, 1034130, 10332223.304484049, 37, 37, 0, 259.03257145596604, 37
51, 2411262, 1377082, 1034180, 10332545.130648697, 86, 36, 50, 321.82616464756694, 37
1, 2411321, 1377111, 1034210, 10332836.179448944, 59, 29, 30, 291.0488002476036, 30
1, 2411406, 1377156, 1034250, 10333157.916476615, 85, 45, 40, 321.73702767108114, 46
1, 2411447, 1377197, 1034250, 10333424.160430059, 41, 41, 0, 266.24395344352433, 41
1, 2411526, 1377236, 1034290, 10333739.191180188, 79, 39, 40, 315.03075013013313, 40
51, 2411621, 1377281, 1034340, 10334070.489744324, 95, 45, 50, 331.2985641352145, 46
1, 2411689, 1377319, 1034370, 10334373.351915427, 68, 38, 30, 302.86217110259, 39
1, 2411742, 1377372, 1034370, 10334658.768703068, 53, 53, 0, 285.4167876408086, 53
1, 2411823, 1377413, 1034410, 10334976.068703068, 81, 41, 40, 317.3, 42
1, 2411867, 1377457, 1034410, 10335247.419660758, 44, 44, 0, 271.35095769013947, 44
51, 2411988, 1377498, 1034490, 10335600.482139794, 121, 41, 80, 353.06247903554, 43
1, 2412026, 1377536, 1034490, 10335861.364519414, 38, 38, 0, 260.88237961983884, 38
1, 2412068, 1377578, 1034490, 10336129.337508915, 42, 42, 0, 267.97298950218305, 42
1, 2412147, 1377617, 1034530, 10336444.368259044, 79, 39, 40, 315.03075013013313, 40
51, 2412251, 1377671, 1034580, 10336784.611945802, 104, 54, 50, 340.243686757474, 55
1, 2412334, 1377714, 1034620, 10337104.146893732, 83, 43, 40, 319.5349479292333, 44
1, 2412409, 1377759, 1034650, 10337415.529989371, 75, 45, 30, 311.38309563827124, 46
1, 2412442, 1377792, 1034650, 10337666.808162063, 33, 33, 0, 251.27817269284301, 33
51, 2412523, 1377823, 1034700, 10337983.108162064, 81, 31, 50, 316.3, 32
1, 2412563, 1377863, 1034700, 10338247.594848001, 40, 40, 0, 264.4866859365871, 40
1, 2412627, 1377897, 1034730, 10338545.337560477, 64, 34, 30, 297.742712474619, 35
1, 2412704, 1377934, 1034770, 10338858.063224243, 77, 37, 40, 312.72566376652986, 38
51, 2412800, 1377980, 1034820, 10339190.380140258, 96, 46, 50, 332.31691601465747, 47
1, 2412838, 1378018, 1034820, 10339451.262519877, 38, 38, 0, 260.88237961983884, 38
1, 2412881, 1378061, 1034820, 10339720.93748008, 43, 43, 0, 269.6749602031015, 43
1, 2412924, 1378104, 1034820, 10339990.612440284, 43, 43, 0, 269.6749602031015, 43
51, 2413046, 1378146, 1034900, 10340344.558058837, 122, 42, 80, 353.9456185537469, 44
1, 2413133, 1378193, 1034940, 10340668.465639835, 87, 47, 40, 323.9075809977351, 48
1, 2413166, 1378226, 1034940, 10340919.743812528, 33, 33, 0, 251.27817269284301, 33
1, 2413237, 1378267, 1034970, 10341226.322123347, 71, 41, 30, 306.57831081870995, 42
1, 2413320, 1378310, 1035010, 10341545.857071277, 83, 43, 40, 319.5349479292333, 44
51, 2413413, 1378353, 1035060, 10341875.099351184, 93, 43, 50, 329.24227990714814, 44
1, 2413451, 1378391, 1035060, 10342135.981730804, 38, 38, 0, 260.88237961983884, 38
1, 2413530, 1378430, 1035100, 10342451.012480933, 79, 39, 40, 315.03075013013313, 40
1, 2413603, 1378473, 1035130, 10342760.013759503, 73, 43, 30, 309.00127856917646, 44
51, 2413732, 1378512, 1035220, 10343119.027359994, 129, 39, 90, 359.01360049114555, 41
1, 2413778, 1378558, 1035220, 10343393.656428708, 46, 46, 0, 274.6290687140218, 46
1, 2413817, 1378597, 1035220, 10343656.356368652, 39, 39, 0, 262.6999399439383, 39
1, 2413887, 1378627, 1035260, 10343960.707129503, 70, 30, 40, 304.3507608519078, 31
1, 2413962, 1378672, 1035290, 10344272.090225141, 75, 45, 30, 311.38309563827124, 46
51, 2414046, 1378706, 1035340, 10344591.730235545, 84, 34, 50, 319.64001040350905, 35
1, 2414089, 1378749, 1035340, 10344861.405195748, 43, 43, 0, 269.6749602031015, 43
1, 2414168, 1378798, 1035370, 10345177.435945878, 79, 49, 30, 316.03075013013313, 50
51, 2414252, 1378832, 1035420, 10345497.075956281, 84, 34, 50, 319.64001040350905, 35
1, 2414339, 1378879, 1035460, 10345820.98353728, 87, 47, 40, 323.9075809977351, 48
1, 2414376, 1378916, 1035460, 10346080.016108735, 37, 37, 0, 259.03257145596604, 37
1, 2414409, 1378949, 1035460, 10346331.294281427, 33, 33, 0, 251.27817269284301, 33
51, 2414506, 1378996, 1035510, 10346664.623180699, 97, 47, 50, 333.3288992714996, 48
1, 2414618, 1379038, 1035580, 10347010.53849304, 112, 42, 70, 345.91531233955715, 44
1, 2414658, 1379078, 1035580, 10347275.025178976, 40, 40, 0, 264.4866859365871, 40
51, 2414753, 1379123, 1035630, 10347606.323743112, 95, 45, 50, 331.2985641352145, 46
1, 2414808, 1379178, 1035630, 10347894.650724646, 55, 55, 0, 288.32698153315005, 55
1, 2414840, 1379210, 1035630, 10348143.892147645, 32, 32, 0, 249.24142300054422, 32
1, 2414879, 1379249, 1035630, 10348406.59208759, 39, 39, 0, 262.6999399439383, 39
1, 2414984, 1379284, 1035700, 10348745.900674883, 105, 35, 70, 339.30858729436795, 37
51, 2415065, 1379315, 1035750, 10349062.200674884, 81, 31, 50, 316.3, 32
1, 2415106, 1379356, 1035750, 10349328.444628328, 41, 41, 0, 266.24395344352433, 41
1, 2415213, 1379393, 1035820, 10349669.666773599, 107, 37, 70, 341.2221452697031, 39
1, 2415249, 1379429, 1035820, 10349926.815747878, 36, 36, 0, 257.1489742783178, 36
51, 2415335, 1379465, 1035870, 10350248.641912526, 86, 36, 50, 321.82616464756694, 37
1, 2415412, 1379512, 1035900, 10350562.367576292, 77, 47, 30, 313.72566376652986, 48
1, 2415450, 1379550, 1035900, 10350823.249955911, 38, 38, 0, 260.88237961983884, 38
1, 2415495, 1379595, 1035900, 10351096.251962323, 45, 45, 0, 273.00200641113514, 45
51, 2415619, 1379629, 1035990, 10351450.951358872, 124, 34, 90, 354.6993965481514, 36
1, 2415667, 1379677, 1035990, 10351728.766161462, 48, 48, 0, 277.8148025904985, 48
1, 2415748, 1379728, 1036020, 10352047.066161463, 81, 51, 30, 318.3, 52
1, 2415789, 1379769, 1036020, 10352313.310114907, 41, 41, 0, 266.24395344352433, 41
1, 2415825, 1379805, 1036020, 10352570.459089186, 36, 36, 0, 257.1489742783178, 36
51, 2415972, 1379832, 1036140, 10352941.35954371, 147, 27, 120, 370.90045452270937, 30
1, 2416016, 1379876, 1036140, 10353212.710501399, 44, 44, 0, 271.35095769013947, 44
1, 2416053, 1379913, 1036140, 10353471.743072854, 37, 37, 0, 259.03257145596604, 37
1, 2416081, 1379941, 1036140, 10353712.375736233, 28, 28, 0, 240.63266337912057, 28
51, 2416175, 1379985, 1036190, 10354042.649462081, 94, 44, 50, 330.273725847777, 45
1, 2416250, 1380020, 1036230, 10354353.03255772, 75, 35, 40, 310.38309563827124, 36
1, 2416330, 1380070, 1036260, 10354670.202313965, 80, 50, 30, 317.1697562442441, 51
1, 2416362, 1380102, 1036260, 10354919.443736965, 32, 32, 0, 249.24142300054422, 32
1, 2416393, 1380133, 1036260, 10355166.604843142, 31, 31, 0, 247.1611061770567, 31
51, 2416515, 1380175, 1036340, 10355520.550461695, 122, 42, 80, 353.9456185537469, 44
1, 2416557, 1380217, 1036340, 10355788.523451196, 42, 42, 0, 267.97298950218305, 42
1, 2416639, 1380259, 1036380, 10356106.945121039, 82, 42, 40, 318.42166984345636, 43
1, 2416675, 1380295, 1036380, 10356364.094095318, 36, 36, 0, 257.1489742783178, 36
51, 2416787, 1380327, 1036460, 10356709.009407658, 112, 32, 80, 344.91531233955715, 34
1, 2416838, 1380378, 1036460, 10356991.443919437, 51, 51, 0, 282.43451177837886, 51
1, 2416881, 1380421, 1036460, 10357261.11887964, 43, 43, 0, 269.6749602031015, 43
1, 2416967, 1380467, 1036500, 10357583.945044288, 86, 46, 40, 322.82616464756694, 47
51, 2417084, 1380504, 1036580, 10357933.431861088, 117, 37, 80, 349.4868167986058, 39
1, 2417126, 1380546, 1036580, 10358201.40485059, 42, 42, 0, 267.97298950218305, 42
1, 2417207, 1380587, 1036620, 10358518.70485059, 81, 41, 40, 317.3, 42
1, 2417250, 1380630, 1036620, 10358788.379810793, 43, 43, 0, 269.6749602031015, 43
1, 2417320, 1380670, 1036650, 10359093.730571644, 70, 40, 30, 305.3507608519078, 41
51, 2417412, 1380712, 1036700, 10359421.934673112, 92, 42, 50, 328.20410146824725, 43
1, 2417481, 1380741, 1036740, 10359725.046814822, 69, 29, 40, 303.1121417102006, 30
1, 2417505, 1380765, 1036740, 10359956.183198761, 24, 24, 0, 231.13638394006432, 24
1, 2417544, 1380804, 1036740, 10360218.883138705, 39, 39, 0, 262.6999399439383, 39
1, 2417657, 1380847, 1036810, 10360565.722182574, 113, 43, 70, 346.83904386951343, 45
51, 2417751, 1380891, 1036860, 10360895.995908422, 94, 44, 50, 330.273725847777, 45
1, 2417791, 1380931, 1036860, 10361160.48259436, 40, 40, 0, 264.4866859365871, 40
1, 2417829, 1380969, 1036860, 10361421.36497398, 38, 38, 0, 260.88237961983884, 38
1, 2417867, 1381007, 1036860, 10361682.247353598, 38, 38, 0, 260.88237961983884, 38
51, 2417962, 1381052, 1036910, 10362013.545917735, 95, 45, 50, 331.2985641352145, 46
1, 2418066, 1381086, 1036980, 10362351.889604492, 104, 34, 70, 338.343686757474, 36
1, 2418106, 1381126, 1036980, 10362616.37629043, 40, 40, 0, 264.4866859365871, 40
1, 2418137, 1381157, 1036980, 10362863.537396606, 31, 31, 0, 247.1611061770567, 31
51, 2418273, 1381203, 1037070, 10363228.432693642, 136, 46, 90, 364.89529703482884, 48
1, 2418319, 1381249, 1037070, 10363503.061762355, 46, 46, 0, 274.6290687140218, 46
1, 2418356, 1381286, 1037070, 10363762.09433381, 37, 37, 0, 259.03257145596604, 37
1, 2418464, 1381324, 1037140, 10364104.265313357, 108, 38, 70, 342.1709795470626, 40
51, 2418553, 1381363, 1037190, 10364429.313178921, 89, 39, 50, 325.0478655640733, 40
1, 2418588, 1381398, 1037190, 10364684.543106832, 35, 35, 0, 255.22992790977875, 35
1, 2418667, 1381437, 1037230, 10364999.573856961, 79, 39, 40, 315.03075013013313, 40
1, 2418727, 1381467, 1037260, 10365291.989625333, 60, 30, 30, 292.41576837137404, 31
51, 2418822, 1381512, 1037310, 10365623.288189469, 95, 45, 50, 331.2985641352145, 46
1, 2418877, 1381567, 1037310, 10365911.615171002, 55, 55, 0, 288.32698153315005, 55
1, 2418955, 1381605, 1037350, 10366225.497957623, 78, 38, 40, 313.8827866200841, 39
1, 2419022, 1381642, 1037380, 10366527.09851288, 67, 37, 30, 301.6005552576305, 38
51, 2419103, 1381673, 1037430, 10366843.398512881, 81, 31, 50, 316.3, 32
1, 2419136, 1381706, 1037430, 10367094.676685574, 33, 33, 0, 251.27817269284301, 33
1, 2419217, 1381747, 1037470, 10367411.976685574, 81, 41, 40, 317.3, 42
51, 2419309, 1381789, 1037520, 10367740.180787042, 92, 42, 50, 328.20410146824725, 43
1, 2419343, 1381823, 1037520, 10367993.454427319, 34, 34, 0, 253.2736402766418, 34
1, 2419411, 1381861, 1037550, 10368296.316598421, 68, 38, 30, 302.86217110259, 39
51, 2419546, 1381906, 1037640, 10368660.382408362, 135, 45, 90, 364.06580994024984, 47
1, 2419588, 1381948, 1037640, 10368928.355397863, 42, 42, 0, 267.97298950218305, 42
1, 2419628, 1381988, 1037640, 10369192.8420838, 40, 40, 0, 264.4866859365871, 40
1, 2419705, 1382025, 1037680, 10369505.567747567, 77, 37, 40, 312.72566376652986, 38
51, 2419793, 1382063, 1037730, 10369829.549178928, 88, 38, 50, 323.98143136087856, 39
1, 2419864, 1382104, 1037760, 10370136.127489747, 71, 41, 30, 306.57831081870995, 42
1, 2419904, 1382144, 1037760, 10370400.614175685, 40, 40, 0, 264.4866859365871, 40
1, 2419949, 1382189, 1037760, 10370673.616182096, 45, 45, 0, 273.00200641113514, 45
51, 2420036, 1382226, 1037810, 10370996.523763094, 87, 37, 50, 322.9075809977351, 38
1, 2420125, 1382275, 1037850, 10371322.571628658, 89, 49, 40, 326.0478655640733, 50
1, 2420170, 1382320, 1037850, 10371595.57363507, 45, 45, 0, 273.00200641113514, 45
51, 2420289, 1382359, 1037930, 10371946.857030272, 119, 39, 80, 351.28339520229764, 41
1, 2420328, 1382398, 1037930, 10372209.556970216, 39, 39, 0, 262.6999399439383, 39
1, 2420407, 1382447, 1037960, 10372525.587720346, 79, 49, 30, 316.03075013013313, 50
1, 2420482, 1382482, 1038000, 10372835.970815985, 75, 35, 40, 310.38309563827124, 36
51, 2420575, 1382525, 1038050, 10373165.213095892, 93, 43, 50, 329.24227990714814, 44
1, 2420651, 1382571, 1038080, 10373477.772268265, 76, 46, 30, 312.5591723737189, 47
1, 2420695, 1382615, 1038080, 10373749.123225955, 44, 44, 0, 271.35095769013947, 44
1, 2420778, 1382658, 1038120, 10374068.658173885, 83, 43, 40, 319.5349479292333, 44
51, 2420900, 1382700, 1038200, 10374422.603792438, 122, 42, 80, 353.9456185537469, 44
1, 2420949, 1382749, 1038200, 10374701.978923544, 49, 49, 0, 279.3751311064591, 49
1, 2420994, 1382794, 1038200, 10374974.980929956, 45, 45, 0, 273.00200641113514, 45
51, 2421150, 1382830, 1038320, 10375352.89281426, 156, 36, 120, 377.9118843049396, 39
1, 2421190, 1382870, 1038320, 10375617.379500197, 40, 40, 0, 264.4866859365871, 40
1, 2421225, 1382905, 1038320, 10375872.609428108, 35, 35, 0, 255.22992790977875, 35
51, 2421311, 1382941, 1038370, 10376194.435592756, 86, 36, 50, 321.82616464756694, 37
1, 2421432, 1382992, 1038440, 10376548.498071792, 121, 51, 70, 354.06247903554, 53
1, 2421465, 1383025, 1038440, 10376799.776244484, 33, 33, 0, 251.27817269284301, 33
1, 2421498, 1383058, 1038440, 10377051.054417176, 33, 33, 0, 251.27817269284301, 33
51, 2421591, 1383101, 1038490, 10377380.296697084, 93, 43, 50, 329.24227990714814, 44
1, 2421633, 1383143, 1038490, 10377648.269686585, 42, 42, 0, 267.97298950218305, 42
1, 2421717, 1383187, 1038530, 10377968.909696989, 84, 44, 40, 320.64001040350905, 45
1, 2421785, 1383225, 1038560, 10378271.771868091, 68, 38, 30, 302.86217110259, 39
51, 2421883, 1383273, 1038610, 10378606.106496455, 98, 48, 50, 334.33462836457886, 49
1, 2421930, 1383320, 1038610, 10378882.339546325, 47, 47, 0, 276.2330498695885, 47
1, 2421971, 1383361, 1038610, 10379148.583499769, 41, 41, 0, 266.24395344352433, 41
1, 2422043, 1383393, 1038650, 10379455.378562793, 72, 32, 40, 306.79506302439404, 33
51, 2422162, 1383432, 1038730, 10379806.661957996, 119, 39, 80, 351.28339520229764, 41
1, 2422200, 1383470, 1038730, 10380067.544337615, 38, 38, 0, 260.88237961983884, 38
1, 2422236, 1383506, 1038730, 10380324.693311894, 36, 36, 0, 257.1489742783178, 36
51, 2422390, 1383540, 1038850, 10380701.066978892, 154, 34, 120, 376.37366699756114, 37
1, 2422427, 1383577, 1038850, 10380960.099550348, 37, 37, 0, 259.03257145596604, 37
1, 2422461, 1383611, 1038850, 10381213.373190625, 34, 34, 0, 253.2736402766418, 34
51, 2422592, 1383652, 1038940, 10381574.08551884, 131, 41, 90, 360.7123282155055, 43
1, 2422639, 1383699, 1038940, 10381850.31856871, 47, 47, 0, 276.2330498695885, 47
1, 2422751, 1383741, 1039010, 10382196.23388105, 112, 42, 70, 345.91531233955715, 44
1, 2422787, 1383777, 1039010, 10382453.38285533, 36, 36, 0, 257.1489742783178, 36
1, 2422863, 1383823, 1039040, 10382765.942027703, 76, 46, 30, 312.5591723737189, 47
51, 2422961, 1383871, 1039090, 10383100.276656067, 98, 48, 50, 334.33462836457886, 49
1, 2423002, 1383912, 1039090, 10383366.520609511, 41, 41, 0, 266.24395344352433, 41
1, 2423087, 1383957, 1039130, 10383688.257637182, 85, 45, 40, 321.73702767108114, 46
1, 2423125, 1383995, 1039130, 10383949.140016802, 38, 38, 0, 260.88237961983884, 38
1, 2423165, 1384035, 1039130, 10384213.626702739, 40, 40, 0, 264.4866859365871, 40
51, 2423282, 1384072, 1039210, 10384563.113519538, 117, 37, 80, 349.4868167986058, 39
1, 2423320, 1384110, 1039210, 10384823.995899158, 38, 38, 0, 260.88237961983884, 38
1, 2423396, 1384146, 1039250, 10385135.55507153, 76, 36, 40, 311.5591723737189, 37
1, 2423436, 1384186, 1039250, 10385400.041757468, 40, 40, 0, 264.4866859365871, 40
1, 2423465, 1384215, 1039250, 10385642.901336178, 29, 29, 0, 242.8595787106084, 29
51, 2423557, 1384257, 1039300, 10385971.105437646, 92, 42, 50, 328.20410146824725, 43
1, 2423626, 1384296, 1039330, 10386275.217579355, 69, 39, 30, 304.1121417102006, 40
1, 2423664, 1384334, 1039330, 10386536.099958975, 38, 38, 0, 260.88237961983884, 38
1, 2423748, 1384378, 1039370, 10386856.739969378, 84, 44, 40, 320.64001040350905, 45
1, 2423820, 1384420, 1039400, 10387164.535032403, 72, 42, 30, 307.79506302439404, 43
51, 2423911, 1384461, 1039450, 10387491.694094341, 91, 41, 50, 327.1590619387661, 42
1, 2423954, 1384504, 1039450, 10387761.369054545, 43, 43, 0, 269.6749602031015, 43
1, 2424039, 1384549, 1039490, 10388083.106082216, 85, 45, 40, 321.73702767108114, 46
51, 2424149, 1384579, 1039570, 10388426.159266263, 110, 30, 80, 343.0531840464366, 32
1, 2424189, 1384619, 1039570, 10388690.6459522, 40, 40, 0, 264.4866859365871, 40
1, 2424233, 1384663, 1039570, 10388961.99690989, 44, 44, 0, 271.35095769013947, 44
51, 2424322, 1384702, 1039620, 10389287.044775454, 89, 39, 50, 325.0478655640733, 40
1, 2424428, 1384738, 1039690, 10389627.312819064, 106, 36, 70, 340.2680436096278, 38
1, 2424463, 1384773, 1039690, 10389882.542746974, 35, 35, 0, 255.22992790977875, 35
51, 2424551, 1384811, 1039740, 10390206.524178335, 88, 38, 50, 323.98143136087856, 39
1, 2424586, 1384846, 1039740, 10390461.754106246, 35, 35, 0, 255.22992790977875, 35
1, 2424668, 1384888, 1039780, 10390780.175776089, 82, 42, 40, 318.42166984345636, 43
1, 2424719, 1384939, 1039780, 10391062.610287867, 51, 51, 0, 282.43451177837886, 51
51, 2424875, 1384975, 1039900, 10391440.522172172, 156, 36, 120, 377.9118843049396, 39
1, 2424913, 1385013, 1039900, 10391701.404551791, 38, 38, 0, 260.88237961983884, 38
1, 2424987, 1385057, 1039930, 10392011.601760559, 74, 44, 30, 310.1972087668518, 45
1, 2425056, 1385086, 1039970, 10392314.713902269, 69, 29, 40, 303.1121417102006, 30
51, 2425160, 1385140, 1040020, 10392654.957589027, 104, 54, 50, 340.243686757474, 55
1, 2425247, 1385187, 1040060, 10392978.865170024, 87, 47, 40, 323.9075809977351, 48
1, 2425294, 1385234, 1040060, 10393255.098219894, 47, 47, 0, 276.2330498695885, 47
1, 2425327, 1385267, 1040060, 10393506.376392586, 33, 33, 0, 251.27817269284301, 33
51, 2425450, 1385310, 1040140, 10393861.200963847, 123, 43, 80, 354.8245712617827, 45
1, 2425499, 1385359, 1040140, 10394140.576094953, 49, 49, 0, 279.3751311064591, 49
1, 2425566, 1385396, 1040170, 10394442.176650211, 67, 37, 30, 301.6005552576305, 38
1, 2425650, 1385440, 1040210, 10394762.816660615, 84, 44, 40, 320.64001040350905, 45
51, 2425744, 1385484, 1040260, 10395093.090386463, 94, 44, 50, 330.273725847777, 45
1, 2425814, 1385524, 1040290, 10395398.441147314, 70, 40, 30, 305.3507608519078, 41
1, 2425850, 1385560, 1040290, 10395655.590121593, 36, 36, 0, 257.1489742783178, 36
51, 2425961, 1385591, 1040370, 10395999.576839633, 111, 31, 80, 343.9867180408456, 33
1, 2426049, 1385639, 1040410, 10396324.558270995, 88, 48, 40, 324.98143136087856, 49
1, 2426089, 1385679, 1040410, 10396589.044956932, 40, 40, 0, 264.4866859365871, 40
1, 2426130, 1385720, 1040410, 10396855.288910376, 41, 41, 0, 266.24395344352433, 41
51, 2426205, 1385745, 1040460, 10397164.672006015, 75, 25, 50, 309.38309563827124, 26
1, 2426245, 1385785, 1040460, 10397429.158691952, 40, 40, 0, 264.4866859365871, 40
1, 2426320, 1385830, 1040490, 10397740.54178759, 75, 45, 30, 311.38309563827124, 46
1, 2426391, 1385861, 1040530, 10398046.12009841, 71, 31, 40, 305.57831081870995, 32
1, 2426433, 1385903, 1040530, 10398314.093087912, 42, 42, 0, 267.97298950218305, 42
51, 2426518, 1385938, 1040580, 10398634.830115583, 85, 35, 50, 320.73702767108114, 36
1, 2426548, 1385968, 1040580, 10398879.864847515, 30, 30, 0, 245.0347319320716, 30
1, 2426655, 1386005, 1040650, 10399221.086992785, 107, 37, 70, 341.2221452697031, 39
1, 2426689, 1386039, 1040650, 10399474.360633062, 34, 34, 0, 253.2736402766418, 34
1, 2426765, 1386075, 1040690, 10399785.919805435, 76, 36, 40, 311.5591723737189, 37
51, 2426859, 1386119, 1040740, 10400116.193531284, 94, 44, 50, 330.273725847777, 45
1, 2426892, 1386152, 1040740, 10400367.471703976, 33, 33, 0, 251.27817269284301, 33
1, 2426964, 1386194, 1040770, 10400675.266767, 72, 42, 30, 307.79506302439404, 43
1, 2427004, 1386234, 1040770, 10400939.753452938, 40, 40, 0, 264.4866859365871, 40
51, 2427125, 1386265, 1040860, 10401291.815931974, 121, 31, 90, 352.06247903554, 33
1, 2427164, 1386304, 1040860, 10401554.515871918, 39, 39, 0, 262.6999399439383, 39
1, 2427236, 1386346, 1040890, 10401862.310934942, 72, 42, 30, 307.79506302439404, 43
1, 2427272, 1386382, 1040890, 10402119.459909221, 36, 36, 0, 257.1489742783178, 36
51, 2427407, 1386427, 1040980, 10402483.525719162, 135, 45, 90, 364.06580994024984, 47
1, 2427452, 1386472, 1040980, 10402756.527725574, 45, 45, 0, 273.00200641113514, 45
1, 2427517, 1386507, 1041010, 10403055.568877017, 65, 35, 30, 299.04115144336777, 36
51, 2427645, 1386545, 1041100, 10403413.72744312, 128, 38, 90, 358.1585661014858, 40
1, 2427682, 1386582, 1041100, 10403672.760014575, 37, 37, 0, 259.03257145596604, 37
1, 2427768, 1386628, 1041140, 10403995.586179223, 86, 46, 40, 322.82616464756694, 47
51, 2427883, 1386663, 1041220, 10404343.258396285, 115, 35, 80, 347.6722170622053, 37
1, 2427968, 1386708, 1041260, 10404664.995423956, 85, 45, 40, 321.73702767108114, 46
1, 2428007, 1386747, 1041260, 10404927.6953639, 39, 39, 0, 262.6999399439383, 39
1, 2428046, 1386786, 1041260, 10405190.395303844, 39, 39, 0, 262.6999399439383, 39
51, 2428185, 1386835, 1041350, 10405557.758466145, 139, 49, 90, 367.36316230125203, 51
1, 2428256, 1386876, 1041380, 10405864.336776964, 71, 41, 30, 306.57831081870995, 42
1, 2428310, 1386930, 1041380, 10406151.217378048, 54, 54, 0, 286.88060108295343, 54
1, 2428389, 1386969, 1041420, 10406466.248128178, 79, 39, 40, 315.03075013013313, 40
51, 2428479, 1387009, 1041470, 10406792.355157001, 90, 40, 50, 326.1070288241023, 41
1, 2428545, 1387045, 1041500, 10407092.682145279, 66, 36, 30, 300.32698827717985, 37
1, 2428583, 1387083, 1041500, 10407353.564524898, 38, 38, 0, 260.88237961983884, 38
51, 2428724, 1387134, 1041590, 10407722.556197563, 141, 51, 90, 368.9916726654594, 53
1, 2428794, 1387174, 1041620, 10408027.906958414, 70, 40, 30, 305.3507608519078, 41
1, 2428833, 1387213, 1041620, 10408290.606898358, 39, 39, 0, 262.6999399439383, 39
1, 2428874, 1387254, 1041620, 10408556.850851802, 41, 41, 0, 266.24395344352433, 41
51, 2428957, 1387287, 1041670, 10408875.385799732, 83, 33, 50, 318.5349479292333, 34
1, 2429070, 1387330, 1041740, 10409222.2248436, 113, 43, 70, 346.83904386951343, 45
1, 2429104, 1387364, 1041740, 10409475.498483878, 34, 34, 0, 253.2736402766418, 34
1, 2429169, 1387399, 1041770, 10409774.539635321, 65, 35, 30, 299.04115144336777, 36
1, 2429205, 1387435, 1041770, 10410031.6886096, 36, 36, 0, 257.1489742783178, 36
51, 2429344, 1387484, 1041860, 10410399.051771902, 139, 49, 90, 367.36316230125203, 51
1, 2429415, 1387525, 1041890, 10410705.63008272, 71, 41, 30, 306.57831081870995, 42
1, 2429455, 1387565, 1041890, 10410970.116768658, 40, 40, 0, 264.4866859365871, 40
51, 2429575, 1387605, 1041970, 10411322.291860623, 120, 40, 80, 352.1750919646873, 42
1, 2429622, 1387652, 1041970, 10411598.524910493, 47, 47, 0, 276.2330498695885, 47
1, 2429702, 1387692, 1042010, 10411914.694666738, 80, 40, 40, 316.1697562442441, 41
1, 2429731, 1387721, 1042010, 10412157.554245448, 29, 29, 0, 242.8595787106084, 29
51, 2429846, 1387756, 1042090, 10412505.22646251, 115, 35, 80, 347.6722170622053, 37
1, 2429931, 1387801, 1042130, 10412826.96349018, 85, 45, 40, 321.73702767108114, 46
1, 2429969, 1387839, 1042130, 10413087.8458698, 38, 38, 0, 260.88237961983884, 38
1, 2430006, 1387876, 1042130, 10413346.878441256, 37, 37, 0, 259.03257145596604, 37
51, 2430098, 1387918, 1042180, 10413675.082542723, 92, 42, 50, 328.20410146824725, 43
1, 2430181, 1387961, 1042220, 10413994.617490653, 83, 43, 40, 319.5349479292333, 44
1, 2430255, 1388005, 1042250, 10414304.81469942, 74, 44, 30, 310.1972087668518, 45
1, 2430305, 1388055, 1042250, 10414585.729494268, 50, 50, 0, 280.9147948472494, 50
51, 2430397, 1388097, 1042300, 10414913.933595736, 92, 42, 50, 328.20410146824725, 43
1, 2430437, 1388137, 1042300, 10415178.420281673, 40, 40, 0, 264.4866859365871, 40
1, 2430517, 1388177, 1042340, 10415494.590037918, 80, 40, 40, 316.1697562442441, 41
1, 2430583, 1388213, 1042370, 10415794.917026196, 66, 36, 30, 300.32698827717985, 37
1, 2430631, 1388261, 1042370, 10416072.731828786, 48, 48, 0, 277.8148025904985, 48
51, 2430725, 1388305, 1042420, 10416403.005554635, 94, 44, 50, 330.273725847777, 45
1, 2430796, 1388346, 1042450, 10416709.583865454, 71, 41, 30, 306.57831081870995, 42
1, 2430870, 1388380, 1042490, 10417018.781074222, 74, 34, 40, 309.1972087668518, 35
51, 2430980, 1388410, 1042570, 10417361.83425827, 110, 30, 80, 343.0531840464366, 32
1, 2431029, 1388459, 1042570, 10417641.209389376, 49, 49, 0, 279.3751311064591, 49
1, 2431067, 1388497, 1042570, 10417902.091768995, 38, 38, 0, 260.88237961983884, 38
51, 2431189, 1388529, 1042660, 10418255.037387548, 122, 32, 90, 352.9456185537469, 34
1, 2431230, 1388570, 1042660, 10418521.281340992, 41, 41, 0, 266.24395344352433, 41
1, 2431307, 1388617, 1042690, 10418835.007004758, 77, 47, 30, 313.72566376652986, 48
51, 2431442, 1388662, 1042780, 10419199.0728147, 135, 45, 90, 364.06580994024984, 47
1, 2431490, 1388710, 1042780, 10419476.88761729, 48, 48, 0, 277.8148025904985, 48
1, 2431524, 1388744, 1042780, 10419730.161257567, 34, 34, 0, 253.2736402766418, 34
1, 2431604, 1388784, 1042820, 10420046.331013812, 80, 40, 40, 316.1697562442441, 41
1, 2431654, 1388834, 1042820, 10420327.24580866, 50, 50, 0, 280.9147948472494, 50
51, 2431785, 1388885, 1042900, 10420688.958136875, 131, 51, 80, 361.7123282155055, 53
1, 2431825, 1388925, 1042900, 10420953.444822812, 40, 40, 0, 264.4866859365871, 40
1, 2431896, 1388966, 1042930, 10421260.023133632, 71, 41, 30, 306.57831081870995, 42
1, 2431934, 1389004, 1042930, 10421520.905513251, 38, 38, 0, 260.88237961983884, 38
51, 2432066, 1389046, 1043020, 10421882.461635679, 132, 42, 90, 361.55612242701943, 44
1, 2432137, 1389087, 1043050, 10422189.039946498, 71, 41, 30, 306.57831081870995, 42
1, 2432172, 1389122, 1043050, 10422444.269874409, 35, 35, 0, 255.22992790977875, 35
1, 2432207, 1389157, 1043050, 10422699.49980232, 35, 35, 0, 255.22992790977875, 35
1, 2432321, 1389201, 1043120, 10423047.25779001, 114, 44, 70, 347.75798769167545, 46
51, 2432410, 1389240, 1043170, 10423372.305655574, 89, 39, 50, 325.0478655640733, 40
1, 2432454, 1389284, 1043170, 10423643.656613264, 44, 44, 0, 271.35095769013947, 44
1, 2432538, 1389328, 1043210, 10423964.296623668, 84, 44, 40, 320.64001040350905, 45
51, 2432629, 1389369, 1043260, 10424291.455685606, 91, 41, 50, 327.1590619387661, 42
1, 2432699, 1389409, 1043290, 10424596.806446457, 70, 40, 30, 305.3507608519078, 41
1, 2432774, 1389444, 1043330, 10424907.189542096, 75, 35, 40, 310.38309563827124, 36
51, 2432863, 1389483, 1043380, 10425232.23740766, 89, 39, 50, 325.0478655640733, 40
1, 2432932, 1389522, 1043410, 10425536.34954937, 69, 39, 30, 304.1121417102006, 40
1, 2432977, 1389567, 1043410, 10425809.351555781, 45, 45, 0, 273.00200641113514, 45
1, 2433063, 1389613, 1043450, 10426132.17772043, 86, 46, 40, 322.82616464756694, 47
1, 2433097, 1389647, 1043450, 10426385.451360706, 34, 34, 0, 253.2736402766418, 34
51, 2433198, 1389698, 1043500, 10426722.766748678, 101, 51, 50, 337.31538797227006, 52
1, 2433268, 1389738, 1043530, 10427028.117509529, 70, 40, 30, 305.3507608519078, 41
1, 2433316, 1389786, 1043530, 10427305.93231212, 48, 48, 0, 277.8148025904985, 48
51, 2433478, 1389828, 1043650, 10427688.39444662, 162, 42, 120, 382.4621345008163, 45
1, 2433517, 1389867, 1043650, 10427951.094386565, 39, 39, 0, 262.6999399439383, 39
1, 2433556, 1389906, 1043650, 10428213.794326508, 39, 39, 0, 262.6999399439383, 39
1, 2433599, 1389949, 1043650, 10428483.469286712, 43, 43, 0, 269.6749602031015, 43
51, 2433689, 1389989, 1043700, 10428809.576315535, 90, 40, 50, 326.1070288241023, 41
1, 2433792, 1390022, 1043770, 10429146.949565591, 103, 33, 70, 337.37325005549695, 35
1, 2433822, 1390052, 1043770, 10429391.984297523, 30, 30, 0, 245.0347319320716, 30
51, 2433933, 1390083, 1043850, 10429735.971015563, 111, 31, 80, 343.9867180408456, 33
1, 2433975, 1390125, 1043850, 10430003.944005065, 42, 42, 0, 267.97298950218305, 42
1, 2434050, 1390160, 1043890, 10430314.327100703, 75, 35, 40, 310.38309563827124, 36
51, 2434139, 1390199, 1043940, 10430639.374966267, 89, 39, 50, 325.0478655640733, 40
1, 2434168, 1390228, 1043940, 10430882.234544978, 29, 29, 0, 242.8595787106084, 29
1, 2434255, 1390275, 1043980, 10431206.142125975, 87, 47, 40, 323.9075809977351, 48
51, 2434380, 1390320, 1044060, 10431562.712278463, 125, 45, 80, 356.57015248821097, 47
1, 2434411, 1390351, 1044060, 10431809.87338464, 31, 31, 0, 247.1611061770567, 31
1, 2434490, 1390390, 1044100, 10432124.904134769, 79, 39, 40, 315.03075013013313, 40
1, 2434523, 1390423, 1044100, 10432376.182307461, 33, 33, 0, 251.27817269284301, 33
51, 2434661, 1390471, 1044190, 10432742.726237014, 138, 48, 90, 366.54392955194305, 50
1, 2434701, 1390511, 1044190, 10433007.212922951, 40, 40, 0, 264.4866859365871, 40
1, 2434768, 1390548, 1044220, 10433308.81347821, 67, 37, 30, 301.6005552576305, 38
51, 2434902, 1390592, 1044310, 10433672.046294129, 134, 44, 90, 363.23281591860336, 46
1, 2434975, 1390635, 1044340, 10433981.047572698, 73, 43, 30, 309.00127856917646, 44
1, 2435013, 1390673, 1044340, 10434241.929952318, 38, 38, 0, 260.88237961983884, 38
1, 2435124, 1390714, 1044410, 10434586.916670358, 111, 41, 70, 344.9867180408456, 43
51, 2435228, 1390768, 1044460, 10434927.160357116, 104, 54, 50, 340.243686757474, 55
1, 2435276, 1390816, 1044460, 10435204.975159707, 48, 48, 0, 277.8148025904985, 48
1, 2435319, 1390859, 1044460, 10435474.65011991, 43, 43, 0, 269.6749602031015, 43
1, 2435399, 1390899, 1044500, 10435790.819876155, 80, 40, 40, 316.1697562442441, 41
51, 2435499, 1390949, 1044550, 10436127.147642171, 100, 50, 50, 336.327766016838, 51
1, 2435561, 1390981, 1044580, 10436422.254268501, 62, 32, 30, 295.1066263296683, 33
1, 2435605, 1391025, 1044580, 10436693.60522619, 44, 44, 0, 271.35095769013947, 44
1, 2435695, 1391075, 1044620, 10437020.712255014, 90, 50, 40, 327.1070288241023, 51
51, 2435786, 1391116, 1044670, 10437347.871316953, 91, 41, 50, 327.1590619387661, 42
1, 2435824, 1391154, 1044670, 10437608.753696572, 38, 38, 0, 260.88237961983884, 38
1, 2435909, 1391199, 1044710, 10437930.490724243, 85, 45, 40, 321.73702767108114, 46
51, 2436029, 1391239, 1044790, 10438282.665816208, 120, 40, 80, 352.1750919646873, 42
1, 2436066, 1391276, 1044790, 10438541.698387664, 37, 37, 0, 259.03257145596604, 37
1, 2436102, 1391312, 1044790, 10438798.847361943, 36, 36, 0, 257.1489742783178, 36
51, 2436184, 1391344, 1044840, 10439116.269031785, 82, 32, 50, 317.42166984345636, 33
1, 2436221, 1391381, 1044840, 10439375.30160324, 37, 37, 0, 259.03257145596604, 37
1, 2436306, 1391426, 1044880, 10439697.038630912, 85, 45, 40, 321.73702767108114, 46
1, 2436374, 1391464, 1044910, 10439999.900802014, 68, 38, 30, 302.86217110259, 39
1, 2436451, 1391501, 1044950, 10440312.62646578, 77, 37, 40, 312.72566376652986, 38
51, 2436542, 1391542, 1045000, 10440639.78552772, 91, 41, 50, 327.1590619387661, 42
1, 2436583, 1391583, 1045000, 10440906.029481163, 41, 41, 0, 266.24395344352433, 41
1, 2436662, 1391622, 1045040, 10441221.060231293, 79, 39, 40, 315.03075013013313, 40
51, 2436783, 1391663, 1045120, 10441574.122710329, 121, 41, 80, 353.06247903554, 43
1, 2436818, 1391698, 1045120, 10441829.352638239, 35, 35, 0, 255.22992790977875, 35
1, 2436890, 1391730, 1045160, 10442136.147701263, 72, 32, 40, 306.79506302439404, 33
51, 2436974, 1391764, 1045210, 10442455.787711667, 84, 34, 50, 319.64001040350905, 35
1, 2437011, 1391801, 1045210, 10442714.820283122, 37, 37, 0, 259.03257145596604, 37
1, 2437045, 1391835, 1045210, 10442968.0939234, 34, 34, 0, 253.2736402766418, 34
1, 2437123, 1391883, 1045240, 10443282.97671002, 78, 48, 30, 314.8827866200841, 49
1, 2437166, 1391926, 1045240, 10443552.651670223, 43, 43, 0, 269.6749602031015, 43
51, 2437292, 1391962, 1045330, 10443909.088566106, 126, 36, 90, 356.43689588345075, 38
1, 2437334, 1392004, 1045330, 10444177.061555607, 42, 42, 0, 267.97298950218305, 42
1, 2437366, 1392036, 1045330, 10444426.302978607, 32, 32, 0, 249.24142300054422, 32
51, 2437529, 1392079, 1045450, 10444809.514402086, 163, 43, 120, 383.21142347822723, 46
1, 2437570, 1392120, 1045450, 10445075.75835553, 41, 41, 0, 266.24395344352433, 41
1, 2437613, 1392163, 1045450, 10445345.433315733, 43, 43, 0, 269.6749602031015, 43
1, 2437654, 1392204, 1045450, 10445611.677269178, 41, 41, 0, 266.24395344352433, 41
51, 2437809, 1392239, 1045570, 10445988.821421714, 155, 35, 120, 377.14415253747273, 38
1, 2437835, 1392265, 1045570, 10446224.83150815, 26, 26, 0, 236.01008643532256, 26
1, 2437887, 1392317, 1045570, 10446508.76646958, 52, 52, 0, 283.93496142826496, 52
51, 2437977, 1392357, 1045620, 10446834.873498403, 90, 40, 50, 326.1070288241023, 41
1, 2438029, 1392409, 1045620, 10447118.808459831, 52, 52, 0, 283.93496142826496, 52
1, 2438097, 1392447, 1045650, 10447421.670630934, 68, 38, 30, 302.86217110259, 39
1, 2438174, 1392484, 1045690, 10447734.3962947, 77, 37, 40, 312.72566376652986, 38
51, 2438264, 1392524, 1045740, 10448060.503323523, 90, 40, 50, 326.1070288241023, 41
1, 2438312, 1392572, 1045740, 10448338.318126114, 48, 48, 0, 277.8148025904985, 48
1, 2438363, 1392623, 1045740, 10448620.752637893, 51, 51, 0, 282.43451177837886, 51
1, 2438397, 1392657, 1045740, 10448874.02627817, 34, 34, 0, 253.2736402766418, 34
51, 2438554, 1392694, 1045860, 10449252.703171289, 157, 37, 120, 378.67689311792185, 40
1, 2438597, 1392737, 1045860, 10449522.378131492, 43, 43, 0, 269.6749602031015, 43
1, 2438638, 1392778, 1045860, 10449788.622084936, 41, 41, 0, 266.24395344352433, 41
51, 2438732, 1392822, 1045910, 10450118.895810785, 94, 44, 50, 330.273725847777, 45
1, 2438771, 1392861, 1045910, 10450381.595750729, 39, 39, 0, 262.6999399439383, 39
1, 2438849, 1392909, 1045940, 10450696.478537349, 78, 48, 30, 314.8827866200841, 49
1, 2438926, 1392946, 1045980, 10451009.204201115, 77, 37, 40, 312.72566376652986, 38
1, 2438968, 1392988, 1045980, 10451277.177190617, 42, 42, 0, 267.97298950218305, 42
51, 2439066, 1393036, 1046030, 10451611.51181898, 98, 48, 50, 334.33462836457886, 49
1, 2439184, 1393084, 1046100, 10451962.89914415, 118, 48, 70, 351.3873251689181, 50
1, 2439231, 1393131, 1046100, 10452239.13219402, 47, 47, 0, 276.2330498695885, 47
1, 2439277, 1393177, 1046100, 10452513.761262733, 46, 46, 0, 274.6290687140218, 46
51, 2439407, 1393227, 1046180, 10452874.626100272, 130, 50, 80, 360.86483753851803, 52
1, 2439454, 1393274, 1046180, 10453150.859150141, 47, 47, 0, 276.2330498695885, 47
1, 2439491, 1393311, 1046180, 10453409.891721597, 37, 37, 0, 259.03257145596604, 37
1, 2439579, 1393359, 1046220, 10453734.873152958, 88, 48, 40, 324.98143136087856, 49
51, 2439665, 1393395, 1046270, 10454056.699317606, 86, 36, 50, 321.82616464756694, 37
1, 2439702, 1393432, 1046270, 10454315.731889062, 37, 37, 0, 259.03257145596604, 37
1, 2439770, 1393470, 1046300, 10454618.594060164, 68, 38, 30, 302.86217110259, 39
1, 2439810, 1393510, 1046300, 10454883.080746101, 40, 40, 0, 264.4866859365871, 40
1, 2439889, 1393549, 1046340, 10455198.11149623, 79, 39, 40, 315.03075013013313, 40
51, 2439978, 1393588, 1046390, 10455523.159361795, 89, 39, 50, 325.0478655640733, 40
1, 2440011, 1393621, 1046390, 10455774.437534487, 33, 33, 0, 251.27817269284301, 33
1, 2440086, 1393666, 1046420, 10456085.820630126, 75, 45, 30, 311.38309563827124, 46
1, 2440123, 1393703, 1046420, 10456344.853201581, 37, 37, 0, 259.03257145596604, 37
1, 2440158, 1393738, 1046420, 10456600.083129492, 35, 35, 0, 255.22992790977875, 35
51, 2440290, 1393780, 1046510, 10456961.63925192, 132, 42, 90, 361.55612242701943, 44
1, 2440336, 1393826, 1046510, 10457236.268320633, 46, 46, 0, 274.6290687140218, 46
1, 2440408, 1393868, 1046540, 10457544.063383657, 72, 42, 30, 307.79506302439404, 43
1, 2440447, 1393907, 1046540, 10457806.763323601, 39, 39, 0, 262.6999399439383, 39
51, 2440551, 1393961, 1046590, 10458147.00701036, 104, 54, 50, 340.243686757474, 55
1, 2440625, 1393995, 1046630, 10458456.204219127, 74, 34, 40, 309.1972087668518, 35
1, 2440662, 1394032, 1046630, 10458715.236790583, 37, 37, 0, 259.03257145596604, 37
51, 2440787, 1394077, 1046710, 10459071.80694307, 125, 45, 80, 356.57015248821097, 47
1, 2440869, 1394119, 1046750, 10459390.228612913, 82, 42, 40, 318.42166984345636, 43
1, 2440943, 1394163, 1046780, 10459700.42582168, 74, 44, 30, 310.1972087668518, 45
1, 2440983, 1394203, 1046780, 10459964.912507618, 40, 40, 0, 264.4866859365871, 40
51, 2441072, 1394242, 1046830, 10460289.960373182, 89, 39, 50, 325.0478655640733, 40
1, 2441145, 1394285, 1046860, 10460598.961651752, 73, 43, 30, 309.00127856917646, 44
1, 2441232, 1394332, 1046900, 10460922.86923275, 87, 47, 40, 323.9075809977351, 48
1, 2441267, 1394367, 1046900, 10461178.09916066, 35, 35, 0, 255.22992790977875, 35
51, 2441428, 1394408, 1047020, 10461559.809457261, 161, 41, 120, 381.7102966008917, 44
1, 2441470, 1394450, 1047020, 10461827.782446763, 42, 42, 0, 267.97298950218305, 42
1, 2441499, 1394479, 1047020, 10462070.642025473, 29, 29, 0, 242.8595787106084, 29
1, 2441581, 1394521, 1047060, 10462389.063695315, 82, 42, 40, 318.42166984345636, 43
51, 2441660, 1394550, 1047110, 10462703.094445445, 79, 29, 50, 314.03075013013313, 30
1, 2441736, 1394596, 1047140, 10463015.653617818, 76, 46, 30, 312.5591723737189, 47
1, 2441819, 1394639, 1047180, 10463335.188565748, 83, 43, 40, 319.5349479292333, 44
1, 2441861, 1394681, 1047180, 10463603.16155525, 42, 42, 0, 267.97298950218305, 42
1, 2441929, 1394719, 1047210, 10463906.023726352, 68, 38, 30, 302.86217110259, 39
51, 2442061, 1394761, 1047300, 10464267.57984878, 132, 42, 90, 361.55612242701943, 44
1, 2442106, 1394806, 1047300, 10464540.58185519, 45, 45, 0, 273.00200641113514, 45
1, 2442148, 1394848, 1047300, 10464808.554844692, 42, 42, 0, 267.97298950218305, 42
1, 2442221, 1394891, 1047330, 10465117.556123262, 73, 43, 30, 309.00127856917646, 44
51, 2442319, 1394939, 1047380, 10465451.890751626, 98, 48, 50, 334.33462836457886, 49
1, 2442400, 1394980, 1047420, 10465769.190751627, 81, 41, 40, 317.3, 42
1, 2442439, 1395019, 1047420, 10466031.890691571, 39, 39, 0, 262.6999399439383, 39
1, 2442568, 1395078, 1047490, 10466392.904292062, 129, 59, 70, 361.01360049114555, 61
51, 2442652, 1395112, 1047540, 10466712.544302465, 84, 34, 50, 319.64001040350905, 35
1, 2442684, 1395144, 1047540, 10466961.785725465, 32, 32, 0, 249.24142300054422, 32
1, 2442716, 1395176, 1047540, 10467211.027148465, 32, 32, 0, 249.24142300054422, 32
51, 2442807, 1395217, 1047590, 10467538.186210403, 91, 41, 50, 327.1590619387661, 42
1, 2442892, 1395262, 1047630, 10467859.923238074, 85, 45, 40, 321.73702767108114, 46
1, 2442963, 1395303, 1047660, 10468166.501548894, 71, 41, 30, 306.57831081870995, 42
1, 2443007, 1395347, 1047660, 10468437.852506584, 44, 44, 0, 271.35095769013947, 44
1, 2443087, 1395387, 1047700, 10468754.022262828, 80, 40, 40, 316.1697562442441, 41
51, 2443172, 1395422, 1047750, 10469074.7592905, 85, 35, 50, 320.73702767108114, 36
1, 2443219, 1395469, 1047750, 10469350.99234037, 47, 47, 0, 276.2330498695885, 47
1, 2443248, 1395498, 1047750, 10469593.85191908, 29, 29, 0, 242.8595787106084, 29
1, 2443316, 1395536, 1047780, 10469896.714090182, 68, 38, 30, 302.86217110259, 39
51, 2443442, 1395572, 1047870, 10470253.150986064, 126, 36, 90, 356.43689588345075, 38
1, 2443481, 1395611, 1047870, 10470515.850926008, 39, 39, 0, 262.6999399439383, 39
1, 2443558, 1395648, 1047910, 10470828.576589774, 77, 37, 40, 312.72566376652986, 38
1, 2443629, 1395689, 1047940, 10471135.154900594, 71, 41, 30, 306.57831081870995, 42
51, 2443707, 1395717, 1047990, 10471448.037687214, 78, 28, 50, 312.8827866200841, 29
1, 2443747, 1395757, 1047990, 10471712.524373151, 40, 40, 0, 264.4866859365871, 40
1, 2443783, 1395793, 1047990, 10471969.67334743, 36, 36, 0, 257.1489742783178, 36
1, 2443854, 1395834, 1048020, 10472276.25165825, 71, 41, 30, 306.57831081870995, 42
51, 2443982, 1395872, 1048110, 10472634.410224352, 128, 38, 90, 358.1585661014858, 40
1, 2444032, 1395922, 1048110, 10472915.3250192, 50, 50, 0, 280.9147948472494, 50
1, 2444100, 1395960, 1048140, 10473218.187190302, 68, 38, 30, 302.86217110259, 39
1, 2444141, 1396001, 1048140, 10473484.431143746, 41, 41, 0, 266.24395344352433, 41
51, 2444230, 1396040, 1048190, 10473809.47900931, 89, 39, 50, 325.0478655640733, 40
1, 2444266, 1396076, 1048190, 10474066.627983589, 36, 36, 0, 257.1489742783178, 36
1, 2444343, 1396113, 1048230, 10474379.353647355, 77, 37, 40, 312.72566376652986, 38
1, 2444387, 1396157, 1048230, 10474650.704605045, 44, 44, 0, 271.35095769013947, 44
51, 2444515, 1396205, 1048310, 10475009.863171147, 128, 48, 80, 359.1585661014858, 50
1, 2444559, 1396249, 1048310, 10475281.214128837, 44, 44, 0, 271.35095769013947, 44
1, 2444637, 1396287, 1048350, 10475595.096915457, 78, 38, 40, 313.8827866200841, 39
1, 2444676, 1396326, 1048350, 10475857.796855401, 39, 39, 0, 262.6999399439383, 39
51, 2444796, 1396366, 1048430, 10476209.971947366, 120, 40, 80, 352.1750919646873, 42
1, 2444870, 1396400, 1048470, 10476519.169156134, 74, 34, 40, 309.1972087668518, 35
1, 2444938, 1396438, 1048500, 10476822.031327236, 68, 38, 30, 302.86217110259, 39
1, 2444984, 1396484, 1048500, 10477096.66039595, 46, 46, 0, 274.6290687140218, 46
51, 2445066, 1396516, 1048550, 10477414.082065793, 82, 32, 50, 317.42166984345636, 33
1, 2445108, 1396558, 1048550, 10477682.055055294, 42, 42, 0, 267.97298950218305, 42
1, 2445219, 1396599, 1048620, 10478027.041773334, 111, 41, 70, 344.9867180408456, 43
51, 2445312, 1396642, 1048670, 10478356.284053242, 93, 43, 50, 329.24227990714814, 44
1, 2445348, 1396678, 1048670, 10478613.43302752, 36, 36, 0, 257.1489742783178, 36
1, 2445387, 1396717, 1048670, 10478876.132967465, 39, 39, 0, 262.6999399439383, 39
1, 2445467, 1396757, 1048710, 10479192.30272371, 80, 40, 40, 316.1697562442441, 41
51, 2445581, 1396791, 1048790, 10479539.0607114, 114, 34, 80, 346.75798769167545, 36
1, 2445622, 1396832, 1048790, 10479805.304664845, 41, 41, 0, 266.24395344352433, 41
1, 2445661, 1396871, 1048790, 10480068.004604788, 39, 39, 0, 262.6999399439383, 39
1, 2445691, 1396901, 1048790, 10480313.03933672, 30, 30, 0, 245.0347319320716, 30
51, 2445811, 1396941, 1048870, 10480665.214428686, 120, 40, 80, 352.1750919646873, 42
1, 2445889, 1396979, 1048910, 10480979.097215306, 78, 38, 40, 313.8827866200841, 39
1, 2445924, 1397014, 1048910, 10481234.327143217, 35, 35, 0, 255.22992790977875, 35
51, 2446044, 1397054, 1048990, 10481586.502235182, 120, 40, 80, 352.1750919646873, 42
1, 2446091, 1397101, 1048990, 10481862.735285051, 47, 47, 0, 276.2330498695885, 47
1, 2446139, 1397149, 1048990, 10482140.550087642, 48, 48, 0, 277.8148025904985, 48
1, 2446250, 1397190, 1049060, 10482485.536805682, 111, 41, 70, 344.9867180408456, 43
51, 2446338, 1397228, 1049110, 10482809.518237043, 88, 38, 50, 323.98143136087856, 39
1, 2446371, 1397261, 1049110, 10483060.796409735, 33, 33, 0, 251.27817269284301, 33
1, 2446445, 1397305, 1049140, 10483370.993618503, 74, 44, 30, 310.1972087668518, 45
1, 2446486, 1397346, 1049140, 10483637.237571947, 41, 41, 0, 266.24395344352433, 41
51, 2446622, 1397392, 1049230, 10484002.132868983, 136, 46, 90, 364.89529703482884, 48
1, 2446700, 1397440, 1049260, 10484317.015655603, 78, 48, 30, 314.8827866200841, 49
1, 2446737, 1397477, 1049260, 10484576.048227059, 37, 37, 0, 259.03257145596604, 37
51, 2446863, 1397513, 1049350, 10484932.485122941, 126, 36, 90, 356.43689588345075, 38
1, 2446896, 1397546, 1049350, 10485183.763295634, 33, 33, 0, 251.27817269284301, 33
1, 2446966, 1397586, 1049380, 10485489.114056485, 70, 40, 30, 305.3507608519078, 41
1, 2447003, 1397623, 1049380, 10485748.14662794, 37, 37, 0, 259.03257145596604, 37
1, 2447068, 1397658, 1049410, 10486047.187779384, 65, 35, 30, 299.04115144336777, 36
51, 2447206, 1397706, 1049500, 10486413.731708936, 138, 48, 90, 366.54392955194305, 50
1, 2447243, 1397743, 1049500, 10486672.764280392, 37, 37, 0, 259.03257145596604, 37
1, 2447277, 1397777, 1049500, 10486926.037920669, 34, 34, 0, 253.2736402766418, 34
1, 2447326, 1397826, 1049500, 10487205.413051775, 49, 49, 0, 279.3751311064591, 49
51, 2447440, 1397860, 1049580, 10487552.171039466, 114, 34, 80, 346.75798769167545, 36
1, 2447509, 1397889, 1049620, 10487855.283181176, 69, 29, 40, 303.1121417102006, 30
1, 2447542, 1397922, 1049620, 10488106.561353868, 33, 33, 0, 251.27817269284301, 33
1, 2447623, 1397963, 1049660, 10488423.861353869, 81, 41, 40, 317.3, 42
51, 2447738, 1397998, 1049740, 10488771.53357093, 115, 35, 80, 347.6722170622053, 37
1, 2447778, 1398038, 1049740, 10489036.020256868, 40, 40, 0, 264.4866859365871, 40
1, 2447809, 1398069, 1049740, 10489283.181363044, 31, 31, 0, 247.1611061770567, 31
51, 2447948, 1398118, 1049830, 10489650.544525346, 139, 49, 90, 367.36316230125203, 51
1, 2447994, 1398164, 1049830, 10489925.17359406, 46, 46, 0, 274.6290687140218, 46
1, 2448055, 1398195, 1049860, 10490218.941833327, 61, 31, 30, 293.7682392671241, 32
51, 2448188, 1398238, 1049950, 10490581.338102369, 133, 43, 90, 362.3962690412072, 45
1, 2448229, 1398279, 1049950, 10490847.582055813, 41, 41, 0, 266.24395344352433, 41
1, 2448313, 1398323, 1049990, 10491168.222066216, 84, 44, 40, 320.64001040350905, 45
1, 2448359, 1398369, 1049990, 10491442.85113493, 46, 46, 0, 274.6290687140218, 46
51, 2448513, 1398403, 1050110, 10491819.224801928, 154, 34, 120, 376.37366699756114, 37
1, 2448559, 1398449, 1050110, 10492093.853870641, 46, 46, 0, 274.6290687140218, 46
1, 2448624, 1398484, 1050140, 10492392.895022085, 65, 35, 30, 299.04115144336777, 36
1, 2448706, 1398526, 1050180, 10492711.316691928, 82, 42, 40, 318.42166984345636, 43
1, 2448754, 1398574, 1050180, 10492989.131494518, 48, 48, 0, 277.8148025904985, 48
51, 2448844, 1398614, 1050230, 10493315.238523342, 90, 40, 50, 326.1070288241023, 41
1, 2448882, 1398652, 1050230, 10493576.120902961, 38, 38, 0, 260.88237961983884, 38
1, 2448960, 1398700, 1050260, 10493891.003689582, 78, 48, 30, 314.8827866200841, 49
1, 2449006, 1398746, 1050260, 10494165.632758295, 46, 46, 0, 274.6290687140218, 46
51, 2449132, 1398782, 1050350, 10494522.069654178, 126, 36, 90, 356.43689588345075, 38
1, 2449171, 1398821, 1050350, 10494784.769594122, 39, 39, 0, 262.6999399439383, 39
1, 2449208, 1398858, 1050350, 10495043.802165577, 37, 37, 0, 259.03257145596604, 37
51, 2449367, 1398897, 1050470, 10495424.00102805, 159, 39, 120, 380.1988624723894, 42
1, 2449413, 1398943, 1050470, 10495698.630096763, 46, 46, 0, 274.6290687140218, 46
1, 2449452, 1398982, 1050470, 10495961.330036707, 39, 39, 0, 262.6999399439383, 39
1, 2449500, 1399030, 1050470, 10496239.144839298, 48, 48, 0, 277.8148025904985, 48
51, 2449584, 1399064, 1050520, 10496558.784849701, 84, 34, 50, 319.64001040350905, 35
1, 2449623, 1399103, 1050520, 10496821.484789645, 39, 39, 0, 262.6999399439383, 39
1, 2449741, 1399151, 1050590, 10497172.872114815, 118, 48, 70, 351.3873251689181, 50
1, 2449776, 1399186, 1050590, 10497428.102042725, 35, 35, 0, 255.22992790977875, 35
51, 2449865, 1399225, 1050640, 10497753.14990829, 89, 39, 50, 325.0478655640733, 40
1, 2449934, 1399264, 1050670, 10498057.26205, 69, 39, 30, 304.1121417102006, 40
1, 2449964, 1399294, 1050670, 10498302.296781931, 30, 30, 0, 245.0347319320716, 30
1, 2450001, 1399331, 1050670, 10498561.329353387, 37, 37, 0, 259.03257145596604, 37
51, 2450128, 1399368, 1050760, 10498918.629035685, 127, 37, 90, 357.2996822992933, 39
1, 2450171, 1399411, 1050760, 10499188.303995889, 43, 43, 0, 269.6749602031015, 43
1, 2450213, 1399453, 1050760, 10499456.27698539, 42, 42, 0, 267.97298950218305, 42
1, 2450320, 1399490, 1050830, 10499797.49913066, 107, 37, 70, 341.2221452697031, 39
1, 2450358, 1399528, 1050830, 10500058.38151028, 38, 38, 0, 260.88237961983884, 38
51, 2450445, 1399565, 1050880, 10500381.289091278, 87, 37, 50, 322.9075809977351, 38
1, 2450519, 1399609, 1050910, 10500691.486300046, 74, 44, 30, 310.1972087668518, 45
1, 2450564, 1399654, 1050910, 10500964.488306457, 45, 45, 0, 273.00200641113514, 45
51, 2450696, 1399696, 1051000, 10501326.044428885, 132, 42, 90, 361.55612242701943, 44
1, 2450736, 1399736, 1051000, 10501590.531114822, 40, 40, 0, 264.4866859365871, 40
1, 2450778, 1399778, 1051000, 10501858.504104324, 42, 42, 0, 267.97298950218305, 42
1, 2450861, 1399821, 1051040, 10502178.039052254, 83, 43, 40, 319.5349479292333, 44
51, 2450977, 1399857, 1051120, 10502526.620855745, 116, 36, 80, 348.5818034911291, 38
1, 2451023, 1399903, 1051120, 10502801.249924459, 46, 46, 0, 274.6290687140218, 46
1, 2451100, 1399950, 1051150, 10503114.975588225, 77, 47, 30, 313.72566376652986, 48
1, 2451186, 1399996, 1051190, 10503437.801752873, 86, 46, 40, 322.82616464756694, 47
1, 2451215, 1400025, 1051190, 10503680.661331583, 29, 29, 0, 242.8595787106084, 29
51, 2451317, 1400077, 1051240, 10504018.958514364, 102, 52, 50, 338.29718278112654, 53
1, 2451356, 1400116, 1051240, 10504281.658454308, 39, 39, 0, 262.6999399439383, 39
1, 2451463, 1400153, 1051310, 10504622.880599579, 107, 37, 70, 341.2221452697031, 39
1, 2451512, 1400202, 1051310, 10504902.255730685, 49, 49, 0, 279.3751311064591, 49
51, 2451598, 1400238, 1051360, 10505224.081895333, 86, 36, 50, 321.82616464756694, 37
1, 2451664, 1400264, 1051400, 10505523.40888361, 66, 26, 40, 299.32698827717985, 27
1, 2451704, 1400304, 1051400, 10505787.895569548, 40, 40, 0, 264.4866859365871, 40
1, 2451774, 1400344, 1051430, 10506093.246330399, 70, 40, 30, 305.3507608519078, 41
51, 2451895, 1400375, 1051520, 10506445.308809435, 121, 31, 90, 352.06247903554, 33
1, 2451965, 1400415, 1051550, 10506750.659570286, 70, 40, 30, 305.3507608519078, 41
1, 2452052, 1400462, 1051590, 10507074.567151284, 87, 47, 40, 323.9075809977351, 48
1, 2452086, 1400496, 1051590, 10507327.84079156, 34, 34, 0, 253.2736402766418, 34
51, 2452214, 1400534, 1051680, 10507685.999357663, 128, 38, 90, 358.1585661014858, 40
1, 2452258, 1400578, 1051680, 10507957.350315353, 44, 44, 0, 271.35095769013947, 44
1, 2452306, 1400626, 1051680, 10508235.165117944, 48, 48, 0, 277.8148025904985, 48
1, 2452374, 1400664, 1051710, 10508538.027289046, 68, 38, 30, 302.86217110259, 39
1, 2452416, 1400706, 1051710, 10508806.000278547, 42, 42, 0, 267.97298950218305, 42
51, 2452546, 1400746, 1051800, 10509165.865116086, 130, 40, 90, 359.86483753851803, 42
1, 2452582, 1400782, 1051800, 10509423.014090365, 36, 36, 0, 257.1489742783178, 36
1, 2452621, 1400821, 1051800, 10509685.714030309, 39, 39, 0, 262.6999399439383, 39
1, 2452666, 1400866, 1051800, 10509958.71603672, 45, 45, 0, 273.00200641113514, 45
51, 2452776, 1400896, 1051880, 10510301.769220768, 110, 30, 80, 343.0531840464366, 32
1, 2452819, 1400939, 1051880, 10510571.444180971, 43, 43, 0, 269.6749602031015, 43
1, 2452907, 1400987, 1051920, 10510896.425612332, 88, 48, 40, 324.98143136087856, 49
1, 2452941, 1401021, 1051920, 10511149.69925261, 34, 34, 0, 253.2736402766418, 34
51, 2453027, 1401057, 1051970, 10511471.525417257, 86, 36, 50, 321.82616464756694, 37
1, 2453106, 1401096, 1052010, 10511786.556167386, 79, 39, 40, 315.03075013013313, 40
1, 2453187, 1401147, 1052040, 10512104.856167387, 81, 51, 30, 318.3, 52
51, 2453266, 1401176, 1052090, 10512418.886917517, 79, 29, 50, 314.03075013013313, 30
1, 2453305, 1401215, 1052090, 10512681.58685746, 39, 39, 0, 262.6999399439383, 39
1, 2453389, 1401259, 1052130, 10513002.226867864, 84, 44, 40, 320.64001040350905, 45
1, 2453434, 1401304, 1052130, 10513275.228874275, 45, 45, 0, 273.00200641113514, 45
1, 2453476, 1401346, 1052130, 10513543.201863777, 42, 42, 0, 267.97298950218305, 42
51, 2453591, 1401381, 1052210, 10513890.874080839, 115, 35, 80, 347.6722170622053, 37
1, 2453632, 1401422, 1052210, 10514157.118034283, 41, 41, 0, 266.24395344352433, 41
1, 2453673, 1401463, 1052210, 10514423.361987727, 41, 41, 0, 266.24395344352433, 41
51, 2453837, 1401507, 1052330, 10514807.320178563, 164, 44, 120, 383.9581908363381, 47
1, 2453874, 1401544, 1052330, 10515066.352750018, 37, 37, 0, 259.03257145596604, 37
1, 2453905, 1401575, 1052330, 10515313.513856195, 31, 31, 0, 247.1611061770567, 31
1, 2453946, 1401616, 1052330, 10515579.757809639, 41, 41, 0, 266.24395344352433, 41
51, 2454067, 1401657, 1052410, 10515932.820288675, 121, 41, 80, 353.06247903554, 43
1, 2454106, 1401696, 1052410, 10516195.520228619, 39, 39, 0, 262.6999399439383, 39
1, 2454189, 1401739, 1052450, 10516515.055176549, 83, 43, 40, 319.5349479292333, 44
1, 2454257, 1401777, 1052480, 10516817.917347651, 68, 38, 30, 302.86217110259, 39
1, 2454300, 1401820, 1052480, 10517087.592307854, 43, 43, 0, 269.6749602031015, 43
51, 2454425, 1401855, 1052570, 10517443.162460342, 125, 35, 90, 355.57015248821097, 37
1, 2454461, 1401891, 1052570, 10517700.311434621, 36, 36, 0, 257.1489742783178, 36
1, 2454503, 1401933, 1052570, 10517968.284424122, 42, 42, 0, 267.97298950218305, 42
1, 2454544, 1401974, 1052570, 10518234.528377566, 41, 41, 0, 266.24395344352433, 41
1, 2454667, 1402027, 1052640, 10518590.352948828, 123, 53, 70, 355.8245712617827, 55
51, 2454757, 1402067, 1052690, 10518916.459977651, 90, 40, 50, 326.1070288241023, 41
1, 2454789, 1402099, 1052690, 10519165.70140065, 32, 32, 0, 249.24142300054422, 32
1, 2454830, 1402140, 1052690, 10519431.945354095, 41, 41, 0, 266.24395344352433, 41
51, 2454918, 1402178, 1052740, 10519755.926785456, 88, 38, 50, 323.98143136087856, 39
1, 2454993, 1402213, 1052780, 10520066.309881095, 75, 35, 40, 310.38309563827124, 36
1, 2455064, 1402254, 1052810, 10520372.888191914, 71, 41, 30, 306.57831081870995, 42
1, 2455099, 1402289, 1052810, 10520628.118119825, 35, 35, 0, 255.22992790977875, 35
1, 2455136, 1402326, 1052810, 10520887.15069128, 37, 37, 0, 259.03257145596604, 37
51, 2455257, 1402357, 1052900, 10521239.213170316, 121, 31, 90, 352.06247903554, 33
1, 2455301, 1402401, 1052900, 10521510.564128006, 44, 44, 0, 271.35095769013947, 44
1, 2455376, 1402446, 1052930, 10521821.947223645, 75, 45, 30, 311.38309563827124, 46
1, 2455413, 1402483, 1052930, 10522080.9797951, 37, 37, 0, 259.03257145596604, 37
1, 2455452, 1402522, 1052930, 10522343.679735044, 39, 39, 0, 262.6999399439383, 39
51, 2455591, 1402571, 1053020, 10522711.042897345, 139, 49, 90, 367.36316230125203, 51
1, 2455623, 1402603, 1053020, 10522960.284320345, 32, 32, 0, 249.24142300054422, 32
1, 2455653, 1402633, 1053020, 10523205.319052277, 30, 30, 0, 245.0347319320716, 30
1, 2455723, 1402673, 1053050, 10523510.669813128, 70, 40, 30, 305.3507608519078, 41
51, 2455806, 1402706, 1053100, 10523829.204761058, 83, 33, 50, 318.5349479292333, 34
1, 2455886, 1402746, 1053140, 10524145.374517303, 80, 40, 40, 316.1697562442441, 41
1, 2455918, 1402778, 1053140, 10524394.615940303, 32, 32, 0, 249.24142300054422, 32
51, 2456004, 1402814, 1053190, 10524716.44210495, 86, 36, 50, 321.82616464756694, 37
1, 2456050, 1402860, 1053190, 10524991.071173664, 46, 46, 0, 274.6290687140218, 46
1, 2456112, 1402892, 1053220, 10525286.177799994, 62, 32, 30, 295.1066263296683, 33
1, 2456190, 1402930, 1053260, 10525600.060586615, 78, 38, 40, 313.8827866200841, 39
51, 2456314, 1402974, 1053340, 10525955.759983163, 124, 44, 80, 355.6993965481514, 46
1, 2456358, 1403018, 1053340, 10526227.110940853, 44, 44, 0, 271.35095769013947, 44
1, 2456394, 1403054, 1053340, 10526484.259915132, 36, 36, 0, 257.1489742783178, 36
1, 2456501, 1403091, 1053410, 10526825.482060403, 107, 37, 70, 341.2221452697031, 39
1, 2456540, 1403130, 1053410, 10527088.182000346, 39, 39, 0, 262.6999399439383, 39
51, 2456627, 1403167, 1053460, 10527411.089581344, 87, 37, 50, 322.9075809977351, 38
1, 2456696, 1403206, 1053490, 10527715.201723054, 69, 39, 30, 304.1121417102006, 40
1, 2456766, 1403236, 1053530, 10528019.552483905, 70, 30, 40, 304.3507608519078, 31
51, 2456859, 1403279, 1053580, 10528348.794763813, 93, 43, 50, 329.24227990714814, 44
1, 2456905, 1403325, 1053580, 10528623.423832526, 46, 46, 0, 274.6290687140218, 46
1, 2456940, 1403360, 1053580, 10528878.653760437, 35, 35, 0, 255.22992790977875, 35
51, 2457065, 1403395, 1053670, 10529234.223912925, 125, 35, 90, 355.57015248821097, 37
1, 2457138, 1403438, 1053700, 10529543.225191494, 73, 43, 30, 309.00127856917646, 44
1, 2457179, 1403479, 1053700, 10529809.469144939, 41, 41, 0, 266.24395344352433, 41
1, 2457211, 1403511, 1053700, 10530058.710567938, 32, 32, 0, 249.24142300054422, 32
51, 2457374, 1403554, 1053820, 10530441.921991417, 163, 43, 120, 383.21142347822723, 46
1, 2457417, 1403597, 1053820, 10530711.59695162, 43, 43, 0, 269.6749602031015, 43
1, 2457455, 1403635, 1053820, 10530972.47933124, 38, 38, 0, 260.88237961983884, 38
1, 2457498, 1403678, 1053820, 10531242.154291444, 43, 43, 0, 269.6749602031015, 43
1, 2457537, 1403717, 1053820, 10531504.854231387, 39, 39, 0, 262.6999399439383, 39
51, 2457625, 1403755, 1053870, 10531828.835662749, 88, 38, 50, 323.98143136087856, 39
1, 2457735, 1403795, 1053940, 10532172.888846796, 110, 40, 70, 344.0531840464366, 42
1, 2457773, 1403833, 1053940, 10532433.771226415, 38, 38, 0, 260.88237961983884, 38
1, 2457856, 1403876, 1053980, 10532753.306174345, 83, 43, 40, 319.5349479292333, 44
51, 2457976, 1403916, 1054060, 10533105.48126631, 120, 40, 80, 352.1750919646873, 42
1, 2458018, 1403958, 1054060, 10533373.454255812, 42, 42, 0, 267.97298950218305, 42
1, 2458088, 1403998, 1054090, 10533678.805016663, 70, 40, 30, 305.3507608519078, 41
1, 2458128, 1404038, 1054090, 10533943.2917026, 40, 40, 0, 264.4866859365871, 40
51, 2458251, 1404081, 1054170, 10534298.116273861, 123, 43, 80, 354.8245712617827, 45
1, 2458323, 1404113, 1054210, 10534604.911336886, 72, 32, 40, 306.79506302439404, 33
1, 2458363, 1404153, 1054210, 10534869.398022823, 40, 40, 0, 264.4866859365871, 40
1, 2458394, 1404184, 1054210, 10535116.559129, 31, 31, 0, 247.1611061770567, 31
51, 2458486, 1404226, 1054260, 10535444.763230467, 92, 42, 50, 328.20410146824725, 43
1, 2458523, 1404263, 1054260, 10535703.795801923, 37, 37, 0, 259.03257145596604, 37
1, 2458581, 1404291, 1054290, 10535993.46270403, 58, 28, 30, 289.66690210718946, 29
1, 2458667, 1404337, 1054330, 10536316.288868679, 86, 46, 40, 322.82616464756694, 47
1, 2458733, 1404373, 1054360, 10536616.615856957, 66, 36, 30, 300.32698827717985, 37
51, 2458822, 1404412, 1054410, 10536941.66372252, 89, 39, 50, 325.0478655640733, 40
1, 2458895, 1404445, 1054450, 10537249.66500109, 73, 33, 40, 308.00127856917646, 34
1, 2458941, 1404491, 1054450, 10537524.294069804, 46, 46, 0, 274.6290687140218, 46
1, 2459032, 1404542, 1054490, 10537852.453131743, 91, 51, 40, 328.1590619387661, 52
51, 2459131, 1404591, 1054540, 10538187.787346296, 99, 49, 50, 335.33421455299043, 50
1, 2459202, 1404632, 1054570, 10538494.365657115, 71, 41, 30, 306.57831081870995, 42
1, 2459237, 1404667, 1054570, 10538749.595585026, 35, 35, 0, 255.22992790977875, 35
51, 2459329, 1404709, 1054620, 10539077.799686493, 92, 42, 50, 328.20410146824725, 43
1, 2459408, 1404748, 1054660, 10539392.830436623, 79, 39, 40, 315.03075013013313, 40
1, 2459454, 1404794, 1054660, 10539667.459505336, 46, 46, 0, 274.6290687140218, 46
51, 2459579, 1404839, 1054740, 10540024.029657824, 125, 45, 80, 356.57015248821097, 47
1, 2459619, 1404879, 1054740, 10540288.516343761, 40, 40, 0, 264.4866859365871, 40
1, 2459662, 1404922, 1054740, 10540558.191303965, 43, 43, 0, 269.6749602031015, 43
1, 2459727, 1404957, 1054770, 10540857.232455408, 65, 35, 30, 299.04115144336777, 36
51, 2459861, 1405001, 1054860, 10541220.465271328, 134, 44, 90, 363.23281591860336, 46
1, 2459902, 1405042, 1054860, 10541486.709224772, 41, 41, 0, 266.24395344352433, 41
1, 2459947, 1405087, 1054860, 10541759.711231183, 45, 45, 0, 273.00200641113514, 45
1, 2460062, 1405132, 1054930, 10542108.383448245, 115, 45, 70, 348.6722170622053, 47
51, 2460146, 1405166, 1054980, 10542428.023458648, 84, 34, 50, 319.64001040350905, 35
1, 2460189, 1405209, 1054980, 10542697.698418852, 43, 43, 0, 269.6749602031015, 43
1, 2460270, 1405260, 1055010, 10543015.998418853, 81, 51, 30, 318.3, 52
51, 2460367, 1405307, 1055060, 10543349.327318124, 97, 47, 50, 333.3288992714996, 48
1, 2460452, 1405352, 1055100, 10543671.064345796, 85, 45, 40, 321.73702767108114, 46
1, 2460497, 1405397, 1055100, 10543944.066352207, 45, 45, 0, 273.00200641113514, 45
1, 2460544, 1405444, 1055100, 10544220.299402077, 47, 47, 0, 276.2330498695885, 47
51, 2460672, 1405482, 1055190, 10544578.45796818, 128, 38, 90, 358.1585661014858, 40
1, 2460738, 1405518, 1055220, 10544878.784956457, 66, 36, 30, 300.32698827717985, 37
1, 2460775, 1405555, 1055220, 10545137.817527913, 37, 37, 0, 259.03257145596604, 37
1, 2460817, 1405597, 1055220, 10545405.790517414, 42, 42, 0, 267.97298950218305, 42
1, 2460860, 1405640, 1055220, 10545675.465477617, 43, 43, 0, 269.6749602031015, 43
51, 2460952, 1405682, 1055270, 10546003.669579085, 92, 42, 50, 328.20410146824725, 43
1, 2461027, 1405717, 1055310, 10546314.052674724, 75, 35, 40, 310.38309563827124, 36
1, 2461103, 1405763, 1055340, 10546626.611847097, 76, 46, 30, 312.5591723737189, 47
1, 2461141, 1405801, 1055340, 10546887.494226716, 38, 38, 0, 260.88237961983884, 38
51, 2461229, 1405839, 1055390, 10547211.475658078, 88, 38, 50, 323.98143136087856, 39
1, 2461310, 1405880, 1055430, 10547528.775658078, 81, 41, 40, 317.3, 42
1, 2461342, 1405912, 1055430, 10547778.017081078, 32, 32, 0, 249.24142300054422, 32
1, 2461375, 1405945, 1055430, 10548029.29525377, 33, 33, 0, 251.27817269284301, 33
1, 2461443, 1405983, 1055460, 10548332.157424873, 68, 38, 30, 302.86217110259, 39
51, 2461530, 1406020, 1055510, 10548655.06500587, 87, 37, 50, 322.9075809977351, 38
1, 2461570, 1406060, 1055510, 10548919.551691808, 40, 40, 0, 264.4866859365871, 40
1, 2461652, 1406102, 1055550, 10549237.97336165, 82, 42, 40, 318.42166984345636, 43
1, 2461724, 1406144, 1055580, 10549545.768424675, 72, 42, 30, 307.79506302439404, 43
51, 2461809, 1406179, 1055630, 10549866.505452346, 85, 35, 50, 320.73702767108114, 36
1, 2461844, 1406214, 1055630, 10550121.735380257, 35, 35, 0, 255.22992790977875, 35
1, 2461886, 1406256, 1055630, 10550389.708369758, 42, 42, 0, 267.97298950218305, 42
1, 2461923, 1406293, 1055630, 10550648.740941213, 37, 37, 0, 259.03257145596604, 37
1, 2462037, 1406337, 1055700, 10550996.498928905, 114, 44, 70, 347.75798769167545, 46
51, 2462127, 1406377, 1055750, 10551322.605957728, 90, 40, 50, 326.1070288241023, 41
1, 2462215, 1406425, 1055790, 10551647.58738909, 88, 48, 40, 324.98143136087856, 49
1, 2462284, 1406464, 1055820, 10551951.699530799, 69, 39, 30, 304.1121417102006, 40
1, 2462325, 1406505, 1055820, 10552217.943484243, 41, 41, 0, 266.24395344352433, 41
1, 2462436, 1406546, 1055890, 10552562.930202283, 111, 41, 70, 344.9867180408456, 43
51, 2462535, 1406595, 1055940, 10552898.264416836, 99, 49, 50, 335.33421455299043, 50
1, 2462578, 1406638, 1055940, 10553167.93937704, 43, 43, 0, 269.6749602031015, 43
1, 2462656, 1406676, 1055980, 10553481.82216366, 78, 38, 40, 313.8827866200841, 39
1, 2462701, 1406721, 1055980, 10553754.824170072, 45, 45, 0, 273.00200641113514, 45
51, 2462791, 1406761, 1056030, 10554080.931198895, 90, 40, 50, 326.1070288241023, 41
1, 2462903, 1406803, 1056100, 10554426.846511235, 112, 42, 70, 345.91531233955715, 44
1, 2462937, 1406837, 1056100, 10554680.120151512, 34, 34, 0, 253.2736402766418, 34
1, 2462980, 1406880, 1056100, 10554949.795111716, 43, 43, 0, 269.6749602031015, 43
51, 2463096, 1406916, 1056180, 10555298.376915207, 116, 36, 80, 348.5818034911291, 38
1, 2463184, 1406964, 1056220, 10555623.358346568, 88, 48, 40, 324.98143136087856, 49
1, 2463231, 1407011, 1056220, 10555899.591396438, 47, 47, 0, 276.2330498695885, 47
1, 2463308, 1407048, 1056260, 10556212.317060204, 77, 37, 40, 312.72566376652986, 38
1, 2463373, 1407083, 1056290, 10556511.358211648, 65, 35, 30, 299.04115144336777, 36
51, 2463450, 1407110, 1056340, 10556823.083875414, 77, 27, 50, 311.72566376652986, 28
1, 2463489, 1407149, 1056340, 10557085.783815358, 39, 39, 0, 262.6999399439383, 39
1, 2463562, 1407182, 1056380, 10557393.785093928, 73, 33, 40, 308.00127856917646, 34
51, 2463657, 1407227, 1056430, 10557725.083658064, 95, 45, 50, 331.2985641352145, 46
1, 2463771, 1407271, 1056500, 10558072.841645755, 114, 44, 70, 347.75798769167545, 46
1, 2463813, 1407313, 1056500, 10558340.814635256, 42, 42, 0, 267.97298950218305, 42
1, 2463851, 1407351, 1056500, 10558601.697014876, 38, 38, 0, 260.88237961983884, 38
1, 2463930, 1407390, 1056540, 10558916.727765005, 79, 39, 40, 315.03075013013313, 40
51, 2464046, 1407426, 1056620, 10559265.309568496, 116, 36, 80, 348.5818034911291, 38
1, 2464131, 1407471, 1056660, 10559587.046596168, 85, 45, 40, 321.73702767108114, 46
1, 2464174, 1407514, 1056660, 10559856.721556371, 43, 43, 0, 269.6749602031015, 43
51, 2464271, 1407561, 1056710, 10560190.050455643, 97, 47, 50, 333.3288992714996, 48
1, 2464339, 1407599, 1056740, 10560492.912626745, 68, 38, 30, 302.86217110259, 39
1, 2464383, 1407643, 1056740, 10560764.263584435, 44, 44, 0, 271.35095769013947, 44
51, 2464514, 1407684, 1056830, 10561124.975912651, 131, 41, 90, 360.7123282155055, 43
1, 2464556, 1407726, 1056830, 10561392.948902152, 42, 42, 0, 267.97298950218305, 42
1, 2464598, 1407768, 1056830, 10561660.921891654, 42, 42, 0, 267.97298950218305, 42
1, 2464626, 1407796, 1056830, 10561901.554555032, 28, 28, 0, 240.63266337912057, 28
1, 2464739, 1407839, 1056900, 10562248.393598901, 113, 43, 70, 346.83904386951343, 45
51, 2464840, 1407890, 1056950, 10562585.708986873, 101, 51, 50, 337.31538797227006, 52
1, 2464918, 1407928, 1056990, 10562899.591773493, 78, 38, 40, 313.8827866200841, 39
1, 2464977, 1407957, 1057020, 10563190.64057374, 59, 29, 30, 291.0488002476036, 30
51, 2465069, 1407999, 1057070, 10563518.844675208, 92, 42, 50, 328.20410146824725, 43
1, 2465111, 1408041, 1057070, 10563786.817664709, 42, 42, 0, 267.97298950218305, 42
1, 2465153, 1408083, 1057070, 10564054.79065421, 42, 42, 0, 267.97298950218305, 42
1, 2465195, 1408125, 1057070, 10564322.763643712, 42, 42, 0, 267.97298950218305, 42
51, 2465327, 1408167, 1057160, 10564684.31976614, 132, 42, 90, 361.55612242701943, 44
1, 2465394, 1408204, 1057190, 10564985.920321397, 67, 37, 30, 301.6005552576305, 38
1, 2465437, 1408247, 1057190, 10565255.595281601, 43, 43, 0, 269.6749602031015, 43
51, 2465526, 1408286, 1057240, 10565580.643147165, 89, 39, 50, 325.0478655640733, 40
1, 2465562, 1408322, 1057240, 10565837.792121444, 36, 36, 0, 257.1489742783178, 36
1, 2465637, 1408357, 1057280, 10566148.175217083, 75, 35, 40, 310.38309563827124, 36
1, 2465677, 1408397, 1057280, 10566412.66190302, 40, 40, 0, 264.4866859365871, 40
1, 2465749, 1408439, 1057310, 10566720.456966044, 72, 42, 30, 307.79506302439404, 43
51, 2465880, 1408480, 1057400, 10567081.16929426, 131, 41, 90, 360.7123282155055, 43
1, 2465919, 1408519, 1057400, 10567343.869234204, 39, 39, 0, 262.6999399439383, 39
1, 2465998, 1408558, 1057440, 10567658.899984334, 79, 39, 40, 315.03075013013313, 40
1, 2466067, 1408597, 1057470, 10567963.012126043, 69, 39, 30, 304.1121417102006, 40
51, 2466155, 1408635, 1057520, 10568286.993557405, 88, 38, 50, 323.98143136087856, 39
1, 2466225, 1408675, 1057550, 10568592.344318256, 70, 40, 30, 305.3507608519078, 41
1, 2466312, 1408722, 1057590, 10568916.251899254, 87, 47, 40, 323.9075809977351, 48
51, 2466412, 1408772, 1057640, 10569252.57966527, 100, 50, 50, 336.327766016838, 51
1, 2466456, 1408816, 1057640, 10569523.93062296, 44, 44, 0, 271.35095769013947, 44
1, 2466521, 1408851, 1057670, 10569822.971774403, 65, 35, 30, 299.04115144336777, 36
1, 2466592, 1408882, 1057710, 10570128.550085222, 71, 31, 40, 305.57831081870995, 32
1, 2466627, 1408917, 1057710, 10570383.780013133, 35, 35, 0, 255.22992790977875, 35
51, 2466708, 1408948, 1057760, 10570700.080013134, 81, 31, 50, 316.3, 32
1, 2466785, 1408985, 1057800, 10571012.8056769, 77, 37, 40, 312.72566376652986, 38
1, 2466831, 1409031, 1057800, 10571287.434745613, 46, 46, 0, 274.6290687140218, 46
1, 2466905, 1409075, 1057830, 10571597.631954381, 74, 44, 30, 310.1972087668518, 45
1, 2466946, 1409116, 1057830, 10571863.875907825, 41, 41, 0, 266.24395344352433, 41
51, 2467037, 1409157, 1057880, 10572191.034969764, 91, 41, 50, 327.1590619387661, 42
1, 2467145, 1409195, 1057950, 10572533.20594931, 108, 38, 70, 342.1709795470626, 40
1, 2467179, 1409229, 1057950, 10572786.479589587, 34, 34, 0, 253.2736402766418, 34
1, 2467217, 1409267, 1057950, 10573047.361969206, 38, 38, 0, 260.88237961983884, 38
1, 2467252, 1409302, 1057950, 10573302.591897117, 35, 35, 0, 255.22992790977875, 35
51, 2467323, 1409323, 1058000, 10573607.170207936, 71, 21, 50, 304.57831081870995, 22
1, 2467402, 1409372, 1058030, 10573923.200958066, 79, 49, 30, 316.03075013013313, 50
1, 2467481, 1409411, 1058070, 10574238.231708195, 79, 39, 40, 315.03075013013313, 40
1, 2467519, 1409449, 1058070, 10574499.114087814, 38, 38, 0, 260.88237961983884, 38
51, 2467606, 1409486, 1058120, 10574822.021668812, 87, 37, 50, 322.9075809977351, 38
1, 2467646, 1409526, 1058120, 10575086.50835475, 40, 40, 0, 264.4866859365871, 40
1, 2467747, 1409557, 1058190, 10575421.923742723, 101, 31, 70, 335.41538797227, 33
1, 2467792, 1409602, 1058190, 10575694.925749134, 45, 45, 0, 273.00200641113514, 45
51, 2467877, 1409637, 1058240, 10576015.662776805, 85, 35, 50, 320.73702767108114, 36
1, 2467919, 1409679, 1058240, 10576283.635766307, 42, 42, 0, 267.97298950218305, 42
1, 2467967, 1409727, 1058240, 10576561.450568898, 48, 48, 0, 277.8148025904985, 48
1, 2468046, 1409766, 1058280, 10576876.481319027, 79, 39, 40, 315.03075013013313, 40
1, 2468120, 1409810, 1058310, 10577186.678527795, 74, 44, 30, 310.1972087668518, 45
51, 2468208, 1409848, 1058360, 10577510.659959156, 88, 38, 50, 323.98143136087856, 39
1, 2468282, 1409882, 1058400, 10577819.857167924, 74, 34, 40, 309.1972087668518, 35
1, 2468354, 1409924, 1058430, 10578127.652230948, 72, 42, 30, 307.79506302439404, 43
51, 2468443, 1409963, 1058480, 10578452.700096512, 89, 39, 50, 325.0478655640733, 40
1, 2468525, 1410005, 1058520, 10578771.121766355, 82, 42, 40, 318.42166984345636, 43
1, 2468569, 1410049, 1058520, 10579042.472724045, 44, 44, 0, 271.35095769013947, 44
1, 2468653, 1410093, 1058560, 10579363.112734448, 84, 44, 40, 320.64001040350905, 45
51, 2468752, 1410142, 1058610, 10579698.446949001, 99, 49, 50, 335.33421455299043, 50
1, 2468824, 1410184, 1058640, 10580006.242012026, 72, 42, 30, 307.79506302439404, 43
1, 2468912, 1410232, 1058680, 10580331.223443387, 88, 48, 40, 324.98143136087856, 49
51, 2469031, 1410271, 1058760, 10580682.50683859, 119, 39, 80, 351.28339520229764, 41
1, 2469068, 1410308, 1058760, 10580941.539410045, 37, 37, 0, 259.03257145596604, 37
1, 2469157, 1410357, 1058800, 10581267.58727561, 89, 49, 40, 326.0478655640733, 50
1, 2469205, 1410405, 1058800, 10581545.4020782, 48, 48, 0, 277.8148025904985, 48
1, 2469252, 1410452, 1058800, 10581821.63512807, 47, 47, 0, 276.2330498695885, 47
51, 2469339, 1410489, 1058850, 10582144.542709067, 87, 37, 50, 322.9075809977351, 38
1, 2469448, 1410528, 1058920, 10582487.657340568, 109, 39, 70, 343.114631499574, 41
1, 2469492, 1410572, 1058920, 10582759.008298257, 44, 44, 0, 271.35095769013947, 44
1, 2469524, 1410604, 1058920, 10583008.249721257, 32, 32, 0, 249.24142300054422, 32
51, 2469611, 1410641, 1058970, 10583331.157302255, 87, 37, 50, 322.9075809977351, 38
1, 2469649, 1410679, 1058970, 10583592.039681874, 38, 38, 0, 260.88237961983884, 38
1, 2469719, 1410719, 1059000, 10583897.390442725, 70, 40, 30, 305.3507608519078, 41
1, 2469802, 1410762, 1059040, 10584216.925390655, 83, 43, 40, 319.5349479292333, 44
51, 2469934, 1410814, 1059120, 10584579.481513083, 132, 52, 80, 362.55612242701943, 54
1, 2469974, 1410854, 1059120, 10584843.96819902, 40, 40, 0, 264.4866859365871, 40
1, 2470020, 1410900, 1059120, 10585118.597267734, 46, 46, 0, 274.6290687140218, 46
51, 2470109, 1410939, 1059170, 10585443.645133298, 89, 39, 50, 325.0478655640733, 40
1, 2470174, 1410974, 1059200, 10585742.686284741, 65, 35, 30, 299.04115144336777, 36
1, 2470253, 1411013, 1059240, 10586057.71703487, 79, 39, 40, 315.03075013013313, 40
1, 2470329, 1411059, 1059270, 10586370.276207244, 76, 46, 30, 312.5591723737189, 47
51, 2470422, 1411102, 1059320, 10586699.518487152, 93, 43, 50, 329.24227990714814, 44
1, 2470506, 1411146, 1059360, 10587020.158497555, 84, 44, 40, 320.64001040350905, 45
1, 2470547, 1411187, 1059360, 10587286.402451, 41, 41, 0, 266.24395344352433, 41
1, 2470583, 1411223, 1059360, 10587543.551425278, 36, 36, 0, 257.1489742783178, 36
1, 2470656, 1411266, 1059390, 10587852.552703848, 73, 43, 30, 309.00127856917646, 44
51, 2470776, 1411296, 1059480, 10588203.727795813, 120, 30, 90, 351.1750919646873, 32
1, 2470808, 1411328, 1059480, 10588452.969218813, 32, 32, 0, 249.24142300054422, 32
1, 2470887, 1411367, 1059520, 10588767.999968942, 79, 39, 40, 315.03075013013313, 40
51, 2471007, 1411407, 1059600, 10589120.175060907, 120, 40, 80, 352.1750919646873, 42
1, 2471048, 1411448, 1059600, 10589386.419014351, 41, 41, 0, 266.24395344352433, 41
1, 2471080, 1411480, 1059600, 10589635.660437351, 32, 32, 0, 249.24142300054422, 32
1, 2471118, 1411518, 1059600, 10589896.54281697, 38, 38, 0, 260.88237961983884, 38
1, 2471194, 1411554, 1059640, 10590208.101989344, 76, 36, 40, 311.5591723737189, 37
51, 2471324, 1411604, 1059720, 10590568.966826882, 130, 50, 80, 360.86483753851803, 52
1, 2471362, 1411642, 1059720, 10590829.849206502, 38, 38, 0, 260.88237961983884, 38
1, 2471439, 1411679, 1059760, 10591142.574870268, 77, 37, 40, 312.72566376652986, 38
1, 2471488, 1411728, 1059760, 10591421.950001374, 49, 49, 0, 279.3751311064591, 49
51, 2471569, 1411759, 1059810, 10591738.250001375, 81, 31, 50, 316.3, 32
1, 2471651, 1411801, 1059850, 10592056.671671217, 82, 42, 40, 318.42166984345636, 43
1, 2471716, 1411836, 1059880, 10592355.71282266, 65, 35, 30, 299.04115144336777, 36
1, 2471758, 1411878, 1059880, 10592623.685812162, 42, 42, 0, 267.97298950218305, 42
1, 2471792, 1411912, 1059880, 10592876.95945244, 34, 34, 0, 253.2736402766418, 34
51, 2471942, 1411942, 1060000, 10593250.223003598, 150, 30, 120, 373.26355115805836, 33
1, 2471974, 1411974, 1060000, 10593499.464426598, 32, 32, 0, 249.24142300054422, 32
1, 2472028, 1412028, 1060000, 10593786.345027681, 54, 54, 0, 286.88060108295343, 54
51, 2472122, 1412072, 1060050, 10594116.61875353, 94, 44, 50, 330.273725847777, 45
1, 2472199, 1412119, 1060080, 10594430.344417296, 77, 47, 30, 313.72566376652986, 48
1, 2472243, 1412163, 1060080, 10594701.695374986, 44, 44, 0, 271.35095769013947, 44
1, 2472324, 1412204, 1060120, 10595018.995374987, 81, 41, 40, 317.3, 42
1, 2472404, 1412254, 1060150, 10595336.165131232, 80, 50, 30, 317.1697562442441, 51
51, 2472494, 1412294, 1060200, 10595662.272160055, 90, 40, 50, 326.1070288241023, 41
1, 2472525, 1412325, 1060200, 10595909.433266232, 31, 31, 0, 247.1611061770567, 31
1, 2472602, 1412362, 1060240, 10596222.158929998, 77, 37, 40, 312.72566376652986, 38
1, 2472641, 1412401, 1060240, 10596484.858869942, 39, 39, 0, 262.6999399439383, 39
51, 2472765, 1412445, 1060320, 10596840.55826649, 124, 44, 80, 355.6993965481514, 46
1, 2472851, 1412491, 1060360, 10597163.384431139, 86, 46, 40, 322.82616464756694, 47
1, 2472900, 1412540, 1060360, 10597442.759562245, 49, 49, 0, 279.3751311064591, 49
1, 2472938, 1412578, 1060360, 10597703.641941864, 38, 38, 0, 260.88237961983884, 38
51, 2473054, 1412614, 1060440, 10598052.223745355, 116, 36, 80, 348.5818034911291, 38
1, 2473132, 1412652, 1060480, 10598366.106531976, 78, 38, 40, 313.8827866200841, 39
1, 2473169, 1412689, 1060480, 10598625.139103431, 37, 37, 0, 259.03257145596604, 37
1, 2473232, 1412722, 1060510, 10598921.570428157, 63, 33, 30, 296.43132472612575, 34
1, 2473269, 1412759, 1060510, 10599180.602999613, 37, 37, 0, 259.03257145596604, 37
51, 2473366, 1412806, 1060560, 10599513.931898884, 97, 47, 50, 333.3288992714996, 48
1, 2473446, 1412846, 1060600, 10599830.10165513, 80, 40, 40, 316.1697562442441, 41
1, 2473516, 1412886, 1060630, 10600135.45241598, 70, 40, 30, 305.3507608519078, 41
51, 2473610, 1412930, 1060680, 10600465.726141829, 94, 44, 50, 330.273725847777, 45
1, 2473697, 1412977, 1060720, 10600789.633722827, 87, 47, 40, 323.9075809977351, 48
1, 2473764, 1413014, 1060750, 10601091.234278085, 67, 37, 30, 301.6005552576305, 38
51, 2473857, 1413057, 1060800, 10601420.476557992, 93, 43, 50, 329.24227990714814, 44
1, 2473968, 1413098, 1060870, 10601765.463276032, 111, 41, 70, 344.9867180408456, 43
1, 2474020, 1413150, 1060870, 10602049.398237461, 52, 52, 0, 283.93496142826496, 52
1, 2474058, 1413188, 1060870, 10602310.28061708, 38, 38, 0, 260.88237961983884, 38
51, 2474182, 1413232, 1060950, 10602665.98001363, 124, 44, 80, 355.6993965481514, 46
1, 2474262, 1413272, 1060990, 10602982.149769874, 80, 40, 40, 316.1697562442441, 41
1, 2474298, 1413308, 1060990, 10603239.298744153, 36, 36, 0, 257.1489742783178, 36
1, 2474340, 1413350, 1060990, 10603507.271733655, 42, 42, 0, 267.97298950218305, 42
51, 2474421, 1413381, 1061040, 10603823.571733655, 81, 31, 50, 316.3, 32
1, 2474535, 1413425, 1061110, 10604171.329721346, 114, 44, 70, 347.75798769167545, 46
1, 2474573, 1413463, 1061110, 10604432.212100966, 38, 38, 0, 260.88237961983884, 38
1, 2474642, 1413502, 1061140, 10604736.324242676, 69, 39, 30, 304.1121417102006, 40
51, 2474722, 1413532, 1061190, 10605051.49399892, 80, 30, 50, 315.1697562442441, 31
1, 2474806, 1413576, 1061230, 10605372.134009324, 84, 44, 40, 320.64001040350905, 45
1, 2474846, 1413616, 1061230, 10605636.620695261, 40, 40, 0, 264.4866859365871, 40
1, 2474914, 1413654, 1061260, 10605939.482866364, 68, 38, 30, 302.86217110259, 39
51, 2475012, 1413702, 1061310, 10606273.817494728, 98, 48, 50, 334.33462836457886, 49
1, 2475089, 1413739, 1061350, 10606586.543158494, 77, 37, 40, 312.72566376652986, 38
1, 2475154, 1413774, 1061380, 10606885.584309937, 65, 35, 30, 299.04115144336777, 36
1, 2475191, 1413811, 1061380, 10607144.616881393, 37, 37, 0, 259.03257145596604, 37
51, 2475275, 1413845, 1061430, 10607464.256891796, 84, 34, 50, 319.64001040350905, 35
1, 2475348, 1413888, 1061460, 10607773.258170366, 73, 43, 30, 309.00127856917646, 44
1, 2475398, 1413938, 1061460, 10608054.172965214, 50, 50, 0, 280.9147948472494, 50
1, 2475474, 1413974, 1061500, 10608365.732137587, 76, 36, 40, 311.5591723737189, 37
51, 2475568, 1414018, 1061550, 10608696.005863436, 94, 44, 50, 330.273725847777, 45
1, 2475612, 1414062, 1061550, 10608967.356821125, 44, 44, 0, 271.35095769013947, 44
1, 2475659, 1414109, 1061550, 10609243.589870995, 47, 47, 0, 276.2330498695885, 47
1, 2475774, 1414154, 1061620, 10609592.262088057, 115, 45, 70, 348.6722170622053, 47
51, 2475874, 1414204, 1061670, 10609928.589854073, 100, 50, 50, 336.327766016838, 51
1, 2475905, 1414235, 1061670, 10610175.75096025, 31, 31, 0, 247.1611061770567, 31
1, 2475948, 1414278, 1061670, 10610445.425920453, 43, 43, 0, 269.6749602031015, 43
1, 2475991, 1414321, 1061670, 10610715.100880656, 43, 43, 0, 269.6749602031015, 43
1, 2476027, 1414357, 1061670, 10610972.249854935, 36, 36, 0, 257.1489742783178, 36
51, 2476184, 1414394, 1061790, 10611350.926748054, 157, 37, 120, 378.67689311792185, 40
1, 2476229, 1414439, 1061790, 10611623.928754466, 45, 45, 0, 273.00200641113514, 45
1, 2476274, 1414484, 1061790, 10611896.930760877, 45, 45, 0, 273.00200641113514, 45
1, 2476315, 1414525, 1061790, 10612163.174714321, 41, 41, 0, 266.24395344352433, 41
51, 2476435, 1414555, 1061880, 10612514.349806286, 120, 30, 90, 351.1750919646873, 32
1, 2476474, 1414594, 1061880, 10612777.04974623, 39, 39, 0, 262.6999399439383, 39
1, 2476542, 1414632, 1061910, 10613079.911917333, 68, 38, 30, 302.86217110259, 39
1, 2476579, 1414669, 1061910, 10613338.944488788, 37, 37, 0, 259.03257145596604, 37
1, 2476685, 1414705, 1061980, 10613679.212532397, 106, 36, 70, 340.2680436096278, 38
51, 2476772, 1414742, 1062030, 10614002.120113395, 87, 37, 50, 322.9075809977351, 38
1, 2476841, 1414781, 1062060, 10614306.232255105, 69, 39, 30, 304.1121417102006, 40
1, 2476884, 1414824, 1062060, 10614575.907215308, 43, 43, 0, 269.6749602031015, 43
1, 2476922, 1414862, 1062060, 10614836.789594928, 38, 38, 0, 260.88237961983884, 38
51, 2477035, 1414895, 1062140, 10615182.628638797, 113, 33, 80, 345.83904386951343, 35
1, 2477114, 1414934, 1062180, 10615497.659388926, 79, 39, 40, 315.03075013013313, 40
1, 2477163, 1414983, 1062180, 10615777.034520032, 49, 49, 0, 279.3751311064591, 49
1, 2477210, 1415030, 1062180, 10616053.267569901, 47, 47, 0, 276.2330498695885, 47
1, 2477279, 1415069, 1062210, 10616357.379711611, 69, 39, 30, 304.1121417102006, 40
51, 2477367, 1415107, 1062260, 10616681.361142972, 88, 38, 50, 323.98143136087856, 39
1, 2477448, 1415148, 1062300, 10616998.661142973, 81, 41, 40, 317.3, 42
1, 2477494, 1415194, 1062300, 10617273.290211687, 46, 46, 0, 274.6290687140218, 46
1, 2477532, 1415232, 1062300, 10617534.172591306, 38, 38, 0, 260.88237961983884, 38
1, 2477567, 1415267, 1062300, 10617789.402519217, 35, 35, 0, 255.22992790977875, 35
51, 2477691, 1415311, 1062380, 10618145.101915766, 124, 44, 80, 355.6993965481514, 46
1, 2477776, 1415356, 1062420, 10618466.838943437, 85, 45, 40, 321.73702767108114, 46
1, 2477812, 1415392, 1062420, 10618723.987917716, 36, 36, 0, 257.1489742783178, 36
1, 2477849, 1415429, 1062420, 10618983.020489171, 37, 37, 0, 259.03257145596604, 37
51, 2477967, 1415467, 1062500, 10619333.40781434, 118, 38, 80, 350.3873251689181, 40
1, 2478046, 1415506, 1062540, 10619648.43856447, 79, 39, 40, 315.03075013013313, 40
1, 2478085, 1415545, 1062540, 10619911.138504414, 39, 39, 0, 262.6999399439383, 39
1, 2478149, 1415579, 1062570, 10620208.88121689, 64, 34, 30, 297.742712474619, 35
1, 2478227, 1415617, 1062610, 10620522.76400351, 78, 38, 40, 313.8827866200841, 39
51, 2478312, 1415652, 1062660, 10620843.50103118, 85, 35, 50, 320.73702767108114, 36
1, 2478387, 1415697, 1062690, 10621154.88412682, 75, 45, 30, 311.38309563827124, 46
1, 2478426, 1415736, 1062690, 10621417.584066764, 39, 39, 0, 262.6999399439383, 39
1, 2478468, 1415778, 1062690, 10621685.557056265, 42, 42, 0, 267.97298950218305, 42
1, 2478499, 1415809, 1062690, 10621932.718162442, 31, 31, 0, 247.1611061770567, 31
51, 2478635, 1415855, 1062780, 10622297.613459477, 136, 46, 90, 364.89529703482884, 48
1, 2478672, 1415892, 1062780, 10622556.646030933, 37, 37, 0, 259.03257145596604, 37
1, 2478741, 1415931, 1062810, 10622860.758172642, 69, 39, 30, 304.1121417102006, 40
1, 2478776, 1415966, 1062810, 10623115.988100553, 35, 35, 0, 255.22992790977875, 35
51, 2478907, 1416007, 1062900, 10623476.700428769, 131, 41, 90, 360.7123282155055, 43
1, 2478951, 1416051, 1062900, 10623748.051386459, 44, 44, 0, 271.35095769013947, 44
1, 2479024, 1416094, 1062930, 10624057.052665029, 73, 43, 30, 309.00127856917646, 44
1, 2479067, 1416137, 1062930, 10624326.727625232, 43, 43, 0, 269.6749602031015, 43
51, 2479151, 1416171, 1062980, 10624646.367635636, 84, 34, 50, 319.64001040350905, 35
1, 2479232, 1416212, 1063020, 10624963.667635636, 81, 41, 40, 317.3, 42
1, 2479293, 1416243, 1063050, 10625257.435874904, 61, 31, 30, 293.7682392671241, 32
1, 2479339, 1416289, 1063050, 10625532.064943617, 46, 46, 0, 274.6290687140218, 46
1, 2479386, 1416336, 1063050, 10625808.297993487, 47, 47, 0, 276.2330498695885, 47
51, 2479499, 1416369, 1063130, 10626154.137037355, 113, 33, 80, 345.83904386951343, 35
1, 2479585, 1416415, 1063170, 10626476.963202003, 86, 46, 40, 322.82616464756694, 47
1, 2479619, 1416449, 1063170, 10626730.23684228, 34, 34, 0, 253.2736402766418, 34
1, 2479664, 1416494, 1063170, 10627003.238848692, 45, 45, 0, 273.00200641113514, 45
51, 2479788, 1416528, 1063260, 10627357.93824524, 124, 34, 90, 354.6993965481514, 36
1, 2479853, 1416563, 1063290, 10627656.979396684, 65, 35, 30, 299.04115144336777, 36
1, 2479895, 1416605, 1063290, 10627924.952386186, 42, 42, 0, 267.97298950218305, 42
51, 2479984, 1416644, 1063340, 10628250.00025175, 89, 39, 50, 325.0478655640733, 40
1, 2480046, 1416676, 1063370, 10628545.10687808, 62, 32, 30, 295.1066263296683, 33
1, 2480128, 1416718, 1063410, 10628863.528547922, 82, 42, 40, 318.42166984345636, 43
1, 2480167, 1416757, 1063410, 10629126.228487866, 39, 39, 0, 262.6999399439383, 39
51, 2480257, 1416797, 1063460, 10629452.33551669, 90, 40, 50, 326.1070288241023, 41
1, 2480299, 1416839, 1063460, 10629720.30850619, 42, 42, 0, 267.97298950218305, 42
1, 2480334, 1416874, 1063460, 10629975.538434101, 35, 35, 0, 255.22992790977875, 35
51, 2480493, 1416913, 1063580, 10630355.737296574, 159, 39, 120, 380.1988624723894, 42
1, 2480540, 1416960, 1063580, 10630631.970346443, 47, 47, 0, 276.2330498695885, 47
1, 2480571, 1416991, 1063580, 10630879.13145262, 31, 31, 0, 247.1611061770567, 31
51, 2480692, 1417022, 1063670, 10631231.193931656, 121, 31, 90, 352.06247903554, 33
1, 2480731, 1417061, 1063670, 10631493.8938716, 39, 39, 0, 262.6999399439383, 39
1, 2480803, 1417103, 1063700, 10631801.688934624, 72, 42, 30, 307.79506302439404, 43
1, 2480884, 1417144, 1063740, 10632118.988934625, 81, 41, 40, 317.3, 42
51, 2480973, 1417183, 1063790, 10632444.036800189, 89, 39, 50, 325.0478655640733, 40
1, 2481039, 1417219, 1063820, 10632744.363788467, 66, 36, 30, 300.32698827717985, 37
1, 2481122, 1417262, 1063860, 10633063.898736397, 83, 43, 40, 319.5349479292333, 44
1, 2481175, 1417315, 1063860, 10633349.315524038, 53, 53, 0, 285.4167876408086, 53
51, 2481269, 1417359, 1063910, 10633679.589249887, 94, 44, 50, 330.273725847777, 45
1, 2481313, 1417403, 1063910, 10633950.940207576, 44, 44, 0, 271.35095769013947, 44
1, 2481390, 1417440, 1063950, 10634263.665871343, 77, 37, 40, 312.72566376652986, 38
51, 2481508, 1417478, 1064030, 10634614.053196512, 118, 38, 80, 350.3873251689181, 40
1, 2481540, 1417510, 1064030, 10634863.294619512, 32, 32, 0, 249.24142300054422, 32
1, 2481582, 1417552, 1064030, 10635131.267609013, 42, 42, 0, 267.97298950218305, 42
1, 2481655, 1417585, 1064070, 10635439.268887583, 73, 33, 40, 308.00127856917646, 34
51, 2481744, 1417624, 1064120, 10635764.316753147, 89, 39, 50, 325.0478655640733, 40
1, 2481825, 1417665, 1064160, 10636081.616753148, 81, 41, 40, 317.3, 42
1, 2481890, 1417700, 1064190, 10636380.657904591, 65, 35, 30, 299.04115144336777, 36
1, 2481927, 1417737, 1064190, 10636639.690476047, 37, 37, 0, 259.03257145596604, 37
1, 2481999, 1417769, 1064230, 10636946.485539071, 72, 32, 40, 306.79506302439404, 33
51, 2482093, 1417813, 1064280, 10637276.75926492, 94, 44, 50, 330.273725847777, 45
1, 2482161, 1417851, 1064310, 10637579.621436022, 68, 38, 30, 302.86217110259, 39
1, 2482234, 1417884, 1064350, 10637887.622714592, 73, 33, 40, 308.00127856917646, 34
1, 2482303, 1417923, 1064380, 10638191.734856302, 69, 39, 30, 304.1121417102006, 40
51, 2482426, 1417956, 1064470, 10638545.559427563, 123, 33, 90, 353.8245712617827, 35
1, 2482460, 1417990, 1064470, 10638798.83306784, 34, 34, 0, 253.2736402766418, 34
1, 2482525, 1418025, 1064500, 10639097.874219283, 65, 35, 30, 299.04115144336777, 36
1, 2482567, 1418067, 1064500, 10639365.847208785, 42, 42, 0, 267.97298950218305, 42
1, 2482641, 1418101, 1064540, 10639675.044417553, 74, 34, 40, 309.1972087668518, 35
51, 2482731, 1418141, 1064590, 10640001.151446376, 90, 40, 50, 326.1070288241023, 41
1, 2482796, 1418176, 1064620, 10640300.19259782, 65, 35, 30, 299.04115144336777, 36
1, 2482829, 1418209, 1064620, 10640551.470770512, 33, 33, 0, 251.27817269284301, 33
51, 2482915, 1418245, 1064670, 10640873.29693516, 86, 36, 50, 321.82616464756694, 37
1, 2482989, 1418279, 1064710, 10641182.494143927, 74, 34, 40, 309.1972087668518, 35
1, 2483029, 1418319, 1064710, 10641446.980829865, 40, 40, 0, 264.4866859365871, 40
1, 2483073, 1418363, 1064710, 10641718.331787555, 44, 44, 0, 271.35095769013947, 44
51, 2483201, 1418411, 1064790, 10642077.490353657, 128, 48, 80, 359.1585661014858, 50
1, 2483278, 1418448, 1064830, 10642390.216017423, 77, 37, 40, 312.72566376652986, 38
1, 2483321, 1418491, 1064830, 10642659.890977627, 43, 43, 0, 269.6749602031015, 43
1, 2483402, 1418532, 1064870, 10642977.190977627, 81, 41, 40, 317.3, 42
1, 2483474, 1418574, 1064900, 10643284.986040652, 72, 42, 30, 307.79506302439404, 43
51, 2483557, 1418607, 1064950, 10643603.520988582, 83, 33, 50, 318.5349479292333, 34
1, 2483590, 1418640, 1064950, 10643854.799161274, 33, 33, 0, 251.27817269284301, 33
1, 2483664, 1418674, 1064990, 10644163.996370042, 74, 34, 40, 309.1972087668518, 35
1, 2483698, 1418708, 1064990, 10644417.270010319, 34, 34, 0, 253.2736402766418, 34
51, 2483820, 1418750, 1065070, 10644771.215628872, 122, 42, 80, 353.9456185537469, 44
1, 2483900, 1418790, 1065110, 10645087.385385117, 80, 40, 40, 316.1697562442441, 41
1, 2483938, 1418828, 1065110, 10645348.267764736, 38, 38, 0, 260.88237961983884, 38
51, 2484056, 1418866, 1065190, 10645698.655089905, 118, 38, 80, 350.3873251689181, 40
1, 2484108, 1418918, 1065190, 10645982.590051334, 52, 52, 0, 283.93496142826496, 52
1, 2484181, 1418951, 1065230, 10646290.591329904, 73, 33, 40, 308.00127856917646, 34
1, 2484220, 1418990, 1065230, 10646553.291269848, 39, 39, 0, 262.6999399439383, 39
51, 2484298, 1419018, 1065280, 10646866.174056469, 78, 28, 50, 312.8827866200841, 29
1, 2484340, 1419060, 1065280, 10647134.14704597, 42, 42, 0, 267.97298950218305, 42
1, 2484413, 1419103, 1065310, 10647443.14832454, 73, 43, 30, 309.00127856917646, 44
1, 2484483, 1419133, 1065350, 10647747.499085391, 70, 30, 40, 304.3507608519078, 31
51, 2484569, 1419169, 1065400, 10648069.325250039, 86, 36, 50, 321.82616464756694, 37
1, 2484605, 1419205, 1065400, 10648326.474224318, 36, 36, 0, 257.1489742783178, 36
1, 2484650, 1419250, 1065400, 10648599.47623073, 45, 45, 0, 273.00200641113514, 45
51, 2484775, 1419295, 1065480, 10648956.046383217, 125, 45, 80, 356.57015248821097, 47
1, 2484850, 1419330, 1065520, 10649266.429478856, 75, 35, 40, 310.38309563827124, 36
1, 2484888, 1419368, 1065520, 10649527.311858475, 38, 38, 0, 260.88237961983884, 38
51, 2485015, 1419415, 1065600, 10649885.611540774, 127, 47, 80, 358.2996822992933, 49
1, 2485062, 1419462, 1065600, 10650161.844590643, 47, 47, 0, 276.2330498695885, 47
1, 2485127, 1419487, 1065640, 10650459.885742087, 65, 25, 40, 298.04115144336777, 26
1, 2485165, 1419525, 1065640, 10650720.768121706, 38, 38, 0, 260.88237961983884, 38
51, 2485291, 1419571, 1065720, 10651078.205017589, 126, 46, 80, 357.43689588345075, 48
1, 2485335, 1419615, 1065720, 10651349.555975279, 44, 44, 0, 271.35095769013947, 44
1, 2485414, 1419654, 1065760, 10651664.586725408, 79, 39, 40, 315.03075013013313, 40
51, 2485530, 1419690, 1065840, 10652013.1685289, 116, 36, 80, 348.5818034911291, 38
1, 2485563, 1419723, 1065840, 10652264.446701592, 33, 33, 0, 251.27817269284301, 33
1, 2485610, 1419770, 1065840, 10652540.679751461, 47, 47, 0, 276.2330498695885, 47
51, 2485703, 1419813, 1065890, 10652869.922031369, 93, 43, 50, 329.24227990714814, 44
1, 2485783, 1419853, 1065930, 10653186.091787614, 80, 40, 40, 316.1697562442441, 41
1, 2485825, 1419895, 1065930, 10653454.064777115, 42, 42, 0, 267.97298950218305, 42
1, 2485898, 1419938, 1065960, 10653763.066055685, 73, 43, 30, 309.00127856917646, 44
51, 2486025, 1419975, 1066050, 10654120.365737984, 127, 37, 90, 357.2996822992933, 39
1, 2486096, 1420016, 1066080, 10654426.944048803, 71, 41, 30, 306.57831081870995, 42
1, 2486136, 1420056, 1066080, 10654691.43073474, 40, 40, 0, 264.4866859365871, 40
1, 2486171, 1420091, 1066080, 10654946.660662651, 35, 35, 0, 255.22992790977875, 35
51, 2486258, 1420128, 1066130, 10655269.568243649, 87, 37, 50, 322.9075809977351, 38
1, 2486304, 1420174, 1066130, 10655544.197312362, 46, 46, 0, 274.6290687140218, 46
1, 2486378, 1420208, 1066170, 10655853.39452113, 74, 34, 40, 309.1972087668518, 35
51, 2486489, 1420239, 1066250, 10656197.38123917, 111, 31, 80, 343.9867180408456, 33
1, 2486525, 1420275, 1066250, 10656454.53021345, 36, 36, 0, 257.1489742783178, 36
1, 2486591, 1420311, 1066280, 10656754.857201727, 66, 36, 30, 300.32698827717985, 37
1, 2486670, 1420350, 1066320, 10657069.887951856, 79, 39, 40, 315.03075013013313, 40
1, 2486739, 1420389, 1066350, 10657374.000093566, 69, 39, 30, 304.1121417102006, 40
51, 2486839, 1420439, 1066400, 10657710.327859582, 100, 50, 50, 336.327766016838, 51
1, 2486888, 1420488, 1066400, 10657989.702990688, 49, 49, 0, 279.3751311064591, 49
1, 2486931, 1420531, 1066400, 10658259.377950892, 43, 43, 0, 269.6749602031015, 43
1, 2487011, 1420571, 1066440, 10658575.547707137, 80, 40, 40, 316.1697562442441, 41
1, 2487050, 1420610, 1066440, 10658838.24764708, 39, 39, 0, 262.6999399439383, 39
51, 2487182, 1420662, 1066520, 10659200.803769508, 132, 52, 80, 362.55612242701943, 54
1, 2487224, 1420704, 1066520, 10659468.77675901, 42, 42, 0, 267.97298950218305, 42
1, 2487268, 1420748, 1066520, 10659740.1277167, 44, 44, 0, 271.35095769013947, 44
1, 2487351, 1420791, 1066560, 10660059.66266463, 83, 43, 40, 319.5349479292333, 44
1, 2487413, 1420823, 1066590, 10660354.76929096, 62, 32, 30, 295.1066263296683, 33
51, 2487505, 1420865, 1066640, 10660682.973392427, 92, 42, 50, 328.20410146824725, 43
1, 2487588, 1420908, 1066680, 10661002.508340357, 83, 43, 40, 319.5349479292333, 44
1, 2487621, 1420941, 1066680, 10661253.78651305, 33, 33, 0, 251.27817269284301, 33
51, 2487741, 1420981, 1066760, 10661605.961605014, 120, 40, 80, 352.1750919646873, 42
1, 2487785, 1421025, 1066760, 10661877.312562704, 44, 44, 0, 271.35095769013947, 44
1, 2487875, 1421075, 1066800, 10662204.419591527, 90, 50, 40, 327.1070288241023, 51
1, 2487952, 1421122, 1066830, 10662518.145255294, 77, 47, 30, 313.72566376652986, 48
1, 2487988, 1421158, 1066830, 10662775.294229573, 36, 36, 0, 257.1489742783178, 36
51, 2488119, 1421199, 1066920, 10663136.006557789, 131, 41, 90, 360.7123282155055, 43
1, 2488182, 1421232, 1066950, 10663432.437882515, 63, 33, 30, 296.43132472612575, 34
1, 2488221, 1421271, 1066950, 10663695.137822459, 39, 39, 0, 262.6999399439383, 39
1, 2488261, 1421311, 1066950, 10663959.624508396, 40, 40, 0, 264.4866859365871, 40
51, 2488366, 1421366, 1067000, 10664300.83309569, 105, 55, 50, 341.208587294368, 56
1, 2488472, 1421402, 1067070, 10664641.1011393, 106, 36, 70, 340.2680436096278, 38
1, 2488505, 1421435, 1067070, 10664892.379311992, 33, 33, 0, 251.27817269284301, 33
1, 2488546, 1421476, 1067070, 10665158.623265436, 41, 41, 0, 266.24395344352433, 41
51, 2488665, 1421515, 1067150, 10665509.906660639, 119, 39, 80, 351.28339520229764, 41
1, 2488735, 1421545, 1067190, 10665814.25742149, 70, 30, 40, 304.3507608519078, 31
1, 2488769, 1421579, 1067190, 10666067.531061767, 34, 34, 0, 253.2736402766418, 34
1, 2488830, 1421610, 1067220, 10666361.299301034, 61, 31, 30, 293.7682392671241, 32
51, 2488912, 1421642, 1067270, 10666678.720970877, 82, 32, 50, 317.42166984345636, 33
1, 2488957, 1421687, 1067270, 10666951.722977288, 45, 45, 0, 273.00200641113514, 45
1, 2488996, 1421726, 1067270, 10667214.422917232, 39, 39, 0, 262.6999399439383, 39
1, 2489068, 1421758, 1067310, 10667521.217980256, 72, 32, 40, 306.79506302439404, 33
51, 2489154, 1421794, 1067360, 10667843.044144904, 86, 36, 50, 321.82616464756694, 37
1, 2489218, 1421828, 1067390, 10668140.78685738, 64, 34, 30, 297.742712474619, 35
1, 2489260, 1421870, 1067390, 10668408.759846881, 42, 42, 0, 267.97298950218305, 42
1, 2489301, 1421911, 1067390, 10668675.003800325, 41, 41, 0, 266.24395344352433, 41
51, 2489430, 1421950, 1067480, 10669034.017400816, 129, 39, 90, 359.01360049114555, 41
1, 2489469, 1421989, 1067480, 10669296.71734076, 39, 39, 0, 262.6999399439383, 39
1, 2489509, 1422029, 1067480, 10669561.204026697, 40, 40, 0, 264.4866859365871, 40
1, 2489573, 1422063, 1067510, 10669858.946739173, 64, 34, 30, 297.742712474619, 35
1, 2489653, 1422103, 1067550, 10670175.116495417, 80, 40, 40, 316.1697562442441, 41
51, 2489774, 1422144, 1067630, 10670528.178974453, 121, 41, 80, 353.06247903554, 43
1, 2489811, 1422181, 1067630, 10670787.211545909, 37, 37, 0, 259.03257145596604, 37
1, 2489849, 1422219, 1067630, 10671048.093925528, 38, 38, 0, 260.88237961983884, 38
1, 2489889, 1422259, 1067630, 10671312.580611465, 40, 40, 0, 264.4866859365871, 40
51, 2490013, 1422293, 1067720, 10671667.280008014, 124, 34, 90, 354.6993965481514, 36
1, 2490075, 1422325, 1067750, 10671962.386634344, 62, 32, 30, 295.1066263296683, 33
1, 2490112, 1422362, 1067750, 10672221.4192058, 37, 37, 0, 259.03257145596604, 37
51, 2490203, 1422403, 1067800, 10672548.578267738, 91, 41, 50, 327.1590619387661, 42
1, 2490234, 1422434, 1067800, 10672795.739373915, 31, 31, 0, 247.1611061770567, 31
1, 2490277, 1422477, 1067800, 10673065.414334118, 43, 43, 0, 269.6749602031015, 43
1, 2490371, 1422531, 1067840, 10673396.688059967, 94, 54, 40, 331.273725847777, 55
51, 2490491, 1422571, 1067920, 10673748.863151932, 120, 40, 80, 352.1750919646873, 42
1, 2490532, 1422612, 1067920, 10674015.107105376, 41, 41, 0, 266.24395344352433, 41
1, 2490578, 1422658, 1067920, 10674289.73617409, 46, 46, 0, 274.6290687140218, 46
51, 2490718, 1422708, 1068010, 10674657.915236915, 140, 50, 90, 368.1790628250393, 52
1, 2490759, 1422749, 1068010, 10674924.159190359, 41, 41, 0, 266.24395344352433, 41
1, 2490825, 1422785, 1068040, 10675224.486178637, 66, 36, 30, 300.32698827717985, 37
51, 2490916, 1422826, 1068090, 10675551.645240575, 91, 41, 50, 327.1590619387661, 42
1, 2490958, 1422868, 1068090, 10675819.618230077, 42, 42, 0, 267.97298950218305, 42
1, 2491062, 1422902, 1068160, 10676157.961916834, 104, 34, 70, 338.343686757474, 36
1, 2491102, 1422942, 1068160, 10676422.448602771, 40, 40, 0, 264.4866859365871, 40
51, 2491198, 1422988, 1068210, 10676754.765518786, 96, 46, 50, 332.31691601465747, 47
1, 2491237, 1423027, 1068210, 10677017.46545873, 39, 39, 0, 262.6999399439383, 39
1, 2491290, 1423080, 1068210, 10677302.882246371, 53, 53, 0, 285.4167876408086, 53
51, 2491412, 1423122, 1068290, 10677656.827864924, 122, 42, 80, 353.9456185537469, 44
1, 2491494, 1423164, 1068330, 10677975.249534767, 82, 42, 40, 318.42166984345636, 43
1, 2491537, 1423207, 1068330, 10678244.92449497, 43, 43, 0, 269.6749602031015, 43
1, 2491621, 1423251, 1068370, 10678565.564505374, 84, 44, 40, 320.64001040350905, 45
51, 2491716, 1423296, 1068420, 10678896.86306951, 95, 45, 50, 331.2985641352145, 46
1, 2491762, 1423342, 1068420, 10679171.492138224, 46, 46, 0, 274.6290687140218, 46
1, 2491828, 1423378, 1068450, 10679471.819126502, 66, 36, 30, 300.32698827717985, 37
1, 2491907, 1423417, 1068490, 10679786.849876631, 79, 39, 40, 315.03075013013313, 40
51, 2491994, 1423454, 1068540, 10680109.757457629, 87, 37, 50, 322.9075809977351, 38
1, 2492049, 1423509, 1068540, 10680398.084439162, 55, 55, 0, 288.32698153315005, 55
1, 2492082, 1423542, 1068540, 10680649.362611854, 33, 33, 0, 251.27817269284301, 33
1, 2492199, 1423589, 1068610, 10680999.849428654, 117, 47, 70, 350.4868167986058, 49
51, 2492291, 1423631, 1068660, 10681328.053530121, 92, 42, 50, 328.20410146824725, 43
1, 2492330, 1423670, 1068660, 10681590.753470065, 39, 39, 0, 262.6999399439383, 39
1, 2492409, 1423709, 1068700, 10681905.784220194, 79, 39, 40, 315.03075013013313, 40
1, 2492446, 1423746, 1068700, 10682164.81679165, 37, 37, 0, 259.03257145596604, 37
51, 2492572, 1423792, 1068780, 10682522.253687533, 126, 46, 80, 357.43689588345075, 48
1, 2492614, 1423834, 1068780, 10682790.226677034, 42, 42, 0, 267.97298950218305, 42
1, 2492723, 1423873, 1068850, 10683133.341308534, 109, 39, 70, 343.114631499574, 41
1, 2492767, 1423917, 1068850, 10683404.692266224, 44, 44, 0, 271.35095769013947, 44
51, 2492856, 1423956, 1068900, 10683729.740131788, 89, 39, 50, 325.0478655640733, 40
1, 2492900, 1424000, 1068900, 10684001.091089478, 44, 44, 0, 271.35095769013947, 44
1, 2492984, 1424044, 1068940, 10684321.731099881, 84, 44, 40, 320.64001040350905, 45
51, 2493078, 1424088, 1068990, 10684652.00482573, 94, 44, 50, 330.273725847777, 45
1, 2493151, 1424131, 1069020, 10684961.0061043, 73, 43, 30, 309.00127856917646, 44
1, 2493181, 1424161, 1069020, 10685206.040836232, 30, 30, 0, 245.0347319320716, 30
1, 2493252, 1424202, 1069050, 10685512.619147051, 71, 41, 30, 306.57831081870995, 42
1, 2493301, 1424251, 1069050, 10685791.994278157, 49, 49, 0, 279.3751311064591, 49
51, 2493431, 1424291, 1069140, 10686151.859115696, 130, 40, 90, 359.86483753851803, 42
1, 2493476, 1424336, 1069140, 10686424.861122107, 45, 45, 0, 273.00200641113514, 45
1, 2493504, 1424364, 1069140, 10686665.493785486, 28, 28, 0, 240.63266337912057, 28
1, 2493576, 1424406, 1069170, 10686973.28884851, 72, 42, 30, 307.79506302439404, 43
51, 2493657, 1424437, 1069220, 10687289.58884851, 81, 31, 50, 316.3, 32
1, 2493736, 1424476, 1069260, 10687604.61959864, 79, 39, 40, 315.03075013013313, 40
1, 2493812, 1424522, 1069290, 10687917.178771013, 76, 46, 30, 312.5591723737189, 47
1, 2493855, 1424565, 1069290, 10688186.853731217, 43, 43, 0, 269.6749602031015, 43
1, 2493892, 1424602, 1069290, 10688445.886302672, 37, 37, 0, 259.03257145596604, 37
51, 2493982, 1424642, 1069340, 10688771.993331496, 90, 40, 50, 326.1070288241023, 41
1, 2494067, 1424687, 1069380, 10689093.730359167, 85, 45, 40, 321.73702767108114, 46
1, 2494141, 1424731, 1069410, 10689403.927567935, 74, 44, 30, 310.1972087668518, 45
1, 2494186, 1424776, 1069410, 10689676.929574346, 45, 45, 0, 273.00200641113514, 45
1, 2494273, 1424823, 1069450, 10690000.837155344, 87, 47, 40, 323.9075809977351, 48
51, 2494360, 1424860, 1069500, 10690323.744736342, 87, 37, 50, 322.9075809977351, 38
1, 2494392, 1424892, 1069500, 10690572.986159341, 32, 32, 0, 249.24142300054422, 32
1, 2494464, 1424934, 1069530, 10690880.781222366, 72, 42, 30, 307.79506302439404, 43
51, 2494543, 1424963, 1069580, 10691194.811972495, 79, 29, 50, 314.03075013013313, 30
1, 2494615, 1424995, 1069620, 10691501.60703552, 72, 32, 40, 306.79506302439404, 33
1, 2494662, 1425042, 1069620, 10691777.84008539, 47, 47, 0, 276.2330498695885, 47
1, 2494725, 1425075, 1069650, 10692074.271410115, 63, 33, 30, 296.43132472612575, 34
51, 2494818, 1425118, 1069700, 10692403.513690023, 93, 43, 50, 329.24227990714814, 44
1, 2494856, 1425156, 1069700, 10692664.396069642, 38, 38, 0, 260.88237961983884, 38
1, 2494935, 1425195, 1069740, 10692979.426819772, 79, 39, 40, 315.03075013013313, 40
1, 2494967, 1425227, 1069740, 10693228.668242771, 32, 32, 0, 249.24142300054422, 32
51, 2495053, 1425263, 1069790, 10693550.49440742, 86, 36, 50, 321.82616464756694, 37
1, 2495118, 1425298, 1069820, 10693849.535558863, 65, 35, 30, 299.04115144336777, 36
1, 2495164, 1425344, 1069820, 10694124.164627576, 46, 46, 0, 274.6290687140218, 46
1, 2495250, 1425390, 1069860, 10694446.990792224, 86, 46, 40, 322.82616464756694, 47
1, 2495298, 1425438, 1069860, 10694724.805594815, 48, 48, 0, 277.8148025904985, 48
51, 2495420, 1425480, 1069940, 10695078.751213368, 122, 42, 80, 353.9456185537469, 44
1, 2495453, 1425513, 1069940, 10695330.02938606, 33, 33, 0, 251.27817269284301, 33
1, 2495490, 1425550, 1069940, 10695589.061957516, 37, 37, 0, 259.03257145596604, 37
1, 2495568, 1425588, 1069980, 10695902.944744136, 78, 38, 40, 313.8827866200841, 39
51, 2495677, 1425617, 1070060, 10696245.059375636, 109, 29, 80, 342.114631499574, 31
1, 2495710, 1425650, 1070060, 10696496.337548329, 33, 33, 0, 251.27817269284301, 33
1, 2495783, 1425693, 1070090, 10696805.338826898, 73, 43, 30, 309.00127856917646, 44
51, 2495923, 1425743, 1070180, 10697173.517889723, 140, 50, 90, 368.1790628250393, 52
1, 2495956, 1425776, 1070180, 10697424.796062415, 33, 33, 0, 251.27817269284301, 33
1, 2495992, 1425812, 1070180, 10697681.945036694, 36, 36, 0, 257.1489742783178, 36
51, 2496110, 1425850, 1070260, 10698032.332361864, 118, 38, 80, 350.3873251689181, 40
1, 2496148, 1425888, 1070260, 10698293.214741483, 38, 38, 0, 260.88237961983884, 38
1, 2496227, 1425927, 1070300, 10698608.245491613, 79, 39, 40, 315.03075013013313, 40
1, 2496303, 1425973, 1070330, 10698920.804663986, 76, 46, 30, 312.5591723737189, 47
1, 2496339, 1426009, 1070330, 10699177.953638265, 36, 36, 0, 257.1489742783178, 36
51, 2496500, 1426050, 1070450, 10699559.663934866, 161, 41, 120, 381.7102966008917, 44
1, 2496540, 1426090, 1070450, 10699824.150620803, 40, 40, 0, 264.4866859365871, 40
1, 2496629, 1426139, 1070490, 10700150.198486367, 89, 49, 40, 326.0478655640733, 50
51, 2496722, 1426182, 1070540, 10700479.440766275, 93, 43, 50, 329.24227990714814, 44
1, 2496798, 1426228, 1070570, 10700791.999938648, 76, 46, 30, 312.5591723737189, 47
1, 2496876, 1426266, 1070610, 10701105.882725269, 78, 38, 40, 313.8827866200841, 39
1, 2496943, 1426303, 1070640, 10701407.483280526, 67, 37, 30, 301.6005552576305, 38
51, 2497084, 1426354, 1070730, 10701776.474953191, 141, 51, 90, 368.9916726654594, 53
1, 2497157, 1426397, 1070760, 10702085.476231761, 73, 43, 30, 309.00127856917646, 44
1, 2497207, 1426447, 1070760, 10702366.391026609, 50, 50, 0, 280.9147948472494, 50
1, 2497273, 1426483, 1070790, 10702666.718014887, 66, 36, 30, 300.32698827717985, 37
51, 2497401, 1426521, 1070880, 10703024.876580989, 128, 38, 90, 358.1585661014858, 40
1, 2497449, 1426569, 1070880, 10703302.69138358, 48, 48, 0, 277.8148025904985, 48
1, 2497517, 1426607, 1070910, 10703605.553554682, 68, 38, 30, 302.86217110259, 39
1, 2497557, 1426647, 1070910, 10703870.04024062, 40, 40, 0, 264.4866859365871, 40
1, 2497631, 1426691, 1070940, 10704180.237449387, 74, 44, 30, 310.1972087668518, 45
51, 2497761, 1426731, 1071030, 10704540.102286926, 130, 40, 90, 359.86483753851803, 42
1, 2497833, 1426773, 1071060, 10704847.89734995, 72, 42, 30, 307.79506302439404, 43
1, 2497878, 1426818, 1071060, 10705120.899356361, 45, 45, 0, 273.00200641113514, 45
1, 2497918, 1426858, 1071060, 10705385.386042299, 40, 40, 0, 264.4866859365871, 40
51, 2498033, 1426893, 1071140, 10705733.05825936, 115, 35, 80, 347.6722170622053, 37
1, 2498104, 1426924, 1071180, 10706038.63657018, 71, 31, 40, 305.57831081870995, 32
1, 2498143, 1426963, 1071180, 10706301.336510124, 39, 39, 0, 262.6999399439383, 39
1, 2498227, 1427007, 1071220, 10706621.976520527, 84, 44, 40, 320.64001040350905, 45
51, 2498308, 1427038, 1071270, 10706938.276520528, 81, 31, 50, 316.3, 32
1, 2498343, 1427073, 1071270, 10707193.506448438, 35, 35, 0, 255.22992790977875, 35
1, 2498450, 1427110, 1071340, 10707534.728593709, 107, 37, 70, 341.2221452697031, 39
51, 2498538, 1427148, 1071390, 10707858.71002507, 88, 38, 50, 323.98143136087856, 39
1, 2498574, 1427184, 1071390, 10708115.85899935, 36, 36, 0, 257.1489742783178, 36
1, 2498612, 1427222, 1071390, 10708376.741378969, 38, 38, 0, 260.88237961983884, 38
51, 2498731, 1427261, 1071470, 10708728.024774171, 119, 39, 80, 351.28339520229764, 41
1, 2498811, 1427301, 1071510, 10709044.194530416, 80, 40, 40, 316.1697562442441, 41
1, 2498847, 1427337, 1071510, 10709301.343504695, 36, 36, 0, 257.1489742783178, 36
1, 2498884, 1427374, 1071510, 10709560.37607615, 37, 37, 0, 259.03257145596604, 37
51, 2499018, 1427418, 1071600, 10709923.60889207, 134, 44, 90, 363.23281591860336, 46
1, 2499088, 1427458, 1071630, 10710228.959652921, 70, 40, 30, 305.3507608519078, 41
1, 2499125, 1427495, 1071630, 10710487.992224377, 37, 37, 0, 259.03257145596604, 37
1, 2499155, 1427525, 1071630, 10710733.026956309, 30, 30, 0, 245.0347319320716, 30
51, 2499240, 1427560, 1071680, 10711053.76398398, 85, 35, 50, 320.73702767108114, 36
1, 2499346, 1427596, 1071750, 10711394.03202759, 106, 36, 70, 340.2680436096278, 38
1, 2499391, 1427641, 1071750, 10711667.034034, 45, 45, 0, 273.00200641113514, 45
1, 2499427, 1427677, 1071750, 10711924.18300828, 36, 36, 0, 257.1489742783178, 36
51, 2499556, 1427716, 1071840, 10712283.19660877, 129, 39, 90, 359.01360049114555, 41
1, 2499601, 1427761, 1071840, 10712556.198615182, 45, 45, 0, 273.00200641113514, 45
1, 2499675, 1427805, 1071870, 10712866.39582395, 74, 44, 30, 310.1972087668518, 45
51, 2499767, 1427847, 1071920, 10713194.599925417, 92, 42, 50, 328.20410146824725, 43
1, 2499843, 1427883, 1071960, 10713506.15909779, 76, 36, 40, 311.5591723737189, 37
1, 2499877, 1427917, 1071960, 10713759.432738068, 34, 34, 0, 253.2736402766418, 34
1, 2499962, 1427962, 1072000, 10714081.169765739, 85, 45, 40, 321.73702767108114, 46
51, 2500090, 1428010, 1072080, 10714440.328331841, 128, 48, 80, 359.1585661014858, 50
1, 2500123, 1428043, 1072080, 10714691.606504533, 33, 33, 0, 251.27817269284301, 33
1, 2500168, 1428088, 1072080, 10714964.608510945, 45, 45, 0, 273.00200641113514, 45
1, 2500242, 1428122, 1072120, 10715273.805719713, 74, 34, 40, 309.1972087668518, 35
51, 2500360, 1428160, 1072200, 10715624.193044882, 118, 38, 80, 350.3873251689181, 40
1, 2500395, 1428195, 1072200, 10715879.422972793, 35, 35, 0, 255.22992790977875, 35
1, 2500474, 1428234, 1072240, 10716194.453722922, 79, 39, 40, 315.03075013013313, 40
1, 2500545, 1428275, 1072270, 10716501.032033741, 71, 41, 30, 306.57831081870995, 42
51, 2500636, 1428316, 1072320, 10716828.19109568, 91, 41, 50, 327.1590619387661, 42
1, 2500742, 1428352, 1072390, 10717168.45913929, 106, 36, 70, 340.2680436096278, 38
1, 2500777, 1428387, 1072390, 10717423.6890672, 35, 35, 0, 255.22992790977875, 35
1, 2500812, 1428422, 1072390, 10717678.91899511, 35, 35, 0, 255.22992790977875, 35
1, 2500858, 1428468, 1072390, 10717953.548063824, 46, 46, 0, 274.6290687140218, 46
51, 2500940, 1428500, 1072440, 10718270.969733667, 82, 32, 50, 317.42166984345636, 33
1, 2501028, 1428548, 1072480, 10718595.951165028, 88, 48, 40, 324.98143136087856, 49
1, 2501113, 1428603, 1072510, 10718918.6881927, 85, 55, 30, 322.73702767108114, 56
1, 2501162, 1428652, 1072510, 10719198.063323805, 49, 49, 0, 279.3751311064591, 49
51, 2501250, 1428690, 1072560, 10719522.044755166, 88, 38, 50, 323.98143136087856, 39
1, 2501327, 1428727, 1072600, 10719834.770418933, 77, 37, 40, 312.72566376652986, 38
1, 2501372, 1428772, 1072600, 10720107.772425344, 45, 45, 0, 273.00200641113514, 45
1, 2501413, 1428813, 1072600, 10720374.016378788, 41, 41, 0, 266.24395344352433, 41
51, 2501533, 1428853, 1072680, 10720726.191470753, 120, 40, 80, 352.1750919646873, 42
1, 2501612, 1428892, 1072720, 10721041.222220883, 79, 39, 40, 315.03075013013313, 40
1, 2501644, 1428924, 1072720, 10721290.463643882, 32, 32, 0, 249.24142300054422, 32
1, 2501708, 1428958, 1072750, 10721588.206356358, 64, 34, 30, 297.742712474619, 35
1, 2501744, 1428994, 1072750, 10721845.355330637, 36, 36, 0, 257.1489742783178, 36
51, 2501871, 1429031, 1072840, 10722202.655012935, 127, 37, 90, 357.2996822992933, 39
1, 2501907, 1429067, 1072840, 10722459.803987214, 36, 36, 0, 257.1489742783178, 36
1, 2501972, 1429102, 1072870, 10722758.845138658, 65, 35, 30, 299.04115144336777, 36
51, 2502060, 1429140, 1072920, 10723082.82657002, 88, 38, 50, 323.98143136087856, 39
1, 2502108, 1429188, 1072920, 10723360.64137261, 48, 48, 0, 277.8148025904985, 48
1, 2502201, 1429241, 1072960, 10723690.883652518, 93, 53, 40, 330.24227990714814, 54
1, 2502245, 1429285, 1072960, 10723962.234610207, 44, 44, 0, 271.35095769013947, 44
1, 2502312, 1429322, 1072990, 10724263.835165465, 67, 37, 30, 301.6005552576305, 38
51, 2502402, 1429362, 1073040, 10724589.942194289, 90, 40, 50, 326.1070288241023, 41
1, 2502439, 1429399, 1073040, 10724848.974765744, 37, 37, 0, 259.03257145596604, 37
1, 2502517, 1429437, 1073080, 10725162.857552364, 78, 38, 40, 313.8827866200841, 39
1, 2502564, 1429484, 1073080, 10725439.090602234, 47, 47, 0, 276.2330498695885, 47
1, 2502636, 1429516, 1073120, 10725745.885665258, 72, 32, 40, 306.79506302439404, 33
51, 2502748, 1429548, 1073200, 10726090.800977599, 112, 32, 80, 344.91531233955715, 34
1, 2502795, 1429595, 1073200, 10726367.034027468, 47, 47, 0, 276.2330498695885, 47
1, 2502833, 1429633, 1073200, 10726627.916407088, 38, 38, 0, 260.88237961983884, 38
1, 2502906, 1429666, 1073240, 10726935.917685658, 73, 33, 40, 308.00127856917646, 34
51, 2503023, 1429703, 1073320, 10727285.404502457, 117, 37, 80, 349.4868167986058, 39
1, 2503103, 1429743, 1073360, 10727601.574258702, 80, 40, 40, 316.1697562442441, 41
1, 2503145, 1429785, 1073360, 10727869.547248203, 42, 42, 0, 267.97298950218305, 42
51, 2503231, 1429821, 1073410, 10728191.373412851, 86, 36, 50, 321.82616464756694, 37
1, 2503300, 1429860, 1073440, 10728495.485554561, 69, 39, 30, 304.1121417102006, 40
1, 2503348, 1429908, 1073440, 10728773.300357152, 48, 48, 0, 277.8148025904985, 48
51, 2503483, 1429953, 1073530, 10729137.366167093, 135, 45, 90, 364.06580994024984, 47
1, 2503528, 1429998, 1073530, 10729410.368173504, 45, 45, 0, 273.00200641113514, 45
1, 2503573, 1430043, 1073530, 10729683.370179916, 45, 45, 0, 273.00200641113514, 45
51, 2503660, 1430080, 1073580, 10730006.277760914, 87, 37, 50, 322.9075809977351, 38
1, 2503731, 1430121, 1073610, 10730312.856071733, 71, 41, 30, 306.57831081870995, 42
1, 2503772, 1430162, 1073610, 10730579.100025177, 41, 41, 0, 266.24395344352433, 41
51, 2503907, 1430207, 1073700, 10730943.165835118, 135, 45, 90, 364.06580994024984, 47
1, 2503957, 1430257, 1073700, 10731224.080629965, 50, 50, 0, 280.9147948472494, 50
1, 2503996, 1430296, 1073700, 10731486.78056991, 39, 39, 0, 262.6999399439383, 39
1, 2504068, 1430338, 1073730, 10731794.575632934, 72, 42, 30, 307.79506302439404, 43
51, 2504196, 1430376, 1073820, 10732152.734199036, 128, 38, 90, 358.1585661014858, 40
1, 2504233, 1430413, 1073820, 10732411.766770491, 37, 37, 0, 259.03257145596604, 37
1, 2504316, 1430456, 1073860, 10732731.301718421, 83, 43, 40, 319.5349479292333, 44
1, 2504391, 1430501, 1073890, 10733042.68481406, 75, 45, 30, 311.38309563827124, 46
51, 2504475, 1430535, 1073940, 10733362.324824464, 84, 34, 50, 319.64001040350905, 35
1, 2504520, 1430580, 1073940, 10733635.326830875, 45, 45, 0, 273.00200641113514, 45
1, 2504607, 1430627, 1073980, 10733959.234411873, 87, 47, 40, 323.9075809977351, 48
1, 2504641, 1430661, 1073980, 10734212.50805215, 34, 34, 0, 253.2736402766418, 34
1, 2504714, 1430704, 1074010, 10734521.50933072, 73, 43, 30, 309.00127856917646, 44
51, 2504806, 1430746, 1074060, 10734849.713432187, 92, 42, 50, 328.20410146824725, 43
1, 2504848, 1430788, 1074060, 10735117.686421689, 42, 42, 0, 267.97298950218305, 42
1, 2504929, 1430829, 1074100, 10735434.98642169, 81, 41, 40, 317.3, 42
1, 2504973, 1430873, 1074100, 10735706.33737938, 44, 44, 0, 271.35095769013947, 44
51, 2505094, 1430914, 1074180, 10736059.399858415, 121, 41, 80, 353.06247903554, 43
1, 2505142, 1430962, 1074180, 10736337.214661006, 48, 48, 0, 277.8148025904985, 48
1, 2505203, 1430993, 1074210, 10736630.982900273, 61, 31, 30, 293.7682392671241, 32
1, 2505274, 1431024, 1074250, 10736936.561211092, 71, 31, 40, 305.57831081870995, 32
51, 2505360, 1431060, 1074300, 10737258.38737574, 86, 36, 50, 321.82616464756694, 37
1, 2505402, 1431102, 1074300, 10737526.360365242, 42, 42, 0, 267.97298950218305, 42
1, 2505517, 1431147, 1074370, 10737875.032582304, 115, 45, 70, 348.6722170622053, 47
1, 2505558, 1431188, 1074370, 10738141.276535748, 41, 41, 0, 266.24395344352433, 41
1, 2505599, 1431229, 1074370, 10738407.520489192, 41, 41, 0, 266.24395344352433, 41
51, 2505758, 1431268, 1074490, 10738787.719351664, 159, 39, 120, 380.1988624723894, 42
1, 2505796, 1431306, 1074490, 10739048.601731284, 38, 38, 0, 260.88237961983884, 38
1, 2505842, 1431352, 1074490, 10739323.230799997, 46, 46, 0, 274.6290687140218, 46
1, 2505928, 1431398, 1074530, 10739646.056964645, 86, 46, 40, 322.82616464756694, 47
1, 2505965, 1431435, 1074530, 10739905.0895361, 37, 37, 0, 259.03257145596604, 37
51, 2506055, 1431475, 1074580, 10740231.196564924, 90, 40, 50, 326.1070288241023, 41
1, 2506130, 1431520, 1074610, 10740542.579660563, 75, 45, 30, 311.38309563827124, 46
1, 2506207, 1431557, 1074650, 10740855.305324329, 77, 37, 40, 312.72566376652986, 38
51, 2506304, 1431604, 1074700, 10741188.6342236, 97, 47, 50, 333.3288992714996, 48
1, 2506339, 1431639, 1074700, 10741443.864151511, 35, 35, 0, 255.22992790977875, 35
1, 2506425, 1431685, 1074740, 10741766.69031616, 86, 46, 40, 322.82616464756694, 47
1, 2506494, 1431724, 1074770, 10742070.802457869, 69, 39, 30, 304.1121417102006, 40
51, 2506627, 1431767, 1074860, 10742433.198726911, 133, 43, 90, 362.3962690412072, 45
1, 2506669, 1431809, 1074860, 10742701.171716413, 42, 42, 0, 267.97298950218305, 42
1, 2506716, 1431856, 1074860, 10742977.404766282, 47, 47, 0, 276.2330498695885, 47
1, 2506745, 1431885, 1074860, 10743220.264344992, 29, 29, 0, 242.8595787106084, 29
1, 2506813, 1431923, 1074890, 10743523.126516094, 68, 38, 30, 302.86217110259, 39
51, 2506952, 1431972, 1074980, 10743890.489678396, 139, 49, 90, 367.36316230125203, 51
1, 2506998, 1432018, 1074980, 10744165.11874711, 46, 46, 0, 274.6290687140218, 46
1, 2507028, 1432048, 1074980, 10744410.153479042, 30, 30, 0, 245.0347319320716, 30
1, 2507109, 1432089, 1075020, 10744727.453479042, 81, 41, 40, 317.3, 42
1, 2507145, 1432125, 1075020, 10744984.602453321, 36, 36, 0, 257.1489742783178, 36
51, 2507256, 1432156, 1075100, 10745328.589171361, 111, 31, 80, 343.9867180408456, 33
1, 2507297, 1432197, 1075100, 10745594.833124805, 41, 41, 0, 266.24395344352433, 41
1, 2507374, 1432234, 1075140, 10745907.558788572, 77, 37, 40, 312.72566376652986, 38
51, 2507492, 1432272, 1075220, 10746257.946113741, 118, 38, 80, 350.3873251689181, 40
1, 2507536, 1432316, 1075220, 10746529.29707143, 44, 44, 0, 271.35095769013947, 44
1, 2507603, 1432353, 1075250, 10746830.897626689, 67, 37, 30, 301.6005552576305, 38
1, 2507648, 1432398, 1075250, 10747103.8996331, 45, 45, 0, 273.00200641113514, 45
51, 2507779, 1432439, 1075340, 10747464.611961316, 131, 41, 90, 360.7123282155055, 43
1, 2507824, 1432484, 1075340, 10747737.613967728, 45, 45, 0, 273.00200641113514, 45
1, 2507872, 1432532, 1075340, 10748015.428770319, 48, 48, 0, 277.8148025904985, 48
1, 2507914, 1432574, 1075340, 10748283.40175982, 42, 42, 0, 267.97298950218305, 42
51, 2508031, 1432611, 1075420, 10748632.88857662, 117, 37, 80, 349.4868167986058, 39
1, 2508104, 1432644, 1075460, 10748940.88985519, 73, 33, 40, 308.00127856917646, 34
1, 2508137, 1432677, 1075460, 10749192.168027882, 33, 33, 0, 251.27817269284301, 33
1, 2508221, 1432721, 1075500, 10749512.808038285, 84, 44, 40, 320.64001040350905, 45
51, 2508313, 1432763, 1075550, 10749841.012139753, 92, 42, 50, 328.20410146824725, 43
1, 2508344, 1432794, 1075550, 10750088.17324593, 31, 31, 0, 247.1611061770567, 31
1, 2508461, 1432841, 1075620, 10750438.660062728, 117, 47, 70, 350.4868167986058, 49
1, 2508498, 1432878, 1075620, 10750697.692634184, 37, 37, 0, 259.03257145596604, 37
1, 2508540, 1432920, 1075620, 10750965.665623685, 42, 42, 0, 267.97298950218305, 42
51, 2508664, 1432954, 1075710, 10751320.365020234, 124, 34, 90, 354.6993965481514, 36
1, 2508705, 1432995, 1075710, 10751586.608973678, 41, 41, 0, 266.24395344352433, 41
1, 2508771, 1433031, 1075740, 10751886.935961956, 66, 36, 30, 300.32698827717985, 37
1, 2508821, 1433081, 1075740, 10752167.850756804, 50, 50, 0, 280.9147948472494, 50
51, 2508951, 1433121, 1075830, 10752527.715594342, 130, 40, 90, 359.86483753851803, 42
1, 2508993, 1433163, 1075830, 10752795.688583843, 42, 42, 0, 267.97298950218305, 42
1, 2509050, 1433190, 1075860, 10753083.95820435, 57, 27, 30, 288.2696205054472, 28
1, 2509136, 1433236, 1075900, 10753406.784368997, 86, 46, 40, 322.82616464756694, 47
51, 2509231, 1433281, 1075950, 10753738.082933133, 95, 45, 50, 331.2985641352145, 46
1, 2509275, 1433325, 1075950, 10754009.433890823, 44, 44, 0, 271.35095769013947, 44
1, 2509340, 1433360, 1075980, 10754308.475042267, 65, 35, 30, 299.04115144336777, 36
51, 2509438, 1433408, 1076030, 10754642.80967063, 98, 48, 50, 334.33462836457886, 49
1, 2509525, 1433455, 1076070, 10754966.717251629, 87, 47, 40, 323.9075809977351, 48
1, 2509591, 1433491, 1076100, 10755267.044239907, 66, 36, 30, 300.32698827717985, 37
1, 2509628, 1433528, 1076100, 10755526.076811362, 37, 37, 0, 259.03257145596604, 37
51, 2509750, 1433560, 1076190, 10755879.022429915, 122, 32, 90, 352.9456185537469, 34
1, 2509793, 1433603, 1076190, 10756148.697390119, 43, 43, 0, 269.6749602031015, 43
1, 2509827, 1433637, 1076190, 10756401.971030395, 34, 34, 0, 253.2736402766418, 34
51, 2509920, 1433680, 1076240, 10756731.213310303, 93, 43, 50, 329.24227990714814, 44
1, 2509975, 1433705, 1076270, 10757016.640291836, 55, 25, 30, 285.42698153315007, 26
1, 2510049, 1433739, 1076310, 10757325.837500604, 74, 34, 40, 309.1972087668518, 35
51, 2510142, 1433782, 1076360, 10757655.079780512, 93, 43, 50, 329.24227990714814, 44
1, 2510213, 1433813, 1076400, 10757960.65809133, 71, 31, 40, 305.57831081870995, 32
1, 2510253, 1433853, 1076400, 10758225.144777268, 40, 40, 0, 264.4866859365871, 40
1, 2510293, 1433893, 1076400, 10758489.631463205, 40, 40, 0, 264.4866859365871, 40
1, 2510416, 1433946, 1076470, 10758845.456034467, 123, 53, 70, 355.8245712617827, 55
51, 2510506, 1433986, 1076520, 10759171.56306329, 90, 40, 50, 326.1070288241023, 41
1, 2510544, 1434024, 1076520, 10759432.44544291, 38, 38, 0, 260.88237961983884, 38
1, 2510632, 1434072, 1076560, 10759757.42687427, 88, 48, 40, 324.98143136087856, 49
1, 2510672, 1434112, 1076560, 10760021.913560208, 40, 40, 0, 264.4866859365871, 40
51, 2510759, 1434149, 1076610, 10760344.821141206, 87, 37, 50, 322.9075809977351, 38
1, 2510831, 1434191, 1076640, 10760652.61620423, 72, 42, 30, 307.79506302439404, 43
1, 2510868, 1434228, 1076640, 10760911.648775686, 37, 37, 0, 259.03257145596604, 37
1, 2510968, 1434258, 1076710, 10761246.076541703, 100, 30, 70, 334.42776601683795, 32
1, 2511004, 1434294, 1076710, 10761503.225515982, 36, 36, 0, 257.1489742783178, 36
51, 2511103, 1434343, 1076760, 10761838.559730535, 99, 49, 50, 335.33421455299043, 50
1, 2511132, 1434372, 1076760, 10762081.419309245, 29, 29, 0, 242.8595787106084, 29
1, 2511216, 1434416, 1076800, 10762402.059319649, 84, 44, 40, 320.64001040350905, 45
1, 2511282, 1434452, 1076830, 10762702.386307927, 66, 36, 30, 300.32698827717985, 37
51, 2511366, 1434486, 1076880, 10763022.02631833, 84, 34, 50, 319.64001040350905, 35
1, 2511446, 1434526, 1076920, 10763338.196074575, 80, 40, 40, 316.1697562442441, 41
1, 2511489, 1434569, 1076920, 10763607.871034779, 43, 43, 0, 269.6749602031015, 43
1, 2511520, 1434600, 1076920, 10763855.032140955, 31, 31, 0, 247.1611061770567, 31
1, 2511578, 1434628, 1076950, 10764144.699043063, 58, 28, 30, 289.66690210718946, 29
51, 2511705, 1434665, 1077040, 10764501.998725362, 127, 37, 90, 357.2996822992933, 39
1, 2511751, 1434711, 1077040, 10764776.627794076, 46, 46, 0, 274.6290687140218, 46
1, 2511821, 1434751, 1077070, 10765081.978554927, 70, 40, 30, 305.3507608519078, 41
51, 2511949, 1434789, 1077160, 10765440.13712103, 128, 38, 90, 358.1585661014858, 40
1, 2511990, 1434830, 1077160, 10765706.381074473, 41, 41, 0, 266.24395344352433, 41
1, 2512062, 1434862, 1077200, 10766013.176137498, 72, 32, 40, 306.79506302439404, 33
1, 2512100, 1434900, 1077200, 10766274.058517117, 38, 38, 0, 260.88237961983884, 38
1, 2512136, 1434936, 1077200, 10766531.207491396, 36, 36, 0, 257.1489742783178, 36
51, 2512251, 1434971, 1077280, 10766878.879708458, 115, 35, 80, 347.6722170622053, 37
1, 2512294, 1435014, 1077280, 10767148.554668661, 43, 43, 0, 269.6749602031015, 43
1, 2512376, 1435056, 1077320, 10767466.976338504, 82, 42, 40, 318.42166984345636, 43
1, 2512408, 1435088, 1077320, 10767716.217761504, 32, 32, 0, 249.24142300054422, 32
51, 2512522, 1435122, 1077400, 10768062.975749195, 114, 34, 80, 346.75798769167545, 36
1, 2512599, 1435159, 1077440, 10768375.70141296, 77, 37, 40, 312.72566376652986, 38
1, 2512636, 1435196, 1077440, 10768634.733984416, 37, 37, 0, 259.03257145596604, 37
1, 2512699, 1435229, 1077470, 10768931.165309142, 63, 33, 30, 296.43132472612575, 34
51, 2512792, 1435272, 1077520, 10769260.40758905, 93, 43, 50, 329.24227990714814, 44
1, 2512828, 1435308, 1077520, 10769517.556563329, 36, 36, 0, 257.1489742783178, 36
1, 2512904, 1435344, 1077560, 10769829.115735702, 76, 36, 40, 311.5591723737189, 37
1, 2512938, 1435378, 1077560, 10770082.38937598, 34, 34, 0, 253.2736402766418, 34
51, 2513097, 1435417, 1077680, 10770462.588238452, 159, 39, 120, 380.1988624723894, 42
1, 2513134, 1435454, 1077680, 10770721.620809907, 37, 37, 0, 259.03257145596604, 37
1, 2513178, 1435498, 1077680, 10770992.971767597, 44, 44, 0, 271.35095769013947, 44
51, 2513318, 1435548, 1077770, 10771361.150830422, 140, 50, 90, 368.1790628250393, 52
1, 2513353, 1435583, 1077770, 10771616.380758332, 35, 35, 0, 255.22992790977875, 35
1, 2513418, 1435618, 1077800, 10771915.421909776, 65, 35, 30, 299.04115144336777, 36
1, 2513455, 1435655, 1077800, 10772174.454481231, 37, 37, 0, 259.03257145596604, 37
51, 2513585, 1435695, 1077890, 10772534.31931877, 130, 40, 90, 359.86483753851803, 42
1, 2513626, 1435736, 1077890, 10772800.563272214, 41, 41, 0, 266.24395344352433, 41
1, 2513662, 1435772, 1077890, 10773057.712246493, 36, 36, 0, 257.1489742783178, 36
1, 2513734, 1435814, 1077920, 10773365.507309517, 72, 42, 30, 307.79506302439404, 43
1, 2513778, 1435858, 1077920, 10773636.858267207, 44, 44, 0, 271.35095769013947, 44
51, 2513904, 1435894, 1078010, 10773993.29516309, 126, 36, 90, 356.43689588345075, 38
1, 2513949, 1435939, 1078010, 10774266.297169501, 45, 45, 0, 273.00200641113514, 45
1, 2514013, 1435973, 1078040, 10774564.039881976, 64, 34, 30, 297.742712474619, 35
1, 2514095, 1436015, 1078080, 10774882.461551819, 82, 42, 40, 318.42166984345636, 43
51, 2514178, 1436048, 1078130, 10775200.996499749, 83, 33, 50, 318.5349479292333, 34
1, 2514253, 1436093, 1078160, 10775512.379595388, 75, 45, 30, 311.38309563827124, 46
1, 2514286, 1436126, 1078160, 10775763.65776808, 33, 33, 0, 251.27817269284301, 33
1, 2514324, 1436164, 1078160, 10776024.5401477, 38, 38, 0, 260.88237961983884, 38
51, 2514408, 1436198, 1078210, 10776344.180158103, 84, 34, 50, 319.64001040350905, 35
1, 2514487, 1436237, 1078250, 10776659.210908232, 79, 39, 40, 315.03075013013313, 40
1, 2514530, 1436280, 1078250, 10776928.885868436, 43, 43, 0, 269.6749602031015, 43
1, 2514641, 1436321, 1078320, 10777273.872586476, 111, 41, 70, 344.9867180408456, 43
51, 2514726, 1436356, 1078370, 10777594.609614147, 85, 35, 50, 320.73702767108114, 36
1, 2514765, 1436395, 1078370, 10777857.30955409, 39, 39, 0, 262.6999399439383, 39
1, 2514844, 1436434, 1078410, 10778172.34030422, 79, 39, 40, 315.03075013013313, 40
1, 2514880, 1436470, 1078410, 10778429.489278499, 36, 36, 0, 257.1489742783178, 36
1, 2514941, 1436501, 1078440, 10778723.257517766, 61, 31, 30, 293.7682392671241, 32
51, 2515074, 1436544, 1078530, 10779085.653786808, 133, 43, 90, 362.3962690412072, 45
1, 2515117, 1436587, 1078530, 10779355.328747012, 43, 43, 0, 269.6749602031015, 43
1, 2515157, 1436627, 1078530, 10779619.815432949, 40, 40, 0, 264.4866859365871, 40
1, 2515203, 1436673, 1078530, 10779894.444501663, 46, 46, 0, 274.6290687140218, 46
51, 2515284, 1436704, 1078580, 10780210.744501663, 81, 31, 50, 316.3, 32
1, 2515348, 1436738, 1078610, 10780508.487214139, 64, 34, 30, 297.742712474619, 35
1, 2515423, 1436773, 1078650, 10780818.870309778, 75, 35, 40, 310.38309563827124, 36
1, 2515466, 1436816, 1078650, 10781088.545269981, 43, 43, 0, 269.6749602031015, 43
51, 2515581, 1436851, 1078730, 10781436.217487043, 115, 35, 80, 347.6722170622053, 37
1, 2515665, 1436895, 1078770, 10781756.857497446, 84, 44, 40, 320.64001040350905, 45
1, 2515709, 1436939, 1078770, 10782028.208455136, 44, 44, 0, 271.35095769013947, 44
1, 2515742, 1436972, 1078770, 10782279.486627828, 33, 33, 0, 251.27817269284301, 33
51, 2515860, 1437010, 1078850, 10782629.873952998, 118, 38, 80, 350.3873251689181, 40
1, 2515905, 1437055, 1078850, 10782902.87595941, 45, 45, 0, 273.00200641113514, 45
1, 2515944, 1437094, 1078850, 10783165.575899353, 39, 39, 0, 262.6999399439383, 39
1, 2516022, 1437132, 1078890, 10783479.458685974, 78, 38, 40, 313.8827866200841, 39
51, 2516113, 1437173, 1078940, 10783806.617747912, 91, 41, 50, 327.1590619387661, 42
1, 2516182, 1437212, 1078970, 10784110.729889622, 69, 39, 30, 304.1121417102006, 40
1, 2516253, 1437243, 1079010, 10784416.308200441, 71, 31, 40, 305.57831081870995, 32
51, 2516352, 1437292, 1079060, 10784751.642414995, 99, 49, 50, 335.33421455299043, 50
1, 2516379, 1437319, 1079060, 10784989.99312069, 27, 27, 0, 238.35070569547776, 27
1, 2516454, 1437364, 1079090, 10785301.37621633, 75, 45, 30, 311.38309563827124, 46
1, 2516495, 1437405, 1079090, 10785567.620169774, 41, 41, 0, 266.24395344352433, 41
51, 2516620, 1437440, 1079180, 10785923.190322261, 125, 35, 90, 355.57015248821097, 37
1, 2516669, 1437489, 1079180, 10786202.565453367, 49, 49, 0, 279.3751311064591, 49
1, 2516704, 1437524, 1079180, 10786457.795381278, 35, 35, 0, 255.22992790977875, 35
1, 2516747, 1437567, 1079180, 10786727.470341481, 43, 43, 0, 269.6749602031015, 43
51, 2516862, 1437602, 1079260, 10787075.142558543, 115, 35, 80, 347.6722170622053, 37
1, 2516941, 1437641, 1079300, 10787390.173308672, 79, 39, 40, 315.03075013013313, 40
1, 2516980, 1437680, 1079300, 10787652.873248616, 39, 39, 0, 262.6999399439383, 39
1, 2517015, 1437715, 1079300, 10787908.103176527, 35, 35, 0, 255.22992790977875, 35
51, 2517167, 1437747, 1079420, 10788282.927485084, 152, 32, 120, 374.8243085566414, 35
1, 2517214, 1437794, 1079420, 10788559.160534954, 47, 47, 0, 276.2330498695885, 47
1, 2517251, 1437831, 1079420, 10788818.19310641, 37, 37, 0, 259.03257145596604, 37
1, 2517285, 1437865, 1079420, 10789071.466746686, 34, 34, 0, 253.2736402766418, 34
1, 2517354, 1437904, 1079450, 10789375.578888396, 69, 39, 30, 304.1121417102006, 40
51, 2517474, 1437934, 1079540, 10789726.75398036, 120, 30, 90, 351.1750919646873, 32
1, 2517521, 1437981, 1079540, 10790002.98703023, 47, 47, 0, 276.2330498695885, 47
1, 2517560, 1438020, 1079540, 10790265.686970174, 39, 39, 0, 262.6999399439383, 39
1, 2517597, 1438057, 1079540, 10790524.71954163, 37, 37, 0, 259.03257145596604, 37
51, 2517681, 1438091, 1079590, 10790844.359552033, 84, 34, 50, 319.64001040350905, 35
1, 2517762, 1438142, 1079620, 10791162.659552034, 81, 51, 30, 318.3, 52
1, 2517845, 1438185, 1079660, 10791482.194499964, 83, 43, 40, 319.5349479292333, 44
51, 2517938, 1438228, 1079710, 10791811.436779872, 93, 43, 50, 329.24227990714814, 44
1, 2518004, 1438264, 1079740, 10792111.76376815, 66, 36, 30, 300.32698827717985, 37
1, 2518074, 1438294, 1079780, 10792416.114529, 70, 30, 40, 304.3507608519078, 31
1, 2518121, 1438341, 1079780, 10792692.34757887, 47, 47, 0, 276.2330498695885, 47
1, 2518163, 1438383, 1079780, 10792960.320568372, 42, 42, 0, 267.97298950218305, 42
51, 2518250, 1438420, 1079830, 10793283.22814937, 87, 37, 50, 322.9075809977351, 38
1, 2518328, 1438458, 1079870, 10793597.11093599, 78, 38, 40, 313.8827866200841, 39
1, 2518402, 1438502, 1079900, 10793907.308144758, 74, 44, 30, 310.1972087668518, 45
1, 2518485, 1438545, 1079940, 10794226.843092687, 83, 43, 40, 319.5349479292333, 44
1, 2518535, 1438595, 1079940, 10794507.757887535, 50, 50, 0, 280.9147948472494, 50
51, 2518619, 1438629, 1079990, 10794827.397897938, 84, 34, 50, 319.64001040350905, 35
1, 2518659, 1438669, 1079990, 10795091.884583876, 40, 40, 0, 264.4866859365871, 40
1, 2518736, 1438716, 1080020, 10795405.610247642, 77, 47, 30, 313.72566376652986, 48
1, 2518777, 1438757, 1080020, 10795671.854201086, 41, 41, 0, 266.24395344352433, 41
51, 2518901, 1438791, 1080110, 10796026.553597635, 124, 34, 90, 354.6993965481514, 36
1, 2518954, 1438844, 1080110, 10796311.970385276, 53, 53, 0, 285.4167876408086, 53
1, 2519032, 1438882, 1080150, 10796625.853171896, 78, 38, 40, 313.8827866200841, 39
1, 2519072, 1438922, 1080150, 10796890.339857833, 40, 40, 0, 264.4866859365871, 40
51, 2519193, 1438963, 1080230, 10797243.40233687, 121, 41, 80, 353.06247903554, 43
1, 2519220, 1438990, 1080230, 10797481.753042566, 27, 27, 0, 238.35070569547776, 27
1, 2519258, 1439028, 1080230, 10797742.635422185, 38, 38, 0, 260.88237961983884, 38
1, 2519331, 1439061, 1080270, 10798050.636700755, 73, 33, 40, 308.00127856917646, 34
51, 2519428, 1439108, 1080320, 10798383.965600027, 97, 47, 50, 333.3288992714996, 48
1, 2519470, 1439150, 1080320, 10798651.938589528, 42, 42, 0, 267.97298950218305, 42
1, 2519546, 1439196, 1080350, 10798964.497761901, 76, 46, 30, 312.5591723737189, 47
1, 2519631, 1439241, 1080390, 10799286.234789573, 85, 45, 40, 321.73702767108114, 46
1, 2519665, 1439275, 1080390, 10799539.50842985, 34, 34, 0, 253.2736402766418, 34
51, 2519787, 1439307, 1080480, 10799892.454048403, 122, 32, 90, 352.9456185537469, 34
1, 2519835, 1439355, 1080480, 10800170.268850993, 48, 48, 0, 277.8148025904985, 48
1, 2519878, 1439398, 1080480, 10800439.943811197, 43, 43, 0, 269.6749602031015, 43
51, 2519994, 1439434, 1080560, 10800788.525614688, 116, 36, 80, 348.5818034911291, 38
1, 2520024, 1439464, 1080560, 10801033.56034662, 30, 30, 0, 245.0347319320716, 30
1, 2520137, 1439507, 1080630, 10801380.399390489, 113, 43, 70, 346.83904386951343, 45
1, 2520180, 1439550, 1080630, 10801650.074350692, 43, 43, 0, 269.6749602031015, 43
51, 2520263, 1439583, 1080680, 10801968.609298622, 83, 33, 50, 318.5349479292333, 34
1, 2520305, 1439625, 1080680, 10802236.582288124, 42, 42, 0, 267.97298950218305, 42
1, 2520409, 1439659, 1080750, 10802574.925974881, 104, 34, 70, 338.343686757474, 36
1, 2520444, 1439694, 1080750, 10802830.155902792, 35, 35, 0, 255.22992790977875, 35
51, 2520533, 1439733, 1080800, 10803155.203768356, 89, 39, 50, 325.0478655640733, 40
1, 2520611, 1439771, 1080840, 10803469.086554976, 78, 38, 40, 313.8827866200841, 39
1, 2520655, 1439815, 1080840, 10803740.437512666, 44, 44, 0, 271.35095769013947, 44
51, 2520751, 1439861, 1080890, 10804072.754428681, 96, 46, 50, 332.31691601465747, 47
1, 2520820, 1439900, 1080920, 10804376.86657039, 69, 39, 30, 304.1121417102006, 40
1, 2520900, 1439940, 1080960, 10804693.036326636, 80, 40, 40, 316.1697562442441, 41
1, 2520941, 1439981, 1080960, 10804959.28028008, 41, 41, 0, 266.24395344352433, 41
1, 2520980, 1440020, 1080960, 10805221.980220024, 39, 39, 0, 262.6999399439383, 39
51, 2521074, 1440064, 1081010, 10805552.253945872, 94, 44, 50, 330.273725847777, 45
1, 2521145, 1440095, 1081050, 10805857.832256692, 71, 31, 40, 305.57831081870995, 32
1, 2521214, 1440134, 1081080, 10806161.944398401, 69, 39, 30, 304.1121417102006, 40
51, 2521303, 1440173, 1081130, 10806486.992263965, 89, 39, 50, 325.0478655640733, 40
1, 2521346, 1440216, 1081130, 10806756.667224169, 43, 43, 0, 269.6749602031015, 43
1, 2521409, 1440249, 1081160, 10807053.098548895, 63, 33, 30, 296.43132472612575, 34
1, 2521490, 1440290, 1081200, 10807370.398548895, 81, 41, 40, 317.3, 42
51, 2521584, 1440334, 1081250, 10807700.672274744, 94, 44, 50, 330.273725847777, 45
1, 2521628, 1440378, 1081250, 10807972.023232434, 44, 44, 0, 271.35095769013947, 44
1, 2521709, 1440419, 1081290, 10808289.323232435, 81, 41, 40, 317.3, 42
1, 2521782, 1440462, 1081320, 10808598.324511005, 73, 43, 30, 309.00127856917646, 44
51, 2521871, 1440501, 1081370, 10808923.372376569, 89, 39, 50, 325.0478655640733, 40
1, 2521909, 1440539, 1081370, 10809184.254756188, 38, 38, 0, 260.88237961983884, 38
1, 2521985, 1440575, 1081410, 10809495.813928561, 76, 36, 40, 311.5591723737189, 37
1, 2522058, 1440618, 1081440, 10809804.815207131, 73, 43, 30, 309.00127856917646, 44
1, 2522101, 1440661, 1081440, 10810074.490167335, 43, 43, 0, 269.6749602031015, 43
51, 2522187, 1440697, 1081490, 10810396.316331983, 86, 36, 50, 321.82616464756694, 37
1, 2522224, 1440734, 1081490, 10810655.348903438, 37, 37, 0, 259.03257145596604, 37
1, 2522327, 1440767, 1081560, 10810992.722153494, 103, 33, 70, 337.37325005549695, 35
1, 2522375, 1440815, 1081560, 10811270.536956085, 48, 48, 0, 277.8148025904985, 48
51, 2522535, 1440855, 1081680, 10811651.492838092, 160, 40, 120, 380.95588200778457, 43
1, 2522574, 1440894, 1081680, 10811914.192778036, 39, 39, 0, 262.6999399439383, 39
1, 2522609, 1440929, 1081680, 10812169.422705946, 35, 35, 0, 255.22992790977875, 35
1, 2522668, 1440958, 1081710, 10812460.471506193, 59, 29, 30, 291.0488002476036, 30
51, 2522748, 1440988, 1081760, 10812775.641262438, 80, 30, 50, 315.1697562442441, 31
1, 2522829, 1441029, 1081800, 10813092.941262439, 81, 41, 40, 317.3, 42
1, 2522864, 1441064, 1081800, 10813348.17119035, 35, 35, 0, 255.22992790977875, 35
1, 2522938, 1441108, 1081830, 10813658.368399117, 74, 44, 30, 310.1972087668518, 45
1, 2522973, 1441143, 1081830, 10813913.598327028, 35, 35, 0, 255.22992790977875, 35
51, 2523069, 1441189, 1081880, 10814245.915243043, 96, 46, 50, 332.31691601465747, 47
1, 2523144, 1441224, 1081920, 10814556.298338681, 75, 35, 40, 310.38309563827124, 36
1, 2523183, 1441263, 1081920, 10814818.998278625, 39, 39, 0, 262.6999399439383, 39
1, 2523245, 1441295, 1081950, 10815114.104904955, 62, 32, 30, 295.1066263296683, 33
51, 2523331, 1441331, 1082000, 10815435.931069603, 86, 36, 50, 321.82616464756694, 37
1, 2523434, 1441364, 1082070, 10815773.30431966, 103, 33, 70, 337.37325005549695, 35
1, 2523472, 1441402, 1082070, 10816034.186699279, 38, 38, 0, 260.88237961983884, 38
1, 2523550, 1441440, 1082110, 10816348.069485899, 78, 38, 40, 313.8827866200841, 39
51, 2523637, 1441477, 1082160, 10816670.977066897, 87, 37, 50, 322.9075809977351, 38
1, 2523678, 1441518, 1082160, 10816937.22102034, 41, 41, 0, 266.24395344352433, 41
1, 2523761, 1441561, 1082200, 10817256.75596827, 83, 43, 40, 319.5349479292333, 44
51, 2523875, 1441595, 1082280, 10817603.513955962, 114, 34, 80, 346.75798769167545, 36
1, 2523907, 1441627, 1082280, 10817852.755378962, 32, 32, 0, 249.24142300054422, 32
1, 2523993, 1441683, 1082310, 10818176.58154361, 86, 56, 30, 323.82616464756694, 57
1, 2524032, 1441722, 1082310, 10818439.281483553, 39, 39, 0, 262.6999399439383, 39
51, 2524187, 1441757, 1082430, 10818816.42563609, 155, 35, 120, 377.14415253747273, 38
1, 2524223, 1441793, 1082430, 10819073.57461037, 36, 36, 0, 257.1489742783178, 36
1, 2524285, 1441825, 1082460, 10819368.6812367, 62, 32, 30, 295.1066263296683, 33
1, 2524371, 1441871, 1082500, 10819691.507401347, 86, 46, 40, 322.82616464756694, 47
51, 2524460, 1441910, 1082550, 10820016.555266911, 89, 39, 50, 325.0478655640733, 40
1, 2524501, 1441951, 1082550, 10820282.799220355, 41, 41, 0, 266.24395344352433, 41
1, 2524584, 1441994, 1082590, 10820602.334168285, 83, 43, 40, 319.5349479292333, 44
1, 2524622, 1442032, 1082590, 10820863.216547905, 38, 38, 0, 260.88237961983884, 38
51, 2524743, 1442073, 1082670, 10821216.27902694, 121, 41, 80, 353.06247903554, 43
1, 2524779, 1442109, 1082670, 10821473.42800122, 36, 36, 0, 257.1489742783178, 36
1, 2524814, 1442144, 1082670, 10821728.65792913, 35, 35, 0, 255.22992790977875, 35
1, 2524896, 1442186, 1082710, 10822047.079598973, 82, 42, 40, 318.42166984345636, 43
51, 2525011, 1442221, 1082790, 10822394.751816034, 115, 35, 80, 347.6722170622053, 37
1, 2525093, 1442263, 1082830, 10822713.173485877, 82, 42, 40, 318.42166984345636, 43
1, 2525134, 1442304, 1082830, 10822979.417439321, 41, 41, 0, 266.24395344352433, 41
1, 2525172, 1442342, 1082830, 10823240.29981894, 38, 38, 0, 260.88237961983884, 38
51, 2525264, 1442384, 1082880, 10823568.503920408, 92, 42, 50, 328.20410146824725, 43
1, 2525386, 1442436, 1082950, 10823923.449538961, 122, 52, 70, 354.9456185537469, 54
1, 2525428, 1442478, 1082950, 10824191.422528462, 42, 42, 0, 267.97298950218305, 42
1, 2525466, 1442516, 1082950, 10824452.304908082, 38, 38, 0, 260.88237961983884, 38
1, 2525502, 1442552, 1082950, 10824709.45388236, 36, 36, 0, 257.1489742783178, 36
51, 2525634, 1442594, 1083040, 10825071.010004789, 132, 42, 90, 361.55612242701943, 44
1, 2525706, 1442636, 1083070, 10825378.805067813, 72, 42, 30, 307.79506302439404, 43
1, 2525749, 1442679, 1083070, 10825648.480028016, 43, 43, 0, 269.6749602031015, 43
51, 2525832, 1442712, 1083120, 10825967.014975946, 83, 33, 50, 318.5349479292333, 34
1, 2525906, 1442756, 1083150, 10826277.212184714, 74, 44, 30, 310.1972087668518, 45
1, 2525987, 1442797, 1083190, 10826594.512184715, 81, 41, 40, 317.3, 42
1, 2526039, 1442849, 1083190, 10826878.447146144, 52, 52, 0, 283.93496142826496, 52
1, 2526115, 1442885, 1083230, 10827190.006318517, 76, 36, 40, 311.5591723737189, 37
51, 2526237, 1442927, 1083310, 10827543.95193707, 122, 42, 80, 353.9456185537469, 44
1, 2526279, 1442969, 1083310, 10827811.924926572, 42, 42, 0, 267.97298950218305, 42
1, 2526318, 1443008, 1083310, 10828074.624866515, 39, 39, 0, 262.6999399439383, 39
1, 2526351, 1443041, 1083310, 10828325.903039208, 33, 33, 0, 251.27817269284301, 33
1, 2526427, 1443077, 1083350, 10828637.462211581, 76, 36, 40, 311.5591723737189, 37
51, 2526524, 1443124, 1083400, 10828970.791110853, 97, 47, 50, 333.3288992714996, 48
1, 2526608, 1443178, 1083430, 10829292.431121256, 84, 54, 30, 321.64001040350905, 55
1, 2526689, 1443219, 1083470, 10829609.731121257, 81, 41, 40, 317.3, 42
1, 2526727, 1443257, 1083470, 10829870.613500876, 38, 38, 0, 260.88237961983884, 38
51, 2526812, 1443292, 1083520, 10830191.350528548, 85, 35, 50, 320.73702767108114, 36
1, 2526877, 1443327, 1083550, 10830490.391679991, 65, 35, 30, 299.04115144336777, 36
1, 2526921, 1443371, 1083550, 10830761.74263768, 44, 44, 0, 271.35095769013947, 44
1, 2527032, 1443412, 1083620, 10831106.72935572, 111, 41, 70, 344.9867180408456, 43
51, 2527115, 1443445, 1083670, 10831425.26430365, 83, 33, 50, 318.5349479292333, 34
1, 2527159, 1443489, 1083670, 10831696.61526134, 44, 44, 0, 271.35095769013947, 44
1, 2527205, 1443535, 1083670, 10831971.244330054, 46, 46, 0, 274.6290687140218, 46
1, 2527311, 1443571, 1083740, 10832311.512373663, 106, 36, 70, 340.2680436096278, 38
1, 2527361, 1443621, 1083740, 10832592.42716851, 50, 50, 0, 280.9147948472494, 50
51, 2527450, 1443660, 1083790, 10832917.475034075, 89, 39, 50, 325.0478655640733, 40
1, 2527485, 1443695, 1083790, 10833172.704961985, 35, 35, 0, 255.22992790977875, 35
1, 2527557, 1443727, 1083830, 10833479.50002501, 72, 32, 40, 306.79506302439404, 33
1, 2527598, 1443768, 1083830, 10833745.743978454, 41, 41, 0, 266.24395344352433, 41
51, 2527718, 1443808, 1083910, 10834097.919070419, 120, 40, 80, 352.1750919646873, 42
1, 2527763, 1443853, 1083910, 10834370.92107683, 45, 45, 0, 273.00200641113514, 45
1, 2527797, 1443887, 1083910, 10834624.194717107, 34, 34, 0, 253.2736402766418, 34
1, 2527875, 1443925, 1083950, 10834938.077503728, 78, 38, 40, 313.8827866200841, 39
51, 2527963, 1443963, 1084000, 10835262.058935089, 88, 38, 50, 323.98143136087856, 39
1, 2528031, 1444001, 1084030, 10835564.921106191, 68, 38, 30, 302.86217110259, 39
1, 2528071, 1444041, 1084030, 10835829.407792129, 40, 40, 0, 264.4866859365871, 40
1, 2528118, 1444088, 1084030, 10836105.640841998, 47, 47, 0, 276.2330498695885, 47
1, 2528166, 1444136, 1084030, 10836383.455644589, 48, 48, 0, 277.8148025904985, 48
51, 2528300, 1444180, 1084120, 10836746.688460508, 134, 44, 90, 363.23281591860336, 46
1, 2528336, 1444216, 1084120, 10837003.837434787, 36, 36, 0, 257.1489742783178, 36
1, 2528453, 1444263, 1084190, 10837354.324251587, 117, 47, 70, 350.4868167986058, 49
51, 2528538, 1444298, 1084240, 10837675.061279258, 85, 35, 50, 320.73702767108114, 36
1, 2528589, 1444349, 1084240, 10837957.495791037, 51, 51, 0, 282.43451177837886, 51
1, 2528623, 1444383, 1084240, 10838210.769431313, 34, 34, 0, 253.2736402766418, 34
1, 2528727, 1444417, 1084310, 10838549.113118071, 104, 34, 70, 338.343686757474, 36
1, 2528765, 1444455, 1084310, 10838809.99549769, 38, 38, 0, 260.88237961983884, 38
51, 2528854, 1444494, 1084360, 10839135.043363255, 89, 39, 50, 325.0478655640733, 40
1, 2528899, 1444539, 1084360, 10839408.045369666, 45, 45, 0, 273.00200641113514, 45
1, 2528983, 1444583, 1084400, 10839728.68538007, 84, 44, 40, 320.64001040350905, 45
1, 2529055, 1444625, 1084430, 10840036.480443094, 72, 42, 30, 307.79506302439404, 43
51, 2529142, 1444662, 1084480, 10840359.388024092, 87, 37, 50, 322.9075809977351, 38
1, 2529191, 1444711, 1084480, 10840638.763155198, 49, 49, 0, 279.3751311064591, 49
1, 2529236, 1444756, 1084480, 10840911.76516161, 45, 45, 0, 273.00200641113514, 45
1, 2529310, 1444790, 1084520, 10841220.962370377, 74, 34, 40, 309.1972087668518, 35
51, 2529432, 1444832, 1084600, 10841574.90798893, 122, 42, 80, 353.9456185537469, 44
1, 2529463, 1444863, 1084600, 10841822.069095107, 31, 31, 0, 247.1611061770567, 31
1, 2529545, 1444905, 1084640, 10842140.49076495, 82, 42, 40, 318.42166984345636, 43
51, 2529640, 1444950, 1084690, 10842471.789329085, 95, 45, 50, 331.2985641352145, 46
1, 2529683, 1444993, 1084690, 10842741.464289289, 43, 43, 0, 269.6749602031015, 43
1, 2529749, 1445029, 1084720, 10843041.791277567, 66, 36, 30, 300.32698827717985, 37
51, 2529881, 1445071, 1084810, 10843403.347399995, 132, 42, 90, 361.55612242701943, 44
1, 2529913, 1445103, 1084810, 10843652.588822994, 32, 32, 0, 249.24142300054422, 32
1, 2529954, 1445144, 1084810, 10843918.832776438, 41, 41, 0, 266.24395344352433, 41
1, 2529997, 1445187, 1084810, 10844188.507736642, 43, 43, 0, 269.6749602031015, 43
51, 2530123, 1445233, 1084890, 10844545.944632525, 126, 46, 80, 357.43689588345075, 48
1, 2530210, 1445280, 1084930, 10844869.852213522, 87, 47, 40, 323.9075809977351, 48
1, 2530289, 1445329, 1084960, 10845185.882963652, 79, 49, 30, 316.03075013013313, 50
51, 2530417, 1445367, 1085050, 10845544.041529754, 128, 38, 90, 358.1585661014858, 40
1, 2530463, 1445413, 1085050, 10845818.670598468, 46, 46, 0, 274.6290687140218, 46
1, 2530533, 1445453, 1085080, 10846124.021359319, 70, 40, 30, 305.3507608519078, 41
1, 2530620, 1445500, 1085120, 10846447.928940317, 87, 47, 40, 323.9075809977351, 48
1, 2530659, 1445539, 1085120, 10846710.62888026, 39, 39, 0, 262.6999399439383, 39
51, 2530742, 1445572, 1085170, 10847029.16382819, 83, 33, 50, 318.5349479292333, 34
1, 2530860, 1445620, 1085240, 10847380.55115336, 118, 48, 70, 351.3873251689181, 50
1, 2530898, 1445658, 1085240, 10847641.43353298, 38, 38, 0, 260.88237961983884, 38
1, 2530940, 1445700, 1085240, 10847909.40652248, 42, 42, 0, 267.97298950218305, 42
51, 2531028, 1445738, 1085290, 10848233.387953842, 88, 38, 50, 323.98143136087856, 39
1, 2531106, 1445776, 1085330, 10848547.270740462, 78, 38, 40, 313.8827866200841, 39
1, 2531189, 1445829, 1085360, 10848867.805688392, 83, 53, 30, 320.5349479292333, 54
1, 2531236, 1445876, 1085360, 10849144.038738262, 47, 47, 0, 276.2330498695885, 47
51, 2531329, 1445919, 1085410, 10849473.28101817, 93, 43, 50, 329.24227990714814, 44
1, 2531442, 1445962, 1085480, 10849820.120062038, 113, 43, 70, 346.83904386951343, 45
1, 2531490, 1446010, 1085480, 10850097.934864629, 48, 48, 0, 277.8148025904985, 48
1, 2531554, 1446044, 1085510, 10850395.677577104, 64, 34, 30, 297.742712474619, 35
51, 2531640, 1446080, 1085560, 10850717.503741752, 86, 36, 50, 321.82616464756694, 37
1, 2531680, 1446120, 1085560, 10850981.99042769, 40, 40, 0, 264.4866859365871, 40
1, 2531761, 1446161, 1085600, 10851299.29042769, 81, 41, 40, 317.3, 42
1, 2531810, 1446210, 1085600, 10851578.665558796, 49, 49, 0, 279.3751311064591, 49
51, 2531893, 1446243, 1085650, 10851897.200506726, 83, 33, 50, 318.5349479292333, 34
1, 2531993, 1446273, 1085720, 10852231.628272744, 100, 30, 70, 334.42776601683795, 32
1, 2532027, 1446307, 1085720, 10852484.90191302, 34, 34, 0, 253.2736402766418, 34
1, 2532055, 1446335, 1085720, 10852725.5345764, 28, 28, 0, 240.63266337912057, 28
1, 2532107, 1446387, 1085720, 10853009.469537828, 52, 52, 0, 283.93496142826496, 52
51, 2532238, 1446428, 1085810, 10853370.181866044, 131, 41, 90, 360.7123282155055, 43
1, 2532299, 1446459, 1085840, 10853663.950105311, 61, 31, 30, 293.7682392671241, 32
1, 2532343, 1446503, 1085840, 10853935.301063001, 44, 44, 0, 271.35095769013947, 44
51, 2532441, 1446551, 1085890, 10854269.635691365, 98, 48, 50, 334.33462836457886, 49
1, 2532473, 1446583, 1085890, 10854518.877114365, 32, 32, 0, 249.24142300054422, 32
1, 2532509, 1446619, 1085890, 10854776.026088644, 36, 36, 0, 257.1489742783178, 36
1, 2532594, 1446664, 1085930, 10855097.763116315, 85, 45, 40, 321.73702767108114, 46
51, 2532723, 1446713, 1086010, 10855457.776716806, 129, 49, 80, 360.01360049114555, 51
1, 2532808, 1446758, 1086050, 10855779.513744477, 85, 45, 40, 321.73702767108114, 46
1, 2532851, 1446801, 1086050, 10856049.18870468, 43, 43, 0, 269.6749602031015, 43
1, 2532926, 1446836, 1086090, 10856359.57180032, 75, 35, 40, 310.38309563827124, 36
1, 2532978, 1446888, 1086090, 10856643.506761748, 52, 52, 0, 283.93496142826496, 52
51, 2533073, 1446933, 1086140, 10856974.805325884, 95, 45, 50, 331.2985641352145, 46
1, 2533188, 1446978, 1086210, 10857323.477542946, 115, 45, 70, 348.6722170622053, 47
1, 2533236, 1447026, 1086210, 10857601.292345537, 48, 48, 0, 277.8148025904985, 48
1, 2533271, 1447061, 1086210, 10857856.522273447, 35, 35, 0, 255.22992790977875, 35
51, 2533353, 1447093, 1086260, 10858173.94394329, 82, 32, 50, 317.42166984345636, 33
1, 2533390, 1447130, 1086260, 10858432.976514746, 37, 37, 0, 259.03257145596604, 37
1, 2533467, 1447177, 1086290, 10858746.702178512, 77, 47, 30, 313.72566376652986, 48
1, 2533547, 1447217, 1086330, 10859062.871934757, 80, 40, 40, 316.1697562442441, 41
51, 2533660, 1447250, 1086410, 10859408.710978625, 113, 33, 80, 345.83904386951343, 35
1, 2533706, 1447296, 1086410, 10859683.340047339, 46, 46, 0, 274.6290687140218, 46
1, 2533784, 1447344, 1086440, 10859998.22283396, 78, 48, 30, 314.8827866200841, 49
1, 2533866, 1447386, 1086480, 10860316.644503802, 82, 42, 40, 318.42166984345636, 43
1, 2533905, 1447425, 1086480, 10860579.344443746, 39, 39, 0, 262.6999399439383, 39
51, 2534000, 1447470, 1086530, 10860910.643007882, 95, 45, 50, 331.2985641352145, 46
1, 2534042, 1447512, 1086530, 10861178.615997383, 42, 42, 0, 267.97298950218305, 42
1, 2534115, 1447555, 1086560, 10861487.617275953, 73, 43, 30, 309.00127856917646, 44
1, 2534150, 1447590, 1086560, 10861742.847203864, 35, 35, 0, 255.22992790977875, 35
51, 2534316, 1447636, 1086680, 10862128.291471498, 166, 46, 120, 385.4442676339201, 49
1, 2534353, 1447673, 1086680, 10862387.324042954, 37, 37, 0, 259.03257145596604, 37
1, 2534422, 1447712, 1086710, 10862691.436184663, 69, 39, 30, 304.1121417102006, 40
1, 2534458, 1447748, 1086710, 10862948.585158942, 36, 36, 0, 257.1489742783178, 36
1, 2534512, 1447802, 1086710, 10863235.465760026, 54, 54, 0, 286.88060108295343, 54
51, 2534644, 1447844, 1086800, 10863597.021882454, 132, 42, 90, 361.55612242701943, 44
1, 2534708, 1447878, 1086830, 10863894.76459493, 64, 34, 30, 297.742712474619, 35
1, 2534787, 1447917, 1086870, 10864209.795345059, 79, 39, 40, 315.03075013013313, 40
1, 2534821, 1447951, 1086870, 10864463.068985336, 34, 34, 0, 253.2736402766418, 34
51, 2534935, 1447985, 1086950, 10864809.826973027, 114, 34, 80, 346.75798769167545, 36
1, 2534979, 1448029, 1086950, 10865081.177930716, 44, 44, 0, 271.35095769013947, 44
1, 2535096, 1448076, 1087020, 10865431.664747516, 117, 47, 70, 350.4868167986058, 49
51, 2535190, 1448120, 1087070, 10865761.938473364, 94, 44, 50, 330.273725847777, 45
1, 2535230, 1448160, 1087070, 10866026.425159302, 40, 40, 0, 264.4866859365871, 40
1, 2535306, 1448196, 1087110, 10866337.984331675, 76, 36, 40, 311.5591723737189, 37
51, 2535399, 1448239, 1087160, 10866667.226611583, 93, 43, 50, 329.24227990714814, 44
1, 2535468, 1448278, 1087190, 10866971.338753292, 69, 39, 30, 304.1121417102006, 40
1, 2535513, 1448323, 1087190, 10867244.340759704, 45, 45, 0, 273.00200641113514, 45
1, 2535550, 1448360, 1087190, 10867503.37333116, 37, 37, 0, 259.03257145596604, 37
51, 2535638, 1448398, 1087240, 10867827.35476252, 88, 38, 50, 323.98143136087856, 39
1, 2535752, 1448442, 1087310, 10868175.112750212, 114, 44, 70, 347.75798769167545, 46
1, 2535791, 1448481, 1087310, 10868437.812690156, 39, 39, 0, 262.6999399439383, 39
1, 2535841, 1448531, 1087310, 10868718.727485003, 50, 50, 0, 280.9147948472494, 50
51, 2535964, 1448564, 1087400, 10869072.552056264, 123, 33, 90, 353.8245712617827, 35
1, 2536033, 1448603, 1087430, 10869376.664197974, 69, 39, 30, 304.1121417102006, 40
1, 2536071, 1448641, 1087430, 10869637.546577593, 38, 38, 0, 260.88237961983884, 38
1, 2536114, 1448684, 1087430, 10869907.221537797, 43, 43, 0, 269.6749602031015, 43
51, 2536215, 1448735, 1087480, 10870244.536925768, 101, 51, 50, 337.31538797227006, 52
1, 2536252, 1448772, 1087480, 10870503.569497224, 37, 37, 0, 259.03257145596604, 37
1, 2536366, 1448816, 1087550, 10870851.327484915, 114, 44, 70, 347.75798769167545, 46
1, 2536402, 1448852, 1087550, 10871108.476459194, 36, 36, 0, 257.1489742783178, 36
1, 2536508, 1448888, 1087620, 10871448.744502803, 106, 36, 70, 340.2680436096278, 38
51, 2536592, 1448922, 1087670, 10871768.384513207, 84, 34, 50, 319.64001040350905, 35
1, 2536629, 1448959, 1087670, 10872027.417084662, 37, 37, 0, 259.03257145596604, 37
1, 2536664, 1448994, 1087670, 10872282.647012573, 35, 35, 0, 255.22992790977875, 35
1, 2536698, 1449028, 1087670, 10872535.92065285, 34, 34, 0, 253.2736402766418, 34
51, 2536867, 1449077, 1087790, 10872923.575780395, 169, 49, 120, 387.65512754639894, 52
1, 2536902, 1449112, 1087790, 10873178.805708306, 35, 35, 0, 255.22992790977875, 35
1, 2536972, 1449152, 1087820, 10873484.156469157, 70, 40, 30, 305.3507608519078, 41
51, 2537058, 1449188, 1087870, 10873805.982633805, 86, 36, 50, 321.82616464756694, 37
1, 2537097, 1449227, 1087870, 10874068.682573749, 39, 39, 0, 262.6999399439383, 39
1, 2537180, 1449270, 1087910, 10874388.217521679, 83, 43, 40, 319.5349479292333, 44
1, 2537250, 1449310, 1087940, 10874693.56828253, 70, 40, 30, 305.3507608519078, 41
51, 2537382, 1449352, 1088030, 10875055.124404958, 132, 42, 90, 361.55612242701943, 44
1, 2537422, 1449392, 1088030, 10875319.611090895, 40, 40, 0, 264.4866859365871, 40
1, 2537460, 1449430, 1088030, 10875580.493470514, 38, 38, 0, 260.88237961983884, 38
51, 2537542, 1449462, 1088080, 10875897.915140357, 82, 32, 50, 317.42166984345636, 33
1, 2537617, 1449507, 1088110, 10876209.298235996, 75, 45, 30, 311.38309563827124, 46
1, 2537699, 1449549, 1088150, 10876527.719905838, 82, 42, 40, 318.42166984345636, 43
1, 2537747, 1449597, 1088150, 10876805.53470843, 48, 48, 0, 277.8148025904985, 48
51, 2537840, 1449640, 1088200, 10877134.776988337, 93, 43, 50, 329.24227990714814, 44
1, 2537878, 1449678, 1088200, 10877395.659367956, 38, 38, 0, 260.88237961983884, 38
1, 2537911, 1449711, 1088200, 10877646.937540649, 33, 33, 0, 251.27817269284301, 33
1, 2538026, 1449756, 1088270, 10877995.60975771, 115, 45, 70, 348.6722170622053, 47
1, 2538059, 1449789, 1088270, 10878246.887930403, 33, 33, 0, 251.27817269284301, 33
51, 2538145, 1449825, 1088320, 10878568.71409505, 86, 36, 50, 321.82616464756694, 37
1, 2538180, 1449860, 1088320, 10878823.944022961, 35, 35, 0, 255.22992790977875, 35
1, 2538263, 1449903, 1088360, 10879143.47897089, 83, 43, 40, 319.5349479292333, 44
1, 2538329, 1449939, 1088390, 10879443.805959169, 66, 36, 30, 300.32698827717985, 37
51, 2538419, 1449979, 1088440, 10879769.912987992, 90, 40, 50, 326.1070288241023, 41
1, 2538525, 1450015, 1088510, 10880110.181031602, 106, 36, 70, 340.2680436096278, 38
1, 2538565, 1450055, 1088510, 10880374.667717539, 40, 40, 0, 264.4866859365871, 40
1, 2538608, 1450098, 1088510, 10880644.342677742, 43, 43, 0, 269.6749602031015, 43
1, 2538677, 1450127, 1088550, 10880947.454819452, 69, 29, 40, 303.1121417102006, 30
51, 2538764, 1450164, 1088600, 10881270.36240045, 87, 37, 50, 322.9075809977351, 38
1, 2538846, 1450206, 1088640, 10881588.784070292, 82, 42, 40, 318.42166984345636, 43
1, 2538911, 1450241, 1088670, 10881887.825221736, 65, 35, 30, 299.04115144336777, 36
1, 2538946, 1450276, 1088670, 10882143.055149646, 35, 35, 0, 255.22992790977875, 35
51, 2539040, 1450320, 1088720, 10882473.328875495, 94, 44, 50, 330.273725847777, 45
1, 2539082, 1450362, 1088720, 10882741.301864997, 42, 42, 0, 267.97298950218305, 42
1, 2539121, 1450401, 1088720, 10883004.00180494, 39, 39, 0, 262.6999399439383, 39
1, 2539186, 1450426, 1088760, 10883302.042956384, 65, 25, 40, 298.04115144336777, 26
1, 2539253, 1450463, 1088790, 10883603.643511642, 67, 37, 30, 301.6005552576305, 38
51, 2539336, 1450496, 1088840, 10883922.178459572, 83, 33, 50, 318.5349479292333, 34
1, 2539377, 1450537, 1088840, 10884188.422413016, 41, 41, 0, 266.24395344352433, 41
1, 2539461, 1450581, 1088880, 10884509.06242342, 84, 44, 40, 320.64001040350905, 45
1, 2539501, 1450621, 1088880, 10884773.549109356, 40, 40, 0, 264.4866859365871, 40
1, 2539539, 1450659, 1088880, 10885034.431488976, 38, 38, 0, 260.88237961983884, 38
51, 2539660, 1450700, 1088960, 10885387.493968012, 121, 41, 80, 353.06247903554, 43
1, 2539748, 1450748, 1089000, 10885712.475399373, 88, 48, 40, 324.98143136087856, 49
1, 2539796, 1450796, 1089000, 10885990.290201964, 48, 48, 0, 277.8148025904985, 48
1, 2539862, 1450832, 1089030, 10886290.617190242, 66, 36, 30, 300.32698827717985, 37
51, 2539959, 1450879, 1089080, 10886623.946089514, 97, 47, 50, 333.3288992714996, 48
1, 2539995, 1450915, 1089080, 10886881.095063793, 36, 36, 0, 257.1489742783178, 36
1, 2540081, 1450961, 1089120, 10887203.92122844, 86, 46, 40, 322.82616464756694, 47
1, 2540121, 1451001, 1089120, 10887468.407914378, 40, 40, 0, 264.4866859365871, 40
51, 2540245, 1451045, 1089200, 10887824.107310927, 124, 44, 80, 355.6993965481514, 46
1, 2540289, 1451089, 1089200, 10888095.458268616, 44, 44, 0, 271.35095769013947, 44
1, 2540323, 1451123, 1089200, 10888348.731908893, 34, 34, 0, 253.2736402766418, 34
1, 2540430, 1451160, 1089270, 10888689.954054164, 107, 37, 70, 341.2221452697031, 39
51, 2540525, 1451205, 1089320, 10889021.2526183, 95, 45, 50, 331.2985641352145, 46
1, 2540569, 1451249, 1089320, 10889292.60357599, 44, 44, 0, 271.35095769013947, 44
1, 2540653, 1451293, 1089360, 10889613.243586393, 84, 44, 40, 320.64001040350905, 45
1, 2540691, 1451331, 1089360, 10889874.125966012, 38, 38, 0, 260.88237961983884, 38
51, 2540822, 1451372, 1089450, 10890234.838294229, 131, 41, 90, 360.7123282155055, 43
1, 2540894, 1451414, 1089480, 10890542.633357253, 72, 42, 30, 307.79506302439404, 43
1, 2540933, 1451453, 1089480, 10890805.333297197, 39, 39, 0, 262.6999399439383, 39
1, 2541049, 1451499, 1089550, 10891154.915100688, 116, 46, 70, 349.5818034911291, 48
1, 2541092, 1451542, 1089550, 10891424.590060892, 43, 43, 0, 269.6749602031015, 43
51, 2541226, 1451586, 1089640, 10891787.822876811, 134, 44, 90, 363.23281591860336, 46
1, 2541278, 1451638, 1089640, 10892071.75783824, 52, 52, 0, 283.93496142826496, 52
1, 2541315, 1451675, 1089640, 10892330.790409695, 37, 37, 0, 259.03257145596604, 37
1, 2541392, 1451722, 1089670, 10892644.516073462, 77, 47, 30, 313.72566376652986, 48
51, 2541526, 1451766, 1089760, 10893007.748889381, 134, 44, 90, 363.23281591860336, 46
1, 2541570, 1451810, 1089760, 10893279.09984707, 44, 44, 0, 271.35095769013947, 44
1, 2541648, 1451848, 1089800, 10893592.982633691, 78, 38, 40, 313.8827866200841, 39
1, 2541686, 1451886, 1089800, 10893853.86501331, 38, 38, 0, 260.88237961983884, 38
51, 2541816, 1451926, 1089890, 10894213.72985085, 130, 40, 90, 359.86483753851803, 42
1, 2541892, 1451972, 1089920, 10894526.289023222, 76, 46, 30, 312.5591723737189, 47
1, 2541932, 1452012, 1089920, 10894790.77570916, 40, 40, 0, 264.4866859365871, 40
1, 2541976, 1452056, 1089920, 10895062.12666685, 44, 44, 0, 271.35095769013947, 44
1, 2542054, 1452104, 1089950, 10895377.00945347, 78, 48, 30, 314.8827866200841, 49
51, 2542139, 1452139, 1090000, 10895697.746481141, 85, 35, 50, 320.73702767108114, 36
1, 2542227, 1452187, 1090040, 10896022.727912502, 88, 48, 40, 324.98143136087856, 49
1, 2542304, 1452234, 1090070, 10896336.453576269, 77, 47, 30, 313.72566376652986, 48
1, 2542342, 1452272, 1090070, 10896597.335955888, 38, 38, 0, 260.88237961983884, 38
51, 2542476, 1452316, 1090160, 10896960.568771807, 134, 44, 90, 363.23281591860336, 46
1, 2542513, 1452353, 1090160, 10897219.601343263, 37, 37, 0, 259.03257145596604, 37
1, 2542586, 1452396, 1090190, 10897528.602621833, 73, 43, 30, 309.00127856917646, 44
1, 2542625, 1452435, 1090190, 10897791.302561777, 39, 39, 0, 262.6999399439383, 39
51, 2542721, 1452481, 1090240, 10898123.619477792, 96, 46, 50, 332.31691601465747, 47
1, 2542798, 1452518, 1090280, 10898436.345141558, 77, 37, 40, 312.72566376652986, 38
1, 2542839, 1452559, 1090280, 10898702.589095002, 41, 41, 0, 266.24395344352433, 41
51, 2542925, 1452595, 1090330, 10899024.41525965, 86, 36, 50, 321.82616464756694, 37
1, 2542993, 1452633, 1090360, 10899327.277430752, 68, 38, 30, 302.86217110259, 39
1, 2543036, 1452676, 1090360, 10899596.952390956, 43, 43, 0, 269.6749602031015, 43
51, 2543155, 1452705, 1090450, 10899947.235786159, 119, 29, 90, 350.28339520229764, 31
1, 2543195, 1452745, 1090450, 10900211.722472096, 40, 40, 0, 264.4866859365871, 40
1, 2543261, 1452781, 1090480, 10900512.049460374, 66, 36, 30, 300.32698827717985, 37
51, 2543385, 1452815, 1090570, 10900866.748856923, 124, 34, 90, 354.6993965481514, 36
1, 2543421, 1452851, 1090570, 10901123.897831202, 36, 36, 0, 257.1489742783178, 36
1, 2543502, 1452902, 1090600, 10901442.197831202, 81, 51, 30, 318.3, 52
51, 2543589, 1452939, 1090650, 10901765.1054122, 87, 37, 50, 322.9075809977351, 38
1, 2543659, 1452969, 1090690, 10902069.456173051, 70, 30, 40, 304.3507608519078, 31
1, 2543731, 1453011, 1090720, 10902377.251236076, 72, 42, 30, 307.79506302439404, 43
51, 2543815, 1453045, 1090770, 10902696.891246479, 84, 34, 50, 319.64001040350905, 35
1, 2543858, 1453088, 1090770, 10902966.566206682, 43, 43, 0, 269.6749602031015, 43
1, 2543897, 1453127, 1090770, 10903229.266146626, 39, 39, 0, 262.6999399439383, 39
1, 2543962, 1453162, 1090800, 10903528.30729807, 65, 35, 30, 299.04115144336777, 36
1, 2544045, 1453205, 1090840, 10903847.842246, 83, 43, 40, 319.5349479292333, 44
51, 2544143, 1453253, 1090890, 10904182.176874364, 98, 48, 50, 334.33462836457886, 49
1, 2544188, 1453298, 1090890, 10904455.178880775, 45, 45, 0, 273.00200641113514, 45
1, 2544236, 1453346, 1090890, 10904732.993683366, 48, 48, 0, 277.8148025904985, 48
1, 2544309, 1453389, 1090920, 10905041.994961936, 73, 43, 30, 309.00127856917646, 44
51, 2544439, 1453429, 1091010, 10905401.859799474, 130, 40, 90, 359.86483753851803, 42
1, 2544485, 1453475, 1091010, 10905676.488868188, 46, 46, 0, 274.6290687140218, 46
1, 2544566, 1453516, 1091050, 10905993.788868189, 81, 41, 40, 317.3, 42
1, 2544610, 1453560, 1091050, 10906265.139825879, 44, 44, 0, 271.35095769013947, 44
51, 2544740, 1453610, 1091130, 10906626.004663417, 130, 50, 80, 360.86483753851803, 52
1, 2544778, 1453648, 1091130, 10906886.887043037, 38, 38, 0, 260.88237961983884, 38
1, 2544807, 1453677, 1091130, 10907129.746621747, 29, 29, 0, 242.8595787106084, 29
1, 2544873, 1453713, 1091160, 10907430.073610025, 66, 36, 30, 300.32698827717985, 37
1, 2544946, 1453746, 1091200, 10907738.074888594, 73, 33, 40, 308.00127856917646, 34
51, 2545044, 1453794, 1091250, 10908072.409516959, 98, 48, 50, 334.33462836457886, 49
1, 2545083, 1453833, 1091250, 10908335.109456902, 39, 39, 0, 262.6999399439383, 39
1, 2545167, 1453877, 1091290, 10908655.749467306, 84, 44, 40, 320.64001040350905, 45
1, 2545210, 1453920, 1091290, 10908925.42442751, 43, 43, 0, 269.6749602031015, 43
1, 2545321, 1453961, 1091360, 10909270.41114555, 111, 41, 70, 344.9867180408456, 43
51, 2545418, 1454008, 1091410, 10909603.740044821, 97, 47, 50, 333.3288992714996, 48
1, 2545496, 1454046, 1091450, 10909917.622831441, 78, 38, 40, 313.8827866200841, 39
1, 2545530, 1454080, 1091450, 10910170.896471718, 34, 34, 0, 253.2736402766418, 34
1, 2545570, 1454120, 1091450, 10910435.383157656, 40, 40, 0, 264.4866859365871, 40
51, 2545698, 1454168, 1091530, 10910794.541723758, 128, 48, 80, 359.1585661014858, 50
1, 2545740, 1454210, 1091530, 10911062.51471326, 42, 42, 0, 267.97298950218305, 42
1, 2545823, 1454253, 1091570, 10911382.04966119, 83, 43, 40, 319.5349479292333, 44
1, 2545870, 1454300, 1091570, 10911658.282711059, 47, 47, 0, 276.2330498695885, 47
1, 2545910, 1454340, 1091570, 10911922.769396996, 40, 40, 0, 264.4866859365871, 40
51, 2546028, 1454378, 1091650, 10912273.156722166, 118, 38, 80, 350.3873251689181, 40
1, 2546059, 1454409, 1091650, 10912520.317828342, 31, 31, 0, 247.1611061770567, 31
1, 2546141, 1454451, 1091690, 10912838.739498185, 82, 42, 40, 318.42166984345636, 43
1, 2546208, 1454488, 1091720, 10913140.340053443, 67, 37, 30, 301.6005552576305, 38
51, 2546306, 1454536, 1091770, 10913474.674681807, 98, 48, 50, 334.33462836457886, 49
1, 2546342, 1454572, 1091770, 10913731.823656086, 36, 36, 0, 257.1489742783178, 36
1, 2546472, 1454632, 1091840, 10914093.688493624, 130, 60, 70, 361.86483753851803, 62
1, 2546503, 1454663, 1091840, 10914340.849599801, 31, 31, 0, 247.1611061770567, 31
1, 2546585, 1454705, 1091880, 10914659.271269644, 82, 42, 40, 318.42166984345636, 43
51, 2546673, 1454743, 1091930, 10914983.252701005, 88, 38, 50, 323.98143136087856, 39
1, 2546794, 1454794, 1092000, 10915337.31518004, 121, 51, 70, 354.06247903554, 53
1, 2546831, 1454831, 1092000, 10915596.347751496, 37, 37, 0, 259.03257145596604, 37
51, 2546924, 1454874, 1092050, 10915925.590031404, 93, 43, 50, 329.24227990714814, 44
1, 2546964, 1454914, 1092050, 10916190.076717341, 40, 40, 0, 264.4866859365871, 40
1, 2547005, 1454955, 1092050, 10916456.320670785, 41, 41, 0, 266.24395344352433, 41
1, 2547120, 1455000, 1092120, 10916804.992887847, 115, 45, 70, 348.6722170622053, 47
1, 2547155, 1455035, 1092120, 10917060.222815758, 35, 35, 0, 255.22992790977875, 35
51, 2547243, 1455073, 1092170, 10917384.204247119, 88, 38, 50, 323.98143136087856, 39
1, 2547278, 1455108, 1092170, 10917639.43417503, 35, 35, 0, 255.22992790977875, 35
1, 2547346, 1455146, 1092200, 10917942.296346132, 68, 38, 30, 302.86217110259, 39
1, 2547427, 1455187, 1092240, 10918259.596346132, 81, 41, 40, 317.3, 42
51, 2547512, 1455222, 1092290, 10918580.333373804, 85, 35, 50, 320.73702767108114, 36
1, 2547547, 1455257, 1092290, 10918835.563301714, 35, 35, 0, 255.22992790977875, 35
1, 2547635, 1455305, 1092330, 10919160.544733075, 88, 48, 40, 324.98143136087856, 49
1, 2547705, 1455345, 1092360, 10919465.895493926, 70, 40, 30, 305.3507608519078, 41
51, 2547842, 1455392, 1092450, 10919831.616816131, 137, 47, 90, 365.72132220485213, 49
1, 2547885, 1455435, 1092450, 10920101.291776335, 43, 43, 0, 269.6749602031015, 43
1, 2547934, 1455484, 1092450, 10920380.66690744, 49, 49, 0, 279.3751311064591, 49
1, 2547969, 1455519, 1092450, 10920635.896835351, 35, 35, 0, 255.22992790977875, 35
1, 2548042, 1455562, 1092480, 10920944.898113921, 73, 43, 30, 309.00127856917646, 44
51, 2548169, 1455599, 1092570, 10921302.19779622, 127, 37, 90, 357.2996822992933, 39
1, 2548205, 1455635, 1092570, 10921559.346770499, 36, 36, 0, 257.1489742783178, 36
1, 2548274, 1455674, 1092600, 10921863.458912209, 69, 39, 30, 304.1121417102006, 40
51, 2548370, 1455720, 1092650, 10922195.775828224, 96, 46, 50, 332.31691601465747, 47
1, 2548404, 1455754, 1092650, 10922449.0494685, 34, 34, 0, 253.2736402766418, 34
1, 2548481, 1455791, 1092690, 10922761.775132267, 77, 37, 40, 312.72566376652986, 38
51, 2548574, 1455834, 1092740, 10923091.017412174, 93, 43, 50, 329.24227990714814, 44
1, 2548618, 1455878, 1092740, 10923362.368369864, 44, 44, 0, 271.35095769013947, 44
1, 2548687, 1455917, 1092770, 10923666.480511574, 69, 39, 30, 304.1121417102006, 40
1, 2548733, 1455963, 1092770, 10923941.109580288, 46, 46, 0, 274.6290687140218, 46
51, 2548856, 1455996, 1092860, 10924294.934151549, 123, 33, 90, 353.8245712617827, 35
1, 2548894, 1456034, 1092860, 10924555.816531168, 38, 38, 0, 260.88237961983884, 38
1, 2548978, 1456078, 1092900, 10924876.456541572, 84, 44, 40, 320.64001040350905, 45
1, 2549055, 1456125, 1092930, 10925190.182205338, 77, 47, 30, 313.72566376652986, 48
1, 2549081, 1456151, 1092930, 10925426.192291774, 26, 26, 0, 236.01008643532256, 26
51, 2549183, 1456203, 1092980, 10925764.489474555, 102, 52, 50, 338.29718278112654, 53
1, 2549290, 1456240, 1093050, 10926105.711619826, 107, 37, 70, 341.2221452697031, 39
1, 2549325, 1456275, 1093050, 10926360.941547737, 35, 35, 0, 255.22992790977875, 35
51, 2549484, 1456314, 1093170, 10926741.14041021, 159, 39, 120, 380.1988624723894, 42
1, 2549525, 1456355, 1093170, 10927007.384363653, 41, 41, 0, 266.24395344352433, 41
1, 2549573, 1456403, 1093170, 10927285.199166244, 48, 48, 0, 277.8148025904985, 48
1, 2549611, 1456441, 1093170, 10927546.081545863, 38, 38, 0, 260.88237961983884, 38
51, 2549733, 1456483, 1093250, 10927900.027164416, 122, 42, 80, 353.9456185537469, 44
1, 2549811, 1456521, 1093290, 10928213.909951037, 78, 38, 40, 313.8827866200841, 39
1, 2549852, 1456562, 1093290, 10928480.15390448, 41, 41, 0, 266.24395344352433, 41
1, 2549882, 1456592, 1093290, 10928725.188636413, 30, 30, 0, 245.0347319320716, 30
51, 2549968, 1456628, 1093340, 10929047.01480106, 86, 36, 50, 321.82616464756694, 37
1, 2550077, 1456667, 1093410, 10929390.12943256, 109, 39, 70, 343.114631499574, 41
1, 2550108, 1456698, 1093410, 10929637.290538738, 31, 31, 0, 247.1611061770567, 31
51, 2550208, 1456748, 1093460, 10929973.618304754, 100, 50, 50, 336.327766016838, 51
1, 2550256, 1456796, 1093460, 10930251.433107344, 48, 48, 0, 277.8148025904985, 48
1, 2550297, 1456837, 1093460, 10930517.677060788, 41, 41, 0, 266.24395344352433, 41
1, 2550412, 1456882, 1093530, 10930866.34927785, 115, 45, 70, 348.6722170622053, 47
51, 2550508, 1456928, 1093580, 10931198.666193865, 96, 46, 50, 332.31691601465747, 47
1, 2550538, 1456958, 1093580, 10931443.700925797, 30, 30, 0, 245.0347319320716, 30
1, 2550578, 1456998, 1093580, 10931708.187611734, 40, 40, 0, 264.4866859365871, 40
1, 2550626, 1457046, 1093580, 10931986.002414325, 48, 48, 0, 277.8148025904985, 48
51, 2550757, 1457087, 1093670, 10932346.714742541, 131, 41, 90, 360.7123282155055, 43
1, 2550826, 1457126, 1093700, 10932650.826884251, 69, 39, 30, 304.1121417102006, 40
1, 2550868, 1457168, 1093700, 10932918.799873753, 42, 42, 0, 267.97298950218305, 42
51, 2550963, 1457213, 1093750, 10933250.098437889, 95, 45, 50, 331.2985641352145, 46
1, 2551000, 1457250, 1093750, 10933509.131009344, 37, 37, 0, 259.03257145596604, 37
1, 2551078, 1457288, 1093790, 10933823.013795964, 78, 38, 40, 313.8827866200841, 39
1, 2551118, 1457328, 1093790, 10934087.500481902, 40, 40, 0, 264.4866859365871, 40
51, 2551232, 1457362, 1093870, 10934434.258469593, 114, 34, 80, 346.75798769167545, 36
1, 2551272, 1457402, 1093870, 10934698.74515553, 40, 40, 0, 264.4866859365871, 40
1, 2551347, 1457437, 1093910, 10935009.128251169, 75, 35, 40, 310.38309563827124, 36
1, 2551393, 1457483, 1093910, 10935283.757319883, 46, 46, 0, 274.6290687140218, 46
1, 2551430, 1457520, 1093910, 10935542.789891338, 37, 37, 0, 259.03257145596604, 37
51, 2551516, 1457556, 1093960, 10935864.616055986, 86, 36, 50, 321.82616464756694, 37
1, 2551630, 1457600, 1094030, 10936212.374043677, 114, 44, 70, 347.75798769167545, 46
1, 2551666, 1457636, 1094030, 10936469.523017956, 36, 36, 0, 257.1489742783178, 36
51, 2551754, 1457674, 1094080, 10936793.504449317, 88, 38, 50, 323.98143136087856, 39
1, 2551799, 1457719, 1094080, 10937066.506455729, 45, 45, 0, 273.00200641113514, 45
1, 2551870, 1457760, 1094110, 10937373.084766548, 71, 41, 30, 306.57831081870995, 42
1, 2551950, 1457800, 1094150, 10937689.254522793, 80, 40, 40, 316.1697562442441, 41
1, 2551991, 1457841, 1094150, 10937955.498476237, 41, 41, 0, 266.24395344352433, 41
51, 2552076, 1457876, 1094200, 10938276.235503908, 85, 35, 50, 320.73702767108114, 36
1, 2552123, 1457923, 1094200, 10938552.468553778, 47, 47, 0, 276.2330498695885, 47
1, 2552174, 1457974, 1094200, 10938834.903065557, 51, 51, 0, 282.43451177837886, 51
1, 2552250, 1458020, 1094230, 10939147.46223793, 76, 46, 30, 312.5591723737189, 47
51, 2552375, 1458055, 1094320, 10939503.032390418, 125, 35, 90, 355.57015248821097, 37
1, 2552414, 1458094, 1094320, 10939765.732330361, 39, 39, 0, 262.6999399439383, 39
1, 2552483, 1458123, 1094360, 10940068.844472071, 69, 29, 40, 303.1121417102006, 30
1, 2552521, 1458161, 1094360, 10940329.72685169, 38, 38, 0, 260.88237961983884, 38
1, 2552595, 1458205, 1094390, 10940639.924060458, 74, 44, 30, 310.1972087668518, 45
51, 2552720, 1458240, 1094480, 10940995.494212946, 125, 35, 90, 355.57015248821097, 37
1, 2552756, 1458276, 1094480, 10941252.643187225, 36, 36, 0, 257.1489742783178, 36
1, 2552823, 1458313, 1094510, 10941554.243742483, 67, 37, 30, 301.6005552576305, 38
1, 2552865, 1458355, 1094510, 10941822.216731984, 42, 42, 0, 267.97298950218305, 42
51, 2552954, 1458394, 1094560, 10942147.264597548, 89, 39, 50, 325.0478655640733, 40
1, 2553039, 1458439, 1094600, 10942469.00162522, 85, 45, 40, 321.73702767108114, 46
1, 2553110, 1458480, 1094630, 10942775.579936039, 71, 41, 30, 306.57831081870995, 42
1, 2553162, 1458532, 1094630, 10943059.514897468, 52, 52, 0, 283.93496142826496, 52
51, 2553254, 1458574, 1094680, 10943387.718998935, 92, 42, 50, 328.20410146824725, 43
1, 2553301, 1458621, 1094680, 10943663.952048805, 47, 47, 0, 276.2330498695885, 47
1, 2553392, 1458672, 1094720, 10943992.111110743, 91, 51, 40, 328.1590619387661, 52
1, 2553460, 1458710, 1094750, 10944294.973281845, 68, 38, 30, 302.86217110259, 39
1, 2553512, 1458762, 1094750, 10944578.908243274, 52, 52, 0, 283.93496142826496, 52
51, 2553600, 1458800, 1094800, 10944902.889674636, 88, 38, 50, 323.98143136087856, 39
1, 2553658, 1458828, 1094830, 10945192.556576744, 58, 28, 30, 289.66690210718946, 29
1, 2553734, 1458864, 1094870, 10945504.115749117, 76, 36, 40, 311.5591723737189, 37
1, 2553777, 1458907, 1094870, 10945773.79070932, 43, 43, 0, 269.6749602031015, 43
51, 2553851, 1458931, 1094920, 10946081.987918088, 74, 24, 50, 308.1972087668518, 25
1, 2553894, 1458974, 1094920, 10946351.662878292, 43, 43, 0, 269.6749602031015, 43
1, 2553978, 1459018, 1094960, 10946672.302888695, 84, 44, 40, 320.64001040350905, 45
1, 2554040, 1459050, 1094990, 10946967.409515025, 62, 32, 30, 295.1066263296683, 33
51, 2554124, 1459084, 1095040, 10947287.049525429, 84, 34, 50, 319.64001040350905, 35
1, 2554168, 1459128, 1095040, 10947558.400483118, 44, 44, 0, 271.35095769013947, 44
1, 2554252, 1459172, 1095080, 10947879.040493522, 84, 44, 40, 320.64001040350905, 45
51, 2554346, 1459216, 1095130, 10948209.31421937, 94, 44, 50, 330.273725847777, 45
1, 2554388, 1459258, 1095130, 10948477.287208872, 42, 42, 0, 267.97298950218305, 42
1, 2554461, 1459301, 1095160, 10948786.288487442, 73, 43, 30, 309.00127856917646, 44
1, 2554512, 1459352, 1095160, 10949068.72299922, 51, 51, 0, 282.43451177837886, 51
51, 2554644, 1459394, 1095250, 10949430.279121649, 132, 42, 90, 361.55612242701943, 44
1, 2554683, 1459433, 1095250, 10949692.979061592, 39, 39, 0, 262.6999399439383, 39
1, 2554794, 1459474, 1095320, 10950037.965779632, 111, 41, 70, 344.9867180408456, 43
1, 2554828, 1459508, 1095320, 10950291.23941991, 34, 34, 0, 253.2736402766418, 34
51, 2554951, 1459551, 1095400, 10950646.06399117, 123, 43, 80, 354.8245712617827, 45
1, 2555027, 1459587, 1095440, 10950957.623163544, 76, 36, 40, 311.5591723737189, 37
1, 2555077, 1459637, 1095440, 10951238.537958391, 50, 50, 0, 280.9147948472494, 50
51, 2555175, 1459685, 1095490, 10951572.872586755, 98, 48, 50, 334.33462836457886, 49
1, 2555276, 1459716, 1095560, 10951908.287974728, 101, 31, 70, 335.41538797227, 33
1, 2555317, 1459757, 1095560, 10952174.531928172, 41, 41, 0, 266.24395344352433, 41
1, 2555358, 1459798, 1095560, 10952440.775881616, 41, 41, 0, 266.24395344352433, 41
1, 2555459, 1459829, 1095630, 10952776.19126959, 101, 31, 70, 335.41538797227, 33
51, 2555553, 1459873, 1095680, 10953106.464995438, 94, 44, 50, 330.273725847777, 45
1, 2555580, 1459900, 1095680, 10953344.815701135, 27, 27, 0, 238.35070569547776, 27
1, 2555642, 1459932, 1095710, 10953639.922327464, 62, 32, 30, 295.1066263296683, 33
51, 2555736, 1459976, 1095760, 10953970.196053313, 94, 44, 50, 330.273725847777, 45
1, 2555811, 1460011, 1095800, 10954280.579148952, 75, 35, 40, 310.38309563827124, 36
1, 2555848, 1460048, 1095800, 10954539.611720407, 37, 37, 0, 259.03257145596604, 37
1, 2555883, 1460083, 1095800, 10954794.841648318, 35, 35, 0, 255.22992790977875, 35
51, 2556000, 1460120, 1095880, 10955144.328465117, 117, 37, 80, 349.4868167986058, 39
1, 2556051, 1460171, 1095880, 10955426.762976896, 51, 51, 0, 282.43451177837886, 51
1, 2556086, 1460206, 1095880, 10955681.992904807, 35, 35, 0, 255.22992790977875, 35
51, 2556214, 1460244, 1095970, 10956040.151470909, 128, 38, 90, 358.1585661014858, 40
1, 2556257, 1460287, 1095970, 10956309.826431112, 43, 43, 0, 269.6749602031015, 43
1, 2556318, 1460318, 1096000, 10956603.59467038, 61, 31, 30, 293.7682392671241, 32
51, 2556407, 1460357, 1096050, 10956928.642535944, 89, 39, 50, 325.0478655640733, 40
1, 2556483, 1460393, 1096090, 10957240.201708317, 76, 36, 40, 311.5591723737189, 37
1, 2556515, 1460425, 1096090, 10957489.443131316, 32, 32, 0, 249.24142300054422, 32
1, 2556587, 1460467, 1096120, 10957797.23819434, 72, 42, 30, 307.79506302439404, 43
1, 2556674, 1460514, 1096160, 10958121.145775339, 87, 47, 40, 323.9075809977351, 48
51, 2556764, 1460554, 1096210, 10958447.252804162, 90, 40, 50, 326.1070288241023, 41
1, 2556811, 1460601, 1096210, 10958723.485854032, 47, 47, 0, 276.2330498695885, 47
1, 2556858, 1460648, 1096210, 10958999.718903901, 47, 47, 0, 276.2330498695885, 47
51, 2556945, 1460685, 1096260, 10959322.626484899, 87, 37, 50, 322.9075809977351, 38
1, 2557058, 1460728, 1096330, 10959669.465528768, 113, 43, 70, 346.83904386951343, 45
1, 2557096, 1460766, 1096330, 10959930.347908387, 38, 38, 0, 260.88237961983884, 38
51, 2557188, 1460808, 1096380, 10960258.552009854, 92, 42, 50, 328.20410146824725, 43
1, 2557290, 1460840, 1096450, 10960594.949192636, 102, 32, 70, 336.39718278112656, 34
1, 2557330, 1460880, 1096450, 10960859.435878573, 40, 40, 0, 264.4866859365871, 40
1, 2557405, 1460915, 1096490, 10961169.818974212, 75, 35, 40, 310.38309563827124, 36
51, 2557532, 1460962, 1096570, 10961528.11865651, 127, 47, 80, 358.2996822992933, 49
1, 2557583, 1461013, 1096570, 10961810.55316829, 51, 51, 0, 282.43451177837886, 51
1, 2557666, 1461056, 1096610, 10962130.08811622, 83, 43, 40, 319.5349479292333, 44
1, 2557712, 1461102, 1096610, 10962404.717184933, 46, 46, 0, 274.6290687140218, 46
51, 2557839, 1461139, 1096700, 10962762.016867232, 127, 37, 90, 357.2996822992933, 39
1, 2557890, 1461190, 1096700, 10963044.45137901, 51, 51, 0, 282.43451177837886, 51
1, 2557955, 1461225, 1096730, 10963343.492530454, 65, 35, 30, 299.04115144336777, 36
51, 2558048, 1461268, 1096780, 10963672.734810362, 93, 43, 50, 329.24227990714814, 44
1, 2558089, 1461309, 1096780, 10963938.978763806, 41, 41, 0, 266.24395344352433, 41
1, 2558175, 1461355, 1096820, 10964261.804928454, 86, 46, 40, 322.82616464756694, 47
1, 2558243, 1461393, 1096850, 10964564.667099556, 68, 38, 30, 302.86217110259, 39
1, 2558287, 1461437, 1096850, 10964836.018057246, 44, 44, 0, 271.35095769013947, 44
51, 2558385, 1461485, 1096900, 10965170.35268561, 98, 48, 50, 334.33462836457886, 49
1, 2558424, 1461524, 1096900, 10965433.052625554, 39, 39, 0, 262.6999399439383, 39
1, 2558512, 1461572, 1096940, 10965758.034056915, 88, 48, 40, 324.98143136087856, 49
1, 2558588, 1461618, 1096970, 10966070.593229288, 76, 46, 30, 312.5591723737189, 47
1, 2558625, 1461655, 1096970, 10966329.625800744, 37, 37, 0, 259.03257145596604, 37
51, 2558764, 1461704, 1097060, 10966696.988963045, 139, 49, 90, 367.36316230125203, 51
1, 2558808, 1461748, 1097060, 10966968.339920735, 44, 44, 0, 271.35095769013947, 44
1, 2558887, 1461797, 1097090, 10967284.370670864, 79, 49, 30, 316.03075013013313, 50
51, 2558982, 1461842, 1097140, 10967615.669235, 95, 45, 50, 331.2985641352145, 46
1, 2559064, 1461884, 1097180, 10967934.090904843, 82, 42, 40, 318.42166984345636, 43
1, 2559130, 1461920, 1097210, 10968234.417893121, 66, 36, 30, 300.32698827717985, 37
1, 2559156, 1461946, 1097210, 10968470.427979557, 26, 26, 0, 236.01008643532256, 26
51, 2559250, 1461990, 1097260, 10968800.701705405, 94, 44, 50, 330.273725847777, 45
1, 2559330, 1462030, 1097300, 10969116.87146165, 80, 40, 40, 316.1697562442441, 41
1, 2559374, 1462074, 1097300, 10969388.22241934, 44, 44, 0, 271.35095769013947, 44
1, 2559424, 1462124, 1097300, 10969669.137214188, 50, 50, 0, 280.9147948472494, 50
51, 2559541, 1462161, 1097380, 10970018.624030987, 117, 37, 80, 349.4868167986058, 39
1, 2559626, 1462206, 1097420, 10970340.361058658, 85, 45, 40, 321.73702767108114, 46
1, 2559664, 1462244, 1097420, 10970601.243438277, 38, 38, 0, 260.88237961983884, 38
1, 2559727, 1462277, 1097450, 10970897.674763003, 63, 33, 30, 296.43132472612575, 34
1, 2559766, 1462316, 1097450, 10971160.374702947, 39, 39, 0, 262.6999399439383, 39
51, 2559890, 1462350, 1097540, 10971515.074099496, 124, 34, 90, 354.6993965481514, 36
1, 2559940, 1462400, 1097540, 10971795.988894343, 50, 50, 0, 280.9147948472494, 50
1, 2559970, 1462430, 1097540, 10972041.023626275, 30, 30, 0, 245.0347319320716, 30
1, 2560082, 1462472, 1097610, 10972386.938938616, 112, 42, 70, 345.91531233955715, 44
1, 2560124, 1462514, 1097610, 10972654.911928117, 42, 42, 0, 267.97298950218305, 42
51, 2560210, 1462550, 1097660, 10972976.738092765, 86, 36, 50, 321.82616464756694, 37
1, 2560285, 1462595, 1097690, 10973288.121188404, 75, 45, 30, 311.38309563827124, 46
1, 2560327, 1462637, 1097690, 10973556.094177905, 42, 42, 0, 267.97298950218305, 42
1, 2560443, 1462683, 1097760, 10973905.675981397, 116, 46, 70, 349.5818034911291, 48
1, 2560480, 1462720, 1097760, 10974164.708552852, 37, 37, 0, 259.03257145596604, 37
51, 2560616, 1462766, 1097850, 10974529.603849888, 136, 46, 90, 364.89529703482884, 48
1, 2560652, 1462802, 1097850, 10974786.752824167, 36, 36, 0, 257.1489742783178, 36
1, 2560689, 1462839, 1097850, 10975045.785395622, 37, 37, 0, 259.03257145596604, 37
51, 2560836, 1462866, 1097970, 10975416.685850145, 147, 27, 120, 370.90045452270937, 30
1, 2560885, 1462915, 1097970, 10975696.060981251, 49, 49, 0, 279.3751311064591, 49
1, 2560923, 1462953, 1097970, 10975956.94336087, 38, 38, 0, 260.88237961983884, 38
1, 2560988, 1462988, 1098000, 10976255.984512314, 65, 35, 30, 299.04115144336777, 36
51, 2561120, 1463030, 1098090, 10976617.540634742, 132, 42, 90, 361.55612242701943, 44
1, 2561159, 1463069, 1098090, 10976880.240574686, 39, 39, 0, 262.6999399439383, 39
1, 2561197, 1463107, 1098090, 10977141.122954305, 38, 38, 0, 260.88237961983884, 38
51, 2561293, 1463153, 1098140, 10977473.43987032, 96, 46, 50, 332.31691601465747, 47
1, 2561344, 1463204, 1098140, 10977755.8743821, 51, 51, 0, 282.43451177837886, 51
1, 2561448, 1463238, 1098210, 10978094.218068857, 104, 34, 70, 338.343686757474, 36
1, 2561498, 1463288, 1098210, 10978375.132863704, 50, 50, 0, 280.9147948472494, 50
51, 2561592, 1463332, 1098260, 10978705.406589553, 94, 44, 50, 330.273725847777, 45
1, 2561631, 1463371, 1098260, 10978968.106529497, 39, 39, 0, 262.6999399439383, 39
1, 2561711, 1463411, 1098300, 10979284.276285741, 80, 40, 40, 316.1697562442441, 41
1, 2561754, 1463454, 1098300, 10979553.951245945, 43, 43, 0, 269.6749602031015, 43
1, 2561816, 1463486, 1098330, 10979849.057872275, 62, 32, 30, 295.1066263296683, 33
51, 2561903, 1463523, 1098380, 10980171.965453273, 87, 37, 50, 322.9075809977351, 38
1, 2561945, 1463565, 1098380, 10980439.938442774, 42, 42, 0, 267.97298950218305, 42
1, 2562026, 1463606, 1098420, 10980757.238442775, 81, 41, 40, 317.3, 42
1, 2562070, 1463650, 1098420, 10981028.589400465, 44, 44, 0, 271.35095769013947, 44
1, 2562107, 1463687, 1098420, 10981287.62197192, 37, 37, 0, 259.03257145596604, 37
51, 2562265, 1463725, 1098540, 10981667.061181176, 158, 38, 120, 379.43920925585275, 41
1, 2562308, 1463768, 1098540, 10981936.73614138, 43, 43, 0, 269.6749602031015, 43
1, 2562342, 1463802, 1098540, 10982190.009781657, 34, 34, 0, 253.2736402766418, 34
1, 2562373, 1463833, 1098540, 10982437.170887833, 31, 31, 0, 247.1611061770567, 31
1, 2562486, 1463876, 1098610, 10982784.009931702, 113, 43, 70, 346.83904386951343, 45
51, 2562585, 1463925, 1098660, 10983119.344146255, 99, 49, 50, 335.33421455299043, 50
1, 2562657, 1463967, 1098690, 10983427.13920928, 72, 42, 30, 307.79506302439404, 43
1, 2562700, 1464010, 1098690, 10983696.814169483, 43, 43, 0, 269.6749602031015, 43
1, 2562739, 1464049, 1098690, 10983959.514109427, 39, 39, 0, 262.6999399439383, 39
51, 2562903, 1464093, 1098810, 10984343.472300263, 164, 44, 120, 383.9581908363381, 47
1, 2562941, 1464131, 1098810, 10984604.354679883, 38, 38, 0, 260.88237961983884, 38
1, 2562978, 1464168, 1098810, 10984863.387251338, 37, 37, 0, 259.03257145596604, 37
1, 2563085, 1464205, 1098880, 10985204.609396609, 107, 37, 70, 341.2221452697031, 39
51, 2563170, 1464240, 1098930, 10985525.34642428, 85, 35, 50, 320.73702767108114, 36
1, 2563212, 1464282, 1098930, 10985793.319413781, 42, 42, 0, 267.97298950218305, 42
1, 2563290, 1464330, 1098960, 10986108.202200402, 78, 48, 30, 314.8827866200841, 49
1, 2563317, 1464357, 1098960, 10986346.552906098, 27, 27, 0, 238.35070569547776, 27
51, 2563452, 1464402, 1099050, 10986710.618716039, 135, 45, 90, 364.06580994024984, 47
1, 2563516, 1464436, 1099080, 10987008.361428514, 64, 34, 30, 297.742712474619, 35
1, 2563561, 1464481, 1099080, 10987281.363434926, 45, 45, 0, 273.00200641113514, 45
1, 2563672, 1464522, 1099150, 10987626.350152966, 111, 41, 70, 344.9867180408456, 43
51, 2563775, 1464575, 1099200, 10987965.62340302, 103, 53, 50, 339.27325005549693, 54
1, 2563813, 1464613, 1099200, 10988226.50578264, 38, 38, 0, 260.88237961983884, 38
1, 2563856, 1464656, 1099200, 10988496.180742843, 43, 43, 0, 269.6749602031015, 43
1, 2563921, 1464691, 1099230, 10988795.221894287, 65, 35, 30, 299.04115144336777, 36
51, 2564051, 1464731, 1099320, 10989155.086731825, 130, 40, 90, 359.86483753851803, 42
1, 2564095, 1464775, 1099320, 10989426.437689515, 44, 44, 0, 271.35095769013947, 44
1, 2564140, 1464820, 1099320, 10989699.439695926, 45, 45, 0, 273.00200641113514, 45
1, 2564210, 1464860, 1099350, 10990004.790456777, 70, 40, 30, 305.3507608519078, 41
1, 2564285, 1464895, 1099390, 10990315.173552416, 75, 35, 40, 310.38309563827124, 36
51, 2564382, 1464942, 1099440, 10990648.502451688, 97, 47, 50, 333.3288992714996, 48
1, 2564414, 1464974, 1099440, 10990897.743874688, 32, 32, 0, 249.24142300054422, 32
1, 2564456, 1465016, 1099440, 10991165.71686419, 42, 42, 0, 267.97298950218305, 42
1, 2564494, 1465054, 1099440, 10991426.599243809, 38, 38, 0, 260.88237961983884, 38
51, 2564645, 1465085, 1099560, 10991800.644615015, 151, 31, 120, 374.04537120670284, 34
1, 2564689, 1465129, 1099560, 10992071.995572705, 44, 44, 0, 271.35095769013947, 44
1, 2564722, 1465162, 1099560, 10992323.273745397, 33, 33, 0, 251.27817269284301, 33
1, 2564802, 1465202, 1099600, 10992639.443501642, 80, 40, 40, 316.1697562442441, 41
51, 2564921, 1465241, 1099680, 10992990.726896845, 119, 39, 80, 351.28339520229764, 41
1, 2564949, 1465269, 1099680, 10993231.359560223, 28, 28, 0, 240.63266337912057, 28
1, 2564994, 1465314, 1099680, 10993504.361566635, 45, 45, 0, 273.00200641113514, 45
1, 2565102, 1465352, 1099750, 10993846.532546181, 108, 38, 70, 342.1709795470626, 40
51, 2565193, 1465393, 1099800, 10994173.69160812, 91, 41, 50, 327.1590619387661, 42
1, 2565227, 1465427, 1099800, 10994426.965248397, 34, 34, 0, 253.2736402766418, 34
1, 2565314, 1465474, 1099840, 10994750.872829394, 87, 47, 40, 323.9075809977351, 48
1, 2565381, 1465511, 1099870, 10995052.473384652, 67, 37, 30, 301.6005552576305, 38
1, 2565428, 1465558, 1099870, 10995328.706434522, 47, 47, 0, 276.2330498695885, 47
51, 2565523, 1465603, 1099920, 10995660.004998658, 95, 45, 50, 331.2985641352145, 46
1, 2565571, 1465651, 1099920, 10995937.819801249, 48, 48, 0, 277.8148025904985, 48
1, 2565664, 1465704, 1099960, 10996268.062081156, 93, 53, 40, 330.24227990714814, 54
1, 2565719, 1465729, 1099990, 10996553.48906269, 55, 25, 30, 285.42698153315007, 26
1, 2565761, 1465771, 1099990, 10996821.46205219, 42, 42, 0, 267.97298950218305, 42
51, 2565847, 1465807, 1100040, 10997143.288216839, 86, 36, 50, 321.82616464756694, 37
1, 2565960, 1465850, 1100110, 10997490.127260707, 113, 43, 70, 346.83904386951343, 45
1, 2566013, 1465903, 1100110, 10997775.544048348, 53, 53, 0, 285.4167876408086, 53
51, 2566101, 1465941, 1100160, 10998099.52547971, 88, 38, 50, 323.98143136087856, 39
1, 2566182, 1465982, 1100200, 10998416.82547971, 81, 41, 40, 317.3, 42
1, 2566222, 1466022, 1100200, 10998681.312165648, 40, 40, 0, 264.4866859365871, 40
1, 2566263, 1466063, 1100200, 10998947.556119092, 41, 41, 0, 266.24395344352433, 41
51, 2566421, 1466101, 1100320, 10999326.995328348, 158, 38, 120, 379.43920925585275, 41
1, 2566461, 1466141, 1100320, 10999591.482014285, 40, 40, 0, 264.4866859365871, 40
1, 2566501, 1466181, 1100320, 10999855.968700223, 40, 40, 0, 264.4866859365871, 40
1, 2566566, 1466216, 1100350, 11000155.009851666, 65, 35, 30, 299.04115144336777, 36
1, 2566616, 1466266, 1100350, 11000435.924646514, 50, 50, 0, 280.9147948472494, 50
51, 2566777, 1466307, 1100470, 11000817.634943115, 161, 41, 120, 381.7102966008917, 44
1, 2566821, 1466351, 1100470, 11001088.985900804, 44, 44, 0, 271.35095769013947, 44
1, 2566856, 1466386, 1100470, 11001344.215828715, 35, 35, 0, 255.22992790977875, 35
51, 2566992, 1466432, 1100560, 11001709.11112575, 136, 46, 90, 364.89529703482884, 48
1, 2567072, 1466482, 1100590, 11002026.280881995, 80, 50, 30, 317.1697562442441, 51
1, 2567102, 1466512, 1100590, 11002271.315613927, 30, 30, 0, 245.0347319320716, 30
1, 2567166, 1466546, 1100620, 11002569.058326403, 64, 34, 30, 297.742712474619, 35
51, 2567250, 1466580, 1100670, 11002888.698336806, 84, 34, 50, 319.64001040350905, 35
1, 2567330, 1466620, 1100710, 11003204.868093051, 80, 40, 40, 316.1697562442441, 41
1, 2567394, 1466654, 1100740, 11003502.610805526, 64, 34, 30, 297.742712474619, 35
1, 2567427, 1466687, 1100740, 11003753.888978219, 33, 33, 0, 251.27817269284301, 33
51, 2567527, 1466737, 1100790, 11004090.216744235, 100, 50, 50, 336.327766016838, 51
1, 2567603, 1466773, 1100830, 11004401.775916608, 76, 36, 40, 311.5591723737189, 37
1, 2567643, 1466813, 1100830, 11004666.262602545, 40, 40, 0, 264.4866859365871, 40
1, 2567744, 1466844, 1100900, 11005001.677990519, 101, 31, 70, 335.41538797227, 33
51, 2567831, 1466881, 1100950, 11005324.585571516, 87, 37, 50, 322.9075809977351, 38
1, 2567873, 1466923, 1100950, 11005592.558561018, 42, 42, 0, 267.97298950218305, 42
1, 2567952, 1466962, 1100990, 11005907.589311147, 79, 39, 40, 315.03075013013313, 40
51, 2568047, 1467007, 1101040, 11006238.887875283, 95, 45, 50, 331.2985641352145, 46
1, 2568079, 1467039, 1101040, 11006488.129298283, 32, 32, 0, 249.24142300054422, 32
1, 2568149, 1467079, 1101070, 11006793.480059134, 70, 40, 30, 305.3507608519078, 41
1, 2568224, 1467114, 1101110, 11007103.863154773, 75, 35, 40, 310.38309563827124, 36
51, 2568317, 1467157, 1101160, 11007433.10543468, 93, 43, 50, 329.24227990714814, 44
1, 2568352, 1467192, 1101160, 11007688.33536259, 35, 35, 0, 255.22992790977875, 35
1, 2568429, 1467239, 1101190, 11008002.061026357, 77, 47, 30, 313.72566376652986, 48
1, 2568469, 1467279, 1101190, 11008266.547712294, 40, 40, 0, 264.4866859365871, 40
51, 2568608, 1467328, 1101280, 11008633.910874596, 139, 49, 90, 367.36316230125203, 51
1, 2568683, 1467373, 1101310, 11008945.293970235, 75, 45, 30, 311.38309563827124, 46
1, 2568715, 1467405, 1101310, 11009194.535393234, 32, 32, 0, 249.24142300054422, 32
1, 2568764, 1467454, 1101310, 11009473.91052434, 49, 49, 0, 279.3751311064591, 49
51, 2568859, 1467499, 1101360, 11009805.209088476, 95, 45, 50, 331.2985641352145, 46
1, 2568938, 1467538, 1101400, 11010120.239838606, 79, 39, 40, 315.03075013013313, 40
1, 2569016, 1467586, 1101430, 11010435.122625226, 78, 48, 30, 314.8827866200841, 49
51, 2569109, 1467629, 1101480, 11010764.364905134, 93, 43, 50, 329.24227990714814, 44
1, 2569146, 1467666, 1101480, 11011023.39747659, 37, 37, 0, 259.03257145596604, 37
1, 2569247, 1467697, 1101550, 11011358.812864562, 101, 31, 70, 335.41538797227, 33
1, 2569292, 1467742, 1101550, 11011631.814870974, 45, 45, 0, 273.00200641113514, 45
1, 2569327, 1467777, 1101550, 11011887.044798885, 35, 35, 0, 255.22992790977875, 35
51, 2569446, 1467816, 1101630, 11012238.328194087, 119, 39, 80, 351.28339520229764, 41
1, 2569528, 1467858, 1101670, 11012556.74986393, 82, 42, 40, 318.42166984345636, 43
1, 2569567, 1467897, 1101670, 11012819.449803874, 39, 39, 0, 262.6999399439383, 39
1, 2569632, 1467932, 1101700, 11013118.490955317, 65, 35, 30, 299.04115144336777, 36
51, 2569715, 1467965, 1101750, 11013437.025903247, 83, 33, 50, 318.5349479292333, 34
1, 2569757, 1468007, 1101750, 11013704.998892749, 42, 42, 0, 267.97298950218305, 42
1, 2569843, 1468053, 1101790, 11014027.825057397, 86, 46, 40, 322.82616464756694, 47
1, 2569881, 1468091, 1101790, 11014288.707437016, 38, 38, 0, 260.88237961983884, 38
51, 2570004, 1468134, 1101870, 11014643.532008277, 123, 43, 80, 354.8245712617827, 45
1, 2570042, 1468172, 1101870, 11014904.414387897, 38, 38, 0, 260.88237961983884, 38
1, 2570157, 1468217, 1101940, 11015253.086604958, 115, 45, 70, 348.6722170622053, 47
1, 2570200, 1468260, 1101940, 11015522.761565162, 43, 43, 0, 269.6749602031015, 43
1, 2570268, 1468298, 1101970, 11015825.623736264, 68, 38, 30, 302.86217110259, 39
51, 2570348, 1468328, 1102020, 11016140.793492509, 80, 30, 50, 315.1697562442441, 31
1, 2570392, 1468372, 1102020, 11016412.144450199, 44, 44, 0, 271.35095769013947, 44
1, 2570457, 1468407, 1102050, 11016711.185601642, 65, 35, 30, 299.04115144336777, 36
51, 2570590, 1468450, 1102140, 11017073.581870684, 133, 43, 90, 362.3962690412072, 45
1, 2570631, 1468491, 1102140, 11017339.825824128, 41, 41, 0, 266.24395344352433, 41
1, 2570716, 1468536, 1102180, 11017661.5628518, 85, 45, 40, 321.73702767108114, 46
51, 2570834, 1468574, 1102260, 11018011.95017697, 118, 38, 80, 350.3873251689181, 40
1, 2570879, 1468619, 1102260, 11018284.95218338, 45, 45, 0, 273.00200641113514, 45
1, 2570921, 1468661, 1102260, 11018552.925172882, 42, 42, 0, 267.97298950218305, 42
1, 2570966, 1468706, 1102260, 11018825.927179294, 45, 45, 0, 273.00200641113514, 45
1, 2571046, 1468746, 1102300, 11019142.096935539, 80, 40, 40, 316.1697562442441, 41
51, 2571164, 1468784, 1102380, 11019492.484260708, 118, 38, 80, 350.3873251689181, 40
1, 2571207, 1468827, 1102380, 11019762.159220912, 43, 43, 0, 269.6749602031015, 43
1, 2571247, 1468867, 1102380, 11020026.645906849, 40, 40, 0, 264.4866859365871, 40
1, 2571287, 1468907, 1102380, 11020291.132592786, 40, 40, 0, 264.4866859365871, 40
51, 2571448, 1468948, 1102500, 11020672.842889387, 161, 41, 120, 381.7102966008917, 44
1, 2571495, 1468995, 1102500, 11020949.075939257, 47, 47, 0, 276.2330498695885, 47
1, 2571538, 1469038, 1102500, 11021218.75089946, 43, 43, 0, 269.6749602031015, 43
1, 2571606, 1469076, 1102530, 11021521.613070562, 68, 38, 30, 302.86217110259, 39
1, 2571686, 1469116, 1102570, 11021837.782826807, 80, 40, 40, 316.1697562442441, 41
51, 2571775, 1469155, 1102620, 11022162.830692371, 89, 39, 50, 325.0478655640733, 40
1, 2571815, 1469195, 1102620, 11022427.317378309, 40, 40, 0, 264.4866859365871, 40
1, 2571881, 1469231, 1102650, 11022727.644366587, 66, 36, 30, 300.32698827717985, 37
1, 2571960, 1469270, 1102690, 11023042.675116716, 79, 39, 40, 315.03075013013313, 40
51, 2572048, 1469308, 1102740, 11023366.656548077, 88, 38, 50, 323.98143136087856, 39
1, 2572081, 1469341, 1102740, 11023617.93472077, 33, 33, 0, 251.27817269284301, 33
1, 2572117, 1469377, 1102740, 11023875.083695048, 36, 36, 0, 257.1489742783178, 36
1, 2572158, 1469418, 1102740, 11024141.327648493, 41, 41, 0, 266.24395344352433, 41
1, 2572228, 1469458, 1102770, 11024446.678409344, 70, 40, 30, 305.3507608519078, 41
51, 2572348, 1469488, 1102860, 11024797.853501309, 120, 30, 90, 351.1750919646873, 32
1, 2572418, 1469528, 1102890, 11025103.20426216, 70, 40, 30, 305.3507608519078, 41
1, 2572466, 1469576, 1102890, 11025381.01906475, 48, 48, 0, 277.8148025904985, 48
1, 2572505, 1469615, 1102890, 11025643.719004694, 39, 39, 0, 262.6999399439383, 39
51, 2572641, 1469661, 1102980, 11026008.61430173, 136, 46, 90, 364.89529703482884, 48
1, 2572679, 1469699, 1102980, 11026269.49668135, 38, 38, 0, 260.88237961983884, 38
1, 2572750, 1469740, 1103010, 11026576.074992169, 71, 41, 30, 306.57831081870995, 42
1, 2572790, 1469780, 1103010, 11026840.561678106, 40, 40, 0, 264.4866859365871, 40
1, 2572863, 1469813, 1103050, 11027148.562956676, 73, 33, 40, 308.00127856917646, 34
51, 2572955, 1469855, 1103100, 11027476.767058143, 92, 42, 50, 328.20410146824725, 43
1, 2573024, 1469894, 1103130, 11027780.879199853, 69, 39, 30, 304.1121417102006, 40
1, 2573075, 1469945, 1103130, 11028063.313711632, 51, 51, 0, 282.43451177837886, 51
1, 2573161, 1469991, 1103170, 11028386.13987628, 86, 46, 40, 322.82616464756694, 47
1, 2573240, 1470040, 1103200, 11028702.17062641, 79, 49, 30, 316.03075013013313, 50
51, 2573327, 1470077, 1103250, 11029025.078207407, 87, 37, 50, 322.9075809977351, 38
1, 2573398, 1470118, 1103280, 11029331.656518226, 71, 41, 30, 306.57831081870995, 42
1, 2573445, 1470165, 1103280, 11029607.889568096, 47, 47, 0, 276.2330498695885, 47
51, 2573578, 1470208, 1103370, 11029970.285837138, 133, 43, 90, 362.3962690412072, 45
1, 2573649, 1470249, 1103400, 11030276.864147957, 71, 41, 30, 306.57831081870995, 42
1, 2573692, 1470292, 1103400, 11030546.53910816, 43, 43, 0, 269.6749602031015, 43
1, 2573764, 1470324, 1103440, 11030853.334171185, 72, 32, 40, 306.79506302439404, 33
1, 2573806, 1470366, 1103440, 11031121.307160687, 42, 42, 0, 267.97298950218305, 42
51, 2573918, 1470398, 1103520, 11031466.222473027, 112, 32, 80, 344.91531233955715, 34
1, 2574006, 1470446, 1103560, 11031791.203904388, 88, 48, 40, 324.98143136087856, 49
1, 2574056, 1470496, 1103560, 11032072.118699236, 50, 50, 0, 280.9147948472494, 50
1, 2574123, 1470533, 1103590, 11032373.719254494, 67, 37, 30, 301.6005552576305, 38
51, 2574210, 1470570, 1103640, 11032696.626835492, 87, 37, 50, 322.9075809977351, 38
1, 2574254, 1470614, 1103640, 11032967.977793181, 44, 44, 0, 271.35095769013947, 44
1, 2574335, 1470655, 1103680, 11033285.277793182, 81, 41, 40, 317.3, 42
1, 2574394, 1470684, 1103710, 11033576.326593429, 59, 29, 30, 291.0488002476036, 30
51, 2574488, 1470728, 1103760, 11033906.600319277, 94, 44, 50, 330.273725847777, 45
1, 2574570, 1470770, 1103800, 11034225.02198912, 82, 42, 40, 318.42166984345636, 43
1, 2574609, 1470809, 1103800, 11034487.721929064, 39, 39, 0, 262.6999399439383, 39
51, 2574699, 1470849, 1103850, 11034813.828957887, 90, 40, 50, 326.1070288241023, 41
1, 2574787, 1470907, 1103880, 11035139.810389249, 88, 58, 30, 325.98143136087856, 59
1, 2574834, 1470954, 1103880, 11035416.043439118, 47, 47, 0, 276.2330498695885, 47
51, 2574956, 1470986, 1103970, 11035768.989057671, 122, 32, 90, 352.9456185537469, 34
1, 2574987, 1471017, 1103970, 11036016.150163848, 31, 31, 0, 247.1611061770567, 31
1, 2575054, 1471054, 1104000, 11036317.750719106, 67, 37, 30, 301.6005552576305, 38
1, 2575092, 1471092, 1104000, 11036578.633098725, 38, 38, 0, 260.88237961983884, 38
51, 2575236, 1471146, 1104090, 11036950.043260239, 144, 54, 90, 371.41016151377545, 56
1, 2575285, 1471195, 1104090, 11037229.418391345, 49, 49, 0, 279.3751311064591, 49
1, 2575319, 1471229, 1104090, 11037482.692031622, 34, 34, 0, 253.2736402766418, 34
1, 2575420, 1471260, 1104160, 11037818.107419595, 101, 31, 70, 335.41538797227, 33
51, 2575513, 1471303, 1104210, 11038147.349699503, 93, 43, 50, 329.24227990714814, 44
1, 2575585, 1471335, 1104250, 11038454.144762527, 72, 32, 40, 306.79506302439404, 33
1, 2575624, 1471374, 1104250, 11038716.844702471, 39, 39, 0, 262.6999399439383, 39
1, 2575701, 1471421, 1104280, 11039030.570366237, 77, 47, 30, 313.72566376652986, 48
51, 2575785, 1471455, 1104330, 11039350.21037664, 84, 34, 50, 319.64001040350905, 35
1, 2575823, 1471493, 1104330, 11039611.09275626, 38, 38, 0, 260.88237961983884, 38
1, 2575859, 1471529, 1104330, 11039868.24173054, 36, 36, 0, 257.1489742783178, 36
1, 2575935, 1471565, 1104370, 11040179.800902912, 76, 36, 40, 311.5591723737189, 37
51, 2576050, 1471600, 1104450, 11040527.473119974, 115, 35, 80, 347.6722170622053, 37
1, 2576133, 1471643, 1104490, 11040847.008067904, 83, 43, 40, 319.5349479292333, 44
1, 2576177, 1471687, 1104490, 11041118.359025594, 44, 44, 0, 271.35095769013947, 44
1, 2576216, 1471726, 1104490, 11041381.058965538, 39, 39, 0, 262.6999399439383, 39
51, 2576340, 1471770, 1104570, 11041736.758362086, 124, 44, 80, 355.6993965481514, 46
1, 2576383, 1471813, 1104570, 11042006.43332229, 43, 43, 0, 269.6749602031015, 43
1, 2576491, 1471851, 1104640, 11042348.604301836, 108, 38, 70, 342.1709795470626, 40
1, 2576539, 1471899, 1104640, 11042626.419104427, 48, 48, 0, 277.8148025904985, 48
51, 2576628, 1471938, 1104690, 11042951.466969991, 89, 39, 50, 325.0478655640733, 40
1, 2576667, 1471977, 1104690, 11043214.166909935, 39, 39, 0, 262.6999399439383, 39
1, 2576712, 1472022, 1104690, 11043487.168916347, 45, 45, 0, 273.00200641113514, 45
1, 2576817, 1472057, 1104760, 11043826.47750364, 105, 35, 70, 339.30858729436795, 37
51, 2576900, 1472090, 1104810, 11044145.01245157, 83, 33, 50, 318.5349479292333, 34
1, 2576937, 1472127, 1104810, 11044404.045023026, 37, 37, 0, 259.03257145596604, 37
1, 2576971, 1472161, 1104810, 11044657.318663303, 34, 34, 0, 253.2736402766418, 34
1, 2577021, 1472211, 1104810, 11044938.23345815, 50, 50, 0, 280.9147948472494, 50
51, 2577149, 1472249, 1104900, 11045296.392024253, 128, 38, 90, 358.1585661014858, 40
1, 2577221, 1472291, 1104930, 11045604.187087277, 72, 42, 30, 307.79506302439404, 43
1, 2577258, 1472328, 1104930, 11045863.219658732, 37, 37, 0, 259.03257145596604, 37
1, 2577294, 1472364, 1104930, 11046120.368633011, 36, 36, 0, 257.1489742783178, 36
51, 2577423, 1472403, 1105020, 11046479.382233502, 129, 39, 90, 359.01360049114555, 41
1, 2577466, 1472446, 1105020, 11046749.057193706, 43, 43, 0, 269.6749602031015, 43
1, 2577504, 1472484, 1105020, 11047009.939573325, 38, 38, 0, 260.88237961983884, 38
51, 2577618, 1472518, 1105100, 11047356.697561016, 114, 34, 80, 346.75798769167545, 36
1, 2577698, 1472558, 1105140, 11047672.867317261, 80, 40, 40, 316.1697562442441, 41
1, 2577740, 1472600, 1105140, 11047940.840306763, 42, 42, 0, 267.97298950218305, 42
51, 2577820, 1472630, 1105190, 11048256.010063007, 80, 30, 50, 315.1697562442441, 31
1, 2577901, 1472671, 1105230, 11048573.310063008, 81, 41, 40, 317.3, 42
1, 2577971, 1472711, 1105260, 11048878.66082386, 70, 40, 30, 305.3507608519078, 41
1, 2578018, 1472758, 1105260, 11049154.893873729, 47, 47, 0, 276.2330498695885, 47
51, 2578124, 1472784, 1105340, 11049494.161917338, 106, 26, 80, 339.2680436096278, 28
1, 2578194, 1472814, 1105380, 11049798.51267819, 70, 30, 40, 304.3507608519078, 31
1, 2578263, 1472853, 1105410, 11050102.624819899, 69, 39, 30, 304.1121417102006, 40
1, 2578349, 1472899, 1105450, 11050425.450984547, 86, 46, 40, 322.82616464756694, 47
51, 2578453, 1472953, 1105500, 11050765.694671305, 104, 54, 50, 340.243686757474, 55
1, 2578494, 1472994, 1105500, 11051031.938624749, 41, 41, 0, 266.24395344352433, 41
1, 2578530, 1473030, 1105500, 11051289.087599028, 36, 36, 0, 257.1489742783178, 36
1, 2578641, 1473071, 1105570, 11051634.074317068, 111, 41, 70, 344.9867180408456, 43
51, 2578716, 1473096, 1105620, 11051943.457412707, 75, 25, 50, 309.38309563827124, 26
1, 2578755, 1473135, 1105620, 11052206.15735265, 39, 39, 0, 262.6999399439383, 39
1, 2578835, 1473175, 1105660, 11052522.327108895, 80, 40, 40, 316.1697562442441, 41
1, 2578877, 1473217, 1105660, 11052790.300098397, 42, 42, 0, 267.97298950218305, 42
51, 2579001, 1473261, 1105740, 11053145.999494946, 124, 44, 80, 355.6993965481514, 46
1, 2579077, 1473297, 1105780, 11053457.558667319, 76, 36, 40, 311.5591723737189, 37
1, 2579109, 1473329, 1105780, 11053706.800090319, 32, 32, 0, 249.24142300054422, 32
1, 2579140, 1473360, 1105780, 11053953.961196495, 31, 31, 0, 247.1611061770567, 31
1, 2579216, 1473406, 1105810, 11054266.520368868, 76, 46, 30, 312.5591723737189, 47
51, 2579307, 1473447, 1105860, 11054593.679430807, 91, 41, 50, 327.1590619387661, 42
1, 2579381, 1473481, 1105900, 11054902.876639575, 74, 34, 40, 309.1972087668518, 35
1, 2579425, 1473525, 1105900, 11055174.227597265, 44, 44, 0, 271.35095769013947, 44
1, 2579453, 1473553, 1105900, 11055414.860260643, 28, 28, 0, 240.63266337912057, 28
51, 2579620, 1473600, 1106020, 11055801.04389008, 167, 47, 120, 386.1836294370035, 50
1, 2579661, 1473641, 1106020, 11056067.287843524, 41, 41, 0, 266.24395344352433, 41
1, 2579748, 1473688, 1106060, 11056391.195424521, 87, 47, 40, 323.9075809977351, 48
1, 2579810, 1473720, 1106090, 11056686.302050851, 62, 32, 30, 295.1066263296683, 33
51, 2579898, 1473758, 1106140, 11057010.283482213, 88, 38, 50, 323.98143136087856, 39
1, 2579939, 1473799, 1106140, 11057276.527435657, 41, 41, 0, 266.24395344352433, 41
1, 2580043, 1473833, 1106210, 11057614.871122414, 104, 34, 70, 338.343686757474, 36
51, 2580129, 1473869, 1106260, 11057936.697287062, 86, 36, 50, 321.82616464756694, 37
1, 2580176, 1473916, 1106260, 11058212.930336932, 47, 47, 0, 276.2330498695885, 47
1, 2580217, 1473957, 1106260, 11058479.174290376, 41, 41, 0, 266.24395344352433, 41
1, 2580299, 1473999, 1106300, 11058797.595960218, 82, 42, 40, 318.42166984345636, 43
51, 2580379, 1474029, 1106350, 11059112.765716463, 80, 30, 50, 315.1697562442441, 31
1, 2580457, 1474077, 1106380, 11059427.648503084, 78, 48, 30, 314.8827866200841, 49
1, 2580491, 1474111, 1106380, 11059680.92214336, 34, 34, 0, 253.2736402766418, 34
1, 2580574, 1474154, 1106420, 11060000.45709129, 83, 43, 40, 319.5349479292333, 44
51, 2580667, 1474197, 1106470, 11060329.699371198, 93, 43, 50, 329.24227990714814, 44
1, 2580703, 1474233, 1106470, 11060586.848345477, 36, 36, 0, 257.1489742783178, 36
1, 2580813, 1474273, 1106540, 11060930.901529524, 110, 40, 70, 344.0531840464366, 42
1, 2580856, 1474316, 1106540, 11061200.576489728, 43, 43, 0, 269.6749602031015, 43
51, 2580955, 1474365, 1106590, 11061535.910704281, 99, 49, 50, 335.33421455299043, 50
1, 2580998, 1474408, 1106590, 11061805.585664485, 43, 43, 0, 269.6749602031015, 43
1, 2581075, 1474445, 1106630, 11062118.31132825, 77, 37, 40, 312.72566376652986, 38
1, 2581130, 1474470, 1106660, 11062403.738309784, 55, 25, 30, 285.42698153315007, 26
51, 2581212, 1474502, 1106710, 11062721.159979627, 82, 32, 50, 317.42166984345636, 33
1, 2581265, 1474555, 1106710, 11063006.576767268, 53, 53, 0, 285.4167876408086, 53
1, 2581346, 1474596, 1106750, 11063323.876767268, 81, 41, 40, 317.3, 42
1, 2581380, 1474630, 1106750, 11063577.150407545, 34, 34, 0, 253.2736402766418, 34
1, 2581441, 1474661, 1106780, 11063870.918646812, 61, 31, 30, 293.7682392671241, 32
51, 2581572, 1474702, 1106870, 11064231.630975028, 131, 41, 90, 360.7123282155055, 43
1, 2581638, 1474738, 1106900, 11064531.957963306, 66, 36, 30, 300.32698827717985, 37
1, 2581719, 1474779, 1106940, 11064849.257963307, 81, 41, 40, 317.3, 42
1, 2581755, 1474815, 1106940, 11065106.406937586, 36, 36, 0, 257.1489742783178, 36
51, 2581888, 1474868, 1107020, 11065469.803206628, 133, 53, 80, 363.3962690412072, 55
1, 2581934, 1474914, 1107020, 11065744.432275342, 46, 46, 0, 274.6290687140218, 46
1, 2581978, 1474958, 1107020, 11066015.783233032, 44, 44, 0, 271.35095769013947, 44
1, 2582057, 1474997, 1107060, 11066330.813983161, 79, 39, 40, 315.03075013013313, 40
1, 2582093, 1475033, 1107060, 11066587.96295744, 36, 36, 0, 257.1489742783178, 36
51, 2582221, 1475081, 1107140, 11066947.121523542, 128, 48, 80, 359.1585661014858, 50
1, 2582261, 1475121, 1107140, 11067211.60820948, 40, 40, 0, 264.4866859365871, 40
1, 2582335, 1475155, 1107180, 11067520.805418247, 74, 34, 40, 309.1972087668518, 35
1, 2582371, 1475191, 1107180, 11067777.954392526, 36, 36, 0, 257.1489742783178, 36
1, 2582415, 1475235, 1107180, 11068049.305350216, 44, 44, 0, 271.35095769013947, 44
51, 2582576, 1475276, 1107300, 11068431.015646817, 161, 41, 120, 381.7102966008917, 44
1, 2582621, 1475321, 1107300, 11068704.017653229, 45, 45, 0, 273.00200641113514, 45
1, 2582662, 1475362, 1107300, 11068970.261606673, 41, 41, 0, 266.24395344352433, 41
1, 2582704, 1475404, 1107300, 11069238.234596174, 42, 42, 0, 267.97298950218305, 42
51, 2582842, 1475452, 1107390, 11069604.778525727, 138, 48, 90, 366.54392955194305, 50
1, 2582883, 1475493, 1107390, 11069871.022479171, 41, 41, 0, 266.24395344352433, 41
1, 2582990, 1475530, 1107460, 11070212.244624441, 107, 37, 70, 341.2221452697031, 39
51, 2583081, 1475571, 1107510, 11070539.40368638, 91, 41, 50, 327.1590619387661, 42
1, 2583120, 1475610, 1107510, 11070802.103626324, 39, 39, 0, 262.6999399439383, 39
1, 2583164, 1475654, 1107510, 11071073.454584014, 44, 44, 0, 271.35095769013947, 44
1, 2583244, 1475694, 1107550, 11071389.624340259, 80, 40, 40, 316.1697562442441, 41
1, 2583286, 1475736, 1107550, 11071657.59732976, 42, 42, 0, 267.97298950218305, 42
51, 2583450, 1475780, 1107670, 11072041.555520596, 164, 44, 120, 383.9581908363381, 47
1, 2583494, 1475824, 1107670, 11072312.906478286, 44, 44, 0, 271.35095769013947, 44
1, 2583533, 1475863, 1107670, 11072575.60641823, 39, 39, 0, 262.6999399439383, 39
1, 2583614, 1475904, 1107710, 11072892.90641823, 81, 41, 40, 317.3, 42
1, 2583647, 1475937, 1107710, 11073144.184590923, 33, 33, 0, 251.27817269284301, 33
51, 2583783, 1475983, 1107800, 11073509.079887958, 136, 46, 90, 364.89529703482884, 48
1, 2583846, 1476016, 1107830, 11073805.511212684, 63, 33, 30, 296.43132472612575, 34
1, 2583890, 1476060, 1107830, 11074076.862170374, 44, 44, 0, 271.35095769013947, 44
1, 2583959, 1476099, 1107860, 11074380.974312084, 69, 39, 30, 304.1121417102006, 40
1, 2584040, 1476140, 1107900, 11074698.274312085, 81, 41, 40, 317.3, 42
51, 2584131, 1476181, 1107950, 11075025.433374023, 91, 41, 50, 327.1590619387661, 42
1, 2584171, 1476221, 1107950, 11075289.92005996, 40, 40, 0, 264.4866859365871, 40
1, 2584210, 1476260, 1107950, 11075552.619999904, 39, 39, 0, 262.6999399439383, 39
1, 2584282, 1476302, 1107980, 11075860.415062929, 72, 42, 30, 307.79506302439404, 43
51, 2584412, 1476342, 1108070, 11076220.279900467, 130, 40, 90, 359.86483753851803, 42
1, 2584455, 1476385, 1108070, 11076489.95486067, 43, 43, 0, 269.6749602031015, 43
1, 2584557, 1476417, 1108140, 11076826.352043452, 102, 32, 70, 336.39718278112656, 34
1, 2584591, 1476451, 1108140, 11077079.625683729, 34, 34, 0, 253.2736402766418, 34
51, 2584708, 1476488, 1108220, 11077429.112500528, 117, 37, 80, 349.4868167986058, 39
1, 2584749, 1476529, 1108220, 11077695.356453972, 41, 41, 0, 266.24395344352433, 41
1, 2584826, 1476566, 1108260, 11078008.082117738, 77, 37, 40, 312.72566376652986, 38
1, 2584871, 1476611, 1108260, 11078281.08412415, 45, 45, 0, 273.00200641113514, 45
51, 2584964, 1476654, 1108310, 11078610.326404057, 93, 43, 50, 329.24227990714814, 44
1, 2585002, 1476692, 1108310, 11078871.208783677, 38, 38, 0, 260.88237961983884, 38
1, 2585071, 1476731, 1108340, 11079175.320925387, 69, 39, 30, 304.1121417102006, 40
51, 2585163, 1476773, 1108390, 11079503.525026854, 92, 42, 50, 328.20410146824725, 43
1, 2585241, 1476811, 1108430, 11079817.407813475, 78, 38, 40, 313.8827866200841, 39
1, 2585302, 1476842, 1108460, 11080111.176052742, 61, 31, 30, 293.7682392671241, 32
1, 2585338, 1476878, 1108460, 11080368.32502702, 36, 36, 0, 257.1489742783178, 36
1, 2585378, 1476918, 1108460, 11080632.811712958, 40, 40, 0, 264.4866859365871, 40
51, 2585463, 1476953, 1108510, 11080953.54874063, 85, 35, 50, 320.73702767108114, 36
1, 2585502, 1476992, 1108510, 11081216.248680573, 39, 39, 0, 262.6999399439383, 39
1, 2585577, 1477027, 1108550, 11081526.631776212, 75, 35, 40, 310.38309563827124, 36
1, 2585648, 1477068, 1108580, 11081833.210087031, 71, 41, 30, 306.57831081870995, 42
51, 2585745, 1477115, 1108630, 11082166.538986303, 97, 47, 50, 333.3288992714996, 48
1, 2585790, 1477160, 1108630, 11082439.540992714, 45, 45, 0, 273.00200641113514, 45
1, 2585822, 1477192, 1108630, 11082688.782415714, 32, 32, 0, 249.24142300054422, 32
1, 2585931, 1477231, 1108700, 11083031.897047214, 109, 39, 70, 343.114631499574, 41
51, 2586016, 1477266, 1108750, 11083352.634074885, 85, 35, 50, 320.73702767108114, 36
1, 2586058, 1477308, 1108750, 11083620.607064387, 42, 42, 0, 267.97298950218305, 42
1, 2586096, 1477346, 1108750, 11083881.489444006, 38, 38, 0, 260.88237961983884, 38
1, 2586182, 1477392, 1108790, 11084204.315608654, 86, 46, 40, 322.82616464756694, 47
51, 2586295, 1477425, 1108870, 11084550.154652523, 113, 33, 80, 345.83904386951343, 35
1, 2586329, 1477459, 1108870, 11084803.4282928, 34, 34, 0, 253.2736402766418, 34
1, 2586399, 1477499, 1108900, 11085108.77905365, 70, 40, 30, 305.3507608519078, 41
1, 2586434, 1477534, 1108900, 11085364.008981561, 35, 35, 0, 255.22992790977875, 35
1, 2586513, 1477573, 1108940, 11085679.03973169, 79, 39, 40, 315.03075013013313, 40
51, 2586631, 1477611, 1109020, 11086029.42705686, 118, 38, 80, 350.3873251689181, 40
1, 2586677, 1477657, 1109020, 11086304.056125574, 46, 46, 0, 274.6290687140218, 46
1, 2586742, 1477692, 1109050, 11086603.097277017, 65, 35, 30, 299.04115144336777, 36
1, 2586810, 1477720, 1109090, 11086904.95944812, 68, 28, 40, 301.86217110259, 29
1, 2586859, 1477769, 1109090, 11087184.334579226, 49, 49, 0, 279.3751311064591, 49
51, 2586973, 1477803, 1109170, 11087531.092566917, 114, 34, 80, 346.75798769167545, 36
1, 2587011, 1477841, 1109170, 11087791.974946536, 38, 38, 0, 260.88237961983884, 38
1, 2587053, 1477883, 1109170, 11088059.947936038, 42, 42, 0, 267.97298950218305, 42
1, 2587126, 1477916, 1109210, 11088367.949214607, 73, 33, 40, 308.00127856917646, 34
51, 2587217, 1477957, 1109260, 11088695.108276546, 91, 41, 50, 327.1590619387661, 42
1, 2587257, 1477997, 1109260, 11088959.594962483, 40, 40, 0, 264.4866859365871, 40
1, 2587336, 1478046, 1109290, 11089275.625712613, 79, 49, 30, 316.03075013013313, 50
1, 2587419, 1478089, 1109330, 11089595.160660543, 83, 43, 40, 319.5349479292333, 44
51, 2587538, 1478128, 1109410, 11089946.444055745, 119, 39, 80, 351.28339520229764, 41
1, 2587576, 1478166, 1109410, 11090207.326435365, 38, 38, 0, 260.88237961983884, 38
1, 2587624, 1478214, 1109410, 11090485.141237956, 48, 48, 0, 277.8148025904985, 48
1, 2587664, 1478254, 1109410, 11090749.627923893, 40, 40, 0, 264.4866859365871, 40
51, 2587748, 1478288, 1109460, 11091069.267934296, 84, 34, 50, 319.64001040350905, 35
1, 2587828, 1478328, 1109500, 11091385.437690541, 80, 40, 40, 316.1697562442441, 41
1, 2587895, 1478365, 1109530, 11091687.038245799, 67, 37, 30, 301.6005552576305, 38
1, 2587937, 1478407, 1109530, 11091955.0112353, 42, 42, 0, 267.97298950218305, 42
51, 2588024, 1478444, 1109580, 11092277.918816298, 87, 37, 50, 322.9075809977351, 38
1, 2588062, 1478482, 1109580, 11092538.801195918, 38, 38, 0, 260.88237961983884, 38
1, 2588139, 1478519, 1109620, 11092851.526859684, 77, 37, 40, 312.72566376652986, 38
51, 2588255, 1478555, 1109700, 11093200.108663175, 116, 36, 80, 348.5818034911291, 38
1, 2588296, 1478596, 1109700, 11093466.35261662, 41, 41, 0, 266.24395344352433, 41
1, 2588330, 1478630, 1109700, 11093719.626256896, 34, 34, 0, 253.2736402766418, 34
1, 2588395, 1478665, 1109730, 11094018.66740834, 65, 35, 30, 299.04115144336777, 36
51, 2588483, 1478703, 1109780, 11094342.648839701, 88, 38, 50, 323.98143136087856, 39
1, 2588597, 1478747, 1109850, 11094690.406827392, 114, 44, 70, 347.75798769167545, 46
1, 2588624, 1478774, 1109850, 11094928.757533088, 27, 27, 0, 238.35070569547776, 27
51, 2588721, 1478821, 1109900, 11095262.08643236, 97, 47, 50, 333.3288992714996, 48
1, 2588761, 1478861, 1109900, 11095526.573118297, 40, 40, 0, 264.4866859365871, 40
1, 2588833, 1478893, 1109940, 11095833.368181322, 72, 32, 40, 306.79506302439404, 33
51, 2588930, 1478940, 1109990, 11096166.697080594, 97, 47, 50, 333.3288992714996, 48
1, 2589001, 1478981, 1110020, 11096473.275391413, 71, 41, 30, 306.57831081870995, 42
1, 2589042, 1479022, 1110020, 11096739.519344857, 41, 41, 0, 266.24395344352433, 41
1, 2589072, 1479052, 1110020, 11096984.554076789, 30, 30, 0, 245.0347319320716, 30
51, 2589209, 1479099, 1110110, 11097350.275398994, 137, 47, 90, 365.72132220485213, 49
1, 2589279, 1479139, 1110140, 11097655.626159845, 70, 40, 30, 305.3507608519078, 41
1, 2589322, 1479182, 1110140, 11097925.301120048, 43, 43, 0, 269.6749602031015, 43
1, 2589350, 1479210, 1110140, 11098165.933783427, 28, 28, 0, 240.63266337912057, 28
51, 2589442, 1479252, 1110190, 11098494.137884894, 92, 42, 50, 328.20410146824725, 43
1, 2589524, 1479294, 1110230, 11098812.559554737, 82, 42, 40, 318.42166984345636, 43
1, 2589561, 1479331, 1110230, 11099071.592126193, 37, 37, 0, 259.03257145596604, 37
1, 2589633, 1479373, 1110260, 11099379.387189217, 72, 42, 30, 307.79506302439404, 43
1, 2589701, 1479401, 1110300, 11099681.24936032, 68, 28, 40, 301.86217110259, 29
51, 2589818, 1479438, 1110380, 11100030.736177118, 117, 37, 80, 349.4868167986058, 39
1, 2589867, 1479487, 1110380, 11100310.111308224, 49, 49, 0, 279.3751311064591, 49
1, 2589939, 1479529, 1110410, 11100617.906371249, 72, 42, 30, 307.79506302439404, 43
51, 2590066, 1479566, 1110500, 11100975.206053548, 127, 37, 90, 357.2996822992933, 39
1, 2590103, 1479603, 1110500, 11101234.238625003, 37, 37, 0, 259.03257145596604, 37
1, 2590144, 1479644, 1110500, 11101500.482578447, 41, 41, 0, 266.24395344352433, 41
51, 2590265, 1479685, 1110580, 11101853.545057483, 121, 41, 80, 353.06247903554, 43
1, 2590345, 1479725, 1110620, 11102169.714813728, 80, 40, 40, 316.1697562442441, 41
1, 2590379, 1479759, 1110620, 11102422.988454005, 34, 34, 0, 253.2736402766418, 34
1, 2590417, 1479797, 1110620, 11102683.870833624, 38, 38, 0, 260.88237961983884, 38
51, 2590583, 1479843, 1110740, 11103069.315101258, 166, 46, 120, 385.4442676339201, 49
1, 2590622, 1479882, 1110740, 11103332.015041202, 39, 39, 0, 262.6999399439383, 39
1, 2590658, 1479918, 1110740, 11103589.164015481, 36, 36, 0, 257.1489742783178, 36
1, 2590737, 1479957, 1110780, 11103904.19476561, 79, 39, 40, 315.03075013013313, 40
51, 2590824, 1479994, 1110830, 11104227.102346608, 87, 37, 50, 322.9075809977351, 38
1, 2590864, 1480034, 1110830, 11104491.589032546, 40, 40, 0, 264.4866859365871, 40
1, 2590943, 1480083, 1110860, 11104807.619782675, 79, 49, 30, 316.03075013013313, 50
1, 2590991, 1480131, 1110860, 11105085.434585266, 48, 48, 0, 277.8148025904985, 48
51, 2591119, 1480169, 1110950, 11105443.593151368, 128, 38, 90, 358.1585661014858, 40
1, 2591152, 1480202, 1110950, 11105694.87132406, 33, 33, 0, 251.27817269284301, 33
1, 2591188, 1480238, 1110950, 11105952.02029834, 36, 36, 0, 257.1489742783178, 36
1, 2591273, 1480283, 1110990, 11106273.75732601, 85, 45, 40, 321.73702767108114, 46
51, 2591388, 1480318, 1111070, 11106621.429543072, 115, 35, 80, 347.6722170622053, 37
1, 2591431, 1480361, 1111070, 11106891.104503276, 43, 43, 0, 269.6749602031015, 43
1, 2591507, 1480397, 1111110, 11107202.66367565, 76, 36, 40, 311.5591723737189, 37
1, 2591542, 1480432, 1111110, 11107457.89360356, 35, 35, 0, 255.22992790977875, 35
51, 2591659, 1480469, 1111190, 11107807.380420359, 117, 37, 80, 349.4868167986058, 39
1, 2591698, 1480508, 1111190, 11108070.080360303, 39, 39, 0, 262.6999399439383, 39
1, 2591743, 1480553, 1111190, 11108343.082366714, 45, 45, 0, 273.00200641113514, 45
51, 2591907, 1480597, 1111310, 11108727.04055755, 164, 44, 120, 383.9581908363381, 47
1, 2591940, 1480630, 1111310, 11108978.318730243, 33, 33, 0, 251.27817269284301, 33
1, 2592012, 1480672, 1111340, 11109286.113793267, 72, 42, 30, 307.79506302439404, 43
1, 2592049, 1480709, 1111340, 11109545.146364722, 37, 37, 0, 259.03257145596604, 37
1, 2592129, 1480749, 1111380, 11109861.316120967, 80, 40, 40, 316.1697562442441, 41
51, 2592248, 1480788, 1111460, 11110212.59951617, 119, 39, 80, 351.28339520229764, 41
1, 2592320, 1480820, 1111500, 11110519.394579194, 72, 32, 40, 306.79506302439404, 33
1, 2592360, 1480860, 1111500, 11110783.881265132, 40, 40, 0, 264.4866859365871, 40
1, 2592406, 1480906, 1111500, 11111058.510333845, 46, 46, 0, 274.6290687140218, 46
51, 2592500, 1480950, 1111550, 11111388.784059694, 94, 44, 50, 330.273725847777, 45
1, 2592537, 1480987, 1111550, 11111647.81663115, 37, 37, 0, 259.03257145596604, 37
1, 2592612, 1481032, 1111580, 11111959.199726788, 75, 45, 30, 311.38309563827124, 46
1, 2592691, 1481071, 1111620, 11112274.230476918, 79, 39, 40, 315.03075013013313, 40
51, 2592771, 1481101, 1111670, 11112589.400233163, 80, 30, 50, 315.1697562442441, 31
1, 2592814, 1481144, 1111670, 11112859.075193366, 43, 43, 0, 269.6749602031015, 43
1, 2592927, 1481187, 1111740, 11113205.914237235, 113, 43, 70, 346.83904386951343, 45
51, 2593014, 1481224, 1111790, 11113528.821818233, 87, 37, 50, 322.9075809977351, 38
1, 2593082, 1481262, 1111820, 11113831.683989335, 68, 38, 30, 302.86217110259, 39
1, 2593120, 1481300, 1111820, 11114092.566368954, 38, 38, 0, 260.88237961983884, 38
1, 2593164, 1481344, 1111820, 11114363.917326644, 44, 44, 0, 271.35095769013947, 44
1, 2593248, 1481388, 1111860, 11114684.557337048, 84, 44, 40, 320.64001040350905, 45
51, 2593341, 1481431, 1111910, 11115013.799616955, 93, 43, 50, 329.24227990714814, 44
1, 2593374, 1481464, 1111910, 11115265.077789648, 33, 33, 0, 251.27817269284301, 33
1, 2593450, 1481510, 1111940, 11115577.63696202, 76, 46, 30, 312.5591723737189, 47
51, 2593543, 1481553, 1111990, 11115906.879241928, 93, 43, 50, 329.24227990714814, 44
1, 2593661, 1481601, 1112060, 11116258.266567098, 118, 48, 70, 351.3873251689181, 50
1, 2593696, 1481636, 1112060, 11116513.496495008, 35, 35, 0, 255.22992790977875, 35
1, 2593738, 1481678, 1112060, 11116781.46948451, 42, 42, 0, 267.97298950218305, 42
51, 2593901, 1481721, 1112180, 11117164.680907989, 163, 43, 120, 383.21142347822723, 46
1, 2593947, 1481767, 1112180, 11117439.309976703, 46, 46, 0, 274.6290687140218, 46
1, 2594009, 1481799, 1112210, 11117734.416603032, 62, 32, 30, 295.1066263296683, 33
1, 2594057, 1481847, 1112210, 11118012.231405623, 48, 48, 0, 277.8148025904985, 48
51, 2594220, 1481890, 1112330, 11118395.442829102, 163, 43, 120, 383.21142347822723, 46
1, 2594257, 1481927, 1112330, 11118654.475400558, 37, 37, 0, 259.03257145596604, 37
1, 2594300, 1481970, 1112330, 11118924.150360761, 43, 43, 0, 269.6749602031015, 43
51, 2594416, 1482006, 1112410, 11119272.732164253, 116, 36, 80, 348.5818034911291, 38
1, 2594503, 1482053, 1112450, 11119596.63974525, 87, 47, 40, 323.9075809977351, 48
1, 2594552, 1482102, 1112450, 11119876.014876356, 49, 49, 0, 279.3751311064591, 49
1, 2594593, 1482143, 1112450, 11120142.2588298, 41, 41, 0, 266.24395344352433, 41
51, 2594684, 1482184, 1112500, 11120469.417891739, 91, 41, 50, 327.1590619387661, 42
1, 2594750, 1482220, 1112530, 11120769.744880017, 66, 36, 30, 300.32698827717985, 37
1, 2594782, 1482252, 1112530, 11121018.986303017, 32, 32, 0, 249.24142300054422, 32
1, 2594868, 1482298, 1112570, 11121341.812467664, 86, 46, 40, 322.82616464756694, 47
1, 2594898, 1482328, 1112570, 11121586.847199596, 30, 30, 0, 245.0347319320716, 30
51, 2594984, 1482364, 1112620, 11121908.673364244, 86, 36, 50, 321.82616464756694, 37
1, 2595054, 1482404, 1112650, 11122214.024125095, 70, 40, 30, 305.3507608519078, 41
1, 2595134, 1482444, 1112690, 11122530.19388134, 80, 40, 40, 316.1697562442441, 41
1, 2595169, 1482479, 1112690, 11122785.42380925, 35, 35, 0, 255.22992790977875, 35
51, 2595298, 1482518, 1112780, 11123144.437409742, 129, 39, 90, 359.01360049114555, 41
1, 2595374, 1482564, 1112810, 11123456.996582115, 76, 46, 30, 312.5591723737189, 47
1, 2595455, 1482605, 1112850, 11123774.296582116, 81, 41, 40, 317.3, 42
1, 2595497, 1482647, 1112850, 11124042.269571617, 42, 42, 0, 267.97298950218305, 42
51, 2595610, 1482680, 1112930, 11124388.108615486, 113, 33, 80, 345.83904386951343, 35
1, 2595654, 1482724, 1112930, 11124659.459573176, 44, 44, 0, 271.35095769013947, 44
1, 2595736, 1482766, 1112970, 11124977.881243018, 82, 42, 40, 318.42166984345636, 43
51, 2595841, 1482821, 1113020, 11125319.089830313, 105, 55, 50, 341.208587294368, 56
1, 2595882, 1482862, 1113020, 11125585.333783757, 41, 41, 0, 266.24395344352433, 41
1, 2595921, 1482901, 1113020, 11125848.0337237, 39, 39, 0, 262.6999399439383, 39
1, 2595990, 1482940, 1113050, 11126152.14586541, 69, 39, 30, 304.1121417102006, 40
1, 2596077, 1482987, 1113090, 11126476.053446408, 87, 47, 40, 323.9075809977351, 48
51, 2596197, 1483027, 1113170, 11126828.228538373, 120, 40, 80, 352.1750919646873, 42
1, 2596237, 1483067, 1113170, 11127092.71522431, 40, 40, 0, 264.4866859365871, 40
1, 2596327, 1483117, 1113210, 11127419.822253134, 90, 50, 40, 327.1070288241023, 51
1, 2596391, 1483151, 1113240, 11127717.56496561, 64, 34, 30, 297.742712474619, 35
1, 2596428, 1483188, 1113240, 11127976.597537065, 37, 37, 0, 259.03257145596604, 37
51, 2596557, 1483227, 1113330, 11128335.611137556, 129, 39, 90, 359.01360049114555, 41
1, 2596593, 1483263, 1113330, 11128592.760111835, 36, 36, 0, 257.1489742783178, 36
1, 2596636, 1483306, 1113330, 11128862.435072038, 43, 43, 0, 269.6749602031015, 43
1, 2596714, 1483344, 1113370, 11129176.317858659, 78, 38, 40, 313.8827866200841, 39
51, 2596842, 1483392, 1113450, 11129535.476424761, 128, 48, 80, 359.1585661014858, 50
1, 2596878, 1483428, 1113450, 11129792.62539904, 36, 36, 0, 257.1489742783178, 36
1, 2596997, 1483477, 1113520, 11130144.908794243, 119, 49, 70, 352.28339520229764, 51
51, 2597091, 1483521, 1113570, 11130475.182520092, 94, 44, 50, 330.273725847777, 45
1, 2597164, 1483564, 1113600, 11130784.183798661, 73, 43, 30, 309.00127856917646, 44
1, 2597238, 1483598, 1113640, 11131093.38100743, 74, 34, 40, 309.1972087668518, 35
1, 2597276, 1483636, 1113640, 11131354.263387049, 38, 38, 0, 260.88237961983884, 38
51, 2597367, 1483677, 1113690, 11131681.422448987, 91, 41, 50, 327.1590619387661, 42
1, 2597408, 1483718, 1113690, 11131947.666402431, 41, 41, 0, 266.24395344352433, 41
1, 2597499, 1483769, 1113730, 11132275.82546437, 91, 51, 40, 328.1590619387661, 52
1, 2597574, 1483814, 1113760, 11132587.208560009, 75, 45, 30, 311.38309563827124, 46
1, 2597661, 1483861, 1113800, 11132911.116141006, 87, 47, 40, 323.9075809977351, 48
51, 2597779, 1483899, 1113880, 11133261.503466176, 118, 38, 80, 350.3873251689181, 40
1, 2597816, 1483936, 1113880, 11133520.536037631, 37, 37, 0, 259.03257145596604, 37
1, 2597903, 1483983, 1113920, 11133844.44361863, 87, 47, 40, 323.9075809977351, 48
51, 2597990, 1484020, 1113970, 11134167.351199627, 87, 37, 50, 322.9075809977351, 38
1, 2598028, 1484058, 1113970, 11134428.233579246, 38, 38, 0, 260.88237961983884, 38
1, 2598099, 1484099, 1114000, 11134734.811890066, 71, 41, 30, 306.57831081870995, 42
1, 2598180, 1484140, 1114040, 11135052.111890066, 81, 41, 40, 317.3, 42
1, 2598218, 1484178, 1114040, 11135312.994269686, 38, 38, 0, 260.88237961983884, 38
51, 2598313, 1484223, 1114090, 11135644.292833822, 95, 45, 50, 331.2985641352145, 46
1, 2598371, 1484251, 1114120, 11135933.95973593, 58, 28, 30, 289.66690210718946, 29
1, 2598454, 1484294, 1114160, 11136253.49468386, 83, 43, 40, 319.5349479292333, 44
51, 2598553, 1484343, 1114210, 11136588.828898413, 99, 49, 50, 335.33421455299043, 50
1, 2598630, 1484380, 1114250, 11136901.55456218, 77, 37, 40, 312.72566376652986, 38
1, 2598705, 1484425, 1114280, 11137212.937657818, 75, 45, 30, 311.38309563827124, 46
1, 2598747, 1484467, 1114280, 11137480.91064732, 42, 42, 0, 267.97298950218305, 42
1, 2598781, 1484501, 1114280, 11137734.184287596, 34, 34, 0, 253.2736402766418, 34
51, 2598911, 1484541, 1114370, 11138094.049125135, 130, 40, 90, 359.86483753851803, 42
1, 2598948, 1484578, 1114370, 11138353.08169659, 37, 37, 0, 259.03257145596604, 37
1, 2599014, 1484614, 1114400, 11138653.408684868, 66, 36, 30, 300.32698827717985, 37
1, 2599056, 1484656, 1114400, 11138921.38167437, 42, 42, 0, 267.97298950218305, 42
51, 2599174, 1484694, 1114480, 11139271.76899954, 118, 38, 80, 350.3873251689181, 40
1, 2599218, 1484738, 1114480, 11139543.11995723, 44, 44, 0, 271.35095769013947, 44
1, 2599338, 1484788, 1114550, 11139896.295049194, 120, 50, 70, 353.1750919646873, 52
1, 2599376, 1484826, 1114550, 11140157.177428814, 38, 38, 0, 260.88237961983884, 38
51, 2599488, 1484858, 1114630, 11140502.092741154, 112, 32, 80, 344.91531233955715, 34
1, 2599526, 1484896, 1114630, 11140762.975120774, 38, 38, 0, 260.88237961983884, 38
1, 2599589, 1484929, 1114660, 11141059.4064455, 63, 33, 30, 296.43132472612575, 34
1, 2599667, 1484967, 1114700, 11141373.28923212, 78, 38, 40, 313.8827866200841, 39
51, 2599752, 1485002, 1114750, 11141694.026259791, 85, 35, 50, 320.73702767108114, 36
1, 2599790, 1485040, 1114750, 11141954.90863941, 38, 38, 0, 260.88237961983884, 38
1, 2599823, 1485073, 1114750, 11142206.186812103, 33, 33, 0, 251.27817269284301, 33
1, 2599933, 1485113, 1114820, 11142550.23999615, 110, 40, 70, 344.0531840464366, 42
51, 2600028, 1485158, 1114870, 11142881.538560286, 95, 45, 50, 331.2985641352145, 46
1, 2600100, 1485190, 1114910, 11143188.33362331, 72, 32, 40, 306.79506302439404, 33
1, 2600173, 1485233, 1114940, 11143497.33490188, 73, 43, 30, 309.00127856917646, 44
1, 2600222, 1485282, 1114940, 11143776.710032986, 49, 49, 0, 279.3751311064591, 49
1, 2600307, 1485327, 1114980, 11144098.447060658, 85, 45, 40, 321.73702767108114, 46
51, 2600398, 1485368, 1115030, 11144425.606122596, 91, 41, 50, 327.1590619387661, 42
1, 2600434, 1485404, 1115030, 11144682.755096875, 36, 36, 0, 257.1489742783178, 36
1, 2600501, 1485441, 1115060, 11144984.355652133, 67, 37, 30, 301.6005552576305, 38
1, 2600577, 1485477, 1115100, 11145295.914824506, 76, 36, 40, 311.5591723737189, 37
51, 2600666, 1485516, 1115150, 11145620.96269007, 89, 39, 50, 325.0478655640733, 40
1, 2600705, 1485555, 1115150, 11145883.662630014, 39, 39, 0, 262.6999399439383, 39
1, 2600742, 1485592, 1115150, 11146142.69520147, 37, 37, 0, 259.03257145596604, 37
1, 2600779, 1485629, 1115150, 11146401.727772925, 37, 37, 0, 259.03257145596604, 37
51, 2600941, 1485671, 1115270, 11146784.189907426, 162, 42, 120, 382.4621345008163, 45
1, 2600981, 1485711, 1115270, 11147048.676593363, 40, 40, 0, 264.4866859365871, 40
1, 2601020, 1485750, 1115270, 11147311.376533307, 39, 39, 0, 262.6999399439383, 39
51, 2601101, 1485781, 1115320, 11147627.676533308, 81, 31, 50, 316.3, 32
1, 2601138, 1485818, 1115320, 11147886.709104763, 37, 37, 0, 259.03257145596604, 37
1, 2601222, 1485862, 1115360, 11148207.349115167, 84, 44, 40, 320.64001040350905, 45
1, 2601290, 1485900, 1115390, 11148510.21128627, 68, 38, 30, 302.86217110259, 39
51, 2601378, 1485938, 1115440, 11148834.19271763, 88, 38, 50, 323.98143136087856, 39
1, 2601450, 1485980, 1115470, 11149141.987780655, 72, 42, 30, 307.79506302439404, 43
1, 2601487, 1486017, 1115470, 11149401.02035211, 37, 37, 0, 259.03257145596604, 37
1, 2601599, 1486059, 1115540, 11149746.93566445, 112, 42, 70, 345.91531233955715, 44
1, 2601643, 1486103, 1115540, 11150018.28662214, 44, 44, 0, 271.35095769013947, 44
51, 2601769, 1486149, 1115620, 11150375.723518023, 126, 46, 80, 357.43689588345075, 48
1, 2601812, 1486192, 1115620, 11150645.398478227, 43, 43, 0, 269.6749602031015, 43
1, 2601854, 1486234, 1115620, 11150913.371467728, 42, 42, 0, 267.97298950218305, 42
51, 2601941, 1486271, 1115670, 11151236.279048726, 87, 37, 50, 322.9075809977351, 38
1, 2602029, 1486319, 1115710, 11151561.260480087, 88, 48, 40, 324.98143136087856, 49
1, 2602098, 1486358, 1115740, 11151865.372621797, 69, 39, 30, 304.1121417102006, 40
51, 2602192, 1486402, 1115790, 11152195.646347646, 94, 44, 50, 330.273725847777, 45
1, 2602227, 1486437, 1115790, 11152450.876275556, 35, 35, 0, 255.22992790977875, 35
1, 2602294, 1486474, 1115820, 11152752.476830814, 67, 37, 30, 301.6005552576305, 38
1, 2602369, 1486509, 1115860, 11153062.859926453, 75, 35, 40, 310.38309563827124, 36
51, 2602495, 1486555, 1115940, 11153420.296822336, 126, 46, 80, 357.43689588345075, 48
1, 2602530, 1486590, 1115940, 11153675.526750246, 35, 35, 0, 255.22992790977875, 35
1, 2602567, 1486627, 1115940, 11153934.559321702, 37, 37, 0, 259.03257145596604, 37
51, 2602655, 1486665, 1115990, 11154258.540753063, 88, 38, 50, 323.98143136087856, 39
1, 2602688, 1486698, 1115990, 11154509.818925755, 33, 33, 0, 251.27817269284301, 33
1, 2602802, 1486742, 1116060, 11154857.576913446, 114, 44, 70, 347.75798769167545, 46
1, 2602844, 1486784, 1116060, 11155125.549902948, 42, 42, 0, 267.97298950218305, 42
51, 2602969, 1486829, 1116140, 11155482.120055435, 125, 45, 80, 356.57015248821097, 47
1, 2603053, 1486873, 1116180, 11155802.760065839, 84, 44, 40, 320.64001040350905, 45
1, 2603124, 1486914, 1116210, 11156109.338376658, 71, 41, 30, 306.57831081870995, 42
51, 2603219, 1486959, 1116260, 11156440.636940794, 95, 45, 50, 331.2985641352145, 46
1, 2603308, 1487008, 1116300, 11156766.684806358, 89, 49, 40, 326.0478655640733, 50
1, 2603340, 1487040, 1116300, 11157015.926229358, 32, 32, 0, 249.24142300054422, 32
1, 2603383, 1487083, 1116300, 11157285.601189561, 43, 43, 0, 269.6749602031015, 43
51, 2603469, 1487119, 1116350, 11157607.42735421, 86, 36, 50, 321.82616464756694, 37
1, 2603588, 1487168, 1116420, 11157959.710749412, 119, 49, 70, 352.28339520229764, 51
1, 2603624, 1487204, 1116420, 11158216.85972369, 36, 36, 0, 257.1489742783178, 36
1, 2603660, 1487240, 1116420, 11158474.00869797, 36, 36, 0, 257.1489742783178, 36
1, 2603732, 1487282, 1116450, 11158781.803760994, 72, 42, 30, 307.79506302439404, 43
51, 2603861, 1487321, 1116540, 11159140.817361485, 129, 39, 90, 359.01360049114555, 41
1, 2603904, 1487364, 1116540, 11159410.492321689, 43, 43, 0, 269.6749602031015, 43
1, 2603950, 1487410, 1116540, 11159685.121390402, 46, 46, 0, 274.6290687140218, 46
1, 2604016, 1487446, 1116570, 11159985.44837868, 66, 36, 30, 300.32698827717985, 37
51, 2604108, 1487488, 1116620, 11160313.652480148, 92, 42, 50, 328.20410146824725, 43
1, 2604184, 1487524, 1116660, 11160625.211652521, 76, 36, 40, 311.5591723737189, 37
1, 2604219, 1487559, 1116660, 11160880.441580432, 35, 35, 0, 255.22992790977875, 35
1, 2604252, 1487592, 1116660, 11161131.719753124, 33, 33, 0, 251.27817269284301, 33
1, 2604363, 1487633, 1116730, 11161476.706471164, 111, 41, 70, 344.9867180408456, 43
51, 2604445, 1487665, 1116780, 11161794.128141006, 82, 32, 50, 317.42166984345636, 33
1, 2604484, 1487704, 1116780, 11162056.82808095, 39, 39, 0, 262.6999399439383, 39
1, 2604528, 1487748, 1116780, 11162328.17903864, 44, 44, 0, 271.35095769013947, 44
1, 2604573, 1487793, 1116780, 11162601.181045052, 45, 45, 0, 273.00200641113514, 45
51, 2604696, 1487836, 1116860, 11162956.005616313, 123, 43, 80, 354.8245712617827, 45
1, 2604779, 1487879, 1116900, 11163275.540564243, 83, 43, 40, 319.5349479292333, 44
1, 2604833, 1487903, 1116930, 11163559.521165326, 54, 24, 30, 283.9806010829534, 25
1, 2604872, 1487942, 1116930, 11163822.22110527, 39, 39, 0, 262.6999399439383, 39
1, 2604913, 1487983, 1116930, 11164088.465058714, 41, 41, 0, 266.24395344352433, 41
51, 2605003, 1488023, 1116980, 11164414.572087537, 90, 40, 50, 326.1070288241023, 41
1, 2605078, 1488058, 1117020, 11164724.955183176, 75, 35, 40, 310.38309563827124, 36
1, 2605149, 1488099, 1117050, 11165031.533493996, 71, 41, 30, 306.57831081870995, 42
51, 2605244, 1488144, 1117100, 11165362.832058132, 95, 45, 50, 331.2985641352145, 46
1, 2605308, 1488178, 1117130, 11165660.574770607, 64, 34, 30, 297.742712474619, 35
1, 2605390, 1488220, 1117170, 11165978.99644045, 82, 42, 40, 318.42166984345636, 43
1, 2605437, 1488267, 1117170, 11166255.22949032, 47, 47, 0, 276.2330498695885, 47
1, 2605483, 1488313, 1117170, 11166529.858559033, 46, 46, 0, 274.6290687140218, 46
51, 2605607, 1488347, 1117260, 11166884.557955582, 124, 34, 90, 354.6993965481514, 36
1, 2605682, 1488392, 1117290, 11167195.94105122, 75, 45, 30, 311.38309563827124, 46
1, 2605729, 1488439, 1117290, 11167472.17410109, 47, 47, 0, 276.2330498695885, 47
1, 2605766, 1488476, 1117290, 11167731.206672546, 37, 37, 0, 259.03257145596604, 37
51, 2605893, 1488513, 1117380, 11168088.506354844, 127, 37, 90, 357.2996822992933, 39
1, 2605931, 1488551, 1117380, 11168349.388734464, 38, 38, 0, 260.88237961983884, 38
1, 2606000, 1488590, 1117410, 11168653.500876173, 69, 39, 30, 304.1121417102006, 40
51, 2606085, 1488625, 1117460, 11168974.237903845, 85, 35, 50, 320.73702767108114, 36
1, 2606123, 1488663, 1117460, 11169235.120283464, 38, 38, 0, 260.88237961983884, 38
1, 2606223, 1488693, 1117530, 11169569.548049482, 100, 30, 70, 334.42776601683795, 32
51, 2606314, 1488734, 1117580, 11169896.70711142, 91, 41, 50, 327.1590619387661, 42
1, 2606363, 1488783, 1117580, 11170176.082242526, 49, 49, 0, 279.3751311064591, 49
1, 2606476, 1488826, 1117650, 11170522.921286395, 113, 43, 70, 346.83904386951343, 45
1, 2606517, 1488867, 1117650, 11170789.165239839, 41, 41, 0, 266.24395344352433, 41
51, 2606650, 1488910, 1117740, 11171151.56150888, 133, 43, 90, 362.3962690412072, 45
1, 2606719, 1488949, 1117770, 11171455.67365059, 69, 39, 30, 304.1121417102006, 40
1, 2606803, 1488993, 1117810, 11171776.313660994, 84, 44, 40, 320.64001040350905, 45
1, 2606873, 1489033, 1117840, 11172081.664421845, 70, 40, 30, 305.3507608519078, 41
1, 2606912, 1489072, 1117840, 11172344.36436179, 39, 39, 0, 262.6999399439383, 39
51, 2607008, 1489118, 1117890, 11172676.681277804, 96, 46, 50, 332.31691601465747, 47
1, 2607080, 1489160, 1117920, 11172984.476340828, 72, 42, 30, 307.79506302439404, 43
1, 2607158, 1489198, 1117960, 11173298.359127449, 78, 38, 40, 313.8827866200841, 39
1, 2607193, 1489233, 1117960, 11173553.58905536, 35, 35, 0, 255.22992790977875, 35
1, 2607238, 1489278, 1117960, 11173826.59106177, 45, 45, 0, 273.00200641113514, 45
51, 2607334, 1489324, 1118010, 11174158.907977786, 96, 46, 50, 332.31691601465747, 47
1, 2607408, 1489368, 1118040, 11174469.105186554, 74, 44, 30, 310.1972087668518, 45
1, 2607454, 1489414, 1118040, 11174743.734255267, 46, 46, 0, 274.6290687140218, 46
1, 2607566, 1489456, 1118110, 11175089.649567608, 112, 42, 70, 345.91531233955715, 44
1, 2607609, 1489499, 1118110, 11175359.324527811, 43, 43, 0, 269.6749602031015, 43
51, 2607702, 1489542, 1118160, 11175688.566807719, 93, 43, 50, 329.24227990714814, 44
1, 2607789, 1489589, 1118200, 11176012.474388717, 87, 47, 40, 323.9075809977351, 48
1, 2607861, 1489631, 1118230, 11176320.269451741, 72, 42, 30, 307.79506302439404, 43
1, 2607892, 1489662, 1118230, 11176567.430557918, 31, 31, 0, 247.1611061770567, 31
51, 2608001, 1489691, 1118310, 11176909.545189418, 109, 29, 80, 342.114631499574, 31
1, 2608082, 1489732, 1118350, 11177226.845189419, 81, 41, 40, 317.3, 42
1, 2608126, 1489776, 1118350, 11177498.196147108, 44, 44, 0, 271.35095769013947, 44
1, 2608163, 1489813, 1118350, 11177757.228718564, 37, 37, 0, 259.03257145596604, 37
1, 2608232, 1489852, 1118380, 11178061.340860274, 69, 39, 30, 304.1121417102006, 40
51, 2608325, 1489895, 1118430, 11178390.583140181, 93, 43, 50, 329.24227990714814, 44
1, 2608386, 1489926, 1118460, 11178684.351379449, 61, 31, 30, 293.7682392671241, 32
1, 2608471, 1489971, 1118500, 11179006.08840712, 85, 45, 40, 321.73702767108114, 46
51, 2608560, 1490010, 1118550, 11179331.136272684, 89, 39, 50, 325.0478655640733, 40
1, 2608596, 1490046, 1118550, 11179588.285246963, 36, 36, 0, 257.1489742783178, 36
1, 2608703, 1490083, 1118620, 11179929.507392233, 107, 37, 70, 341.2221452697031, 39
1, 2608739, 1490119, 1118620, 11180186.656366512, 36, 36, 0, 257.1489742783178, 36
51, 2608833, 1490163, 1118670, 11180516.93009236, 94, 44, 50, 330.273725847777, 45
1, 2608911, 1490211, 1118700, 11180831.812878981, 78, 48, 30, 314.8827866200841, 49
1, 2608990, 1490250, 1118740, 11181146.84362911, 79, 39, 40, 315.03075013013313, 40
1, 2609036, 1490296, 1118740, 11181421.472697824, 46, 46, 0, 274.6290687140218, 46
51, 2609125, 1490335, 1118790, 11181746.520563388, 89, 39, 50, 325.0478655640733, 40
1, 2609197, 1490377, 1118820, 11182054.315626413, 72, 42, 30, 307.79506302439404, 43
1, 2609279, 1490419, 1118860, 11182372.737296255, 82, 42, 40, 318.42166984345636, 43
1, 2609320, 1490460, 1118860, 11182638.9812497, 41, 41, 0, 266.24395344352433, 41
51, 2609413, 1490503, 1118910, 11182968.223529607, 93, 43, 50, 329.24227990714814, 44
1, 2609503, 1490553, 1118950, 11183295.33055843, 90, 50, 40, 327.1070288241023, 51
1, 2609540, 1490590, 1118950, 11183554.363129886, 37, 37, 0, 259.03257145596604, 37
1, 2609610, 1490630, 1118980, 11183859.713890737, 70, 40, 30, 305.3507608519078, 41
51, 2609701, 1490671, 1119030, 11184186.872952675, 91, 41, 50, 327.1590619387661, 42
1, 2609815, 1490715, 1119100, 11184534.630940367, 114, 44, 70, 347.75798769167545, 46
1, 2609851, 1490751, 1119100, 11184791.779914645, 36, 36, 0, 257.1489742783178, 36
1, 2609891, 1490791, 1119100, 11185056.266600583, 40, 40, 0, 264.4866859365871, 40
1, 2609935, 1490835, 1119100, 11185327.617558273, 44, 44, 0, 271.35095769013947, 44
51, 2610028, 1490878, 1119150, 11185656.85983818, 93, 43, 50, 329.24227990714814, 44
1, 2610140, 1490920, 1119220, 11186002.77515052, 112, 42, 70, 345.91531233955715, 44
1, 2610188, 1490968, 1119220, 11186280.589953111, 48, 48, 0, 277.8148025904985, 48
1, 2610225, 1491005, 1119220, 11186539.622524567, 37, 37, 0, 259.03257145596604, 37
51, 2610346, 1491046, 1119300, 11186892.685003603, 121, 41, 80, 353.06247903554, 43
1, 2610388, 1491088, 1119300, 11187160.657993104, 42, 42, 0, 267.97298950218305, 42
1, 2610479, 1491139, 1119340, 11187488.817055043, 91, 51, 40, 328.1590619387661, 52
1, 2610520, 1491180, 1119340, 11187755.061008487, 41, 41, 0, 266.24395344352433, 41
51, 2610618, 1491228, 1119390, 11188089.395636851, 98, 48, 50, 334.33462836457886, 49
1, 2610695, 1491275, 1119420, 11188403.121300617, 77, 47, 30, 313.72566376652986, 48
1, 2610770, 1491310, 1119460, 11188713.504396256, 75, 35, 40, 310.38309563827124, 36
1, 2610852, 1491362, 1119490, 11189032.926066099, 82, 52, 30, 319.42166984345636, 53
1, 2610894, 1491404, 1119490, 11189300.8990556, 42, 42, 0, 267.97298950218305, 42
51, 2610988, 1491448, 1119540, 11189631.172781449, 94, 44, 50, 330.273725847777, 45
1, 2611032, 1491492, 1119540, 11189902.523739139, 44, 44, 0, 271.35095769013947, 44
1, 2611072, 1491532, 1119540, 11190167.010425076, 40, 40, 0, 264.4866859365871, 40
1, 2611188, 1491578, 1119610, 11190516.592228567, 116, 46, 70, 349.5818034911291, 48
51, 2611272, 1491612, 1119660, 11190836.23223897, 84, 34, 50, 319.64001040350905, 35
1, 2611316, 1491656, 1119660, 11191107.58319666, 44, 44, 0, 271.35095769013947, 44
1, 2611358, 1491698, 1119660, 11191375.556186162, 42, 42, 0, 267.97298950218305, 42
1, 2611424, 1491734, 1119690, 11191675.88317444, 66, 36, 30, 300.32698827717985, 37
51, 2611506, 1491766, 1119740, 11191993.304844283, 82, 32, 50, 317.42166984345636, 33
1, 2611618, 1491808, 1119810, 11192339.220156623, 112, 42, 70, 345.91531233955715, 44
1, 2611665, 1491855, 1119810, 11192615.453206493, 47, 47, 0, 276.2330498695885, 47
1, 2611728, 1491888, 1119840, 11192911.884531219, 63, 33, 30, 296.43132472612575, 34
51, 2611815, 1491925, 1119890, 11193234.792112216, 87, 37, 50, 322.9075809977351, 38
1, 2611854, 1491964, 1119890, 11193497.49205216, 39, 39, 0, 262.6999399439383, 39
1, 2611934, 1492004, 1119930, 11193813.661808405, 80, 40, 40, 316.1697562442441, 41
1, 2611979, 1492049, 1119930, 11194086.663814817, 45, 45, 0, 273.00200641113514, 45
1, 2612016, 1492086, 1119930, 11194345.696386272, 37, 37, 0, 259.03257145596604, 37
51, 2612142, 1492132, 1120010, 11194703.133282155, 126, 46, 80, 357.43689588345075, 48
1, 2612186, 1492176, 1120010, 11194974.484239845, 44, 44, 0, 271.35095769013947, 44
1, 2612264, 1492214, 1120050, 11195288.367026465, 78, 38, 40, 313.8827866200841, 39
51, 2612351, 1492251, 1120100, 11195611.274607463, 87, 37, 50, 322.9075809977351, 38
1, 2612431, 1492291, 1120140, 11195927.444363708, 80, 40, 40, 316.1697562442441, 41
1, 2612503, 1492333, 1120170, 11196235.239426732, 72, 42, 30, 307.79506302439404, 43
1, 2612535, 1492365, 1120170, 11196484.480849732, 32, 32, 0, 249.24142300054422, 32
1, 2612607, 1492407, 1120200, 11196792.275912756, 72, 42, 30, 307.79506302439404, 43
51, 2612736, 1492446, 1120290, 11197151.289513247, 129, 39, 90, 359.01360049114555, 41
1, 2612776, 1492486, 1120290, 11197415.776199184, 40, 40, 0, 264.4866859365871, 40
1, 2612849, 1492529, 1120320, 11197724.777477754, 73, 43, 30, 309.00127856917646, 44
1, 2612929, 1492569, 1120360, 11198040.947234, 80, 40, 40, 316.1697562442441, 41
51, 2613017, 1492607, 1120410, 11198364.92866536, 88, 38, 50, 323.98143136087856, 39
1, 2613086, 1492646, 1120440, 11198669.04080707, 69, 39, 30, 304.1121417102006, 40
1, 2613138, 1492698, 1120440, 11198952.9757685, 52, 52, 0, 283.93496142826496, 52
1, 2613227, 1492747, 1120480, 11199279.023634063, 89, 49, 40, 326.0478655640733, 50
51, 2613319, 1492789, 1120530, 11199607.22773553, 92, 42, 50, 328.20410146824725, 43
1, 2613356, 1492826, 1120530, 11199866.260306986, 37, 37, 0, 259.03257145596604, 37
1, 2613464, 1492864, 1120600, 11200208.431286532, 108, 38, 70, 342.1709795470626, 40
51, 2613553, 1492903, 1120650, 11200533.479152096, 89, 39, 50, 325.0478655640733, 40
1, 2613583, 1492933, 1120650, 11200778.513884028, 30, 30, 0, 245.0347319320716, 30
1, 2613627, 1492977, 1120650, 11201049.864841718, 44, 44, 0, 271.35095769013947, 44
1, 2613705, 1493015, 1120690, 11201363.747628339, 78, 38, 40, 313.8827866200841, 39
1, 2613746, 1493056, 1120690, 11201629.991581783, 41, 41, 0, 266.24395344352433, 41
51, 2613869, 1493099, 1120770, 11201984.816153044, 123, 43, 80, 354.8245712617827, 45
1, 2613913, 1493143, 1120770, 11202256.167110734, 44, 44, 0, 271.35095769013947, 44
1, 2613956, 1493186, 1120770, 11202525.842070937, 43, 43, 0, 269.6749602031015, 43
51, 2614082, 1493222, 1120860, 11202882.27896682, 126, 36, 90, 356.43689588345075, 38
1, 2614114, 1493254, 1120860, 11203131.52038982, 32, 32, 0, 249.24142300054422, 32
1, 2614184, 1493294, 1120890, 11203436.87115067, 70, 40, 30, 305.3507608519078, 41
1, 2614232, 1493342, 1120890, 11203714.685953261, 48, 48, 0, 277.8148025904985, 48
51, 2614328, 1493388, 1120940, 11204047.002869276, 96, 46, 50, 332.31691601465747, 47
1, 2614417, 1493437, 1120980, 11204373.05073484, 89, 49, 40, 326.0478655640733, 50
1, 2614459, 1493479, 1120980, 11204641.023724342, 42, 42, 0, 267.97298950218305, 42
1, 2614535, 1493525, 1121010, 11204953.582896715, 76, 46, 30, 312.5591723737189, 47
51, 2614626, 1493566, 1121060, 11205280.741958654, 91, 41, 50, 327.1590619387661, 42
1, 2614671, 1493611, 1121060, 11205553.743965065, 45, 45, 0, 273.00200641113514, 45
1, 2614760, 1493660, 1121100, 11205879.79183063, 89, 49, 40, 326.0478655640733, 50
51, 2614844, 1493694, 1121150, 11206199.431841033, 84, 34, 50, 319.64001040350905, 35
1, 2614961, 1493741, 1121220, 11206549.918657832, 117, 47, 70, 350.4868167986058, 49
1, 2614995, 1493775, 1121220, 11206803.192298109, 34, 34, 0, 253.2736402766418, 34
51, 2615080, 1493810, 1121270, 11207123.92932578, 85, 35, 50, 320.73702767108114, 36
1, 2615196, 1493856, 1121340, 11207473.511129271, 116, 46, 70, 349.5818034911291, 48
1, 2615237, 1493897, 1121340, 11207739.755082715, 41, 41, 0, 266.24395344352433, 41
1, 2615299, 1493929, 1121370, 11208034.861709045, 62, 32, 30, 295.1066263296683, 33
51, 2615399, 1493979, 1121420, 11208371.189475061, 100, 50, 50, 336.327766016838, 51
1, 2615446, 1494026, 1121420, 11208647.42252493, 47, 47, 0, 276.2330498695885, 47
1, 2615549, 1494059, 1121490, 11208984.795774987, 103, 33, 70, 337.37325005549695, 35
51, 2615642, 1494102, 1121540, 11209314.038054895, 93, 43, 50, 329.24227990714814, 44
1, 2615677, 1494137, 1121540, 11209569.267982805, 35, 35, 0, 255.22992790977875, 35
1, 2615756, 1494176, 1121580, 11209884.298732935, 79, 39, 40, 315.03075013013313, 40
1, 2615837, 1494227, 1121610, 11210202.598732935, 81, 51, 30, 318.3, 52
1, 2615876, 1494266, 1121610, 11210465.29867288, 39, 39, 0, 262.6999399439383, 39
51, 2615967, 1494307, 1121660, 11210792.457734818, 91, 41, 50, 327.1590619387661, 42
1, 2616045, 1494345, 1121700, 11211106.340521438, 78, 38, 40, 313.8827866200841, 39
1, 2616084, 1494384, 1121700, 11211369.040461382, 39, 39, 0, 262.6999399439383, 39
1, 2616126, 1494426, 1121700, 11211637.013450883, 42, 42, 0, 267.97298950218305, 42
51, 2616242, 1494462, 1121780, 11211985.595254375, 116, 36, 80, 348.5818034911291, 38
1, 2616326, 1494506, 1121820, 11212306.235264778, 84, 44, 40, 320.64001040350905, 45
1, 2616374, 1494554, 1121820, 11212584.050067369, 48, 48, 0, 277.8148025904985, 48
1, 2616408, 1494588, 1121820, 11212837.323707646, 34, 34, 0, 253.2736402766418, 34
51, 2616573, 1494633, 1121940, 11213222.026171068, 165, 45, 120, 384.7024634215721, 48
1, 2616613, 1494673, 1121940, 11213486.512857005, 40, 40, 0, 264.4866859365871, 40
1, 2616658, 1494718, 1121940, 11213759.514863417, 45, 45, 0, 273.00200641113514, 45
51, 2616750, 1494760, 1121990, 11214087.718964884, 92, 42, 50, 328.20410146824725, 43
1, 2616784, 1494794, 1121990, 11214340.99260516, 34, 34, 0, 253.2736402766418, 34
1, 2616860, 1494840, 1122020, 11214653.551777534, 76, 46, 30, 312.5591723737189, 47
1, 2616941, 1494881, 1122060, 11214970.851777535, 81, 41, 40, 317.3, 42
51, 2617067, 1494927, 1122140, 11215328.288673418, 126, 46, 80, 357.43689588345075, 48
1, 2617114, 1494974, 1122140, 11215604.521723287, 47, 47, 0, 276.2330498695885, 47
1, 2617152, 1495012, 1122140, 11215865.404102907, 38, 38, 0, 260.88237961983884, 38
1, 2617234, 1495054, 1122180, 11216183.82577275, 82, 42, 40, 318.42166984345636, 43
51, 2617323, 1495093, 1122230, 11216508.873638313, 89, 39, 50, 325.0478655640733, 40
1, 2617398, 1495138, 1122260, 11216820.256733952, 75, 45, 30, 311.38309563827124, 46
1, 2617426, 1495166, 1122260, 11217060.88939733, 28, 28, 0, 240.63266337912057, 28
1, 2617468, 1495208, 1122260, 11217328.862386832, 42, 42, 0, 267.97298950218305, 42
51, 2617563, 1495253, 1122310, 11217660.160950968, 95, 45, 50, 331.2985641352145, 46
1, 2617635, 1495285, 1122350, 11217966.956013992, 72, 32, 40, 306.79506302439404, 33
1, 2617668, 1495318, 1122350, 11218218.234186685, 33, 33, 0, 251.27817269284301, 33
1, 2617742, 1495362, 1122380, 11218528.431395452, 74, 44, 30, 310.1972087668518, 45
51, 2617872, 1495402, 1122470, 11218888.29623299, 130, 40, 90, 359.86483753851803, 42
1, 2617922, 1495452, 1122470, 11219169.211027838, 50, 50, 0, 280.9147948472494, 50
1, 2618001, 1495501, 1122500, 11219485.241777968, 79, 49, 30, 316.03075013013313, 50
1, 2618039, 1495539, 1122500, 11219746.124157587, 38, 38, 0, 260.88237961983884, 38
51, 2618123, 1495573, 1122550, 11220065.76416799, 84, 34, 50, 319.64001040350905, 35
1, 2618197, 1495607, 1122590, 11220374.961376758, 74, 34, 40, 309.1972087668518, 35
1, 2618252, 1495662, 1122590, 11220663.288358292, 55, 55, 0, 288.32698153315005, 55
1, 2618287, 1495697, 1122590, 11220918.518286202, 35, 35, 0, 255.22992790977875, 35
51, 2618442, 1495732, 1122710, 11221295.66243874, 155, 35, 120, 377.14415253747273, 38
1, 2618486, 1495776, 1122710, 11221567.013396429, 44, 44, 0, 271.35095769013947, 44
1, 2618530, 1495820, 1122710, 11221838.364354119, 44, 44, 0, 271.35095769013947, 44
1, 2618606, 1495856, 1122750, 11222149.923526492, 76, 36, 40, 311.5591723737189, 37
51, 2618703, 1495903, 1122800, 11222483.252425764, 97, 47, 50, 333.3288992714996, 48
1, 2618779, 1495949, 1122830, 11222795.811598137, 76, 46, 30, 312.5591723737189, 47
1, 2618818, 1495988, 1122830, 11223058.51153808, 39, 39, 0, 262.6999399439383, 39
1, 2618865, 1496035, 1122830, 11223334.74458795, 47, 47, 0, 276.2330498695885, 47
51, 2618990, 1496080, 1122910, 11223691.314740438, 125, 45, 80, 356.57015248821097, 47
1, 2619066, 1496116, 1122950, 11224002.873912811, 76, 36, 40, 311.5591723737189, 37
1, 2619106, 1496156, 1122950, 11224267.360598749, 40, 40, 0, 264.4866859365871, 40
1, 2619146, 1496196, 1122950, 11224531.847284686, 40, 40, 0, 264.4866859365871, 40
1, 2619212, 1496232, 1122980, 11224832.174272964, 66, 36, 30, 300.32698827717985, 37
51, 2619341, 1496271, 1123070, 11225191.187873455, 129, 39, 90, 359.01360049114555, 41
1, 2619379, 1496309, 1123070, 11225452.070253074, 38, 38, 0, 260.88237961983884, 38
1, 2619463, 1496353, 1123110, 11225772.710263478, 84, 44, 40, 320.64001040350905, 45
1, 2619502, 1496392, 1123110, 11226035.410203421, 39, 39, 0, 262.6999399439383, 39
51, 2619671, 1496441, 1123230, 11226423.065330967, 169, 49, 120, 387.65512754639894, 52
1, 2619714, 1496484, 1123230, 11226692.74029117, 43, 43, 0, 269.6749602031015, 43
1, 2619759, 1496529, 1123230, 11226965.742297582, 45, 45, 0, 273.00200641113514, 45
1, 2619795, 1496565, 1123230, 11227222.891271861, 36, 36, 0, 257.1489742783178, 36
51, 2619958, 1496608, 1123350, 11227606.10269534, 163, 43, 120, 383.21142347822723, 46
1, 2619998, 1496648, 1123350, 11227870.589381278, 40, 40, 0, 264.4866859365871, 40
1, 2620069, 1496689, 1123380, 11228177.167692097, 71, 41, 30, 306.57831081870995, 42
51, 2620207, 1496737, 1123470, 11228543.71162165, 138, 48, 90, 366.54392955194305, 50
1, 2620249, 1496779, 1123470, 11228811.684611151, 42, 42, 0, 267.97298950218305, 42
1, 2620284, 1496814, 1123470, 11229066.914539061, 35, 35, 0, 255.22992790977875, 35
1, 2620367, 1496857, 1123510, 11229386.449486991, 83, 43, 40, 319.5349479292333, 44
51, 2620488, 1496898, 1123590, 11229739.511966027, 121, 41, 80, 353.06247903554, 43
1, 2620529, 1496939, 1123590, 11230005.755919471, 41, 41, 0, 266.24395344352433, 41
1, 2620570, 1496980, 1123590, 11230271.999872915, 41, 41, 0, 266.24395344352433, 41
1, 2620642, 1497022, 1123620, 11230579.79493594, 72, 42, 30, 307.79506302439404, 43
1, 2620684, 1497064, 1123620, 11230847.767925441, 42, 42, 0, 267.97298950218305, 42
51, 2620810, 1497100, 1123710, 11231204.204821324, 126, 36, 90, 356.43689588345075, 38
1, 2620853, 1497143, 1123710, 11231473.879781527, 43, 43, 0, 269.6749602031015, 43
1, 2620930, 1497190, 1123740, 11231787.605445294, 77, 47, 30, 313.72566376652986, 48
1, 2620969, 1497229, 1123740, 11232050.305385238, 39, 39, 0, 262.6999399439383, 39
51, 2621054, 1497264, 1123790, 11232371.042412909, 85, 35, 50, 320.73702767108114, 36
1, 2621142, 1497312, 1123830, 11232696.02384427, 88, 48, 40, 324.98143136087856, 49
1, 2621181, 1497351, 1123830, 11232958.723784214, 39, 39, 0, 262.6999399439383, 39
1, 2621230, 1497400, 1123830, 11233238.09891532, 49, 49, 0, 279.3751311064591, 49
51, 2621390, 1497440, 1123950, 11233619.054797327, 160, 40, 120, 380.95588200778457, 43
1, 2621434, 1497484, 1123950, 11233890.405755017, 44, 44, 0, 271.35095769013947, 44
1, 2621510, 1497520, 1123990, 11234201.96492739, 76, 36, 40, 311.5591723737189, 37
1, 2621550, 1497560, 1123990, 11234466.451613327, 40, 40, 0, 264.4866859365871, 40
1, 2621580, 1497590, 1123990, 11234711.48634526, 30, 30, 0, 245.0347319320716, 30
51, 2621735, 1497625, 1124110, 11235088.630497796, 155, 35, 120, 377.14415253747273, 38
1, 2621771, 1497661, 1124110, 11235345.779472075, 36, 36, 0, 257.1489742783178, 36
1, 2621804, 1497694, 1124110, 11235597.057644768, 33, 33, 0, 251.27817269284301, 33
1, 2621846, 1497736, 1124110, 11235865.03063427, 42, 42, 0, 267.97298950218305, 42
51, 2621925, 1497765, 1124160, 11236179.061384398, 79, 29, 50, 314.03075013013313, 30
1, 2621997, 1497797, 1124200, 11236485.856447423, 72, 32, 40, 306.79506302439404, 33
1, 2622070, 1497840, 1124230, 11236794.857725993, 73, 43, 30, 309.00127856917646, 44
1, 2622104, 1497874, 1124230, 11237048.13136627, 34, 34, 0, 253.2736402766418, 34
51, 2622203, 1497923, 1124280, 11237383.465580823, 99, 49, 50, 335.33421455299043, 50
1, 2622241, 1497961, 1124280, 11237644.347960442, 38, 38, 0, 260.88237961983884, 38
1, 2622279, 1497999, 1124280, 11237905.230340062, 38, 38, 0, 260.88237961983884, 38
1, 2622365, 1498045, 1124320, 11238228.05650471, 86, 46, 40, 322.82616464756694, 47
1, 2622431, 1498081, 1124350, 11238528.383492988, 66, 36, 30, 300.32698827717985, 37
51, 2622514, 1498114, 1124400, 11238846.918440918, 83, 33, 50, 318.5349479292333, 34
1, 2622557, 1498157, 1124400, 11239116.593401121, 43, 43, 0, 269.6749602031015, 43
1, 2622642, 1498202, 1124440, 11239438.330428792, 85, 45, 40, 321.73702767108114, 46
1, 2622679, 1498239, 1124440, 11239697.363000248, 37, 37, 0, 259.03257145596604, 37
51, 2622796, 1498276, 1124520, 11240046.849817047, 117, 37, 80, 349.4868167986058, 39
1, 2622878, 1498318, 1124560, 11240365.27148689, 82, 42, 40, 318.42166984345636, 43
1, 2622952, 1498362, 1124590, 11240675.468695657, 74, 44, 30, 310.1972087668518, 45
1, 2622990, 1498400, 1124590, 11240936.351075277, 38, 38, 0, 260.88237961983884, 38
51, 2623089, 1498449, 1124640, 11241271.68528983, 99, 49, 50, 335.33421455299043, 50
1, 2623163, 1498483, 1124680, 11241580.882498598, 74, 34, 40, 309.1972087668518, 35
1, 2623231, 1498521, 1124710, 11241883.7446697, 68, 38, 30, 302.86217110259, 39
1, 2623275, 1498565, 1124710, 11242155.09562739, 44, 44, 0, 271.35095769013947, 44
51, 2623360, 1498600, 1124760, 11242475.832655061, 85, 35, 50, 320.73702767108114, 36
1, 2623445, 1498645, 1124800, 11242797.569682732, 85, 45, 40, 321.73702767108114, 46
1, 2623513, 1498683, 1124830, 11243100.431853835, 68, 38, 30, 302.86217110259, 39
51, 2623612, 1498732, 1124880, 11243435.766068388, 99, 49, 50, 335.33421455299043, 50
1, 2623653, 1498773, 1124880, 11243702.010021832, 41, 41, 0, 266.24395344352433, 41
1, 2623716, 1498806, 1124910, 11243998.441346558, 63, 33, 30, 296.43132472612575, 34
1, 2623787, 1498837, 1124950, 11244304.019657377, 71, 31, 40, 305.57831081870995, 32
51, 2623888, 1498888, 1125000, 11244641.335045349, 101, 51, 50, 337.31538797227006, 52
1, 2623918, 1498918, 1125000, 11244886.36977728, 30, 30, 0, 245.0347319320716, 30
1, 2623960, 1498960, 1125000, 11245154.342766782, 42, 42, 0, 267.97298950218305, 42
1, 2624066, 1498996, 1125070, 11245494.610810392, 106, 36, 70, 340.2680436096278, 38
51, 2624158, 1499038, 1125120, 11245822.81491186, 92, 42, 50, 328.20410146824725, 43
1, 2624204, 1499084, 1125120, 11246097.443980573, 46, 46, 0, 274.6290687140218, 46
1, 2624245, 1499125, 1125120, 11246363.687934017, 41, 41, 0, 266.24395344352433, 41
1, 2624330, 1499170, 1125160, 11246685.424961688, 85, 45, 40, 321.73702767108114, 46
51, 2624451, 1499211, 1125240, 11247038.487440724, 121, 41, 80, 353.06247903554, 43
1, 2624492, 1499252, 1125240, 11247304.731394168, 41, 41, 0, 266.24395344352433, 41
1, 2624534, 1499294, 1125240, 11247572.70438367, 42, 42, 0, 267.97298950218305, 42
51, 2624652, 1499332, 1125320, 11247923.091708839, 118, 38, 80, 350.3873251689181, 40
1, 2624739, 1499379, 1125360, 11248246.999289837, 87, 47, 40, 323.9075809977351, 48
1, 2624781, 1499421, 1125360, 11248514.972279338, 42, 42, 0, 267.97298950218305, 42
51, 2624874, 1499464, 1125410, 11248844.214559246, 93, 43, 50, 329.24227990714814, 44
1, 2624943, 1499493, 1125450, 11249147.326700956, 69, 29, 40, 303.1121417102006, 30
1, 2625008, 1499528, 1125480, 11249446.3678524, 65, 35, 30, 299.04115144336777, 36
1, 2625058, 1499578, 1125480, 11249727.282647246, 50, 50, 0, 280.9147948472494, 50
51, 2625214, 1499614, 1125600, 11250105.19453155, 156, 36, 120, 377.9118843049396, 39
1, 2625259, 1499659, 1125600, 11250378.196537962, 45, 45, 0, 273.00200641113514, 45
1, 2625285, 1499685, 1125600, 11250614.206624398, 26, 26, 0, 236.01008643532256, 26
1, 2625362, 1499722, 1125640, 11250926.932288164, 77, 37, 40, 312.72566376652986, 38
1, 2625406, 1499766, 1125640, 11251198.283245854, 44, 44, 0, 271.35095769013947, 44
51, 2625501, 1499811, 1125690, 11251529.58180999, 95, 45, 50, 331.2985641352145, 46
1, 2625580, 1499860, 1125720, 11251845.61256012, 79, 49, 30, 316.03075013013313, 50
1, 2625618, 1499898, 1125720, 11252106.494939739, 38, 38, 0, 260.88237961983884, 38
1, 2625700, 1499940, 1125760, 11252424.916609582, 82, 42, 40, 318.42166984345636, 43
1, 2625738, 1499978, 1125760, 11252685.798989201, 38, 38, 0, 260.88237961983884, 38
51, 2625868, 1500018, 1125850, 11253045.66382674, 130, 40, 90, 359.86483753851803, 42
1, 2625903, 1500053, 1125850, 11253300.89375465, 35, 35, 0, 255.22992790977875, 35
1, 2625975, 1500095, 1125880, 11253608.688817674, 72, 42, 30, 307.79506302439404, 43
51, 2626101, 1500131, 1125970, 11253965.125713557, 126, 36, 90, 356.43689588345075, 38
1, 2626140, 1500170, 1125970, 11254227.8256535, 39, 39, 0, 262.6999399439383, 39
1, 2626218, 1500208, 1126010, 11254541.708440121, 78, 38, 40, 313.8827866200841, 39
1, 2626260, 1500250, 1126010, 11254809.681429623, 42, 42, 0, 267.97298950218305, 42
51, 2626380, 1500290, 1126090, 11255161.856521588, 120, 40, 80, 352.1750919646873, 42
1, 2626416, 1500326, 1126090, 11255419.005495867, 36, 36, 0, 257.1489742783178, 36
1, 2626475, 1500355, 1126120, 11255710.054296114, 59, 29, 30, 291.0488002476036, 30
1, 2626550, 1500390, 1126160, 11256020.437391752, 75, 35, 40, 310.38309563827124, 36
51, 2626642, 1500432, 1126210, 11256348.64149322, 92, 42, 50, 328.20410146824725, 43
1, 2626723, 1500473, 1126250, 11256665.94149322, 81, 41, 40, 317.3, 42
1, 2626750, 1500500, 1126250, 11256904.292198917, 27, 27, 0, 238.35070569547776, 27
1, 2626812, 1500532, 1126280, 11257199.398825247, 62, 32, 30, 295.1066263296683, 33
1, 2626847, 1500567, 1126280, 11257454.628753157, 35, 35, 0, 255.22992790977875, 35
51, 2626978, 1500608, 1126370, 11257815.341081373, 131, 41, 90, 360.7123282155055, 43
1, 2627021, 1500651, 1126370, 11258085.016041577, 43, 43, 0, 269.6749602031015, 43
1, 2627056, 1500686, 1126370, 11258340.245969487, 35, 35, 0, 255.22992790977875, 35
1, 2627096, 1500726, 1126370, 11258604.732655425, 40, 40, 0, 264.4866859365871, 40
51, 2627204, 1500754, 1126450, 11258945.903634971, 108, 28, 80, 341.1709795470626, 30
1, 2627250, 1500800, 1126450, 11259220.532703685, 46, 46, 0, 274.6290687140218, 46
1, 2627368, 1500848, 1126520, 11259571.920028854, 118, 48, 70, 351.3873251689181, 50
1, 2627413, 1500893, 1126520, 11259844.922035266, 45, 45, 0, 273.00200641113514, 45
1, 2627453, 1500933, 1126520, 11260109.408721203, 40, 40, 0, 264.4866859365871, 40
51, 2627547, 1500977, 1126570, 11260439.682447052, 94, 44, 50, 330.273725847777, 45
1, 2627602, 1501032, 1126570, 11260728.009428585, 55, 55, 0, 288.32698153315005, 55
1, 2627682, 1501072, 1126610, 11261044.17918483, 80, 40, 40, 316.1697562442441, 41
1, 2627748, 1501108, 1126640, 11261344.506173108, 66, 36, 30, 300.32698827717985, 37
1, 2627786, 1501146, 1126640, 11261605.388552727, 38, 38, 0, 260.88237961983884, 38
51, 2627875, 1501185, 1126690, 11261930.436418291, 89, 39, 50, 325.0478655640733, 40
1, 2627979, 1501219, 1126760, 11262268.780105049, 104, 34, 70, 338.343686757474, 36
1, 2628023, 1501263, 1126760, 11262540.131062739, 44, 44, 0, 271.35095769013947, 44
1, 2628094, 1501304, 1126790, 11262846.709373558, 71, 41, 30, 306.57831081870995, 42
51, 2628180, 1501340, 1126840, 11263168.535538206, 86, 36, 50, 321.82616464756694, 37
1, 2628223, 1501383, 1126840, 11263438.21049841, 43, 43, 0, 269.6749602031015, 43
1, 2628273, 1501433, 1126840, 11263719.125293257, 50, 50, 0, 280.9147948472494, 50
1, 2628383, 1501473, 1126910, 11264063.178477304, 110, 40, 70, 344.0531840464366, 42
51, 2628472, 1501512, 1126960, 11264388.226342868, 89, 39, 50, 325.0478655640733, 40
1, 2628520, 1501560, 1126960, 11264666.041145459, 48, 48, 0, 277.8148025904985, 48
1, 2628601, 1501601, 1127000, 11264983.34114546, 81, 41, 40, 317.3, 42
1, 2628649, 1501649, 1127000, 11265261.15594805, 48, 48, 0, 277.8148025904985, 48
51, 2628741, 1501691, 1127050, 11265589.360049518, 92, 42, 50, 328.20410146824725, 43
1, 2628807, 1501727, 1127080, 11265889.687037796, 66, 36, 30, 300.32698827717985, 37
1, 2628887, 1501767, 1127120, 11266205.85679404, 80, 40, 40, 316.1697562442441, 41
1, 2628926, 1501806, 1127120, 11266468.556733985, 39, 39, 0, 262.6999399439383, 39
51, 2629052, 1501852, 1127200, 11266825.993629867, 126, 46, 80, 357.43689588345075, 48
1, 2629089, 1501889, 1127200, 11267085.026201323, 37, 37, 0, 259.03257145596604, 37
1, 2629129, 1501929, 1127200, 11267349.51288726, 40, 40, 0, 264.4866859365871, 40
1, 2629176, 1501976, 1127200, 11267625.74593713, 47, 47, 0, 276.2330498695885, 47
1, 2629255, 1502015, 1127240, 11267940.776687259, 79, 39, 40, 315.03075013013313, 40
51, 2629368, 1502048, 1127320, 11268286.615731128, 113, 33, 80, 345.83904386951343, 35
1, 2629401, 1502081, 1127320, 11268537.89390382, 33, 33, 0, 251.27817269284301, 33
1, 2629481, 1502121, 1127360, 11268854.063660065, 80, 40, 40, 316.1697562442441, 41
1, 2629522, 1502162, 1127360, 11269120.307613509, 41, 41, 0, 266.24395344352433, 41
1, 2629560, 1502200, 1127360, 11269381.189993128, 38, 38, 0, 260.88237961983884, 38
51, 2629685, 1502245, 1127440, 11269737.760145616, 125, 45, 80, 356.57015248821097, 47
1, 2629714, 1502274, 1127440, 11269980.619724326, 29, 29, 0, 242.8595787106084, 29
1, 2629748, 1502308, 1127440, 11270233.893364603, 34, 34, 0, 253.2736402766418, 34
1, 2629863, 1502353, 1127510, 11270582.565581664, 115, 45, 70, 348.6722170622053, 47
1, 2629909, 1502399, 1127510, 11270857.194650378, 46, 46, 0, 274.6290687140218, 46
51, 2630005, 1502445, 1127560, 11271189.511566393, 96, 46, 50, 332.31691601465747, 47
1, 2630088, 1502488, 1127600, 11271509.046514323, 83, 43, 40, 319.5349479292333, 44
1, 2630123, 1502523, 1127600, 11271764.276442233, 35, 35, 0, 255.22992790977875, 35
1, 2630193, 1502563, 1127630, 11272069.627203085, 70, 40, 30, 305.3507608519078, 41
51, 2630279, 1502599, 1127680, 11272391.453367732, 86, 36, 50, 321.82616464756694, 37
1, 2630330, 1502650, 1127680, 11272673.887879511, 51, 51, 0, 282.43451177837886, 51
1, 2630370, 1502690, 1127680, 11272938.374565449, 40, 40, 0, 264.4866859365871, 40
51, 2630492, 1502722, 1127770, 11273291.320184002, 122, 32, 90, 352.9456185537469, 34
1, 2630560, 1502760, 1127800, 11273594.182355104, 68, 38, 30, 302.86217110259, 39
1, 2630601, 1502801, 1127800, 11273860.426308548, 41, 41, 0, 266.24395344352433, 41
1, 2630677, 1502837, 1127840, 11274171.985480921, 76, 36, 40, 311.5591723737189, 37
51, 2630760, 1502870, 1127890, 11274490.520428851, 83, 33, 50, 318.5349479292333, 34
1, 2630841, 1502921, 1127920, 11274808.820428852, 81, 51, 30, 318.3, 52
1, 2630875, 1502955, 1127920, 11275062.094069129, 34, 34, 0, 253.2736402766418, 34
1, 2630947, 1502997, 1127950, 11275369.889132153, 72, 42, 30, 307.79506302439404, 43
51, 2631072, 1503032, 1128040, 11275725.45928464, 125, 35, 90, 355.57015248821097, 37
1, 2631112, 1503072, 1128040, 11275989.945970578, 40, 40, 0, 264.4866859365871, 40
1, 2631141, 1503101, 1128040, 11276232.805549288, 29, 29, 0, 242.8595787106084, 29
51, 2631232, 1503142, 1128090, 11276559.964611227, 91, 41, 50, 327.1590619387661, 42
1, 2631314, 1503184, 1128130, 11276878.38628107, 82, 42, 40, 318.42166984345636, 43
1, 2631382, 1503222, 1128160, 11277181.248452172, 68, 38, 30, 302.86217110259, 39
1, 2631423, 1503263, 1128160, 11277447.492405616, 41, 41, 0, 266.24395344352433, 41
1, 2631503, 1503303, 1128200, 11277763.66216186, 80, 40, 40, 316.1697562442441, 41
51, 2631593, 1503343, 1128250, 11278089.769190684, 90, 40, 50, 326.1070288241023, 41
1, 2631627, 1503377, 1128250, 11278343.04283096, 34, 34, 0, 253.2736402766418, 34
1, 2631706, 1503416, 1128290, 11278658.07358109, 79, 39, 40, 315.03075013013313, 40
1, 2631786, 1503466, 1128320, 11278975.243337335, 80, 50, 30, 317.1697562442441, 51
51, 2631887, 1503517, 1128370, 11279312.558725307, 101, 51, 50, 337.31538797227006, 52
1, 2631930, 1503560, 1128370, 11279582.23368551, 43, 43, 0, 269.6749602031015, 43
1, 2631975, 1503605, 1128370, 11279855.235691922, 45, 45, 0, 273.00200641113514, 45
1, 2632048, 1503638, 1128410, 11280163.236970492, 73, 33, 40, 308.00127856917646, 34
51, 2632163, 1503673, 1128490, 11280510.909187553, 115, 35, 80, 347.6722170622053, 37
1, 2632205, 1503715, 1128490, 11280778.882177055, 42, 42, 0, 267.97298950218305, 42
1, 2632313, 1503753, 1128560, 11281121.053156601, 108, 38, 70, 342.1709795470626, 40
1, 2632349, 1503789, 1128560, 11281378.20213088, 36, 36, 0, 257.1489742783178, 36
51, 2632447, 1503837, 1128610, 11281712.536759244, 98, 48, 50, 334.33462836457886, 49
1, 2632526, 1503876, 1128650, 11282027.567509374, 79, 39, 40, 315.03075013013313, 40
1, 2632566, 1503916, 1128650, 11282292.05419531, 40, 40, 0, 264.4866859365871, 40
1, 2632643, 1503963, 1128680, 11282605.779859077, 77, 47, 30, 313.72566376652986, 48
51, 2632766, 1503996, 1128770, 11282959.604430338, 123, 33, 90, 353.8245712617827, 35
1, 2632796, 1504026, 1128770, 11283204.63916227, 30, 30, 0, 245.0347319320716, 30
1, 2632827, 1504057, 1128770, 11283451.800268447, 31, 31, 0, 247.1611061770567, 31
1, 2632902, 1504092, 1128810, 11283762.183364086, 75, 35, 40, 310.38309563827124, 36
1, 2632938, 1504128, 1128810, 11284019.332338365, 36, 36, 0, 257.1489742783178, 36
51, 2633056, 1504166, 1128890, 11284369.719663534, 118, 38, 80, 350.3873251689181, 40
1, 2633098, 1504208, 1128890, 11284637.692653036, 42, 42, 0, 267.97298950218305, 42
1, 2633160, 1504240, 1128920, 11284932.799279366, 62, 32, 30, 295.1066263296683, 33
1, 2633244, 1504284, 1128960, 11285253.43928977, 84, 44, 40, 320.64001040350905, 45
51, 2633335, 1504325, 1129010, 11285580.598351708, 91, 41, 50, 327.1590619387661, 42
1, 2633365, 1504355, 1129010, 11285825.63308364, 30, 30, 0, 245.0347319320716, 30
1, 2633430, 1504390, 1129040, 11286124.674235083, 65, 35, 30, 299.04115144336777, 36
1, 2633461, 1504421, 1129040, 11286371.83534126, 31, 31, 0, 247.1611061770567, 31
1, 2633545, 1504465, 1129080, 11286692.475351663, 84, 44, 40, 320.64001040350905, 45
51, 2633641, 1504511, 1129130, 11287024.792267678, 96, 46, 50, 332.31691601465747, 47
1, 2633691, 1504561, 1129130, 11287305.707062526, 50, 50, 0, 280.9147948472494, 50
1, 2633758, 1504598, 1129160, 11287607.307617784, 67, 37, 30, 301.6005552576305, 38
1, 2633793, 1504633, 1129160, 11287862.537545694, 35, 35, 0, 255.22992790977875, 35
1, 2633829, 1504669, 1129160, 11288119.686519973, 36, 36, 0, 257.1489742783178, 36
51, 2633953, 1504703, 1129250, 11288474.385916522, 124, 34, 90, 354.6993965481514, 36
1, 2634002, 1504752, 1129250, 11288753.761047628, 49, 49, 0, 279.3751311064591, 49
1, 2634065, 1504785, 1129280, 11289050.192372354, 63, 33, 30, 296.43132472612575, 34
1, 2634139, 1504819, 1129320, 11289359.389581122, 74, 34, 40, 309.1972087668518, 35
1, 2634182, 1504862, 1129320, 11289629.064541325, 43, 43, 0, 269.6749602031015, 43
51, 2634271, 1504901, 1129370, 11289954.112406889, 89, 39, 50, 325.0478655640733, 40
1, 2634339, 1504939, 1129400, 11290256.974577991, 68, 38, 30, 302.86217110259, 39
1, 2634385, 1504985, 1129400, 11290531.603646705, 46, 46, 0, 274.6290687140218, 46
1, 2634468, 1505028, 1129440, 11290851.138594635, 83, 43, 40, 319.5349479292333, 44
51, 2634559, 1505069, 1129490, 11291178.297656573, 91, 41, 50, 327.1590619387661, 42
1, 2634592, 1505102, 1129490, 11291429.575829266, 33, 33, 0, 251.27817269284301, 33
1, 2634636, 1505146, 1129490, 11291700.926786955, 44, 44, 0, 271.35095769013947, 44
1, 2634696, 1505176, 1129520, 11291993.342555327, 60, 30, 30, 292.41576837137404, 31
51, 2634818, 1505208, 1129610, 11292346.28817388, 122, 32, 90, 352.9456185537469, 34
1, 2634895, 1505255, 1129640, 11292660.013837647, 77, 47, 30, 313.72566376652986, 48
1, 2634945, 1505305, 1129640, 11292940.928632494, 50, 50, 0, 280.9147948472494, 50
1, 2635017, 1505347, 1129670, 11293248.723695518, 72, 42, 30, 307.79506302439404, 43
51, 2635109, 1505389, 1129720, 11293576.927796986, 92, 42, 50, 328.20410146824725, 43
1, 2635184, 1505424, 1129760, 11293887.310892625, 75, 35, 40, 310.38309563827124, 36
1, 2635216, 1505456, 1129760, 11294136.552315624, 32, 32, 0, 249.24142300054422, 32
1, 2635300, 1505500, 1129800, 11294457.192326028, 84, 44, 40, 320.64001040350905, 45
51, 2635385, 1505535, 1129850, 11294777.9293537, 85, 35, 50, 320.73702767108114, 36
1, 2635464, 1505584, 1129880, 11295093.960103828, 79, 49, 30, 316.03075013013313, 50
1, 2635500, 1505620, 1129880, 11295351.109078107, 36, 36, 0, 257.1489742783178, 36
51, 2635636, 1505666, 1129970, 11295716.004375143, 136, 46, 90, 364.89529703482884, 48
1, 2635680, 1505710, 1129970, 11295987.355332833, 44, 44, 0, 271.35095769013947, 44
1, 2635718, 1505748, 1129970, 11296248.237712452, 38, 38, 0, 260.88237961983884, 38
1, 2635794, 1505784, 1130010, 11296559.796884825, 76, 36, 40, 311.5591723737189, 37
51, 2635903, 1505813, 1130090, 11296901.911516326, 109, 29, 80, 342.114631499574, 31
1, 2635941, 1505851, 1130090, 11297162.793895945, 38, 38, 0, 260.88237961983884, 38
1, 2635979, 1505889, 1130090, 11297423.676275564, 38, 38, 0, 260.88237961983884, 38
51, 2636108, 1505928, 1130180, 11297782.689876055, 129, 39, 90, 359.01360049114555, 41
1, 2636153, 1505973, 1130180, 11298055.691882467, 45, 45, 0, 273.00200641113514, 45
1, 2636202, 1506022, 1130180, 11298335.067013573, 49, 49, 0, 279.3751311064591, 49
1, 2636267, 1506057, 1130210, 11298634.108165016, 65, 35, 30, 299.04115144336777, 36
51, 2636352, 1506092, 1130260, 11298954.845192688, 85, 35, 50, 320.73702767108114, 36
1, 2636394, 1506134, 1130260, 11299222.818182189, 42, 42, 0, 267.97298950218305, 42
1, 2636482, 1506182, 1130300, 11299547.79961355, 88, 48, 40, 324.98143136087856, 49
51, 2636578, 1506228, 1130350, 11299880.116529565, 96, 46, 50, 332.31691601465747, 47
1, 2636619, 1506269, 1130350, 11300146.36048301, 41, 41, 0, 266.24395344352433, 41
1, 2636692, 1506312, 1130380, 11300455.36176158, 73, 43, 30, 309.00127856917646, 44
51, 2636830, 1506360, 1130470, 11300821.905691132, 138, 48, 90, 366.54392955194305, 50
1, 2636864, 1506394, 1130470, 11301075.179331409, 34, 34, 0, 253.2736402766418, 34
1, 2636902, 1506432, 1130470, 11301336.061711028, 38, 38, 0, 260.88237961983884, 38
51, 2636985, 1506465, 1130520, 11301654.596658958, 83, 33, 50, 318.5349479292333, 34
1, 2637074, 1506514, 1130560, 11301980.644524522, 89, 49, 40, 326.0478655640733, 50
1, 2637147, 1506557, 1130590, 11302289.645803092, 73, 43, 30, 309.00127856917646, 44
51, 2637233, 1506593, 1130640, 11302611.47196774, 86, 36, 50, 321.82616464756694, 37
1, 2637268, 1506628, 1130640, 11302866.70189565, 35, 35, 0, 255.22992790977875, 35
1, 2637373, 1506663, 1130710, 11303206.010482945, 105, 35, 70, 339.30858729436795, 37
1, 2637413, 1506703, 1130710, 11303470.497168882, 40, 40, 0, 264.4866859365871, 40
51, 2637541, 1506751, 1130790, 11303829.655734984, 128, 48, 80, 359.1585661014858, 50
1, 2637571, 1506781, 1130790, 11304074.690466916, 30, 30, 0, 245.0347319320716, 30
1, 2637615, 1506825, 1130790, 11304346.041424606, 44, 44, 0, 271.35095769013947, 44
1, 2637696, 1506866, 1130830, 11304663.341424607, 81, 41, 40, 317.3, 42
1, 2637737, 1506907, 1130830, 11304929.58537805, 41, 41, 0, 266.24395344352433, 41
51, 2637853, 1506943, 1130910, 11305278.167181542, 116, 36, 80, 348.5818034911291, 38
1, 2637900, 1506990, 1130910, 11305554.400231412, 47, 47, 0, 276.2330498695885, 47
1, 2637935, 1507025, 1130910, 11305809.630159322, 35, 35, 0, 255.22992790977875, 35
1, 2638009, 1507059, 1130950, 11306118.82736809, 74, 34, 40, 309.1972087668518, 35
1, 2638072, 1507092, 1130980, 11306415.258692816, 63, 33, 30, 296.43132472612575, 34
51, 2638154, 1507124, 1131030, 11306732.680362659, 82, 32, 50, 317.42166984345636, 33
1, 2638198, 1507168, 1131030, 11307004.031320348, 44, 44, 0, 271.35095769013947, 44
1, 2638234, 1507204, 1131030, 11307261.180294627, 36, 36, 0, 257.1489742783178, 36
1, 2638272, 1507242, 1131030, 11307522.062674247, 38, 38, 0, 260.88237961983884, 38
51, 2638402, 1507282, 1131120, 11307881.927511785, 130, 40, 90, 359.86483753851803, 42
1, 2638472, 1507322, 1131150, 11308187.278272636, 70, 40, 30, 305.3507608519078, 41
1, 2638517, 1507367, 1131150, 11308460.280279048, 45, 45, 0, 273.00200641113514, 45
1, 2638562, 1507412, 1131150, 11308733.28228546, 45, 45, 0, 273.00200641113514, 45
51, 2638718, 1507448, 1131270, 11309111.194169763, 156, 36, 120, 377.9118843049396, 39
1, 2638751, 1507481, 1131270, 11309362.472342456, 33, 33, 0, 251.27817269284301, 33
1, 2638783, 1507513, 1131270, 11309611.713765455, 32, 32, 0, 249.24142300054422, 32
1, 2638850, 1507540, 1131310, 11309912.314320713, 67, 27, 40, 300.6005552576305, 28
51, 2638969, 1507579, 1131390, 11310263.597715916, 119, 39, 80, 351.28339520229764, 41
1, 2639017, 1507627, 1131390, 11310541.412518507, 48, 48, 0, 277.8148025904985, 48
1, 2639122, 1507662, 1131460, 11310880.721105801, 105, 35, 70, 339.30858729436795, 37
51, 2639218, 1507708, 1131510, 11311213.038021816, 96, 46, 50, 332.31691601465747, 47
1, 2639256, 1507746, 1131510, 11311473.920401435, 38, 38, 0, 260.88237961983884, 38
1, 2639291, 1507781, 1131510, 11311729.150329346, 35, 35, 0, 255.22992790977875, 35
1, 2639329, 1507819, 1131510, 11311990.032708965, 38, 38, 0, 260.88237961983884, 38
51, 2639421, 1507861, 1131560, 11312318.236810433, 92, 42, 50, 328.20410146824725, 43
1, 2639538, 1507908, 1131630, 11312668.723627232, 117, 47, 70, 350.4868167986058, 49
1, 2639576, 1507946, 1131630, 11312929.606006851, 38, 38, 0, 260.88237961983884, 38
1, 2639619, 1507989, 1131630, 11313199.280967055, 43, 43, 0, 269.6749602031015, 43
1, 2639657, 1508027, 1131630, 11313460.163346674, 38, 38, 0, 260.88237961983884, 38
51, 2639754, 1508074, 1131680, 11313793.492245946, 97, 47, 50, 333.3288992714996, 48
1, 2639865, 1508115, 1131750, 11314138.478963986, 111, 41, 70, 344.9867180408456, 43
1, 2639903, 1508153, 1131750, 11314399.361343605, 38, 38, 0, 260.88237961983884, 38
1, 2639943, 1508193, 1131750, 11314663.848029543, 40, 40, 0, 264.4866859365871, 40
51, 2640049, 1508249, 1131800, 11315006.016073152, 106, 56, 50, 342.16804360962783, 57
1, 2640134, 1508294, 1131840, 11315327.753100824, 85, 45, 40, 321.73702767108114, 46
1, 2640171, 1508331, 1131840, 11315586.78567228, 37, 37, 0, 259.03257145596604, 37
51, 2640295, 1508375, 1131920, 11315942.485068828, 124, 44, 80, 355.6993965481514, 46
1, 2640333, 1508413, 1131920, 11316203.367448447, 38, 38, 0, 260.88237961983884, 38
1, 2640368, 1508448, 1131920, 11316458.597376358, 35, 35, 0, 255.22992790977875, 35
1, 2640450, 1508490, 1131960, 11316777.0190462, 82, 42, 40, 318.42166984345636, 43
1, 2640522, 1508532, 1131990, 11317084.814109225, 72, 42, 30, 307.79506302439404, 43
51, 2640616, 1508576, 1132040, 11317415.087835073, 94, 44, 50, 330.273725847777, 45
1, 2640653, 1508613, 1132040, 11317674.120406529, 37, 37, 0, 259.03257145596604, 37
1, 2640697, 1508657, 1132040, 11317945.471364219, 44, 44, 0, 271.35095769013947, 44
51, 2640797, 1508707, 1132090, 11318281.799130235, 100, 50, 50, 336.327766016838, 51
1, 2640907, 1508747, 1132160, 11318625.852314282, 110, 40, 70, 344.0531840464366, 42
1, 2640952, 1508792, 1132160, 11318898.854320694, 45, 45, 0, 273.00200641113514, 45
51, 2641089, 1508839, 1132250, 11319264.575642899, 137, 47, 90, 365.72132220485213, 49
1, 2641128, 1508878, 1132250, 11319527.275582843, 39, 39, 0, 262.6999399439383, 39
1, 2641200, 1508920, 1132280, 11319835.070645867, 72, 42, 30, 307.79506302439404, 43
1, 2641246, 1508966, 1132280, 11320109.69971458, 46, 46, 0, 274.6290687140218, 46
51, 2641337, 1509007, 1132330, 11320436.85877652, 91, 41, 50, 327.1590619387661, 42
1, 2641416, 1509046, 1132370, 11320751.889526648, 79, 39, 40, 315.03075013013313, 40
1, 2641451, 1509081, 1132370, 11321007.119454559, 35, 35, 0, 255.22992790977875, 35
1, 2641509, 1509139, 1132370, 11321299.686356666, 58, 58, 0, 292.5669021071895, 58
51, 2641626, 1509176, 1132450, 11321649.173173465, 117, 37, 80, 349.4868167986058, 39
1, 2641664, 1509214, 1132450, 11321910.055553084, 38, 38, 0, 260.88237961983884, 38
1, 2641740, 1509250, 1132490, 11322221.614725458, 76, 36, 40, 311.5591723737189, 37
1, 2641784, 1509294, 1132490, 11322492.965683147, 44, 44, 0, 271.35095769013947, 44
1, 2641819, 1509329, 1132490, 11322748.195611058, 35, 35, 0, 255.22992790977875, 35
51, 2641909, 1509369, 1132540, 11323074.302639881, 90, 40, 50, 326.1070288241023, 41
1, 2642014, 1509404, 1132610, 11323413.611227175, 105, 35, 70, 339.30858729436795, 37
1, 2642062, 1509452, 1132610, 11323691.426029766, 48, 48, 0, 277.8148025904985, 48
51, 2642145, 1509485, 1132660, 11324009.960977696, 83, 33, 50, 318.5349479292333, 34
1, 2642197, 1509537, 1132660, 11324293.895939125, 52, 52, 0, 283.93496142826496, 52
1, 2642234, 1509574, 1132660, 11324552.92851058, 37, 37, 0, 259.03257145596604, 37
51, 2642367, 1509617, 1132750, 11324915.324779622, 133, 43, 90, 362.3962690412072, 45
1, 2642441, 1509661, 1132780, 11325225.52198839, 74, 44, 30, 310.1972087668518, 45
1, 2642475, 1509695, 1132780, 11325478.795628667, 34, 34, 0, 253.2736402766418, 34
1, 2642563, 1509743, 1132820, 11325803.777060028, 88, 48, 40, 324.98143136087856, 49
1, 2642590, 1509770, 1132820, 11326042.127765724, 27, 27, 0, 238.35070569547776, 27
51, 2642713, 1509813, 1132900, 11326396.952336986, 123, 43, 80, 354.8245712617827, 45
1, 2642745, 1509845, 1132900, 11326646.193759985, 32, 32, 0, 249.24142300054422, 32
1, 2642817, 1509877, 1132940, 11326952.98882301, 72, 32, 40, 306.79506302439404, 33
1, 2642888, 1509918, 1132970, 11327259.567133829, 71, 41, 30, 306.57831081870995, 42
51, 2642971, 1509951, 1133020, 11327578.102081759, 83, 33, 50, 318.5349479292333, 34
1, 2643004, 1509984, 1133020, 11327829.380254451, 33, 33, 0, 251.27817269284301, 33
1, 2643078, 1510018, 1133060, 11328138.577463219, 74, 34, 40, 309.1972087668518, 35
1, 2643149, 1510059, 1133090, 11328445.155774038, 71, 41, 30, 306.57831081870995, 42
51, 2643233, 1510093, 1133140, 11328764.795784442, 84, 34, 50, 319.64001040350905, 35
1, 2643276, 1510136, 1133140, 11329034.470744645, 43, 43, 0, 269.6749602031015, 43
1, 2643317, 1510177, 1133140, 11329300.71469809, 41, 41, 0, 266.24395344352433, 41
1, 2643394, 1510214, 1133180, 11329613.440361856, 77, 37, 40, 312.72566376652986, 38
51, 2643517, 1510257, 1133260, 11329968.264933117, 123, 43, 80, 354.8245712617827, 45
1, 2643553, 1510293, 1133260, 11330225.413907396, 36, 36, 0, 257.1489742783178, 36
1, 2643590, 1510330, 1133260, 11330484.446478851, 37, 37, 0, 259.03257145596604, 37
1, 2643634, 1510374, 1133260, 11330755.797436541, 44, 44, 0, 271.35095769013947, 44
51, 2643761, 1510421, 1133340, 11331114.09711884, 127, 47, 80, 358.2996822992933, 49
1, 2643833, 1510453, 1133380, 11331420.892181864, 72, 32, 40, 306.79506302439404, 33
1, 2643870, 1510490, 1133380, 11331679.92475332, 37, 37, 0, 259.03257145596604, 37
1, 2643935, 1510525, 1133410, 11331978.965904763, 65, 35, 30, 299.04115144336777, 36
51, 2644025, 1510565, 1133460, 11332305.072933586, 90, 40, 50, 326.1070288241023, 41
1, 2644134, 1510604, 1133530, 11332648.187565086, 109, 39, 70, 343.114631499574, 41
1, 2644176, 1510646, 1133530, 11332916.160554588, 42, 42, 0, 267.97298950218305, 42
1, 2644220, 1510690, 1133530, 11333187.511512278, 44, 44, 0, 271.35095769013947, 44
51, 2644316, 1510736, 1133580, 11333519.828428293, 96, 46, 50, 332.31691601465747, 47
1, 2644396, 1510776, 1133620, 11333835.998184538, 80, 40, 40, 316.1697562442441, 41
1, 2644426, 1510806, 1133620, 11334081.03291647, 30, 30, 0, 245.0347319320716, 30
1, 2644491, 1510841, 1133650, 11334380.074067913, 65, 35, 30, 299.04115144336777, 36
1, 2644535, 1510885, 1133650, 11334651.425025603, 44, 44, 0, 271.35095769013947, 44
51, 2644664, 1510924, 1133740, 11335010.438626094, 129, 39, 90, 359.01360049114555, 41
1, 2644700, 1510960, 1133740, 11335267.587600373, 36, 36, 0, 257.1489742783178, 36
1, 2644783, 1511003, 1133780, 11335587.122548303, 83, 43, 40, 319.5349479292333, 44
1, 2644858, 1511048, 1133810, 11335898.505643941, 75, 45, 30, 311.38309563827124, 46
51, 2644946, 1511086, 1133860, 11336222.487075303, 88, 38, 50, 323.98143136087856, 39
1, 2644990, 1511130, 1133860, 11336493.838032993, 44, 44, 0, 271.35095769013947, 44
1, 2645066, 1511166, 1133900, 11336805.397205366, 76, 36, 40, 311.5591723737189, 37
51, 2645159, 1511209, 1133950, 11337134.639485274, 93, 43, 50, 329.24227990714814, 44
1, 2645228, 1511248, 1133980, 11337438.751626983, 69, 39, 30, 304.1121417102006, 40
1, 2645308, 1511288, 1134020, 11337754.921383228, 80, 40, 40, 316.1697562442441, 41
1, 2645335, 1511315, 1134020, 11337993.272088924, 27, 27, 0, 238.35070569547776, 27
1, 2645387, 1511367, 1134020, 11338277.207050353, 52, 52, 0, 283.93496142826496, 52
51, 2645515, 1511405, 1134110, 11338635.365616456, 128, 38, 90, 358.1585661014858, 40
1, 2645559, 1511449, 1134110, 11338906.716574145, 44, 44, 0, 271.35095769013947, 44
1, 2645636, 1511496, 1134140, 11339220.442237912, 77, 47, 30, 313.72566376652986, 48
1, 2645718, 1511538, 1134180, 11339538.863907754, 82, 42, 40, 318.42166984345636, 43
1, 2645760, 1511580, 1134180, 11339806.836897256, 42, 42, 0, 267.97298950218305, 42
51, 2645855, 1511625, 1134230, 11340138.135461392, 95, 45, 50, 331.2985641352145, 46
1, 2645922, 1511662, 1134260, 11340439.73601665, 67, 37, 30, 301.6005552576305, 38
1, 2645960, 1511700, 1134260, 11340700.61839627, 38, 38, 0, 260.88237961983884, 38
1, 2646043, 1511743, 1134300, 11341020.153344199, 83, 43, 40, 319.5349479292333, 44
51, 2646169, 1511789, 1134380, 11341377.590240082, 126, 46, 80, 357.43689588345075, 48
1, 2646250, 1511830, 1134420, 11341694.890240083, 81, 41, 40, 317.3, 42
1, 2646292, 1511872, 1134420, 11341962.863229584, 42, 42, 0, 267.97298950218305, 42
1, 2646329, 1511909, 1134420, 11342221.89580104, 37, 37, 0, 259.03257145596604, 37
51, 2646424, 1511954, 1134470, 11342553.194365175, 95, 45, 50, 331.2985641352145, 46
1, 2646526, 1511986, 1134540, 11342889.591547957, 102, 32, 70, 336.39718278112656, 34
1, 2646561, 1512021, 1134540, 11343144.821475867, 35, 35, 0, 255.22992790977875, 35
51, 2646689, 1512059, 1134630, 11343502.98004197, 128, 38, 90, 358.1585661014858, 40
1, 2646756, 1512096, 1134660, 11343804.580597227, 67, 37, 30, 301.6005552576305, 38
1, 2646796, 1512136, 1134660, 11344069.067283165, 40, 40, 0, 264.4866859365871, 40
1, 2646867, 1512167, 1134700, 11344374.645593984, 71, 31, 40, 305.57831081870995, 32
1, 2646909, 1512209, 1134700, 11344642.618583485, 42, 42, 0, 267.97298950218305, 42
51, 2647032, 1512252, 1134780, 11344997.443154747, 123, 43, 80, 354.8245712617827, 45
1, 2647070, 1512290, 1134780, 11345258.325534366, 38, 38, 0, 260.88237961983884, 38
1, 2647115, 1512335, 1134780, 11345531.327540778, 45, 45, 0, 273.00200641113514, 45
1, 2647224, 1512374, 1134850, 11345874.442172278, 109, 39, 70, 343.114631499574, 41
1, 2647254, 1512404, 1134850, 11346119.47690421, 30, 30, 0, 245.0347319320716, 30
51, 2647356, 1512456, 1134900, 11346457.774086991, 102, 52, 50, 338.29718278112654, 53
1, 2647439, 1512499, 1134940, 11346777.309034921, 83, 43, 40, 319.5349479292333, 44
1, 2647483, 1512543, 1134940, 11347048.659992611, 44, 44, 0, 271.35095769013947, 44
1, 2647520, 1512580, 1134940, 11347307.692564066, 37, 37, 0, 259.03257145596604, 37
1, 2647596, 1512626, 1134970, 11347620.25173644, 76, 46, 30, 312.5591723737189, 47
51, 2647682, 1512662, 1135020, 11347942.077901088, 86, 36, 50, 321.82616464756694, 37
1, 2647722, 1512702, 1135020, 11348206.564587025, 40, 40, 0, 264.4866859365871, 40
1, 2647801, 1512741, 1135060, 11348521.595337154, 79, 39, 40, 315.03075013013313, 40
1, 2647837, 1512777, 1135060, 11348778.744311433, 36, 36, 0, 257.1489742783178, 36
1, 2647951, 1512821, 1135130, 11349126.502299124, 114, 44, 70, 347.75798769167545, 46
51, 2648040, 1512860, 1135180, 11349451.550164688, 89, 39, 50, 325.0478655640733, 40
1, 2648091, 1512911, 1135180, 11349733.984676467, 51, 51, 0, 282.43451177837886, 51
1, 2648163, 1512953, 1135210, 11350041.779739492, 72, 42, 30, 307.79506302439404, 43
1, 2648193, 1512983, 1135210, 11350286.814471424, 30, 30, 0, 245.0347319320716, 30
1, 2648263, 1513023, 1135240, 11350592.165232275, 70, 40, 30, 305.3507608519078, 41
51, 2648398, 1513068, 1135330, 11350956.231042216, 135, 45, 90, 364.06580994024984, 47
1, 2648469, 1513109, 1135360, 11351262.809353035, 71, 41, 30, 306.57831081870995, 42
1, 2648506, 1513146, 1135360, 11351521.84192449, 37, 37, 0, 259.03257145596604, 37
1, 2648541, 1513181, 1135360, 11351777.0718524, 35, 35, 0, 255.22992790977875, 35
1, 2648652, 1513222, 1135430, 11352122.05857044, 111, 41, 70, 344.9867180408456, 43
51, 2648746, 1513266, 1135480, 11352452.33229629, 94, 44, 50, 330.273725847777, 45
1, 2648787, 1513307, 1135480, 11352718.576249734, 41, 41, 0, 266.24395344352433, 41
1, 2648826, 1513346, 1135480, 11352981.276189677, 39, 39, 0, 262.6999399439383, 39
1, 2648903, 1513393, 1135510, 11353295.001853444, 77, 47, 30, 313.72566376652986, 48
1, 2648983, 1513433, 1135550, 11353611.171609689, 80, 40, 40, 316.1697562442441, 41
51, 2649082, 1513482, 1135600, 11353946.505824242, 99, 49, 50, 335.33421455299043, 50
1, 2649117, 1513517, 1135600, 11354201.735752152, 35, 35, 0, 255.22992790977875, 35
1, 2649222, 1513552, 1135670, 11354541.044339446, 105, 35, 70, 339.30858729436795, 37
51, 2649306, 1513586, 1135720, 11354860.68434985, 84, 34, 50, 319.64001040350905, 35
1, 2649347, 1513627, 1135720, 11355126.928303294, 41, 41, 0, 266.24395344352433, 41
1, 2649412, 1513662, 1135750, 11355425.969454737, 65, 35, 30, 299.04115144336777, 36
1, 2649494, 1513704, 1135790, 11355744.39112458, 82, 42, 40, 318.42166984345636, 43
51, 2649582, 1513742, 1135840, 11356068.372555941, 88, 38, 50, 323.98143136087856, 39
1, 2649649, 1513779, 1135870, 11356369.9731112, 67, 37, 30, 301.6005552576305, 38
1, 2649688, 1513818, 1135870, 11356632.673051143, 39, 39, 0, 262.6999399439383, 39
1, 2649765, 1513855, 1135910, 11356945.39871491, 77, 37, 40, 312.72566376652986, 38
1, 2649811, 1513901, 1135910, 11357220.027783623, 46, 46, 0, 274.6290687140218, 46
51, 2649911, 1513951, 1135960, 11357556.35554964, 100, 50, 50, 336.327766016838, 51
1, 2649956, 1513996, 1135960, 11357829.35755605, 45, 45, 0, 273.00200641113514, 45
1, 2650028, 1514038, 1135990, 11358137.152619075, 72, 42, 30, 307.79506302439404, 43
1, 2650108, 1514078, 1136030, 11358453.32237532, 80, 40, 40, 316.1697562442441, 41
51, 2650199, 1514119, 1136080, 11358780.481437258, 91, 41, 50, 327.1590619387661, 42
1, 2650271, 1514161, 1136110, 11359088.276500283, 72, 42, 30, 307.79506302439404, 43
1, 2650315, 1514205, 1136110, 11359359.627457973, 44, 44, 0, 271.35095769013947, 44
51, 2650407, 1514247, 1136160, 11359687.83155944, 92, 42, 50, 328.20410146824725, 43
1, 2650489, 1514289, 1136200, 11360006.253229283, 82, 42, 40, 318.42166984345636, 43
1, 2650557, 1514327, 1136230, 11360309.115400385, 68, 38, 30, 302.86217110259, 39
51, 2650656, 1514376, 1136280, 11360644.449614938, 99, 49, 50, 335.33421455299043, 50
1, 2650705, 1514425, 1136280, 11360923.824746044, 49, 49, 0, 279.3751311064591, 49
1, 2650782, 1514462, 1136320, 11361236.55040981, 77, 37, 40, 312.72566376652986, 38
51, 2650867, 1514497, 1136370, 11361557.287437482, 85, 35, 50, 320.73702767108114, 36
1, 2650938, 1514538, 1136400, 11361863.865748301, 71, 41, 30, 306.57831081870995, 42
1, 2650979, 1514579, 1136400, 11362130.109701745, 41, 41, 0, 266.24395344352433, 41
1, 2651051, 1514621, 1136430, 11362437.90476477, 72, 42, 30, 307.79506302439404, 43
1, 2651092, 1514662, 1136430, 11362704.148718214, 41, 41, 0, 266.24395344352433, 41
51, 2651218, 1514698, 1136520, 11363060.585614096, 126, 36, 90, 356.43689588345075, 38
1, 2651256, 1514736, 1136520, 11363321.467993716, 38, 38, 0, 260.88237961983884, 38
1, 2651300, 1514780, 1136520, 11363592.818951406, 44, 44, 0, 271.35095769013947, 44
1, 2651373, 1514823, 1136550, 11363901.820229976, 73, 43, 30, 309.00127856917646, 44
51, 2651501, 1514861, 1136640, 11364259.978796078, 128, 38, 90, 358.1585661014858, 40
1, 2651569, 1514899, 1136670, 11364562.84096718, 68, 38, 30, 302.86217110259, 39
1, 2651610, 1514940, 1136670, 11364829.084920624, 41, 41, 0, 266.24395344352433, 41
1, 2651662, 1514992, 1136670, 11365113.019882053, 52, 52, 0, 283.93496142826496, 52
51, 2651802, 1515042, 1136760, 11365481.198944878, 140, 50, 90, 368.1790628250393, 52
1, 2651873, 1515083, 1136790, 11365787.777255697, 71, 41, 30, 306.57831081870995, 42
1, 2651911, 1515121, 1136790, 11366048.659635317, 38, 38, 0, 260.88237961983884, 38
1, 2651985, 1515165, 1136820, 11366358.856844084, 74, 44, 30, 310.1972087668518, 45
1, 2652064, 1515204, 1136860, 11366673.887594214, 79, 39, 40, 315.03075013013313, 40
51, 2652181, 1515241, 1136940, 11367023.374411013, 117, 37, 80, 349.4868167986058, 39
1, 2652217, 1515277, 1136940, 11367280.523385292, 36, 36, 0, 257.1489742783178, 36
1, 2652295, 1515315, 1136980, 11367594.406171912, 78, 38, 40, 313.8827866200841, 39
1, 2652331, 1515351, 1136980, 11367851.555146191, 36, 36, 0, 257.1489742783178, 36
1, 2652368, 1515388, 1136980, 11368110.587717647, 37, 37, 0, 259.03257145596604, 37
51, 2652484, 1515424, 1137060, 11368459.169521138, 116, 36, 80, 348.5818034911291, 38
1, 2652561, 1515461, 1137100, 11368771.895184904, 77, 37, 40, 312.72566376652986, 38
1, 2652597, 1515497, 1137100, 11369029.044159183, 36, 36, 0, 257.1489742783178, 36
1, 2652640, 1515540, 1137100, 11369298.719119387, 43, 43, 0, 269.6749602031015, 43
51, 2652766, 1515586, 1137180, 11369656.15601527, 126, 46, 80, 357.43689588345075, 48
1, 2652800, 1515620, 1137180, 11369909.429655546, 34, 34, 0, 253.2736402766418, 34
1, 2652881, 1515661, 1137220, 11370226.729655547, 81, 41, 40, 317.3, 42
51, 2653004, 1515704, 1137300, 11370581.554226808, 123, 43, 80, 354.8245712617827, 45
1, 2653046, 1515746, 1137300, 11370849.52721631, 42, 42, 0, 267.97298950218305, 42
1, 2653092, 1515792, 1137300, 11371124.156285023, 46, 46, 0, 274.6290687140218, 46
1, 2653136, 1515836, 1137300, 11371395.507242713, 44, 44, 0, 271.35095769013947, 44
1, 2653246, 1515876, 1137370, 11371739.56042676, 110, 40, 70, 344.0531840464366, 42
51, 2653333, 1515913, 1137420, 11372062.468007758, 87, 37, 50, 322.9075809977351, 38
1, 2653411, 1515951, 1137460, 11372376.350794379, 78, 38, 40, 313.8827866200841, 39
1, 2653451, 1515991, 1137460, 11372640.837480316, 40, 40, 0, 264.4866859365871, 40
51, 2653547, 1516037, 1137510, 11372973.154396331, 96, 46, 50, 332.31691601465747, 47
1, 2653614, 1516074, 1137540, 11373274.754951589, 67, 37, 30, 301.6005552576305, 38
1, 2653648, 1516108, 1137540, 11373528.028591866, 34, 34, 0, 253.2736402766418, 34
1, 2653730, 1516150, 1137580, 11373846.450261708, 82, 42, 40, 318.42166984345636, 43
51, 2653821, 1516191, 1137630, 11374173.609323647, 91, 41, 50, 327.1590619387661, 42
1, 2653904, 1516234, 1137670, 11374493.144271577, 83, 43, 40, 319.5349479292333, 44
1, 2653948, 1516278, 1137670, 11374764.495229267, 44, 44, 0, 271.35095769013947, 44
1, 2654024, 1516324, 1137700, 11375077.05440164, 76, 46, 30, 312.5591723737189, 47
51, 2654118, 1516368, 1137750, 11375407.328127488, 94, 44, 50, 330.273725847777, 45
1, 2654161, 1516411, 1137750, 11375677.003087692, 43, 43, 0, 269.6749602031015, 43
1, 2654245, 1516455, 1137790, 11375997.643098095, 84, 44, 40, 320.64001040350905, 45
1, 2654294, 1516504, 1137790, 11376277.018229201, 49, 49, 0, 279.3751311064591, 49
51, 2654414, 1516544, 1137870, 11376629.193321167, 120, 40, 80, 352.1750919646873, 42
1, 2654461, 1516591, 1137870, 11376905.426371036, 47, 47, 0, 276.2330498695885, 47
1, 2654539, 1516629, 1137910, 11377219.309157657, 78, 38, 40, 313.8827866200841, 39
51, 2654623, 1516663, 1137960, 11377538.94916806, 84, 34, 50, 319.64001040350905, 35
1, 2654679, 1516689, 1137990, 11377825.805648033, 56, 26, 30, 286.8564799734761, 27
1, 2654761, 1516731, 1138030, 11378144.227317875, 82, 42, 40, 318.42166984345636, 43
51, 2654853, 1516773, 1138080, 11378472.431419343, 92, 42, 50, 328.20410146824725, 43
1, 2654888, 1516808, 1138080, 11378727.661347253, 35, 35, 0, 255.22992790977875, 35
1, 2654932, 1516852, 1138080, 11378999.012304943, 44, 44, 0, 271.35095769013947, 44
1, 2654971, 1516891, 1138080, 11379261.712244887, 39, 39, 0, 262.6999399439383, 39
51, 2655090, 1516930, 1138160, 11379612.99564009, 119, 39, 80, 351.28339520229764, 41
1, 2655169, 1516969, 1138200, 11379928.02639022, 79, 39, 40, 315.03075013013313, 40
1, 2655215, 1517015, 1138200, 11380202.655458933, 46, 46, 0, 274.6290687140218, 46
1, 2655286, 1517056, 1138230, 11380509.233769752, 71, 41, 30, 306.57831081870995, 42
51, 2655376, 1517096, 1138280, 11380835.340798575, 90, 40, 50, 326.1070288241023, 41
1, 2655420, 1517140, 1138280, 11381106.691756265, 44, 44, 0, 271.35095769013947, 44
1, 2655503, 1517193, 1138310, 11381427.226704195, 83, 53, 30, 320.5349479292333, 54
1, 2655594, 1517244, 1138350, 11381755.385766134, 91, 51, 40, 328.1590619387661, 52
51, 2655679, 1517279, 1138400, 11382076.122793805, 85, 35, 50, 320.73702767108114, 36
1, 2655758, 1517318, 1138440, 11382391.153543934, 79, 39, 40, 315.03075013013313, 40
1, 2655806, 1517366, 1138440, 11382668.968346525, 48, 48, 0, 277.8148025904985, 48
1, 2655846, 1517406, 1138440, 11382933.455032462, 40, 40, 0, 264.4866859365871, 40
1, 2655954, 1517444, 1138510, 11383275.626012009, 108, 38, 70, 342.1709795470626, 40
51, 2656051, 1517491, 1138560, 11383608.95491128, 97, 47, 50, 333.3288992714996, 48
1, 2656086, 1517526, 1138560, 11383864.18483919, 35, 35, 0, 255.22992790977875, 35
1, 2656155, 1517565, 1138590, 11384168.2969809, 69, 39, 30, 304.1121417102006, 40
1, 2656235, 1517605, 1138630, 11384484.466737146, 80, 40, 40, 316.1697562442441, 41
1, 2656283, 1517653, 1138630, 11384762.281539736, 48, 48, 0, 277.8148025904985, 48
51, 2656379, 1517699, 1138680, 11385094.598455751, 96, 46, 50, 332.31691601465747, 47
1, 2656419, 1517739, 1138680, 11385359.085141689, 40, 40, 0, 264.4866859365871, 40
1, 2656529, 1517779, 1138750, 11385703.138325736, 110, 40, 70, 344.0531840464366, 42
1, 2656582, 1517832, 1138750, 11385988.555113377, 53, 53, 0, 285.4167876408086, 53
1, 2656623, 1517873, 1138750, 11386254.799066821, 41, 41, 0, 266.24395344352433, 41
51, 2656710, 1517910, 1138800, 11386577.706647819, 87, 37, 50, 322.9075809977351, 38
1, 2656790, 1517950, 1138840, 11386893.876404064, 80, 40, 40, 316.1697562442441, 41
1, 2656823, 1517983, 1138840, 11387145.154576756, 33, 33, 0, 251.27817269284301, 33
1, 2656893, 1518023, 1138870, 11387450.505337607, 70, 40, 30, 305.3507608519078, 41
51, 2656986, 1518066, 1138920, 11387779.747617515, 93, 43, 50, 329.24227990714814, 44
1, 2657093, 1518103, 1138990, 11388120.969762785, 107, 37, 70, 341.2221452697031, 39
1, 2657136, 1518146, 1138990, 11388390.644722989, 43, 43, 0, 269.6749602031015, 43
1, 2657189, 1518199, 1138990, 11388676.06151063, 53, 53, 0, 285.4167876408086, 53
51, 2657331, 1518251, 1139080, 11389045.862543186, 142, 52, 90, 369.8010325565812, 54
1, 2657406, 1518296, 1139110, 11389357.245638825, 75, 45, 30, 311.38309563827124, 46
1, 2657440, 1518330, 1139110, 11389610.519279102, 34, 34, 0, 253.2736402766418, 34
51, 2657526, 1518366, 1139160, 11389932.34544375, 86, 36, 50, 321.82616464756694, 37
1, 2657607, 1518407, 1139200, 11390249.64544375, 81, 41, 40, 317.3, 42
1, 2657645, 1518445, 1139200, 11390510.52782337, 38, 38, 0, 260.88237961983884, 38
1, 2657720, 1518490, 1139230, 11390821.910919009, 75, 45, 30, 311.38309563827124, 46
51, 2657847, 1518527, 1139320, 11391179.210601307, 127, 37, 90, 357.2996822992933, 39
1, 2657923, 1518573, 1139350, 11391491.76977368, 76, 46, 30, 312.5591723737189, 47
1, 2657959, 1518609, 1139350, 11391748.91874796, 36, 36, 0, 257.1489742783178, 36
1, 2658003, 1518653, 1139350, 11392020.26970565, 44, 44, 0, 271.35095769013947, 44
1, 2658033, 1518683, 1139350, 11392265.304437581, 30, 30, 0, 245.0347319320716, 30
51, 2658162, 1518722, 1139440, 11392624.318038072, 129, 39, 90, 359.01360049114555, 41
1, 2658237, 1518767, 1139470, 11392935.701133711, 75, 45, 30, 311.38309563827124, 46
1, 2658285, 1518815, 1139470, 11393213.515936302, 48, 48, 0, 277.8148025904985, 48
1, 2658374, 1518864, 1139510, 11393539.563801866, 89, 49, 40, 326.0478655640733, 50
51, 2658502, 1518912, 1139590, 11393898.722367968, 128, 48, 80, 359.1585661014858, 50
1, 2658540, 1518950, 1139590, 11394159.604747588, 38, 38, 0, 260.88237961983884, 38
1, 2658611, 1518991, 1139620, 11394466.183058407, 71, 41, 30, 306.57831081870995, 42
1, 2658693, 1519033, 1139660, 11394784.60472825, 82, 42, 40, 318.42166984345636, 43
1, 2658737, 1519077, 1139660, 11395055.95568594, 44, 44, 0, 271.35095769013947, 44
51, 2658827, 1519117, 1139710, 11395382.062714763, 90, 40, 50, 326.1070288241023, 41
1, 2658898, 1519158, 1139740, 11395688.641025582, 71, 41, 30, 306.57831081870995, 42
1, 2658968, 1519188, 1139780, 11395992.991786433, 70, 30, 40, 304.3507608519078, 31
51, 2659053, 1519223, 1139830, 11396313.728814105, 85, 35, 50, 320.73702767108114, 36
1, 2659091, 1519261, 1139830, 11396574.611193724, 38, 38, 0, 260.88237961983884, 38
1, 2659127, 1519297, 1139830, 11396831.760168003, 36, 36, 0, 257.1489742783178, 36
1, 2659235, 1519335, 1139900, 11397173.93114755, 108, 38, 70, 342.1709795470626, 40
51, 2659314, 1519364, 1139950, 11397487.961897679, 79, 29, 50, 314.03075013013313, 30
1, 2659351, 1519401, 1139950, 11397746.994469134, 37, 37, 0, 259.03257145596604, 37
1, 2659425, 1519445, 1139980, 11398057.191677902, 74, 44, 30, 310.1972087668518, 45
1, 2659468, 1519488, 1139980, 11398326.866638105, 43, 43, 0, 269.6749602031015, 43
51, 2659590, 1519520, 1140070, 11398679.812256658, 122, 32, 90, 352.9456185537469, 34
1, 2659632, 1519562, 1140070, 11398947.78524616, 42, 42, 0, 267.97298950218305, 42
1, 2659680, 1519610, 1140070, 11399225.60004875, 48, 48, 0, 277.8148025904985, 48
51, 2659840, 1519650, 1140190, 11399606.555930758, 160, 40, 120, 380.95588200778457, 43
1, 2659881, 1519691, 1140190, 11399872.799884202, 41, 41, 0, 266.24395344352433, 41
1, 2659926, 1519736, 1140190, 11400145.801890614, 45, 45, 0, 273.00200641113514, 45
1, 2659996, 1519766, 1140230, 11400450.152651465, 70, 30, 40, 304.3507608519078, 31
51, 2660098, 1519818, 1140280, 11400788.449834246, 102, 52, 50, 338.29718278112654, 53
1, 2660171, 1519861, 1140310, 11401097.451112816, 73, 43, 30, 309.00127856917646, 44
1, 2660209, 1519899, 1140310, 11401358.333492436, 38, 38, 0, 260.88237961983884, 38
51, 2660303, 1519943, 1140360, 11401688.607218284, 94, 44, 50, 330.273725847777, 45
1, 2660344, 1519984, 1140360, 11401954.851171728, 41, 41, 0, 266.24395344352433, 41
1, 2660454, 1520024, 1140430, 11402298.904355776, 110, 40, 70, 344.0531840464366, 42
1, 2660490, 1520060, 1140430, 11402556.053330055, 36, 36, 0, 257.1489742783178, 36
51, 2660579, 1520099, 1140480, 11402881.101195619, 89, 39, 50, 325.0478655640733, 40
1, 2660618, 1520138, 1140480, 11403143.801135562, 39, 39, 0, 262.6999399439383, 39
1, 2660731, 1520181, 1140550, 11403490.640179431, 113, 43, 70, 346.83904386951343, 45
1, 2660772, 1520222, 1140550, 11403756.884132875, 41, 41, 0, 266.24395344352433, 41
51, 2660863, 1520263, 1140600, 11404084.043194814, 91, 41, 50, 327.1590619387661, 42
1, 2660944, 1520304, 1140640, 11404401.343194814, 81, 41, 40, 317.3, 42
1, 2660976, 1520336, 1140640, 11404650.584617814, 32, 32, 0, 249.24142300054422, 32
1, 2661056, 1520376, 1140680, 11404966.754374059, 80, 40, 40, 316.1697562442441, 41
1, 2661124, 1520414, 1140710, 11405269.616545161, 68, 38, 30, 302.86217110259, 39
51, 2661219, 1520459, 1140760, 11405600.915109297, 95, 45, 50, 331.2985641352145, 46
1, 2661257, 1520497, 1140760, 11405861.797488917, 38, 38, 0, 260.88237961983884, 38
1, 2661375, 1520545, 1140830, 11406213.184814086, 118, 48, 70, 351.3873251689181, 50
51, 2661469, 1520589, 1140880, 11406543.458539935, 94, 44, 50, 330.273725847777, 45
1, 2661529, 1520619, 1140910, 11406835.874308307, 60, 30, 30, 292.41576837137404, 31
1, 2661618, 1520668, 1140950, 11407161.92217387, 89, 49, 40, 326.0478655640733, 50
1, 2661654, 1520704, 1140950, 11407419.07114815, 36, 36, 0, 257.1489742783178, 36
51, 2661742, 1520742, 1141000, 11407743.052579511, 88, 38, 50, 323.98143136087856, 39
1, 2661852, 1520782, 1141070, 11408087.105763558, 110, 40, 70, 344.0531840464366, 42
1, 2661898, 1520828, 1141070, 11408361.734832272, 46, 46, 0, 274.6290687140218, 46
51, 2661990, 1520870, 1141120, 11408689.93893374, 92, 42, 50, 328.20410146824725, 43
1, 2662027, 1520907, 1141120, 11408948.971505195, 37, 37, 0, 259.03257145596604, 37
1, 2662080, 1520960, 1141120, 11409234.388292836, 53, 53, 0, 285.4167876408086, 53
51, 2662208, 1520998, 1141210, 11409592.546858938, 128, 38, 90, 358.1585661014858, 40
1, 2662276, 1521036, 1141240, 11409895.40903004, 68, 38, 30, 302.86217110259, 39
1, 2662309, 1521069, 1141240, 11410146.687202733, 33, 33, 0, 251.27817269284301, 33
51, 2662395, 1521105, 1141290, 11410468.513367381, 86, 36, 50, 321.82616464756694, 37
1, 2662431, 1521141, 1141290, 11410725.66234166, 36, 36, 0, 257.1489742783178, 36
1, 2662539, 1521179, 1141360, 11411067.833321206, 108, 38, 70, 342.1709795470626, 40
51, 2662626, 1521216, 1141410, 11411390.740902204, 87, 37, 50, 322.9075809977351, 38
1, 2662668, 1521258, 1141410, 11411658.713891705, 42, 42, 0, 267.97298950218305, 42
1, 2662714, 1521304, 1141410, 11411933.34296042, 46, 46, 0, 274.6290687140218, 46
1, 2662794, 1521344, 1141450, 11412249.512716664, 80, 40, 40, 316.1697562442441, 41
51, 2662869, 1521369, 1141500, 11412558.895812303, 75, 25, 50, 309.38309563827124, 26
1, 2662941, 1521411, 1141530, 11412866.690875327, 72, 42, 30, 307.79506302439404, 43
1, 2662988, 1521458, 1141530, 11413142.923925197, 47, 47, 0, 276.2330498695885, 47
1, 2663066, 1521496, 1141570, 11413456.806711817, 78, 38, 40, 313.8827866200841, 39
51, 2663159, 1521539, 1141620, 11413786.048991725, 93, 43, 50, 329.24227990714814, 44
1, 2663203, 1521583, 1141620, 11414057.399949415, 44, 44, 0, 271.35095769013947, 44
1, 2663276, 1521626, 1141650, 11414366.401227985, 73, 43, 30, 309.00127856917646, 44
1, 2663320, 1521670, 1141650, 11414637.752185674, 44, 44, 0, 271.35095769013947, 44
51, 2663447, 1521707, 1141740, 11414995.051867973, 127, 37, 90, 357.2996822992933, 39
1, 2663506, 1521736, 1141770, 11415286.10066822, 59, 29, 30, 291.0488002476036, 30
1, 2663545, 1521775, 1141770, 11415548.800608164, 39, 39, 0, 262.6999399439383, 39
1, 2663625, 1521815, 1141810, 11415864.970364409, 80, 40, 40, 316.1697562442441, 41
1, 2663694, 1521854, 1141840, 11416169.082506118, 69, 39, 30, 304.1121417102006, 40
51, 2663821, 1521891, 1141930, 11416526.382188417, 127, 37, 90, 357.2996822992933, 39
1, 2663851, 1521921, 1141930, 11416771.416920349, 30, 30, 0, 245.0347319320716, 30
1, 2663931, 1521961, 1141970, 11417087.586676594, 80, 40, 40, 316.1697562442441, 41
1, 2663972, 1522002, 1141970, 11417353.830630038, 41, 41, 0, 266.24395344352433, 41
1, 2664048, 1522048, 1142000, 11417666.389802411, 76, 46, 30, 312.5591723737189, 47
51, 2664137, 1522087, 1142050, 11417991.437667975, 89, 39, 50, 325.0478655640733, 40
1, 2664170, 1522120, 1142050, 11418242.715840667, 33, 33, 0, 251.27817269284301, 33
1, 2664210, 1522160, 1142050, 11418507.202526605, 40, 40, 0, 264.4866859365871, 40
1, 2664292, 1522202, 1142090, 11418825.624196447, 82, 42, 40, 318.42166984345636, 43
1, 2664331, 1522241, 1142090, 11419088.324136391, 39, 39, 0, 262.6999399439383, 39
51, 2664448, 1522278, 1142170, 11419437.81095319, 117, 37, 80, 349.4868167986058, 39
1, 2664490, 1522320, 1142170, 11419705.783942692, 42, 42, 0, 267.97298950218305, 42
1, 2664573, 1522363, 1142210, 11420025.318890622, 83, 43, 40, 319.5349479292333, 44
1, 2664643, 1522403, 1142240, 11420330.669651473, 70, 40, 30, 305.3507608519078, 41
51, 2664735, 1522445, 1142290, 11420658.87375294, 92, 42, 50, 328.20410146824725, 43
1, 2664770, 1522480, 1142290, 11420914.103680851, 35, 35, 0, 255.22992790977875, 35
1, 2664859, 1522529, 1142330, 11421240.151546415, 89, 49, 40, 326.0478655640733, 50
51, 2664945, 1522565, 1142380, 11421561.977711063, 86, 36, 50, 321.82616464756694, 37
1, 2664992, 1522612, 1142380, 11421838.210760932, 47, 47, 0, 276.2330498695885, 47
1, 2665061, 1522651, 1142410, 11422142.322902642, 69, 39, 30, 304.1121417102006, 40
1, 2665143, 1522693, 1142450, 11422460.744572485, 82, 42, 40, 318.42166984345636, 43
1, 2665184, 1522734, 1142450, 11422726.988525929, 41, 41, 0, 266.24395344352433, 41
51, 2665271, 1522771, 1142500, 11423049.896106927, 87, 37, 50, 322.9075809977351, 38
1, 2665310, 1522810, 1142500, 11423312.59604687, 39, 39, 0, 262.6999399439383, 39
1, 2665349, 1522849, 1142500, 11423575.295986814, 39, 39, 0, 262.6999399439383, 39
1, 2665457, 1522887, 1142570, 11423917.46696636, 108, 38, 70, 342.1709795470626, 40
51, 2665549, 1522929, 1142620, 11424245.671067828, 92, 42, 50, 328.20410146824725, 43
1, 2665592, 1522972, 1142620, 11424515.346028032, 43, 43, 0, 269.6749602031015, 43
1, 2665664, 1523014, 1142650, 11424823.141091056, 72, 42, 30, 307.79506302439404, 43
1, 2665705, 1523055, 1142650, 11425089.3850445, 41, 41, 0, 266.24395344352433, 41
51, 2665864, 1523094, 1142770, 11425469.583906973, 159, 39, 120, 380.1988624723894, 42
1, 2665908, 1523138, 1142770, 11425740.934864663, 44, 44, 0, 271.35095769013947, 44
1, 2665949, 1523179, 1142770, 11426007.178818107, 41, 41, 0, 266.24395344352433, 41
51, 2666037, 1523217, 1142820, 11426331.160249468, 88, 38, 50, 323.98143136087856, 39
1, 2666079, 1523259, 1142820, 11426599.13323897, 42, 42, 0, 267.97298950218305, 42
1, 2666124, 1523304, 1142820, 11426872.13524538, 45, 45, 0, 273.00200641113514, 45
1, 2666234, 1523344, 1142890, 11427216.188429428, 110, 40, 70, 344.0531840464366, 42
1, 2666273, 1523383, 1142890, 11427478.888369372, 39, 39, 0, 262.6999399439383, 39
51, 2666356, 1523416, 1142940, 11427797.423317302, 83, 33, 50, 318.5349479292333, 34
1, 2666427, 1523457, 1142970, 11428104.001628121, 71, 41, 30, 306.57831081870995, 42
1, 2666517, 1523507, 1143010, 11428431.108656945, 90, 50, 40, 327.1070288241023, 51
1, 2666586, 1523546, 1143040, 11428735.220798654, 69, 39, 30, 304.1121417102006, 40
51, 2666683, 1523593, 1143090, 11429068.549697926, 97, 47, 50, 333.3288992714996, 48
1, 2666720, 1523630, 1143090, 11429327.582269382, 37, 37, 0, 259.03257145596604, 37
1, 2666766, 1523676, 1143090, 11429602.211338095, 46, 46, 0, 274.6290687140218, 46
51, 2666930, 1523720, 1143210, 11429986.169528931, 164, 44, 120, 383.9581908363381, 47
1, 2666971, 1523761, 1143210, 11430252.413482375, 41, 41, 0, 266.24395344352433, 41
1, 2667007, 1523797, 1143210, 11430509.562456654, 36, 36, 0, 257.1489742783178, 36
51, 2667168, 1523838, 1143330, 11430891.272753255, 161, 41, 120, 381.7102966008917, 44
1, 2667209, 1523879, 1143330, 11431157.5167067, 41, 41, 0, 266.24395344352433, 41
1, 2667245, 1523915, 1143330, 11431414.665680978, 36, 36, 0, 257.1489742783178, 36
1, 2667356, 1523956, 1143400, 11431759.652399018, 111, 41, 70, 344.9867180408456, 43
51, 2667446, 1523996, 1143450, 11432085.759427842, 90, 40, 50, 326.1070288241023, 41
1, 2667477, 1524027, 1143450, 11432332.920534018, 31, 31, 0, 247.1611061770567, 31
1, 2667559, 1524069, 1143490, 11432651.342203861, 82, 42, 40, 318.42166984345636, 43
51, 2667639, 1524099, 1143540, 11432966.511960106, 80, 30, 50, 315.1697562442441, 31
1, 2667707, 1524137, 1143570, 11433269.374131208, 68, 38, 30, 302.86217110259, 39
1, 2667789, 1524179, 1143610, 11433587.795801051, 82, 42, 40, 318.42166984345636, 43
1, 2667837, 1524227, 1143610, 11433865.610603642, 48, 48, 0, 277.8148025904985, 48
51, 2667923, 1524263, 1143660, 11434187.43676829, 86, 36, 50, 321.82616464756694, 37
1, 2667971, 1524311, 1143660, 11434465.25157088, 48, 48, 0, 277.8148025904985, 48
1, 2668048, 1524358, 1143690, 11434778.977234647, 77, 47, 30, 313.72566376652986, 48
51, 2668180, 1524400, 1143780, 11435140.533357074, 132, 42, 90, 361.55612242701943, 44
1, 2668216, 1524436, 1143780, 11435397.682331353, 36, 36, 0, 257.1489742783178, 36
1, 2668265, 1524485, 1143780, 11435677.05746246, 49, 49, 0, 279.3751311064591, 49
1, 2668309, 1524529, 1143780, 11435948.40842015, 44, 44, 0, 271.35095769013947, 44
51, 2668438, 1524568, 1143870, 11436307.42202064, 129, 39, 90, 359.01360049114555, 41
1, 2668506, 1524606, 1143900, 11436610.284191743, 68, 38, 30, 302.86217110259, 39
1, 2668553, 1524653, 1143900, 11436886.517241612, 47, 47, 0, 276.2330498695885, 47
1, 2668584, 1524684, 1143900, 11437133.678347789, 31, 31, 0, 247.1611061770567, 31
51, 2668675, 1524725, 1143950, 11437460.837409727, 91, 41, 50, 327.1590619387661, 42
1, 2668749, 1524759, 1143990, 11437770.034618495, 74, 34, 40, 309.1972087668518, 35
1, 2668788, 1524798, 1143990, 11438032.734558439, 39, 39, 0, 262.6999399439383, 39
51, 2668904, 1524834, 1144070, 11438381.31636193, 116, 36, 80, 348.5818034911291, 38
1, 2668949, 1524879, 1144070, 11438654.318368342, 45, 45, 0, 273.00200641113514, 45
1, 2668994, 1524924, 1144070, 11438927.320374753, 45, 45, 0, 273.00200641113514, 45
1, 2669083, 1524973, 1144110, 11439253.368240317, 89, 49, 40, 326.0478655640733, 50
1, 2669122, 1525012, 1144110, 11439516.068180261, 39, 39, 0, 262.6999399439383, 39
51, 2669212, 1525052, 1144160, 11439842.175209085, 90, 40, 50, 326.1070288241023, 41
1, 2669276, 1525086, 1144190, 11440139.91792156, 64, 34, 30, 297.742712474619, 35
1, 2669350, 1525120, 1144230, 11440449.115130328, 74, 34, 40, 309.1972087668518, 35
1, 2669435, 1525175, 1144260, 11440771.852157999, 85, 55, 30, 322.73702767108114, 56
1, 2669509, 1525209, 1144300, 11441081.049366767, 74, 34, 40, 309.1972087668518, 35
51, 2669593, 1525243, 1144350, 11441400.68937717, 84, 34, 50, 319.64001040350905, 35
1, 2669660, 1525280, 1144380, 11441702.289932428, 67, 37, 30, 301.6005552576305, 38
1, 2669700, 1525320, 1144380, 11441966.776618365, 40, 40, 0, 264.4866859365871, 40
1, 2669739, 1525359, 1144380, 11442229.476558309, 39, 39, 0, 262.6999399439383, 39
1, 2669775, 1525395, 1144380, 11442486.625532588, 36, 36, 0, 257.1489742783178, 36
51, 2669907, 1525437, 1144470, 11442848.181655016, 132, 42, 90, 361.55612242701943, 44
1, 2669972, 1525472, 1144500, 11443147.22280646, 65, 35, 30, 299.04115144336777, 36
1, 2670009, 1525509, 1144500, 11443406.255377915, 37, 37, 0, 259.03257145596604, 37
1, 2670088, 1525548, 1144540, 11443721.286128044, 79, 39, 40, 315.03075013013313, 40
51, 2670173, 1525583, 1144590, 11444042.023155715, 85, 35, 50, 320.73702767108114, 36
1, 2670213, 1525623, 1144590, 11444306.509841653, 40, 40, 0, 264.4866859365871, 40
1, 2670281, 1525661, 1144620, 11444609.372012755, 68, 38, 30, 302.86217110259, 39
1, 2670362, 1525702, 1144660, 11444926.672012756, 81, 41, 40, 317.3, 42
1, 2670392, 1525732, 1144660, 11445171.706744688, 30, 30, 0, 245.0347319320716, 30
51, 2670554, 1525774, 1144780, 11445554.168879189, 162, 42, 120, 382.4621345008163, 45
1, 2670593, 1525813, 1144780, 11445816.868819132, 39, 39, 0, 262.6999399439383, 39
1, 2670643, 1525863, 1144780, 11446097.78361398, 50, 50, 0, 280.9147948472494, 50
51, 2670776, 1525906, 1144870, 11446460.179883022, 133, 43, 90, 362.3962690412072, 45
1, 2670808, 1525938, 1144870, 11446709.421306022, 32, 32, 0, 249.24142300054422, 32
1, 2670878, 1525978, 1144900, 11447014.772066873, 70, 40, 30, 305.3507608519078, 41
1, 2670915, 1526015, 1144900, 11447273.804638328, 37, 37, 0, 259.03257145596604, 37
51, 2671077, 1526057, 1145020, 11447656.266772829, 162, 42, 120, 382.4621345008163, 45
1, 2671109, 1526089, 1145020, 11447905.508195829, 32, 32, 0, 249.24142300054422, 32
1, 2671185, 1526135, 1145050, 11448218.067368202, 76, 46, 30, 312.5591723737189, 47
51, 2671267, 1526167, 1145100, 11448535.489038045, 82, 32, 50, 317.42166984345636, 33
1, 2671355, 1526215, 1145140, 11448860.470469406, 88, 48, 40, 324.98143136087856, 49
1, 2671393, 1526253, 1145140, 11449121.352849025, 38, 38, 0, 260.88237961983884, 38
1, 2671436, 1526296, 1145140, 11449391.027809229, 43, 43, 0, 269.6749602031015, 43
51, 2671580, 1526350, 1145230, 11449762.437970743, 144, 54, 90, 371.41016151377545, 56
1, 2671651, 1526391, 1145260, 11450069.016281562, 71, 41, 30, 306.57831081870995, 42
1, 2671691, 1526431, 1145260, 11450333.5029675, 40, 40, 0, 264.4866859365871, 40
1, 2671739, 1526479, 1145260, 11450611.31777009, 48, 48, 0, 277.8148025904985, 48
51, 2671862, 1526522, 1145340, 11450966.142341351, 123, 43, 80, 354.8245712617827, 45
1, 2671955, 1526575, 1145380, 11451296.384621259, 93, 53, 40, 330.24227990714814, 54
1, 2671985, 1526605, 1145380, 11451541.41935319, 30, 30, 0, 245.0347319320716, 30
1, 2672014, 1526634, 1145380, 11451784.2789319, 29, 29, 0, 242.8595787106084, 29
1, 2672056, 1526676, 1145380, 11452052.251921402, 42, 42, 0, 267.97298950218305, 42
51, 2672216, 1526716, 1145500, 11452433.20780341, 160, 40, 120, 380.95588200778457, 43
1, 2672253, 1526753, 1145500, 11452692.240374865, 37, 37, 0, 259.03257145596604, 37
1, 2672296, 1526796, 1145500, 11452961.915335068, 43, 43, 0, 269.6749602031015, 43
51, 2672423, 1526833, 1145590, 11453319.215017367, 127, 37, 90, 357.2996822992933, 39
1, 2672465, 1526875, 1145590, 11453587.188006869, 42, 42, 0, 267.97298950218305, 42
1, 2672508, 1526918, 1145590, 11453856.862967072, 43, 43, 0, 269.6749602031015, 43
1, 2672586, 1526966, 1145620, 11454171.745753692, 78, 48, 30, 314.8827866200841, 49
51, 2672673, 1527003, 1145670, 11454494.65333469, 87, 37, 50, 322.9075809977351, 38
1, 2672717, 1527047, 1145670, 11454766.00429238, 44, 44, 0, 271.35095769013947, 44
1, 2672794, 1527084, 1145710, 11455078.729956146, 77, 37, 40, 312.72566376652986, 38
1, 2672843, 1527133, 1145710, 11455358.105087252, 49, 49, 0, 279.3751311064591, 49
51, 2672962, 1527172, 1145790, 11455709.388482455, 119, 39, 80, 351.28339520229764, 41
1, 2673003, 1527213, 1145790, 11455975.6324359, 41, 41, 0, 266.24395344352433, 41
1, 2673107, 1527247, 1145860, 11456313.976122657, 104, 34, 70, 338.343686757474, 36
1, 2673150, 1527290, 1145860, 11456583.65108286, 43, 43, 0, 269.6749602031015, 43
1, 2673185, 1527325, 1145860, 11456838.88101077, 35, 35, 0, 255.22992790977875, 35
51, 2673276, 1527366, 1145910, 11457166.04007271, 91, 41, 50, 327.1590619387661, 42
1, 2673319, 1527409, 1145910, 11457435.715032913, 43, 43, 0, 269.6749602031015, 43
1, 2673431, 1527451, 1145980, 11457781.630345253, 112, 42, 70, 345.91531233955715, 44
1, 2673470, 1527490, 1145980, 11458044.330285197, 39, 39, 0, 262.6999399439383, 39
51, 2673559, 1527529, 1146030, 11458369.378150761, 89, 39, 50, 325.0478655640733, 40
1, 2673638, 1527568, 1146070, 11458684.40890089, 79, 39, 40, 315.03075013013313, 40
1, 2673685, 1527615, 1146070, 11458960.64195076, 47, 47, 0, 276.2330498695885, 47
51, 2673770, 1527650, 1146120, 11459281.378978431, 85, 35, 50, 320.73702767108114, 36
1, 2673845, 1527695, 1146150, 11459592.76207407, 75, 45, 30, 311.38309563827124, 46
1, 2673887, 1527737, 1146150, 11459860.735063571, 42, 42, 0, 267.97298950218305, 42
1, 2673970, 1527780, 1146190, 11460180.270011501, 83, 43, 40, 319.5349479292333, 44
1, 2674013, 1527823, 1146190, 11460449.944971705, 43, 43, 0, 269.6749602031015, 43
51, 2674106, 1527866, 1146240, 11460779.187251613, 93, 43, 50, 329.24227990714814, 44
1, 2674178, 1527908, 1146270, 11461086.982314637, 72, 42, 30, 307.79506302439404, 43
1, 2674254, 1527944, 1146310, 11461398.54148701, 76, 36, 40, 311.5591723737189, 37
1, 2674296, 1527986, 1146310, 11461666.514476512, 42, 42, 0, 267.97298950218305, 42
1, 2674365, 1528025, 1146340, 11461970.626618221, 69, 39, 30, 304.1121417102006, 40
51, 2674485, 1528055, 1146430, 11462321.801710187, 120, 30, 90, 351.1750919646873, 32
1, 2674556, 1528096, 1146460, 11462628.380021006, 71, 41, 30, 306.57831081870995, 42
1, 2674599, 1528139, 1146460, 11462898.05498121, 43, 43, 0, 269.6749602031015, 43
1, 2674631, 1528171, 1146460, 11463147.296404209, 32, 32, 0, 249.24142300054422, 32
1, 2674671, 1528211, 1146460, 11463411.783090146, 40, 40, 0, 264.4866859365871, 40
51, 2674788, 1528238, 1146550, 11463760.269906946, 117, 27, 90, 348.4868167986058, 29
1, 2674824, 1528274, 1146550, 11464017.418881224, 36, 36, 0, 257.1489742783178, 36
1, 2674936, 1528316, 1146620, 11464363.334193565, 112, 42, 70, 345.91531233955715, 44
51, 2675018, 1528348, 1146670, 11464680.755863408, 82, 32, 50, 317.42166984345636, 33
1, 2675058, 1528388, 1146670, 11464945.242549345, 40, 40, 0, 264.4866859365871, 40
1, 2675121, 1528421, 1146700, 11465241.67387407, 63, 33, 30, 296.43132472612575, 34
1, 2675209, 1528469, 1146740, 11465566.655305432, 88, 48, 40, 324.98143136087856, 49
51, 2675293, 1528503, 1146790, 11465886.295315836, 84, 34, 50, 319.64001040350905, 35
1, 2675362, 1528542, 1146820, 11466190.407457545, 69, 39, 30, 304.1121417102006, 40
1, 2675409, 1528589, 1146820, 11466466.640507415, 47, 47, 0, 276.2330498695885, 47
1, 2675456, 1528636, 1146820, 11466742.873557284, 47, 47, 0, 276.2330498695885, 47
51, 2675540, 1528670, 1146870, 11467062.513567688, 84, 34, 50, 319.64001040350905, 35
1, 2675644, 1528704, 1146940, 11467400.857254446, 104, 34, 70, 338.343686757474, 36
1, 2675681, 1528741, 1146940, 11467659.889825901, 37, 37, 0, 259.03257145596604, 37
51, 2675806, 1528776, 1147030, 11468015.459978389, 125, 35, 90, 355.57015248821097, 37
1, 2675841, 1528811, 1147030, 11468270.6899063, 35, 35, 0, 255.22992790977875, 35
1, 2675878, 1528848, 1147030, 11468529.722477755, 37, 37, 0, 259.03257145596604, 37
1, 2675919, 1528889, 1147030, 11468795.966431199, 41, 41, 0, 266.24395344352433, 41
51, 2676086, 1528936, 1147150, 11469182.150060635, 167, 47, 120, 386.1836294370035, 50
1, 2676119, 1528969, 1147150, 11469433.428233327, 33, 33, 0, 251.27817269284301, 33
1, 2676165, 1529015, 1147150, 11469708.057302041, 46, 46, 0, 274.6290687140218, 46
51, 2676254, 1529054, 1147200, 11470033.105167605, 89, 39, 50, 325.0478655640733, 40
1, 2676326, 1529096, 1147230, 11470340.90023063, 72, 42, 30, 307.79506302439404, 43
1, 2676400, 1529130, 1147270, 11470650.097439397, 74, 34, 40, 309.1972087668518, 35
51, 2676513, 1529163, 1147350, 11470995.936483266, 113, 33, 80, 345.83904386951343, 35
1, 2676555, 1529205, 1147350, 11471263.909472767, 42, 42, 0, 267.97298950218305, 42
1, 2676640, 1529250, 1147390, 11471585.646500438, 85, 45, 40, 321.73702767108114, 46
51, 2676759, 1529289, 1147470, 11471936.929895641, 119, 39, 80, 351.28339520229764, 41
1, 2676812, 1529342, 1147470, 11472222.346683282, 53, 53, 0, 285.4167876408086, 53
1, 2676855, 1529385, 1147470, 11472492.021643486, 43, 43, 0, 269.6749602031015, 43
1, 2676897, 1529427, 1147470, 11472759.994632987, 42, 42, 0, 267.97298950218305, 42
51, 2677018, 1529458, 1147560, 11473112.057112023, 121, 31, 90, 352.06247903554, 33
1, 2677059, 1529499, 1147560, 11473378.301065467, 41, 41, 0, 266.24395344352433, 41
1, 2677132, 1529542, 1147590, 11473687.302344037, 73, 43, 30, 309.00127856917646, 44
1, 2677212, 1529582, 1147630, 11474003.472100282, 80, 40, 40, 316.1697562442441, 41
51, 2677301, 1529621, 1147680, 11474328.519965846, 89, 39, 50, 325.0478655640733, 40
1, 2677333, 1529653, 1147680, 11474577.761388846, 32, 32, 0, 249.24142300054422, 32
1, 2677405, 1529695, 1147710, 11474885.55645187, 72, 42, 30, 307.79506302439404, 43
51, 2677535, 1529735, 1147800, 11475245.421289409, 130, 40, 90, 359.86483753851803, 42
1, 2677573, 1529773, 1147800, 11475506.303669028, 38, 38, 0, 260.88237961983884, 38
1, 2677651, 1529821, 1147830, 11475821.186455648, 78, 48, 30, 314.8827866200841, 49
1, 2677690, 1529860, 1147830, 11476083.886395592, 39, 39, 0, 262.6999399439383, 39
1, 2677723, 1529893, 1147830, 11476335.164568285, 33, 33, 0, 251.27817269284301, 33
51, 2677860, 1529940, 1147920, 11476700.88589049, 137, 47, 90, 365.72132220485213, 49
1, 2677934, 1529984, 1147950, 11477011.083099257, 74, 44, 30, 310.1972087668518, 45
1, 2677978, 1530028, 1147950, 11477282.434056947, 44, 44, 0, 271.35095769013947, 44
1, 2678063, 1530073, 1147990, 11477604.171084618, 85, 45, 40, 321.73702767108114, 46
51, 2678148, 1530108, 1148040, 11477924.90811229, 85, 35, 50, 320.73702767108114, 36
1, 2678217, 1530147, 1148070, 11478229.020254, 69, 39, 30, 304.1121417102006, 40
1, 2678265, 1530195, 1148070, 11478506.83505659, 48, 48, 0, 277.8148025904985, 48
1, 2678315, 1530245, 1148070, 11478787.749851437, 50, 50, 0, 280.9147948472494, 50
51, 2678414, 1530294, 1148120, 11479123.08406599, 99, 49, 50, 335.33421455299043, 50
1, 2678491, 1530331, 1148160, 11479435.809729757, 77, 37, 40, 312.72566376652986, 38
1, 2678525, 1530365, 1148160, 11479689.083370034, 34, 34, 0, 253.2736402766418, 34
1, 2678593, 1530403, 1148190, 11479991.945541136, 68, 38, 30, 302.86217110259, 39
1, 2678626, 1530436, 1148190, 11480243.223713828, 33, 33, 0, 251.27817269284301, 33
51, 2678762, 1530482, 1148280, 11480608.119010864, 136, 46, 90, 364.89529703482884, 48
1, 2678794, 1530514, 1148280, 11480857.360433863, 32, 32, 0, 249.24142300054422, 32
1, 2678867, 1530557, 1148310, 11481166.361712433, 73, 43, 30, 309.00127856917646, 44
1, 2678937, 1530587, 1148350, 11481470.712473284, 70, 30, 40, 304.3507608519078, 31
1, 2679014, 1530634, 1148380, 11481784.43813705, 77, 47, 30, 313.72566376652986, 48
51, 2679150, 1530680, 1148470, 11482149.333434086, 136, 46, 90, 364.89529703482884, 48
1, 2679186, 1530716, 1148470, 11482406.482408365, 36, 36, 0, 257.1489742783178, 36
1, 2679261, 1530761, 1148500, 11482717.865504004, 75, 45, 30, 311.38309563827124, 46
51, 2679351, 1530801, 1148550, 11483043.972532827, 90, 40, 50, 326.1070288241023, 41
1, 2679389, 1530839, 1148550, 11483304.854912447, 38, 38, 0, 260.88237961983884, 38
1, 2679468, 1530878, 1148590, 11483619.885662576, 79, 39, 40, 315.03075013013313, 40
1, 2679507, 1530917, 1148590, 11483882.58560252, 39, 39, 0, 262.6999399439383, 39
1, 2679540, 1530950, 1148590, 11484133.863775212, 33, 33, 0, 251.27817269284301, 33
51, 2679662, 1530992, 1148670, 11484487.809393765, 122, 42, 80, 353.9456185537469, 44
1, 2679693, 1531023, 1148670, 11484734.970499942, 31, 31, 0, 247.1611061770567, 31
1, 2679776, 1531066, 1148710, 11485054.505447872, 83, 43, 40, 319.5349479292333, 44
1, 2679816, 1531106, 1148710, 11485318.99213381, 40, 40, 0, 264.4866859365871, 40
51, 2679950, 1531150, 1148800, 11485682.224949729, 134, 44, 90, 363.23281591860336, 46
1, 2679988, 1531188, 1148800, 11485943.107329348, 38, 38, 0, 260.88237961983884, 38
1, 2680056, 1531226, 1148830, 11486245.96950045, 68, 38, 30, 302.86217110259, 39
51, 2680181, 1531261, 1148920, 11486601.539652938, 125, 35, 90, 355.57015248821097, 37
1, 2680221, 1531301, 1148920, 11486866.026338875, 40, 40, 0, 264.4866859365871, 40
1, 2680295, 1531345, 1148950, 11487176.223547643, 74, 44, 30, 310.1972087668518, 45
1, 2680375, 1531385, 1148990, 11487492.393303888, 80, 40, 40, 316.1697562442441, 41
51, 2680456, 1531416, 1149040, 11487808.693303889, 81, 31, 50, 316.3, 32
1, 2680574, 1531464, 1149110, 11488160.080629058, 118, 48, 70, 351.3873251689181, 50
1, 2680614, 1531504, 1149110, 11488424.567314995, 40, 40, 0, 264.4866859365871, 40
1, 2680651, 1531541, 1149110, 11488683.59988645, 37, 37, 0, 259.03257145596604, 37
51, 2680745, 1531585, 1149160, 11489013.8736123, 94, 44, 50, 330.273725847777, 45
1, 2680815, 1531625, 1149190, 11489319.22437315, 70, 40, 30, 305.3507608519078, 41
1, 2680887, 1531657, 1149230, 11489626.019436175, 72, 32, 40, 306.79506302439404, 33
1, 2680959, 1531699, 1149260, 11489933.8144992, 72, 42, 30, 307.79506302439404, 43
51, 2681045, 1531735, 1149310, 11490255.640663847, 86, 36, 50, 321.82616464756694, 37
1, 2681077, 1531767, 1149310, 11490504.882086847, 32, 32, 0, 249.24142300054422, 32
1, 2681157, 1531807, 1149350, 11490821.051843092, 80, 40, 40, 316.1697562442441, 41
51, 2681253, 1531853, 1149400, 11491153.368759107, 96, 46, 50, 332.31691601465747, 47
1, 2681323, 1531893, 1149430, 11491458.719519958, 70, 40, 30, 305.3507608519078, 41
1, 2681364, 1531934, 1149430, 11491724.963473402, 41, 41, 0, 266.24395344352433, 41
1, 2681401, 1531971, 1149430, 11491983.996044857, 37, 37, 0, 259.03257145596604, 37
51, 2681521, 1532011, 1149510, 11492336.171136823, 120, 40, 80, 352.1750919646873, 42
1, 2681601, 1532051, 1149550, 11492652.340893067, 80, 40, 40, 316.1697562442441, 41
1, 2681644, 1532094, 1149550, 11492922.01585327, 43, 43, 0, 269.6749602031015, 43
1, 2681686, 1532136, 1149550, 11493189.988842772, 42, 42, 0, 267.97298950218305, 42
51, 2681775, 1532175, 1149600, 11493515.036708336, 89, 39, 50, 325.0478655640733, 40
1, 2681846, 1532216, 1149630, 11493821.615019156, 71, 41, 30, 306.57831081870995, 42
1, 2681933, 1532263, 1149670, 11494145.522600153, 87, 47, 40, 323.9075809977351, 48
51, 2682030, 1532310, 1149720, 11494478.851499425, 97, 47, 50, 333.3288992714996, 48
1, 2682074, 1532354, 1149720, 11494750.202457115, 44, 44, 0, 271.35095769013947, 44
1, 2682107, 1532387, 1149720, 11495001.480629807, 33, 33, 0, 251.27817269284301, 33
1, 2682148, 1532428, 1149720, 11495267.724583251, 41, 41, 0, 266.24395344352433, 41
1, 2682252, 1532462, 1149790, 11495606.068270009, 104, 34, 70, 338.343686757474, 36
51, 2682343, 1532503, 1149840, 11495933.227331948, 91, 41, 50, 327.1590619387661, 42
1, 2682391, 1532551, 1149840, 11496211.042134538, 48, 48, 0, 277.8148025904985, 48
1, 2682498, 1532588, 1149910, 11496552.264279809, 107, 37, 70, 341.2221452697031, 39
1, 2682541, 1532631, 1149910, 11496821.939240012, 43, 43, 0, 269.6749602031015, 43
1, 2682580, 1532670, 1149910, 11497084.639179956, 39, 39, 0, 262.6999399439383, 39
51, 2682668, 1532708, 1149960, 11497408.620611317, 88, 38, 50, 323.98143136087856, 39
1, 2682709, 1532749, 1149960, 11497674.864564762, 41, 41, 0, 266.24395344352433, 41
1, 2682813, 1532783, 1150030, 11498013.20825152, 104, 34, 70, 338.343686757474, 36
1, 2682846, 1532816, 1150030, 11498264.486424211, 33, 33, 0, 251.27817269284301, 33
1, 2682889, 1532859, 1150030, 11498534.161384415, 43, 43, 0, 269.6749602031015, 43
51, 2682977, 1532897, 1150080, 11498858.142815776, 88, 38, 50, 323.98143136087856, 39
1, 2683066, 1532946, 1150120, 11499184.19068134, 89, 49, 40, 326.0478655640733, 50
1, 2683101, 1532981, 1150120, 11499439.42060925, 35, 35, 0, 255.22992790977875, 35
1, 2683168, 1533018, 1150150, 11499741.021164509, 67, 37, 30, 301.6005552576305, 38
51, 2683260, 1533060, 1150200, 11500069.225265976, 92, 42, 50, 328.20410146824725, 43
1, 2683332, 1533092, 1150240, 11500376.020329, 72, 32, 40, 306.79506302439404, 33
1, 2683396, 1533126, 1150270, 11500673.763041476, 64, 34, 30, 297.742712474619, 35
51, 2683490, 1533170, 1150320, 11501004.036767324, 94, 44, 50, 330.273725847777, 45
1, 2683531, 1533211, 1150320, 11501270.280720768, 41, 41, 0, 266.24395344352433, 41
1, 2683569, 1533249, 1150320, 11501531.163100388, 38, 38, 0, 260.88237961983884, 38
1, 2683606, 1533286, 1150320, 11501790.195671843, 37, 37, 0, 259.03257145596604, 37
51, 2683730, 1533320, 1150410, 11502144.895068392, 124, 34, 90, 354.6993965481514, 36
1, 2683804, 1533364, 1150440, 11502455.09227716, 74, 44, 30, 310.1972087668518, 45
1, 2683842, 1533402, 1150440, 11502715.97465678, 38, 38, 0, 260.88237961983884, 38
1, 2683890, 1533450, 1150440, 11502993.78945937, 48, 48, 0, 277.8148025904985, 48
1, 2683962, 1533492, 1150470, 11503301.584522394, 72, 42, 30, 307.79506302439404, 43
51, 2684093, 1533533, 1150560, 11503662.29685061, 131, 41, 90, 360.7123282155055, 43
1, 2684132, 1533572, 1150560, 11503924.996790554, 39, 39, 0, 262.6999399439383, 39
1, 2684200, 1533610, 1150590, 11504227.858961657, 68, 38, 30, 302.86217110259, 39
1, 2684281, 1533651, 1150630, 11504545.158961657, 81, 41, 40, 317.3, 42
51, 2684375, 1533695, 1150680, 11504875.432687506, 94, 44, 50, 330.273725847777, 45
1, 2684461, 1533741, 1150720, 11505198.258852154, 86, 46, 40, 322.82616464756694, 47
1, 2684525, 1533775, 1150750, 11505496.00156463, 64, 34, 30, 297.742712474619, 35
1, 2684569, 1533819, 1150750, 11505767.35252232, 44, 44, 0, 271.35095769013947, 44
51, 2684652, 1533852, 1150800, 11506085.88747025, 83, 33, 50, 318.5349479292333, 34
1, 2684722, 1533892, 1150830, 11506391.2382311, 70, 40, 30, 305.3507608519078, 41
1, 2684768, 1533938, 1150830, 11506665.867299814, 46, 46, 0, 274.6290687140218, 46
1, 2684840, 1533970, 1150870, 11506972.662362838, 72, 32, 40, 306.79506302439404, 33
51, 2684930, 1534010, 1150920, 11507298.769391662, 90, 40, 50, 326.1070288241023, 41
1, 2684965, 1534045, 1150920, 11507553.999319572, 35, 35, 0, 255.22992790977875, 35
1, 2685040, 1534080, 1150960, 11507864.38241521, 75, 35, 40, 310.38309563827124, 36
51, 2685167, 1534127, 1151040, 11508222.68209751, 127, 47, 80, 358.2996822992933, 49
1, 2685205, 1534165, 1151040, 11508483.564477129, 38, 38, 0, 260.88237961983884, 38
1, 2685285, 1534205, 1151080, 11508799.734233374, 80, 40, 40, 316.1697562442441, 41
1, 2685332, 1534252, 1151080, 11509075.967283243, 47, 47, 0, 276.2330498695885, 47
51, 2685459, 1534299, 1151160, 11509434.266965542, 127, 47, 80, 358.2996822992933, 49
1, 2685496, 1534336, 1151160, 11509693.299536997, 37, 37, 0, 259.03257145596604, 37
1, 2685529, 1534369, 1151160, 11509944.57770969, 33, 33, 0, 251.27817269284301, 33
1, 2685561, 1534401, 1151160, 11510193.81913269, 32, 32, 0, 249.24142300054422, 32
51, 2685720, 1534440, 1151280, 11510574.017995162, 159, 39, 120, 380.1988624723894, 42
1, 2685755, 1534475, 1151280, 11510829.247923072, 35, 35, 0, 255.22992790977875, 35
1, 2685802, 1534522, 1151280, 11511105.480972942, 47, 47, 0, 276.2330498695885, 47
51, 2685891, 1534561, 1151330, 11511430.528838506, 89, 39, 50, 325.0478655640733, 40
1, 2685958, 1534598, 1151360, 11511732.129393764, 67, 37, 30, 301.6005552576305, 38
1, 2686000, 1534640, 1151360, 11512000.102383265, 42, 42, 0, 267.97298950218305, 42
1, 2686077, 1534677, 1151400, 11512312.828047032, 77, 37, 40, 312.72566376652986, 38
51, 2686193, 1534713, 1151480, 11512661.409850523, 116, 36, 80, 348.5818034911291, 38
1, 2686228, 1534748, 1151480, 11512916.639778433, 35, 35, 0, 255.22992790977875, 35
1, 2686272, 1534792, 1151480, 11513187.990736123, 44, 44, 0, 271.35095769013947, 44
1, 2686340, 1534820, 1151520, 11513489.852907225, 68, 28, 40, 301.86217110259, 29
1, 2686369, 1534849, 1151520, 11513732.712485936, 29, 29, 0, 242.8595787106084, 29
51, 2686505, 1534895, 1151610, 11514097.607782971, 136, 46, 90, 364.89529703482884, 48
1, 2686570, 1534930, 1151640, 11514396.648934415, 65, 35, 30, 299.04115144336777, 36
1, 2686647, 1534967, 1151680, 11514709.37459818, 77, 37, 40, 312.72566376652986, 38
1, 2686696, 1535016, 1151680, 11514988.749729287, 49, 49, 0, 279.3751311064591, 49
51, 2686859, 1535059, 1151800, 11515371.961152766, 163, 43, 120, 383.21142347822723, 46
1, 2686895, 1535095, 1151800, 11515629.110127045, 36, 36, 0, 257.1489742783178, 36
1, 2686928, 1535128, 1151800, 11515880.388299737, 33, 33, 0, 251.27817269284301, 33
1, 2687018, 1535178, 1151840, 11516207.49532856, 90, 50, 40, 327.1070288241023, 51
51, 2687112, 1535222, 1151890, 11516537.76905441, 94, 44, 50, 330.273725847777, 45
1, 2687154, 1535264, 1151890, 11516805.74204391, 42, 42, 0, 267.97298950218305, 42
1, 2687231, 1535311, 1151920, 11517119.467707677, 77, 47, 30, 313.72566376652986, 48
1, 2687272, 1535352, 1151920, 11517385.71166112, 41, 41, 0, 266.24395344352433, 41
51, 2687422, 1535382, 1152040, 11517758.97521228, 150, 30, 120, 373.26355115805836, 33
1, 2687466, 1535426, 1152040, 11518030.32616997, 44, 44, 0, 271.35095769013947, 44
1, 2687494, 1535454, 1152040, 11518270.958833348, 28, 28, 0, 240.63266337912057, 28
1, 2687607, 1535497, 1152110, 11518617.797877217, 113, 43, 70, 346.83904386951343, 45
51, 2687695, 1535535, 1152160, 11518941.779308578, 88, 38, 50, 323.98143136087856, 39
1, 2687770, 1535580, 1152190, 11519253.162404217, 75, 45, 30, 311.38309563827124, 46
1, 2687817, 1535627, 1152190, 11519529.395454086, 47, 47, 0, 276.2330498695885, 47
51, 2687937, 1535657, 1152280, 11519880.570546051, 120, 30, 90, 351.1750919646873, 32
1, 2688010, 1535700, 1152310, 11520189.571824621, 73, 43, 30, 309.00127856917646, 44
1, 2688090, 1535740, 1152350, 11520505.741580866, 80, 40, 40, 316.1697562442441, 41
1, 2688127, 1535777, 1152350, 11520764.774152322, 37, 37, 0, 259.03257145596604, 37
51, 2688226, 1535826, 1152400, 11521100.108366875, 99, 49, 50, 335.33421455299043, 50
1, 2688296, 1535866, 1152430, 11521405.459127726, 70, 40, 30, 305.3507608519078, 41
1, 2688338, 1535908, 1152430, 11521673.432117227, 42, 42, 0, 267.97298950218305, 42
1, 2688447, 1535947, 1152500, 11522016.546748728, 109, 39, 70, 343.114631499574, 41
51, 2688529, 1535979, 1152550, 11522333.96841857, 82, 32, 50, 317.42166984345636, 33
1, 2688567, 1536017, 1152550, 11522594.85079819, 38, 38, 0, 260.88237961983884, 38
1, 2688634, 1536054, 1152580, 11522896.451353448, 67, 37, 30, 301.6005552576305, 38
1, 2688679, 1536099, 1152580, 11523169.453359859, 45, 45, 0, 273.00200641113514, 45
1, 2688753, 1536133, 1152620, 11523478.650568627, 74, 34, 40, 309.1972087668518, 35
51, 2688839, 1536169, 1152670, 11523800.476733275, 86, 36, 50, 321.82616464756694, 37
1, 2688877, 1536207, 1152670, 11524061.359112894, 38, 38, 0, 260.88237961983884, 38
1, 2688920, 1536250, 1152670, 11524331.034073098, 43, 43, 0, 269.6749602031015, 43
1, 2689029, 1536289, 1152740, 11524674.148704598, 109, 39, 70, 343.114631499574, 41
1, 2689065, 1536325, 1152740, 11524931.297678877, 36, 36, 0, 257.1489742783178, 36
51, 2689163, 1536373, 1152790, 11525265.63230724, 98, 48, 50, 334.33462836457886, 49
1, 2689263, 1536403, 1152860, 11525600.060073258, 100, 30, 70, 334.42776601683795, 32
1, 2689302, 1536442, 1152860, 11525862.760013202, 39, 39, 0, 262.6999399439383, 39
1, 2689341, 1536481, 1152860, 11526125.459953146, 39, 39, 0, 262.6999399439383, 39
51, 2689455, 1536515, 1152940, 11526472.217940837, 114, 34, 80, 346.75798769167545, 36
1, 2689490, 1536550, 1152940, 11526727.447868748, 35, 35, 0, 255.22992790977875, 35
1, 2689552, 1536582, 1152970, 11527022.554495078, 62, 32, 30, 295.1066263296683, 33
1, 2689635, 1536625, 1153010, 11527342.089443007, 83, 43, 40, 319.5349479292333, 44
1, 2689673, 1536663, 1153010, 11527602.971822627, 38, 38, 0, 260.88237961983884, 38
51, 2689792, 1536702, 1153090, 11527954.25521783, 119, 39, 80, 351.28339520229764, 41
1, 2689836, 1536746, 1153090, 11528225.60617552, 44, 44, 0, 271.35095769013947, 44
1, 2689881, 1536791, 1153090, 11528498.608181931, 45, 45, 0, 273.00200641113514, 45
51, 2689977, 1536837, 1153140, 11528830.925097946, 96, 46, 50, 332.31691601465747, 47
1, 2690094, 1536884, 1153210, 11529181.411914745, 117, 47, 70, 350.4868167986058, 49
1, 2690141, 1536931, 1153210, 11529457.644964615, 47, 47, 0, 276.2330498695885, 47
1, 2690189, 1536979, 1153210, 11529735.459767206, 48, 48, 0, 277.8148025904985, 48
51, 2690278, 1537018, 1153260, 11530060.50763277, 89, 39, 50, 325.0478655640733, 40
1, 2690386, 1537056, 1153330, 11530402.678612316, 108, 38, 70, 342.1709795470626, 40
1, 2690419, 1537089, 1153330, 11530653.956785008, 33, 33, 0, 251.27817269284301, 33
1, 2690455, 1537125, 1153330, 11530911.105759287, 36, 36, 0, 257.1489742783178, 36
51, 2690543, 1537163, 1153380, 11531235.087190649, 88, 38, 50, 323.98143136087856, 39
1, 2690577, 1537197, 1153380, 11531488.360830925, 34, 34, 0, 253.2736402766418, 34
1, 2690662, 1537242, 1153420, 11531810.097858597, 85, 45, 40, 321.73702767108114, 46
1, 2690734, 1537284, 1153450, 11532117.892921621, 72, 42, 30, 307.79506302439404, 43
51, 2690837, 1537337, 1153500, 11532457.166171676, 103, 53, 50, 339.27325005549693, 54
1, 2690915, 1537375, 1153540, 11532771.048958296, 78, 38, 40, 313.8827866200841, 39
1, 2690946, 1537406, 1153540, 11533018.210064473, 31, 31, 0, 247.1611061770567, 31
1, 2691022, 1537452, 1153570, 11533330.769236846, 76, 46, 30, 312.5591723737189, 47
1, 2691068, 1537498, 1153570, 11533605.39830556, 46, 46, 0, 274.6290687140218, 46
51, 2691189, 1537539, 1153650, 11533958.460784595, 121, 41, 80, 353.06247903554, 43
1, 2691266, 1537576, 1153690, 11534271.186448362, 77, 37, 40, 312.72566376652986, 38
1, 2691305, 1537615, 1153690, 11534533.886388306, 39, 39, 0, 262.6999399439383, 39
1, 2691372, 1537652, 1153720, 11534835.486943563, 67, 37, 30, 301.6005552576305, 38
1, 2691408, 1537688, 1153720, 11535092.635917842, 36, 36, 0, 257.1489742783178, 36
51, 2691562, 1537722, 1153840, 11535469.00958484, 154, 34, 120, 376.37366699756114, 37
1, 2691602, 1537762, 1153840, 11535733.496270778, 40, 40, 0, 264.4866859365871, 40
1, 2691646, 1537806, 1153840, 11536004.847228467, 44, 44, 0, 271.35095769013947, 44
51, 2691735, 1537845, 1153890, 11536329.895094031, 89, 39, 50, 325.0478655640733, 40
1, 2691799, 1537879, 1153920, 11536627.637806507, 64, 34, 30, 297.742712474619, 35
1, 2691841, 1537921, 1153920, 11536895.610796008, 42, 42, 0, 267.97298950218305, 42
51, 2691995, 1537955, 1154040, 11537271.984463006, 154, 34, 120, 376.37366699756114, 37
1, 2692037, 1537997, 1154040, 11537539.957452508, 42, 42, 0, 267.97298950218305, 42
1, 2692114, 1538044, 1154070, 11537853.683116274, 77, 47, 30, 313.72566376652986, 48
1, 2692152, 1538082, 1154070, 11538114.565495893, 38, 38, 0, 260.88237961983884, 38
51, 2692237, 1538117, 1154120, 11538435.302523565, 85, 35, 50, 320.73702767108114, 36
1, 2692315, 1538155, 1154160, 11538749.185310185, 78, 38, 40, 313.8827866200841, 39
1, 2692381, 1538191, 1154190, 11539049.512298463, 66, 36, 30, 300.32698827717985, 37
1, 2692418, 1538228, 1154190, 11539308.544869918, 37, 37, 0, 259.03257145596604, 37
51, 2692511, 1538271, 1154240, 11539637.787149826, 93, 43, 50, 329.24227990714814, 44
1, 2692598, 1538318, 1154280, 11539961.694730824, 87, 47, 40, 323.9075809977351, 48
1, 2692628, 1538348, 1154280, 11540206.729462756, 30, 30, 0, 245.0347319320716, 30
1, 2692667, 1538387, 1154280, 11540469.4294027, 39, 39, 0, 262.6999399439383, 39
1, 2692742, 1538432, 1154310, 11540780.812498339, 75, 45, 30, 311.38309563827124, 46
51, 2692833, 1538473, 1154360, 11541107.971560277, 91, 41, 50, 327.1590619387661, 42
1, 2692920, 1538520, 1154400, 11541431.879141275, 87, 47, 40, 323.9075809977351, 48
1, 2692952, 1538552, 1154400, 11541681.120564274, 32, 32, 0, 249.24142300054422, 32
1, 2692989, 1538589, 1154400, 11541940.15313573, 37, 37, 0, 259.03257145596604, 37
51, 2693108, 1538628, 1154480, 11542291.436530933, 119, 39, 80, 351.28339520229764, 41
1, 2693146, 1538666, 1154480, 11542552.318910552, 38, 38, 0, 260.88237961983884, 38
1, 2693234, 1538714, 1154520, 11542877.300341913, 88, 48, 40, 324.98143136087856, 49
1, 2693264, 1538744, 1154520, 11543122.335073845, 30, 30, 0, 245.0347319320716, 30
51, 2693382, 1538782, 1154600, 11543472.722399015, 118, 38, 80, 350.3873251689181, 40
1, 2693421, 1538821, 1154600, 11543735.422338959, 39, 39, 0, 262.6999399439383, 39
1, 2693466, 1538866, 1154600, 11544008.42434537, 45, 45, 0, 273.00200641113514, 45
51, 2693594, 1538904, 1154690, 11544366.582911473, 128, 38, 90, 358.1585661014858, 40
1, 2693633, 1538943, 1154690, 11544629.282851417, 39, 39, 0, 262.6999399439383, 39
1, 2693671, 1538981, 1154690, 11544890.165231036, 38, 38, 0, 260.88237961983884, 38
1, 2693738, 1539018, 1154720, 11545191.765786294, 67, 37, 30, 301.6005552576305, 38
51, 2693825, 1539055, 1154770, 11545514.673367292, 87, 37, 50, 322.9075809977351, 38
1, 2693938, 1539098, 1154840, 11545861.51241116, 113, 43, 70, 346.83904386951343, 45
1, 2693977, 1539137, 1154840, 11546124.212351104, 39, 39, 0, 262.6999399439383, 39
51, 2694072, 1539182, 1154890, 11546455.51091524, 95, 45, 50, 331.2985641352145, 46
1, 2694114, 1539224, 1154890, 11546723.483904742, 42, 42, 0, 267.97298950218305, 42
1, 2694194, 1539264, 1154930, 11547039.653660987, 80, 40, 40, 316.1697562442441, 41
1, 2694235, 1539305, 1154930, 11547305.89761443, 41, 41, 0, 266.24395344352433, 41
51, 2694356, 1539346, 1155010, 11547658.960093467, 121, 41, 80, 353.06247903554, 43
1, 2694393, 1539383, 1155010, 11547917.992664922, 37, 37, 0, 259.03257145596604, 37
1, 2694429, 1539419, 1155010, 11548175.141639201, 36, 36, 0, 257.1489742783178, 36
1, 2694506, 1539456, 1155050, 11548487.867302967, 77, 37, 40, 312.72566376652986, 38
51, 2694596, 1539496, 1155100, 11548813.97433179, 90, 40, 50, 326.1070288241023, 41
1, 2694638, 1539538, 1155100, 11549081.947321292, 42, 42, 0, 267.97298950218305, 42
1, 2694741, 1539571, 1155170, 11549419.320571348, 103, 33, 70, 337.37325005549695, 35
1, 2694783, 1539613, 1155170, 11549687.29356085, 42, 42, 0, 267.97298950218305, 42
51, 2694918, 1539658, 1155260, 11550051.35937079, 135, 45, 90, 364.06580994024984, 47
1, 2694956, 1539696, 1155260, 11550312.24175041, 38, 38, 0, 260.88237961983884, 38
1, 2694994, 1539734, 1155260, 11550573.12413003, 38, 38, 0, 260.88237961983884, 38
1, 2695064, 1539774, 1155290, 11550878.47489088, 70, 40, 30, 305.3507608519078, 41
51, 2695188, 1539808, 1155380, 11551233.17428743, 124, 34, 90, 354.6993965481514, 36
1, 2695228, 1539848, 1155380, 11551497.660973366, 40, 40, 0, 264.4866859365871, 40
1, 2695268, 1539888, 1155380, 11551762.147659304, 40, 40, 0, 264.4866859365871, 40
1, 2695318, 1539938, 1155380, 11552043.062454151, 50, 50, 0, 280.9147948472494, 50
51, 2695416, 1539986, 1155430, 11552377.397082515, 98, 48, 50, 334.33462836457886, 49
1, 2695488, 1540028, 1155460, 11552685.19214554, 72, 42, 30, 307.79506302439404, 43
1, 2695576, 1540076, 1155500, 11553010.1735769, 88, 48, 40, 324.98143136087856, 49
1, 2695611, 1540111, 1155500, 11553265.403504811, 35, 35, 0, 255.22992790977875, 35
51, 2695728, 1540148, 1155580, 11553614.89032161, 117, 37, 80, 349.4868167986058, 39
1, 2695811, 1540191, 1155620, 11553934.42526954, 83, 43, 40, 319.5349479292333, 44
1, 2695855, 1540235, 1155620, 11554205.77622723, 44, 44, 0, 271.35095769013947, 44
1, 2695882, 1540262, 1155620, 11554444.126932926, 27, 27, 0, 238.35070569547776, 27
51, 2696000, 1540300, 1155700, 11554794.514258096, 118, 38, 80, 350.3873251689181, 40
1, 2696086, 1540346, 1155740, 11555117.340422744, 86, 46, 40, 322.82616464756694, 47
1, 2696160, 1540390, 1155770, 11555427.537631512, 74, 44, 30, 310.1972087668518, 45
1, 2696197, 1540427, 1155770, 11555686.570202967, 37, 37, 0, 259.03257145596604, 37
51, 2696296, 1540476, 1155820, 11556021.90441752, 99, 49, 50, 335.33421455299043, 50
1, 2696412, 1540522, 1155890, 11556371.486221012, 116, 46, 70, 349.5818034911291, 48
1, 2696445, 1540555, 1155890, 11556622.764393704, 33, 33, 0, 251.27817269284301, 33
51, 2696537, 1540597, 1155940, 11556950.968495172, 92, 42, 50, 328.20410146824725, 43
1, 2696609, 1540639, 1155970, 11557258.763558196, 72, 42, 30, 307.79506302439404, 43
1, 2696691, 1540681, 1156010, 11557577.185228039, 82, 42, 40, 318.42166984345636, 43
1, 2696733, 1540723, 1156010, 11557845.15821754, 42, 42, 0, 267.97298950218305, 42
51, 2696847, 1540757, 1156090, 11558191.916205231, 114, 34, 80, 346.75798769167545, 36
1, 2696931, 1540801, 1156130, 11558512.556215635, 84, 44, 40, 320.64001040350905, 45
1, 2696962, 1540832, 1156130, 11558759.717321811, 31, 31, 0, 247.1611061770567, 31
1, 2696994, 1540864, 1156130, 11559008.95874481, 32, 32, 0, 249.24142300054422, 32
1, 2697063, 1540893, 1156170, 11559312.07088652, 69, 29, 40, 303.1121417102006, 30
51, 2697183, 1540933, 1156250, 11559664.245978486, 120, 40, 80, 352.1750919646873, 42
1, 2697219, 1540969, 1156250, 11559921.394952765, 36, 36, 0, 257.1489742783178, 36
1, 2697292, 1541012, 1156280, 11560230.396231335, 73, 43, 30, 309.00127856917646, 44
1, 2697331, 1541051, 1156280, 11560493.096171279, 39, 39, 0, 262.6999399439383, 39
51, 2697458, 1541088, 1156370, 11560850.395853577, 127, 37, 90, 357.2996822992933, 39
1, 2697497, 1541127, 1156370, 11561113.095793521, 39, 39, 0, 262.6999399439383, 39
1, 2697573, 1541173, 1156400, 11561425.654965894, 76, 46, 30, 312.5591723737189, 47
1, 2697618, 1541218, 1156400, 11561698.656972306, 45, 45, 0, 273.00200641113514, 45
51, 2697750, 1541260, 1156490, 11562060.213094734, 132, 42, 90, 361.55612242701943, 44
1, 2697785, 1541295, 1156490, 11562315.443022644, 35, 35, 0, 255.22992790977875, 35
1, 2697825, 1541335, 1156490, 11562579.929708581, 40, 40, 0, 264.4866859365871, 40
1, 2697870, 1541380, 1156490, 11562852.931714993, 45, 45, 0, 273.00200641113514, 45
51, 2697993, 1541423, 1156570, 11563207.756286254, 123, 43, 80, 354.8245712617827, 45
1, 2698027, 1541457, 1156570, 11563461.029926531, 34, 34, 0, 253.2736402766418, 34
1, 2698105, 1541495, 1156610, 11563774.912713151, 78, 38, 40, 313.8827866200841, 39
1, 2698136, 1541526, 1156610, 11564022.073819328, 31, 31, 0, 247.1611061770567, 31
51, 2698267, 1541567, 1156700, 11564382.786147544, 131, 41, 90, 360.7123282155055, 43
1, 2698338, 1541608, 1156730, 11564689.364458364, 71, 41, 30, 306.57831081870995, 42
1, 2698363, 1541633, 1156730, 11564922.971256113, 25, 25, 0, 233.60679774997897, 25
1, 2698405, 1541675, 1156730, 11565190.944245614, 42, 42, 0, 267.97298950218305, 42
51, 2698528, 1541718, 1156810, 11565545.768816875, 123, 43, 80, 354.8245712617827, 45
1, 2698560, 1541750, 1156810, 11565795.010239875, 32, 32, 0, 249.24142300054422, 32
1, 2698640, 1541790, 1156850, 11566111.17999612, 80, 40, 40, 316.1697562442441, 41
1, 2698710, 1541830, 1156880, 11566416.53075697, 70, 40, 30, 305.3507608519078, 41
51, 2698800, 1541870, 1156930, 11566742.637785794, 90, 40, 50, 326.1070288241023, 41
1, 2698912, 1541912, 1157000, 11567088.553098135, 112, 42, 70, 345.91531233955715, 44
1, 2698953, 1541953, 1157000, 11567354.797051579, 41, 41, 0, 266.24395344352433, 41
51, 2699041, 1541991, 1157050, 11567678.77848294, 88, 38, 50, 323.98143136087856, 39
1, 2699087, 1542037, 1157050, 11567953.407551654, 46, 46, 0, 274.6290687140218, 46
1, 2699153, 1542073, 1157080, 11568253.734539932, 66, 36, 30, 300.32698827717985, 37
51, 2699290, 1542120, 1157170, 11568619.455862137, 137, 47, 90, 365.72132220485213, 49
1, 2699367, 1542167, 1157200, 11568933.181525903, 77, 47, 30, 313.72566376652986, 48
1, 2699453, 1542213, 1157240, 11569256.00769055, 86, 46, 40, 322.82616464756694, 47
1, 2699497, 1542257, 1157240, 11569527.35864824, 44, 44, 0, 271.35095769013947, 44
1, 2699571, 1542301, 1157270, 11569837.555857008, 74, 44, 30, 310.1972087668518, 45
51, 2699646, 1542326, 1157320, 11570146.938952647, 75, 25, 50, 309.38309563827124, 26
1, 2699729, 1542369, 1157360, 11570466.473900577, 83, 43, 40, 319.5349479292333, 44
1, 2699763, 1542403, 1157360, 11570719.747540854, 34, 34, 0, 253.2736402766418, 34
1, 2699805, 1542445, 1157360, 11570987.720530355, 42, 42, 0, 267.97298950218305, 42
1, 2699872, 1542472, 1157400, 11571288.321085613, 67, 27, 40, 300.6005552576305, 28
51, 2699989, 1542509, 1157480, 11571637.807902412, 117, 37, 80, 349.4868167986058, 39
1, 2700015, 1542535, 1157480, 11571873.817988848, 26, 26, 0, 236.01008643532256, 26
1, 2700101, 1542581, 1157520, 11572196.644153496, 86, 46, 40, 322.82616464756694, 47
51, 2700222, 1542622, 1157600, 11572549.706632532, 121, 41, 80, 353.06247903554, 43
1, 2700306, 1542666, 1157640, 11572870.346642936, 84, 44, 40, 320.64001040350905, 45
1, 2700348, 1542708, 1157640, 11573138.319632437, 42, 42, 0, 267.97298950218305, 42
51, 2700436, 1542746, 1157690, 11573462.301063798, 88, 38, 50, 323.98143136087856, 39
1, 2700476, 1542786, 1157690, 11573726.787749736, 40, 40, 0, 264.4866859365871, 40
1, 2700545, 1542825, 1157720, 11574030.899891445, 69, 39, 30, 304.1121417102006, 40
51, 2700673, 1542863, 1157810, 11574389.058457548, 128, 38, 90, 358.1585661014858, 40
1, 2700723, 1542913, 1157810, 11574669.973252395, 50, 50, 0, 280.9147948472494, 50
1, 2700758, 1542948, 1157810, 11574925.203180306, 35, 35, 0, 255.22992790977875, 35
51, 2700879, 1542979, 1157900, 11575277.265659342, 121, 31, 90, 352.06247903554, 33
1, 2700954, 1543024, 1157930, 11575588.64875498, 75, 45, 30, 311.38309563827124, 46
1, 2701010, 1543080, 1157930, 11575878.405234953, 56, 56, 0, 289.7564799734761, 56
1, 2701047, 1543117, 1157930, 11576137.437806409, 37, 37, 0, 259.03257145596604, 37
51, 2701135, 1543155, 1157980, 11576461.41923777, 88, 38, 50, 323.98143136087856, 39
1, 2701168, 1543188, 1157980, 11576712.697410462, 33, 33, 0, 251.27817269284301, 33
1, 2701245, 1543225, 1158020, 11577025.423074229, 77, 37, 40, 312.72566376652986, 38
1, 2701312, 1543262, 1158050, 11577327.023629487, 67, 37, 30, 301.6005552576305, 38
51, 2701401, 1543301, 1158100, 11577652.07149505, 89, 39, 50, 325.0478655640733, 40
1, 2701483, 1543343, 1158140, 11577970.493164893, 82, 42, 40, 318.42166984345636, 43
1, 2701535, 1543395, 1158140, 11578254.428126322, 52, 52, 0, 283.93496142826496, 52
51, 2701661, 1543441, 1158220, 11578611.865022205, 126, 46, 80, 357.43689588345075, 48
1, 2701745, 1543485, 1158260, 11578932.505032608, 84, 44, 40, 320.64001040350905, 45
1, 2701787, 1543527, 1158260, 11579200.47802211, 42, 42, 0, 267.97298950218305, 42
1, 2701828, 1543568, 1158260, 11579466.721975554, 41, 41, 0, 266.24395344352433, 41
1, 2701911, 1543611, 1158300, 11579786.256923484, 83, 43, 40, 319.5349479292333, 44
51, 2702029, 1543649, 1158380, 11580136.644248653, 118, 38, 80, 350.3873251689181, 40
1, 2702079, 1543699, 1158380, 11580417.5590435, 50, 50, 0, 280.9147948472494, 50
1, 2702120, 1543740, 1158380, 11580683.802996945, 41, 41, 0, 266.24395344352433, 41
1, 2702235, 1543785, 1158450, 11581032.475214006, 115, 45, 70, 348.6722170622053, 47
51, 2702317, 1543817, 1158500, 11581349.896883849, 82, 32, 50, 317.42166984345636, 33
1, 2702356, 1543856, 1158500, 11581612.596823793, 39, 39, 0, 262.6999399439383, 39
1, 2702421, 1543891, 1158530, 11581911.637975236, 65, 35, 30, 299.04115144336777, 36
1, 2702467, 1543937, 1158530, 11582186.26704395, 46, 46, 0, 274.6290687140218, 46
51, 2702601, 1543981, 1158620, 11582549.49985987, 134, 44, 90, 363.23281591860336, 46
1, 2702672, 1544022, 1158650, 11582856.078170689, 71, 41, 30, 306.57831081870995, 42
1, 2702709, 1544059, 1158650, 11583115.110742144, 37, 37, 0, 259.03257145596604, 37
1, 2702741, 1544091, 1158650, 11583364.352165144, 32, 32, 0, 249.24142300054422, 32
1, 2702857, 1544137, 1158720, 11583713.933968635, 116, 46, 70, 349.5818034911291, 48
51, 2702950, 1544180, 1158770, 11584043.176248543, 93, 43, 50, 329.24227990714814, 44
1, 2703021, 1544221, 1158800, 11584349.754559362, 71, 41, 30, 306.57831081870995, 42
1, 2703069, 1544269, 1158800, 11584627.569361953, 48, 48, 0, 277.8148025904985, 48
51, 2703188, 1544308, 1158880, 11584978.852757156, 119, 39, 80, 351.28339520229764, 41
1, 2703262, 1544342, 1158920, 11585288.049965924, 74, 34, 40, 309.1972087668518, 35
1, 2703311, 1544391, 1158920, 11585567.42509703, 49, 49, 0, 279.3751311064591, 49
1, 2703350, 1544430, 1158920, 11585830.125036974, 39, 39, 0, 262.6999399439383, 39
1, 2703381, 1544461, 1158920, 11586077.28614315, 31, 31, 0, 247.1611061770567, 31
51, 2703494, 1544494, 1159000, 11586423.125187019, 113, 33, 80, 345.83904386951343, 35
1, 2703580, 1544540, 1159040, 11586745.951351667, 86, 46, 40, 322.82616464756694, 47
1, 2703613, 1544573, 1159040, 11586997.22952436, 33, 33, 0, 251.27817269284301, 33
1, 2703686, 1544616, 1159070, 11587306.230802929, 73, 43, 30, 309.00127856917646, 44
51, 2703774, 1544654, 1159120, 11587630.21223429, 88, 38, 50, 323.98143136087856, 39
1, 2703844, 1544684, 1159160, 11587934.562995141, 70, 30, 40, 304.3507608519078, 31
1, 2703884, 1544724, 1159160, 11588199.049681079, 40, 40, 0, 264.4866859365871, 40
1, 2703974, 1544774, 1159200, 11588526.156709902, 90, 50, 40, 327.1070288241023, 51
1, 2704011, 1544811, 1159200, 11588785.189281357, 37, 37, 0, 259.03257145596604, 37
51, 2704138, 1544858, 1159280, 11589143.488963656, 127, 47, 80, 358.2996822992933, 49
1, 2704177, 1544897, 1159280, 11589406.1889036, 39, 39, 0, 262.6999399439383, 39
1, 2704215, 1544935, 1159280, 11589667.07128322, 38, 38, 0, 260.88237961983884, 38
1, 2704254, 1544974, 1159280, 11589929.771223163, 39, 39, 0, 262.6999399439383, 39
51, 2704414, 1545014, 1159400, 11590310.72710517, 160, 40, 120, 380.95588200778457, 43
1, 2704447, 1545047, 1159400, 11590562.005277863, 33, 33, 0, 251.27817269284301, 33
1, 2704485, 1545085, 1159400, 11590822.887657482, 38, 38, 0, 260.88237961983884, 38
1, 2704521, 1545121, 1159400, 11591080.036631761, 36, 36, 0, 257.1489742783178, 36
1, 2704564, 1545164, 1159400, 11591349.711591965, 43, 43, 0, 269.6749602031015, 43
51, 2704691, 1545211, 1159480, 11591708.011274263, 127, 47, 80, 358.2996822992933, 49
1, 2704770, 1545250, 1159520, 11592023.042024393, 79, 39, 40, 315.03075013013313, 40
1, 2704808, 1545288, 1159520, 11592283.924404012, 38, 38, 0, 260.88237961983884, 38
1, 2704843, 1545323, 1159520, 11592539.154331923, 35, 35, 0, 255.22992790977875, 35
51, 2704966, 1545356, 1159610, 11592892.978903184, 123, 33, 90, 353.8245712617827, 35
1, 2705032, 1545392, 1159640, 11593193.305891462, 66, 36, 30, 300.32698827717985, 37
1, 2705066, 1545426, 1159640, 11593446.579531739, 34, 34, 0, 253.2736402766418, 34
1, 2705103, 1545463, 1159640, 11593705.612103194, 37, 37, 0, 259.03257145596604, 37
51, 2705190, 1545500, 1159690, 11594028.519684192, 87, 37, 50, 322.9075809977351, 38
1, 2705237, 1545547, 1159690, 11594304.752734061, 47, 47, 0, 276.2330498695885, 47
1, 2705344, 1545584, 1159760, 11594645.974879332, 107, 37, 70, 341.2221452697031, 39
51, 2705434, 1545624, 1159810, 11594972.081908155, 90, 40, 50, 326.1070288241023, 41
1, 2705502, 1545662, 1159840, 11595274.944079258, 68, 38, 30, 302.86217110259, 39
1, 2705540, 1545700, 1159840, 11595535.826458877, 38, 38, 0, 260.88237961983884, 38
1, 2705617, 1545737, 1159880, 11595848.552122643, 77, 37, 40, 312.72566376652986, 38
51, 2705704, 1545774, 1159930, 11596171.459703641, 87, 37, 50, 322.9075809977351, 38
1, 2705767, 1545807, 1159960, 11596467.891028367, 63, 33, 30, 296.43132472612575, 34
1, 2705812, 1545852, 1159960, 11596740.893034779, 45, 45, 0, 273.00200641113514, 45
51, 2705903, 1545893, 1160010, 11597068.052096717, 91, 41, 50, 327.1590619387661, 42
1, 2705980, 1545930, 1160050, 11597380.777760483, 77, 37, 40, 312.72566376652986, 38
1, 2706015, 1545965, 1160050, 11597636.007688394, 35, 35, 0, 255.22992790977875, 35
1, 2706050, 1546000, 1160050, 11597891.237616304, 35, 35, 0, 255.22992790977875, 35
51, 2706169, 1546039, 1160130, 11598242.521011507, 119, 39, 80, 351.28339520229764, 41
1, 2706210, 1546080, 1160130, 11598508.764964951, 41, 41, 0, 266.24395344352433, 41
1, 2706242, 1546112, 1160130, 11598758.00638795, 32, 32, 0, 249.24142300054422, 32
1, 2706318, 1546148, 1160170, 11599069.565560324, 76, 36, 40, 311.5591723737189, 37
51, 2706400, 1546180, 1160220, 11599386.987230167, 82, 32, 50, 317.42166984345636, 33
1, 2706444, 1546224, 1160220, 11599658.338187857, 44, 44, 0, 271.35095769013947, 44
1, 2706527, 1546277, 1160250, 11599978.873135787, 83, 53, 30, 320.5349479292333, 54
1, 2706569, 1546319, 1160250, 11600246.846125288, 42, 42, 0, 267.97298950218305, 42
51, 2706724, 1546354, 1160370, 11600623.990277825, 155, 35, 120, 377.14415253747273, 38
1, 2706771, 1546401, 1160370, 11600900.223327694, 47, 47, 0, 276.2330498695885, 47
1, 2706835, 1546435, 1160400, 11601197.96604017, 64, 34, 30, 297.742712474619, 35
1, 2706915, 1546475, 1160440, 11601514.135796415, 80, 40, 40, 316.1697562442441, 41
51, 2706995, 1546505, 1160490, 11601829.30555266, 80, 30, 50, 315.1697562442441, 31
1, 2707037, 1546547, 1160490, 11602097.278542161, 42, 42, 0, 267.97298950218305, 42
1, 2707076, 1546586, 1160490, 11602359.978482105, 39, 39, 0, 262.6999399439383, 39
1, 2707147, 1546627, 1160520, 11602666.556792924, 71, 41, 30, 306.57831081870995, 42
1, 2707230, 1546670, 1160560, 11602986.091740854, 83, 43, 40, 319.5349479292333, 44
51, 2707312, 1546702, 1160610, 11603303.513410697, 82, 32, 50, 317.42166984345636, 33
1, 2707385, 1546745, 1160640, 11603612.514689267, 73, 43, 30, 309.00127856917646, 44
1, 2707466, 1546786, 1160680, 11603929.814689267, 81, 41, 40, 317.3, 42
1, 2707550, 1546840, 1160710, 11604251.45469967, 84, 54, 30, 321.64001040350905, 55
51, 2707635, 1546875, 1160760, 11604572.191727342, 85, 35, 50, 320.73702767108114, 36
1, 2707708, 1546918, 1160790, 11604881.193005912, 73, 43, 30, 309.00127856917646, 44
1, 2707743, 1546953, 1160790, 11605136.422933822, 35, 35, 0, 255.22992790977875, 35
1, 2707825, 1546995, 1160830, 11605454.844603665, 82, 42, 40, 318.42166984345636, 43
51, 2707917, 1547037, 1160880, 11605783.048705133, 92, 42, 50, 328.20410146824725, 43
1, 2707981, 1547071, 1160910, 11606080.791417608, 64, 34, 30, 297.742712474619, 35
1, 2708055, 1547105, 1160950, 11606389.988626376, 74, 34, 40, 309.1972087668518, 35
51, 2708179, 1547149, 1161030, 11606745.688022925, 124, 44, 80, 355.6993965481514, 46
1, 2708219, 1547189, 1161030, 11607010.174708862, 40, 40, 0, 264.4866859365871, 40
1, 2708295, 1547225, 1161070, 11607321.733881235, 76, 36, 40, 311.5591723737189, 37
1, 2708338, 1547268, 1161070, 11607591.408841439, 43, 43, 0, 269.6749602031015, 43
1, 2708374, 1547304, 1161070, 11607848.557815718, 36, 36, 0, 257.1489742783178, 36
51, 2708484, 1547334, 1161150, 11608191.610999765, 110, 30, 80, 343.0531840464366, 32
1, 2708511, 1547361, 1161150, 11608429.961705461, 27, 27, 0, 238.35070569547776, 27
1, 2708589, 1547399, 1161190, 11608743.844492082, 78, 38, 40, 313.8827866200841, 39
1, 2708654, 1547434, 1161220, 11609042.885643525, 65, 35, 30, 299.04115144336777, 36
51, 2708745, 1547475, 1161270, 11609370.044705464, 91, 41, 50, 327.1590619387661, 42
1, 2708789, 1547519, 1161270, 11609641.395663153, 44, 44, 0, 271.35095769013947, 44
1, 2708871, 1547561, 1161310, 11609959.817332996, 82, 42, 40, 318.42166984345636, 43
51, 2708957, 1547597, 1161360, 11610281.643497644, 86, 36, 50, 321.82616464756694, 37
1, 2709022, 1547632, 1161390, 11610580.684649087, 65, 35, 30, 299.04115144336777, 36
1, 2709098, 1547668, 1161430, 11610892.24382146, 76, 36, 40, 311.5591723737189, 37
1, 2709151, 1547721, 1161430, 11611177.660609102, 53, 53, 0, 285.4167876408086, 53
1, 2709261, 1547761, 1161500, 11611521.71379315, 110, 40, 70, 344.0531840464366, 42
51, 2709356, 1547806, 1161550, 11611853.012357285, 95, 45, 50, 331.2985641352145, 46
1, 2709441, 1547851, 1161590, 11612174.749384956, 85, 45, 40, 321.73702767108114, 46
1, 2709487, 1547897, 1161590, 11612449.37845367, 46, 46, 0, 274.6290687140218, 46
1, 2709549, 1547929, 1161620, 11612744.48508, 62, 32, 30, 295.1066263296683, 33
51, 2709672, 1547962, 1161710, 11613098.309651261, 123, 33, 90, 353.8245712617827, 35
1, 2709707, 1547997, 1161710, 11613353.539579172, 35, 35, 0, 255.22992790977875, 35
1, 2709749, 1548039, 1161710, 11613621.512568673, 42, 42, 0, 267.97298950218305, 42
51, 2709844, 1548084, 1161760, 11613952.81113281, 95, 45, 50, 331.2985641352145, 46
1, 2709894, 1548134, 1161760, 11614233.725927657, 50, 50, 0, 280.9147948472494, 50
1, 2710002, 1548172, 1161830, 11614575.896907203, 108, 38, 70, 342.1709795470626, 40
51, 2710091, 1548211, 1161880, 11614900.944772767, 89, 39, 50, 325.0478655640733, 40
1, 2710172, 1548262, 1161910, 11615219.244772768, 81, 51, 30, 318.3, 52
1, 2710253, 1548303, 1161950, 11615536.544772768, 81, 41, 40, 317.3, 42
1, 2710290, 1548340, 1161950, 11615795.577344224, 37, 37, 0, 259.03257145596604, 37
51, 2710383, 1548383, 1162000, 11616124.819624132, 93, 43, 50, 329.24227990714814, 44
1, 2710421, 1548421, 1162000, 11616385.702003751, 38, 38, 0, 260.88237961983884, 38
1, 2710497, 1548467, 1162030, 11616698.261176124, 76, 46, 30, 312.5591723737189, 47
51, 2710623, 1548503, 1162120, 11617054.698072007, 126, 36, 90, 356.43689588345075, 38
1, 2710664, 1548544, 1162120, 11617320.942025451, 41, 41, 0, 266.24395344352433, 41
1, 2710736, 1548586, 1162150, 11617628.737088475, 72, 42, 30, 307.79506302439404, 43
1, 2710817, 1548627, 1162190, 11617946.037088476, 81, 41, 40, 317.3, 42
51, 2710910, 1548670, 1162240, 11618275.279368384, 93, 43, 50, 329.24227990714814, 44
1, 2710964, 1548724, 1162240, 11618562.159969468, 54, 54, 0, 286.88060108295343, 54
1, 2711007, 1548767, 1162240, 11618831.834929671, 43, 43, 0, 269.6749602031015, 43
51, 2711156, 1548796, 1162360, 11619204.313744366, 149, 29, 120, 372.4788146945047, 32
1, 2711184, 1548824, 1162360, 11619444.946407745, 28, 28, 0, 240.63266337912057, 28
1, 2711248, 1548858, 1162390, 11619742.68912022, 64, 34, 30, 297.742712474619, 35
51, 2711343, 1548903, 1162440, 11620073.987684356, 95, 45, 50, 331.2985641352145, 46
1, 2711374, 1548934, 1162440, 11620321.148790533, 31, 31, 0, 247.1611061770567, 31
1, 2711419, 1548979, 1162440, 11620594.150796944, 45, 45, 0, 273.00200641113514, 45
1, 2711540, 1549030, 1162510, 11620948.21327598, 121, 51, 70, 354.06247903554, 53
1, 2711588, 1549078, 1162510, 11621226.028078571, 48, 48, 0, 277.8148025904985, 48
51, 2711665, 1549105, 1162560, 11621537.753742337, 77, 27, 50, 311.72566376652986, 28
1, 2711751, 1549151, 1162600, 11621860.579906985, 86, 46, 40, 322.82616464756694, 47
1, 2711790, 1549190, 1162600, 11622123.279846929, 39, 39, 0, 262.6999399439383, 39
1, 2711827, 1549227, 1162600, 11622382.312418384, 37, 37, 0, 259.03257145596604, 37
1, 2711895, 1549265, 1162630, 11622685.174589487, 68, 38, 30, 302.86217110259, 39
51, 2712026, 1549306, 1162720, 11623045.886917703, 131, 41, 90, 360.7123282155055, 43
1, 2712074, 1549354, 1162720, 11623323.701720294, 48, 48, 0, 277.8148025904985, 48
1, 2712119, 1549399, 1162720, 11623596.703726705, 45, 45, 0, 273.00200641113514, 45
1, 2712159, 1549439, 1162720, 11623861.190412642, 40, 40, 0, 264.4866859365871, 40
1, 2712230, 1549480, 1162750, 11624167.768723462, 71, 41, 30, 306.57831081870995, 42
51, 2712352, 1549512, 1162840, 11624520.714342015, 122, 32, 90, 352.9456185537469, 34
1, 2712392, 1549552, 1162840, 11624785.201027952, 40, 40, 0, 264.4866859365871, 40
1, 2712432, 1549592, 1162840, 11625049.68771389, 40, 40, 0, 264.4866859365871, 40
1, 2712493, 1549623, 1162870, 11625343.455953157, 61, 31, 30, 293.7682392671241, 32
1, 2712574, 1549664, 1162910, 11625660.755953157, 81, 41, 40, 317.3, 42
51, 2712664, 1549704, 1162960, 11625986.86298198, 90, 40, 50, 326.1070288241023, 41
1, 2712713, 1549753, 1162960, 11626266.238113087, 49, 49, 0, 279.3751311064591, 49
1, 2712750, 1549790, 1162960, 11626525.270684542, 37, 37, 0, 259.03257145596604, 37
1, 2712785, 1549825, 1162960, 11626780.500612453, 35, 35, 0, 255.22992790977875, 35
1, 2712900, 1549870, 1163030, 11627129.172829514, 115, 45, 70, 348.6722170622053, 47
51, 2712991, 1549911, 1163080, 11627456.331891453, 91, 41, 50, 327.1590619387661, 42
1, 2713020, 1549940, 1163080, 11627699.191470163, 29, 29, 0, 242.8595787106084, 29
1, 2713091, 1549981, 1163110, 11628005.769780982, 71, 41, 30, 306.57831081870995, 42
51, 2713225, 1550025, 1163200, 11628369.002596902, 134, 44, 90, 363.23281591860336, 46
1, 2713266, 1550066, 1163200, 11628635.246550346, 41, 41, 0, 266.24395344352433, 41
1, 2713306, 1550106, 1163200, 11628899.733236283, 40, 40, 0, 264.4866859365871, 40
1, 2713415, 1550145, 1163270, 11629242.847867783, 109, 39, 70, 343.114631499574, 41
51, 2713514, 1550194, 1163320, 11629578.182082336, 99, 49, 50, 335.33421455299043, 50
1, 2713550, 1550230, 1163320, 11629835.331056615, 36, 36, 0, 257.1489742783178, 36
1, 2713659, 1550269, 1163390, 11630178.445688115, 109, 39, 70, 343.114631499574, 41
1, 2713690, 1550300, 1163390, 11630425.606794292, 31, 31, 0, 247.1611061770567, 31
51, 2713779, 1550339, 1163440, 11630750.654659856, 89, 39, 50, 325.0478655640733, 40
1, 2713818, 1550378, 1163440, 11631013.3545998, 39, 39, 0, 262.6999399439383, 39
1, 2713906, 1550426, 1163480, 11631338.336031161, 88, 48, 40, 324.98143136087856, 49
51, 2714010, 1550480, 1163530, 11631678.57971792, 104, 54, 50, 340.243686757474, 55
1, 2714079, 1550519, 1163560, 11631982.691859629, 69, 39, 30, 304.1121417102006, 40
1, 2714153, 1550553, 1163600, 11632291.889068397, 74, 34, 40, 309.1972087668518, 35
1, 2714196, 1550596, 1163600, 11632561.5640286, 43, 43, 0, 269.6749602031015, 43
51, 2714321, 1550641, 1163680, 11632918.134181088, 125, 45, 80, 356.57015248821097, 47
1, 2714360, 1550680, 1163680, 11633180.834121032, 39, 39, 0, 262.6999399439383, 39
1, 2714442, 1550722, 1163720, 11633499.255790874, 82, 42, 40, 318.42166984345636, 43
51, 2714542, 1550772, 1163770, 11633835.58355689, 100, 50, 50, 336.327766016838, 51
1, 2714650, 1550810, 1163840, 11634177.754536437, 108, 38, 70, 342.1709795470626, 40
1, 2714694, 1550854, 1163840, 11634449.105494127, 44, 44, 0, 271.35095769013947, 44
51, 2714779, 1550889, 1163890, 11634769.842521798, 85, 35, 50, 320.73702767108114, 36
1, 2714825, 1550935, 1163890, 11635044.471590512, 46, 46, 0, 274.6290687140218, 46
1, 2714898, 1550978, 1163920, 11635353.472869081, 73, 43, 30, 309.00127856917646, 44
1, 2714967, 1551007, 1163960, 11635656.585010791, 69, 29, 40, 303.1121417102006, 30
51, 2715083, 1551043, 1164040, 11636005.166814283, 116, 36, 80, 348.5818034911291, 38
1, 2715128, 1551088, 1164040, 11636278.168820694, 45, 45, 0, 273.00200641113514, 45
1, 2715170, 1551130, 1164040, 11636546.141810196, 42, 42, 0, 267.97298950218305, 42
1, 2715253, 1551173, 1164080, 11636865.676758125, 83, 43, 40, 319.5349479292333, 44
51, 2715374, 1551214, 1164160, 11637218.739237161, 121, 41, 80, 353.06247903554, 43
1, 2715414, 1551254, 1164160, 11637483.225923099, 40, 40, 0, 264.4866859365871, 40
1, 2715460, 1551300, 1164160, 11637757.854991812, 46, 46, 0, 274.6290687140218, 46
1, 2715491, 1551331, 1164160, 11638005.016097989, 31, 31, 0, 247.1611061770567, 31
1, 2715611, 1551381, 1164230, 11638358.191189954, 120, 50, 70, 353.1750919646873, 52
51, 2715709, 1551429, 1164280, 11638692.525818318, 98, 48, 50, 334.33462836457886, 49
1, 2715782, 1551472, 1164310, 11639001.527096888, 73, 43, 30, 309.00127856917646, 44
1, 2715812, 1551502, 1164310, 11639246.56182882, 30, 30, 0, 245.0347319320716, 30
1, 2715840, 1551530, 1164310, 11639487.194492199, 28, 28, 0, 240.63266337912057, 28
1, 2715926, 1551576, 1164350, 11639810.020656846, 86, 46, 40, 322.82616464756694, 47
51, 2716021, 1551621, 1164400, 11640141.319220982, 95, 45, 50, 331.2985641352145, 46
1, 2716087, 1551657, 1164430, 11640441.64620926, 66, 36, 30, 300.32698827717985, 37
1, 2716119, 1551689, 1164430, 11640690.88763226, 32, 32, 0, 249.24142300054422, 32
1, 2716161, 1551731, 1164430, 11640958.860621762, 42, 42, 0, 267.97298950218305, 42
51, 2716247, 1551767, 1164480, 11641280.68678641, 86, 36, 50, 321.82616464756694, 37
1, 2716362, 1551812, 1164550, 11641629.359003471, 115, 45, 70, 348.6722170622053, 47
1, 2716397, 1551847, 1164550, 11641884.588931382, 35, 35, 0, 255.22992790977875, 35
51, 2716484, 1551884, 1164600, 11642207.49651238, 87, 37, 50, 322.9075809977351, 38
1, 2716549, 1551919, 1164630, 11642506.537663823, 65, 35, 30, 299.04115144336777, 36
1, 2716628, 1551958, 1164670, 11642821.568413952, 79, 39, 40, 315.03075013013313, 40
1, 2716667, 1551997, 1164670, 11643084.268353896, 39, 39, 0, 262.6999399439383, 39
1, 2716715, 1552045, 1164670, 11643362.083156487, 48, 48, 0, 277.8148025904985, 48
51, 2716839, 1552079, 1164760, 11643716.782553036, 124, 34, 90, 354.6993965481514, 36
1, 2716905, 1552115, 1164790, 11644017.109541314, 66, 36, 30, 300.32698827717985, 37
1, 2716942, 1552152, 1164790, 11644276.14211277, 37, 37, 0, 259.03257145596604, 37
51, 2717054, 1552184, 1164870, 11644621.05742511, 112, 32, 80, 344.91531233955715, 34
1, 2717136, 1552226, 1164910, 11644939.479094952, 82, 42, 40, 318.42166984345636, 43
1, 2717182, 1552272, 1164910, 11645214.108163666, 46, 46, 0, 274.6290687140218, 46
51, 2717266, 1552306, 1164960, 11645533.74817407, 84, 34, 50, 319.64001040350905, 35
1, 2717379, 1552349, 1165030, 11645880.587217938, 113, 43, 70, 346.83904386951343, 45
1, 2717423, 1552393, 1165030, 11646151.938175628, 44, 44, 0, 271.35095769013947, 44
1, 2717490, 1552430, 1165060, 11646453.538730886, 67, 37, 30, 301.6005552576305, 38
51, 2717586, 1552476, 1165110, 11646785.8556469, 96, 46, 50, 332.31691601465747, 47
1, 2717623, 1552513, 1165110, 11647044.888218356, 37, 37, 0, 259.03257145596604, 37
1, 2717653, 1552543, 1165110, 11647289.922950288, 30, 30, 0, 245.0347319320716, 30
1, 2717729, 1552579, 1165150, 11647601.482122662, 76, 36, 40, 311.5591723737189, 37
51, 2717850, 1552620, 1165230, 11647954.544601697, 121, 41, 80, 353.06247903554, 43
1, 2717889, 1552659, 1165230, 11648217.244541641, 39, 39, 0, 262.6999399439383, 39
1, 2717930, 1552700, 1165230, 11648483.488495085, 41, 41, 0, 266.24395344352433, 41
1, 2717985, 1552725, 1165260, 11648768.915476618, 55, 25, 30, 285.42698153315007, 26
1, 2718069, 1552769, 1165300, 11649089.555487022, 84, 44, 40, 320.64001040350905, 45
51, 2718184, 1552804, 1165380, 11649437.227704084, 115, 35, 80, 347.6722170622053, 37
1, 2718271, 1552851, 1165420, 11649761.135285081, 87, 47, 40, 323.9075809977351, 48
1, 2718314, 1552894, 1165420, 11650030.810245285, 43, 43, 0, 269.6749602031015, 43
1, 2718391, 1552941, 1165450, 11650344.535909051, 77, 47, 30, 313.72566376652986, 48
51, 2718470, 1552970, 1165500, 11650658.56665918, 79, 29, 50, 314.03075013013313, 30
1, 2718517, 1553017, 1165500, 11650934.79970905, 47, 47, 0, 276.2330498695885, 47
1, 2718636, 1553066, 1165570, 11651287.083104253, 119, 49, 70, 352.28339520229764, 51
1, 2718671, 1553101, 1165570, 11651542.313032163, 35, 35, 0, 255.22992790977875, 35
51, 2718759, 1553139, 1165620, 11651866.294463525, 88, 38, 50, 323.98143136087856, 39
1, 2718830, 1553180, 1165650, 11652172.872774344, 71, 41, 30, 306.57831081870995, 42
1, 2718904, 1553214, 1165690, 11652482.069983112, 74, 34, 40, 309.1972087668518, 35
51, 2718995, 1553255, 1165740, 11652809.22904505, 91, 41, 50, 327.1590619387661, 42
1, 2719075, 1553305, 1165770, 11653126.398801295, 80, 50, 30, 317.1697562442441, 51
1, 2719119, 1553349, 1165770, 11653397.749758985, 44, 44, 0, 271.35095769013947, 44
1, 2719202, 1553392, 1165810, 11653717.284706915, 83, 43, 40, 319.5349479292333, 44
51, 2719297, 1553437, 1165860, 11654048.58327105, 95, 45, 50, 331.2985641352145, 46
1, 2719340, 1553480, 1165860, 11654318.258231254, 43, 43, 0, 269.6749602031015, 43
1, 2719403, 1553513, 1165890, 11654614.68955598, 63, 33, 30, 296.43132472612575, 34
1, 2719476, 1553546, 1165930, 11654922.69083455, 73, 33, 40, 308.00127856917646, 34
51, 2719591, 1553581, 1166010, 11655270.363051612, 115, 35, 80, 347.6722170622053, 37
1, 2719632, 1553622, 1166010, 11655536.607005056, 41, 41, 0, 266.24395344352433, 41
1, 2719684, 1553674, 1166010, 11655820.541966485, 52, 52, 0, 283.93496142826496, 52
1, 2719753, 1553713, 1166040, 11656124.654108195, 69, 39, 30, 304.1121417102006, 40
51, 2719882, 1553752, 1166130, 11656483.667708686, 129, 39, 90, 359.01360049114555, 41
1, 2719925, 1553795, 1166130, 11656753.34266889, 43, 43, 0, 269.6749602031015, 43
1, 2720002, 1553842, 1166160, 11657067.068332655, 77, 47, 30, 313.72566376652986, 48
1, 2720030, 1553870, 1166160, 11657307.700996034, 28, 28, 0, 240.63266337912057, 28
51, 2720114, 1553904, 1166210, 11657627.341006437, 84, 34, 50, 319.64001040350905, 35
1, 2720197, 1553947, 1166250, 11657946.875954367, 83, 43, 40, 319.5349479292333, 44
1, 2720235, 1553985, 1166250, 11658207.758333987, 38, 38, 0, 260.88237961983884, 38
1, 2720299, 1554019, 1166280, 11658505.501046462, 64, 34, 30, 297.742712474619, 35
1, 2720339, 1554059, 1166280, 11658769.9877324, 40, 40, 0, 264.4866859365871, 40
51, 2720472, 1554102, 1166370, 11659132.384001441, 133, 43, 90, 362.3962690412072, 45
1, 2720535, 1554135, 1166400, 11659428.815326167, 63, 33, 30, 296.43132472612575, 34
1, 2720569, 1554169, 1166400, 11659682.088966444, 34, 34, 0, 253.2736402766418, 34
1, 2720601, 1554201, 1166400, 11659931.330389444, 32, 32, 0, 249.24142300054422, 32
51, 2720694, 1554244, 1166450, 11660260.572669351, 93, 43, 50, 329.24227990714814, 44
1, 2720779, 1554289, 1166490, 11660582.309697023, 85, 45, 40, 321.73702767108114, 46
1, 2720850, 1554330, 1166520, 11660888.888007842, 71, 41, 30, 306.57831081870995, 42
51, 2720980, 1554370, 1166610, 11661248.75284538, 130, 40, 90, 359.86483753851803, 42
1, 2721017, 1554407, 1166610, 11661507.785416836, 37, 37, 0, 259.03257145596604, 37
1, 2721051, 1554441, 1166610, 11661761.059057113, 34, 34, 0, 253.2736402766418, 34
51, 2721181, 1554481, 1166700, 11662120.923894651, 130, 40, 90, 359.86483753851803, 42
1, 2721218, 1554518, 1166700, 11662379.956466107, 37, 37, 0, 259.03257145596604, 37
1, 2721280, 1554550, 1166730, 11662675.063092437, 62, 32, 30, 295.1066263296683, 33
51, 2721373, 1554593, 1166780, 11663004.305372344, 93, 43, 50, 329.24227990714814, 44
1, 2721443, 1554623, 1166820, 11663308.656133195, 70, 30, 40, 304.3507608519078, 31
1, 2721488, 1554668, 1166820, 11663581.658139607, 45, 45, 0, 273.00200641113514, 45
51, 2721573, 1554703, 1166870, 11663902.395167278, 85, 35, 50, 320.73702767108114, 36
1, 2721646, 1554736, 1166910, 11664210.396445848, 73, 33, 40, 308.00127856917646, 34
1, 2721703, 1554763, 1166940, 11664498.666066354, 57, 27, 30, 288.2696205054472, 28
1, 2721743, 1554803, 1166940, 11664763.152752291, 40, 40, 0, 264.4866859365871, 40
51, 2721855, 1554835, 1167020, 11665108.068064632, 112, 32, 80, 344.91531233955715, 34
1, 2721924, 1554864, 1167060, 11665411.180206342, 69, 29, 40, 303.1121417102006, 30
1, 2721962, 1554902, 1167060, 11665672.062585961, 38, 38, 0, 260.88237961983884, 38
1, 2722002, 1554942, 1167060, 11665936.549271898, 40, 40, 0, 264.4866859365871, 40
51, 2722091, 1554981, 1167110, 11666261.597137462, 89, 39, 50, 325.0478655640733, 40
1, 2722192, 1555012, 1167180, 11666597.012525436, 101, 31, 70, 335.41538797227, 33
1, 2722230, 1555050, 1167180, 11666857.894905055, 38, 38, 0, 260.88237961983884, 38
51, 2722358, 1555088, 1167270, 11667216.053471157, 128, 38, 90, 358.1585661014858, 40
1, 2722399, 1555129, 1167270, 11667482.297424601, 41, 41, 0, 266.24395344352433, 41
1, 2722476, 1555176, 1167300, 11667796.023088368, 77, 47, 30, 313.72566376652986, 48
1, 2722517, 1555217, 1167300, 11668062.267041812, 41, 41, 0, 266.24395344352433, 41
1, 2722568, 1555268, 1167300, 11668344.70155359, 51, 51, 0, 282.43451177837886, 51
51, 2722683, 1555303, 1167380, 11668692.373770652, 115, 35, 80, 347.6722170622053, 37
1, 2722758, 1555338, 1167420, 11669002.756866291, 75, 35, 40, 310.38309563827124, 36
1, 2722803, 1555383, 1167420, 11669275.758872703, 45, 45, 0, 273.00200641113514, 45
1, 2722846, 1555426, 1167420, 11669545.433832906, 43, 43, 0, 269.6749602031015, 43
51, 2722969, 1555469, 1167500, 11669900.258404167, 123, 43, 80, 354.8245712617827, 45
1, 2723006, 1555506, 1167500, 11670159.290975623, 37, 37, 0, 259.03257145596604, 37
1, 2723119, 1555549, 1167570, 11670506.130019492, 113, 43, 70, 346.83904386951343, 45
1, 2723158, 1555588, 1167570, 11670768.829959435, 39, 39, 0, 262.6999399439383, 39
51, 2723245, 1555625, 1167620, 11671091.737540433, 87, 37, 50, 322.9075809977351, 38
1, 2723316, 1555666, 1167650, 11671398.315851253, 71, 41, 30, 306.57831081870995, 42
1, 2723350, 1555700, 1167650, 11671651.58949153, 34, 34, 0, 253.2736402766418, 34
1, 2723402, 1555752, 1167650, 11671935.524452958, 52, 52, 0, 283.93496142826496, 52
1, 2723492, 1555802, 1167690, 11672262.631481782, 90, 50, 40, 327.1070288241023, 51
51, 2723577, 1555837, 1167740, 11672583.368509453, 85, 35, 50, 320.73702767108114, 36
1, 2723648, 1555878, 1167770, 11672889.946820272, 71, 41, 30, 306.57831081870995, 42
1, 2723678, 1555908, 1167770, 11673134.981552204, 30, 30, 0, 245.0347319320716, 30
51, 2723805, 1555945, 1167860, 11673492.281234503, 127, 37, 90, 357.2996822992933, 39
1, 2723851, 1555991, 1167860, 11673766.910303216, 46, 46, 0, 274.6290687140218, 46
1, 2723894, 1556034, 1167860, 11674036.58526342, 43, 43, 0, 269.6749602031015, 43
51, 2724057, 1556077, 1167980, 11674419.796686899, 163, 43, 120, 383.21142347822723, 46
1, 2724092, 1556112, 1167980, 11674675.02661481, 35, 35, 0, 255.22992790977875, 35
1, 2724133, 1556153, 1167980, 11674941.270568253, 41, 41, 0, 266.24395344352433, 41
1, 2724177, 1556197, 1167980, 11675212.621525943, 44, 44, 0, 271.35095769013947, 44
51, 2724260, 1556230, 1168030, 11675531.156473873, 83, 33, 50, 318.5349479292333, 34
1, 2724343, 1556273, 1168070, 11675850.691421803, 83, 43, 40, 319.5349479292333, 44
1, 2724411, 1556311, 1168100, 11676153.553592905, 68, 38, 30, 302.86217110259, 39
1, 2724444, 1556344, 1168100, 11676404.831765598, 33, 33, 0, 251.27817269284301, 33
51, 2724534, 1556384, 1168150, 11676730.938794421, 90, 40, 50, 326.1070288241023, 41
1, 2724578, 1556428, 1168150, 11677002.28975211, 44, 44, 0, 271.35095769013947, 44
1, 2724662, 1556472, 1168190, 11677322.929762514, 84, 44, 40, 320.64001040350905, 45
51, 2724775, 1556505, 1168270, 11677668.768806383, 113, 33, 80, 345.83904386951343, 35
1, 2724820, 1556550, 1168270, 11677941.770812795, 45, 45, 0, 273.00200641113514, 45
1, 2724859, 1556589, 1168270, 11678204.470752738, 39, 39, 0, 262.6999399439383, 39
1, 2724924, 1556624, 1168300, 11678503.511904182, 65, 35, 30, 299.04115144336777, 36
51, 2725014, 1556664, 1168350, 11678829.618933005, 90, 40, 50, 326.1070288241023, 41
1, 2725085, 1556695, 1168390, 11679135.197243825, 71, 31, 40, 305.57831081870995, 32
1, 2725126, 1556736, 1168390, 11679401.441197269, 41, 41, 0, 266.24395344352433, 41
51, 2725218, 1556778, 1168440, 11679729.645298736, 92, 42, 50, 328.20410146824725, 43
1, 2725258, 1556818, 1168440, 11679994.131984673, 40, 40, 0, 264.4866859365871, 40
1, 2725374, 1556864, 1168510, 11680343.713788165, 116, 46, 70, 349.5818034911291, 48
51, 2725466, 1556906, 1168560, 11680671.917889632, 92, 42, 50, 328.20410146824725, 43
1, 2725503, 1556943, 1168560, 11680930.950461088, 37, 37, 0, 259.03257145596604, 37
1, 2725609, 1556979, 1168630, 11681271.218504697, 106, 36, 70, 340.2680436096278, 38
51, 2725702, 1557022, 1168680, 11681600.460784605, 93, 43, 50, 329.24227990714814, 44
1, 2725740, 1557060, 1168680, 11681861.343164224, 38, 38, 0, 260.88237961983884, 38
1, 2725769, 1557089, 1168680, 11682104.202742934, 29, 29, 0, 242.8595787106084, 29
1, 2725883, 1557133, 1168750, 11682451.960730625, 114, 44, 70, 347.75798769167545, 46
51, 2725969, 1557169, 1168800, 11682773.786895273, 86, 36, 50, 321.82616464756694, 37
1, 2726046, 1557206, 1168840, 11683086.51255904, 77, 37, 40, 312.72566376652986, 38
1, 2726085, 1557245, 1168840, 11683349.212498983, 39, 39, 0, 262.6999399439383, 39
1, 2726155, 1557285, 1168870, 11683654.563259834, 70, 40, 30, 305.3507608519078, 41
51, 2726246, 1557326, 1168920, 11683981.722321773, 91, 41, 50, 327.1590619387661, 42
1, 2726280, 1557360, 1168920, 11684234.99596205, 34, 34, 0, 253.2736402766418, 34
1, 2726321, 1557401, 1168920, 11684501.239915494, 41, 41, 0, 266.24395344352433, 41
1, 2726410, 1557450, 1168960, 11684827.287781058, 89, 49, 40, 326.0478655640733, 50
1, 2726453, 1557493, 1168960, 11685096.962741261, 43, 43, 0, 269.6749602031015, 43
51, 2726610, 1557530, 1169080, 11685475.63963438, 157, 37, 120, 378.67689311792185, 40
1, 2726645, 1557565, 1169080, 11685730.86956229, 35, 35, 0, 255.22992790977875, 35
1, 2726711, 1557601, 1169110, 11686031.196550569, 66, 36, 30, 300.32698827717985, 37
1, 2726743, 1557633, 1169110, 11686280.437973568, 32, 32, 0, 249.24142300054422, 32
1, 2726781, 1557671, 1169110, 11686541.320353188, 38, 38, 0, 260.88237961983884, 38
51, 2726947, 1557717, 1169230, 11686926.764620822, 166, 46, 120, 385.4442676339201, 49
1, 2726979, 1557749, 1169230, 11687176.006043822, 32, 32, 0, 249.24142300054422, 32
1, 2727015, 1557785, 1169230, 11687433.1550181, 36, 36, 0, 257.1489742783178, 36
1, 2727083, 1557823, 1169260, 11687736.017189203, 68, 38, 30, 302.86217110259, 39
51, 2727175, 1557865, 1169310, 11688064.22129067, 92, 42, 50, 328.20410146824725, 43
1, 2727257, 1557907, 1169350, 11688382.642960513, 82, 42, 40, 318.42166984345636, 43
1, 2727284, 1557934, 1169350, 11688620.99366621, 27, 27, 0, 238.35070569547776, 27
51, 2727372, 1557972, 1169400, 11688944.97509757, 88, 38, 50, 323.98143136087856, 39
1, 2727410, 1558010, 1169400, 11689205.85747719, 38, 38, 0, 260.88237961983884, 38
1, 2727518, 1558048, 1169470, 11689548.028456736, 108, 38, 70, 342.1709795470626, 40
51, 2727600, 1558080, 1169520, 11689865.450126579, 82, 32, 50, 317.42166984345636, 33
1, 2727678, 1558118, 1169560, 11690179.3329132, 78, 38, 40, 313.8827866200841, 39
1, 2727744, 1558154, 1169590, 11690479.659901477, 66, 36, 30, 300.32698827717985, 37
1, 2727788, 1558198, 1169590, 11690751.010859167, 44, 44, 0, 271.35095769013947, 44
1, 2727828, 1558238, 1169590, 11691015.497545104, 40, 40, 0, 264.4866859365871, 40
51, 2727917, 1558277, 1169640, 11691340.545410668, 89, 39, 50, 325.0478655640733, 40
1, 2727959, 1558319, 1169640, 11691608.51840017, 42, 42, 0, 267.97298950218305, 42
1, 2728050, 1558370, 1169680, 11691936.677462108, 91, 51, 40, 328.1590619387661, 52
1, 2728123, 1558413, 1169710, 11692245.678740678, 73, 43, 30, 309.00127856917646, 44
1, 2728165, 1558455, 1169710, 11692513.65173018, 42, 42, 0, 267.97298950218305, 42
51, 2728283, 1558493, 1169790, 11692864.03905535, 118, 38, 80, 350.3873251689181, 40
1, 2728368, 1558538, 1169830, 11693185.77608302, 85, 45, 40, 321.73702767108114, 46
1, 2728412, 1558582, 1169830, 11693457.12704071, 44, 44, 0, 271.35095769013947, 44
1, 2728479, 1558619, 1169860, 11693758.727595968, 67, 37, 30, 301.6005552576305, 38
51, 2728614, 1558664, 1169950, 11694122.79340591, 135, 45, 90, 364.06580994024984, 47
1, 2728662, 1558712, 1169950, 11694400.6082085, 48, 48, 0, 277.8148025904985, 48
1, 2728744, 1558764, 1169980, 11694720.029878343, 82, 52, 30, 319.42166984345636, 53
1, 2728771, 1558791, 1169980, 11694958.380584039, 27, 27, 0, 238.35070569547776, 27
51, 2728896, 1558826, 1170070, 11695313.950736526, 125, 35, 90, 355.57015248821097, 37
1, 2728944, 1558874, 1170070, 11695591.765539117, 48, 48, 0, 277.8148025904985, 48
1, 2728986, 1558916, 1170070, 11695859.738528619, 42, 42, 0, 267.97298950218305, 42
51, 2729106, 1558956, 1170150, 11696211.913620584, 120, 40, 80, 352.1750919646873, 42
1, 2729185, 1558995, 1170190, 11696526.944370713, 79, 39, 40, 315.03075013013313, 40
1, 2729255, 1559035, 1170220, 11696832.295131564, 70, 40, 30, 305.3507608519078, 41
1, 2729301, 1559081, 1170220, 11697106.924200278, 46, 46, 0, 274.6290687140218, 46
1, 2729384, 1559124, 1170260, 11697426.459148208, 83, 43, 40, 319.5349479292333, 44
51, 2729474, 1559164, 1170310, 11697752.566177031, 90, 40, 50, 326.1070288241023, 41
1, 2729511, 1559201, 1170310, 11698011.598748486, 37, 37, 0, 259.03257145596604, 37
1, 2729628, 1559248, 1170380, 11698362.085565286, 117, 47, 70, 350.4868167986058, 49
51, 2729720, 1559290, 1170430, 11698690.289666753, 92, 42, 50, 328.20410146824725, 43
1, 2729769, 1559339, 1170430, 11698969.66479786, 49, 49, 0, 279.3751311064591, 49
1, 2729877, 1559377, 1170500, 11699311.835777406, 108, 38, 70, 342.1709795470626, 40
51, 2729960, 1559410, 1170550, 11699630.370725336, 83, 33, 50, 318.5349479292333, 34
1, 2730035, 1559455, 1170580, 11699941.753820974, 75, 45, 30, 311.38309563827124, 46
1, 2730116, 1559496, 1170620, 11700259.053820975, 81, 41, 40, 317.3, 42
1, 2730167, 1559547, 1170620, 11700541.488332754, 51, 51, 0, 282.43451177837886, 51
51, 2730260, 1559590, 1170670, 11700870.730612662, 93, 43, 50, 329.24227990714814, 44
1, 2730307, 1559637, 1170670, 11701146.963662531, 47, 47, 0, 276.2330498695885, 47
1, 2730395, 1559685, 1170710, 11701471.945093893, 88, 48, 40, 324.98143136087856, 49
51, 2730514, 1559724, 1170790, 11701823.228489095, 119, 39, 80, 351.28339520229764, 41
1, 2730553, 1559763, 1170790, 11702085.92842904, 39, 39, 0, 262.6999399439383, 39
1, 2730591, 1559801, 1170790, 11702346.810808659, 38, 38, 0, 260.88237961983884, 38
1, 2730628, 1559838, 1170790, 11702605.843380114, 37, 37, 0, 259.03257145596604, 37
51, 2730754, 1559874, 1170880, 11702962.280275997, 126, 36, 90, 356.43689588345075, 38
1, 2730834, 1559924, 1170910, 11703279.450032242, 80, 50, 30, 317.1697562442441, 51
1, 2730881, 1559971, 1170910, 11703555.683082111, 47, 47, 0, 276.2330498695885, 47
51, 2730963, 1560003, 1170960, 11703873.104751954, 82, 32, 50, 317.42166984345636, 33
1, 2731068, 1560038, 1171030, 11704212.413339248, 105, 35, 70, 339.30858729436795, 37
1, 2731105, 1560075, 1171030, 11704471.445910703, 37, 37, 0, 259.03257145596604, 37
1, 2731144, 1560114, 1171030, 11704734.145850647, 39, 39, 0, 262.6999399439383, 39
51, 2731229, 1560149, 1171080, 11705054.882878318, 85, 35, 50, 320.73702767108114, 36
1, 2731294, 1560184, 1171110, 11705353.924029762, 65, 35, 30, 299.04115144336777, 36
1, 2731371, 1560221, 1171150, 11705666.649693528, 77, 37, 40, 312.72566376652986, 38
51, 2731463, 1560263, 1171200, 11705994.853794996, 92, 42, 50, 328.20410146824725, 43
1, 2731503, 1560303, 1171200, 11706259.340480933, 40, 40, 0, 264.4866859365871, 40
1, 2731576, 1560336, 1171240, 11706567.341759503, 73, 33, 40, 308.00127856917646, 34
1, 2731619, 1560379, 1171240, 11706837.016719706, 43, 43, 0, 269.6749602031015, 43
1, 2731682, 1560412, 1171270, 11707133.448044432, 63, 33, 30, 296.43132472612575, 34
51, 2731816, 1560456, 1171360, 11707496.680860352, 134, 44, 90, 363.23281591860336, 46
1, 2731850, 1560490, 1171360, 11707749.954500629, 34, 34, 0, 253.2736402766418, 34
1, 2731882, 1560522, 1171360, 11707999.195923628, 32, 32, 0, 249.24142300054422, 32
1, 2731922, 1560562, 1171360, 11708263.682609566, 40, 40, 0, 264.4866859365871, 40
51, 2732056, 1560606, 1171450, 11708626.915425485, 134, 44, 90, 363.23281591860336, 46
1, 2732130, 1560650, 1171480, 11708937.112634253, 74, 44, 30, 310.1972087668518, 45
1, 2732172, 1560692, 1171480, 11709205.085623754, 42, 42, 0, 267.97298950218305, 42
51, 2732293, 1560723, 1171570, 11709557.14810279, 121, 31, 90, 352.06247903554, 33
1, 2732362, 1560762, 1171600, 11709861.2602445, 69, 39, 30, 304.1121417102006, 40
1, 2732399, 1560799, 1171600, 11710120.292815955, 37, 37, 0, 259.03257145596604, 37
1, 2732437, 1560837, 1171600, 11710381.175195575, 38, 38, 0, 260.88237961983884, 38
51, 2732534, 1560884, 1171650, 11710714.504094847, 97, 47, 50, 333.3288992714996, 48
1, 2732578, 1560928, 1171650, 11710985.855052536, 44, 44, 0, 271.35095769013947, 44
1, 2732667, 1560977, 1171690, 11711311.9029181, 89, 49, 40, 326.0478655640733, 50
51, 2732783, 1561013, 1171770, 11711660.484721592, 116, 36, 80, 348.5818034911291, 38
1, 2732862, 1561052, 1171810, 11711975.515471721, 79, 39, 40, 315.03075013013313, 40
1, 2732900, 1561090, 1171810, 11712236.39785134, 38, 38, 0, 260.88237961983884, 38
51, 2732989, 1561129, 1171860, 11712561.445716904, 89, 39, 50, 325.0478655640733, 40
1, 2733026, 1561166, 1171860, 11712820.47828836, 37, 37, 0, 259.03257145596604, 37
1, 2733073, 1561213, 1171860, 11713096.71133823, 47, 47, 0, 276.2330498695885, 47
1, 2733147, 1561257, 1171890, 11713406.908546997, 74, 44, 30, 310.1972087668518, 45
1, 2733236, 1561306, 1171930, 11713732.956412561, 89, 49, 40, 326.0478655640733, 50
51, 2733333, 1561353, 1171980, 11714066.285311833, 97, 47, 50, 333.3288992714996, 48
1, 2733376, 1561396, 1171980, 11714335.960272036, 43, 43, 0, 269.6749602031015, 43
1, 2733450, 1561440, 1172010, 11714646.157480804, 74, 44, 30, 310.1972087668518, 45
1, 2733490, 1561480, 1172010, 11714910.644166742, 40, 40, 0, 264.4866859365871, 40
51, 2733617, 1561517, 1172100, 11715267.94384904, 127, 37, 90, 357.2996822992933, 39
1, 2733656, 1561556, 1172100, 11715530.643788984, 39, 39, 0, 262.6999399439383, 39
1, 2733724, 1561594, 1172130, 11715833.505960086, 68, 38, 30, 302.86217110259, 39
1, 2733758, 1561628, 1172130, 11716086.779600363, 34, 34, 0, 253.2736402766418, 34
51, 2733896, 1561676, 1172220, 11716453.323529916, 138, 48, 90, 366.54392955194305, 50
1, 2733927, 1561707, 1172220, 11716700.484636093, 31, 31, 0, 247.1611061770567, 31
1, 2733968, 1561748, 1172220, 11716966.728589537, 41, 41, 0, 266.24395344352433, 41
1, 2734004, 1561784, 1172220, 11717223.877563816, 36, 36, 0, 257.1489742783178, 36
51, 2734162, 1561822, 1172340, 11717603.316773072, 158, 38, 120, 379.43920925585275, 41
1, 2734213, 1561873, 1172340, 11717885.75128485, 51, 51, 0, 282.43451177837886, 51
1, 2734278, 1561908, 1172370, 11718184.792436294, 65, 35, 30, 299.04115144336777, 36
51, 2734374, 1561954, 1172420, 11718517.10935231, 96, 46, 50, 332.31691601465747, 47
1, 2734448, 1561998, 1172450, 11718827.306561077, 74, 44, 30, 310.1972087668518, 45
1, 2734525, 1562035, 1172490, 11719140.032224843, 77, 37, 40, 312.72566376652986, 38
1, 2734589, 1562069, 1172520, 11719437.774937319, 64, 34, 30, 297.742712474619, 35
1, 2734625, 1562105, 1172520, 11719694.923911598, 36, 36, 0, 257.1489742783178, 36
51, 2734709, 1562139, 1172570, 11720014.563922001, 84, 34, 50, 319.64001040350905, 35
1, 2734752, 1562182, 1172570, 11720284.238882205, 43, 43, 0, 269.6749602031015, 43
1, 2734832, 1562222, 1172610, 11720600.40863845, 80, 40, 40, 316.1697562442441, 41
1, 2734908, 1562268, 1172640, 11720912.967810823, 76, 46, 30, 312.5591723737189, 47
1, 2734950, 1562310, 1172640, 11721180.940800324, 42, 42, 0, 267.97298950218305, 42
51, 2735034, 1562344, 1172690, 11721500.580810728, 84, 34, 50, 319.64001040350905, 35
1, 2735153, 1562393, 1172760, 11721852.86420593, 119, 49, 70, 352.28339520229764, 51
1, 2735189, 1562429, 1172760, 11722110.01318021, 36, 36, 0, 257.1489742783178, 36
51, 2735311, 1562471, 1172840, 11722463.958798762, 122, 42, 80, 353.9456185537469, 44
1, 2735353, 1562513, 1172840, 11722731.931788264, 42, 42, 0, 267.97298950218305, 42
1, 2735429, 1562549, 1172880, 11723043.490960637, 76, 36, 40, 311.5591723737189, 37
1, 2735511, 1562601, 1172910, 11723362.91263048, 82, 52, 30, 319.42166984345636, 53
51, 2735650, 1562650, 1173000, 11723730.275792781, 139, 49, 90, 367.36316230125203, 51
1, 2735695, 1562695, 1173000, 11724003.277799193, 45, 45, 0, 273.00200641113514, 45
1, 2735756, 1562726, 1173030, 11724297.04603846, 61, 31, 30, 293.7682392671241, 32
1, 2735830, 1562760, 1173070, 11724606.243247228, 74, 34, 40, 309.1972087668518, 35
1, 2735866, 1562796, 1173070, 11724863.392221507, 36, 36, 0, 257.1489742783178, 36
51, 2735986, 1562836, 1173150, 11725215.567313472, 120, 40, 80, 352.1750919646873, 42
1, 2736067, 1562877, 1173190, 11725532.867313473, 81, 41, 40, 317.3, 42
1, 2736101, 1562911, 1173190, 11725786.14095375, 34, 34, 0, 253.2736402766418, 34
51, 2736196, 1562956, 1173240, 11726117.439517885, 95, 45, 50, 331.2985641352145, 46
1, 2736277, 1562997, 1173280, 11726434.739517886, 81, 41, 40, 317.3, 42
1, 2736315, 1563035, 1173280, 11726695.621897506, 38, 38, 0, 260.88237961983884, 38
1, 2736419, 1563069, 1173350, 11727033.965584263, 104, 34, 70, 338.343686757474, 36
51, 2736514, 1563114, 1173400, 11727365.2641484, 95, 45, 50, 331.2985641352145, 46
1, 2736545, 1563145, 1173400, 11727612.425254576, 31, 31, 0, 247.1611061770567, 31
1, 2736587, 1563187, 1173400, 11727880.398244077, 42, 42, 0, 267.97298950218305, 42
1, 2736661, 1563221, 1173440, 11728189.595452845, 74, 34, 40, 309.1972087668518, 35
51, 2736751, 1563261, 1173490, 11728515.702481668, 90, 40, 50, 326.1070288241023, 41
1, 2736828, 1563308, 1173520, 11728829.428145435, 77, 47, 30, 313.72566376652986, 48
1, 2736865, 1563345, 1173520, 11729088.46071689, 37, 37, 0, 259.03257145596604, 37
1, 2736905, 1563385, 1173520, 11729352.947402827, 40, 40, 0, 264.4866859365871, 40
51, 2737059, 1563419, 1173640, 11729729.321069825, 154, 34, 120, 376.37366699756114, 37
1, 2737093, 1563453, 1173640, 11729982.594710102, 34, 34, 0, 253.2736402766418, 34
1, 2737176, 1563496, 1173680, 11730302.129658032, 83, 43, 40, 319.5349479292333, 44
1, 2737241, 1563531, 1173710, 11730601.170809476, 65, 35, 30, 299.04115144336777, 36
51, 2737334, 1563574, 1173760, 11730930.413089383, 93, 43, 50, 329.24227990714814, 44
1, 2737416, 1563616, 1173800, 11731248.834759226, 82, 42, 40, 318.42166984345636, 43
1, 2737452, 1563652, 1173800, 11731505.983733505, 36, 36, 0, 257.1489742783178, 36
51, 2737544, 1563694, 1173850, 11731834.187834973, 92, 42, 50, 328.20410146824725, 43
1, 2737657, 1563737, 1173920, 11732181.026878841, 113, 43, 70, 346.83904386951343, 45
1, 2737693, 1563773, 1173920, 11732438.17585312, 36, 36, 0, 257.1489742783178, 36
1, 2737777, 1563817, 1173960, 11732758.815863524, 84, 44, 40, 320.64001040350905, 45
1, 2737846, 1563856, 1173990, 11733062.928005233, 69, 39, 30, 304.1121417102006, 40
51, 2737934, 1563894, 1174040, 11733386.909436595, 88, 38, 50, 323.98143136087856, 39
